0 0.345599 0.458199 0.041050 0.068596
0 0.318417 0.346731 0.042160 0.069668
0 0.571561 0.137192 0.029216 0.047160
0 0.732064 0.181940 0.024778 0.044480
0 0.457101 0.342980 0.036243 0.060021
0 0.639793 0.205252 0.034024 0.057878
0 0.208950 0.450697 0.048077 0.081458
0 0.510725 0.458467 0.065828 0.072347
0 0.453772 0.210343 0.031065 0.050911
0 0.691568 0.103966 0.019970 0.036442
0 0.517197 0.348071 0.044009 0.073419
0 0.316198 0.020364 0.010355 0.016077
0 0.007396 0.290461 0.014053 0.039657
0 0.272004 0.021704 0.011464 0.018757
0 0.293824 0.064845 0.012944 0.023580
0 0.286058 0.029207 0.011464 0.019829
0 0.184911 0.134244 0.014053 0.023044
0 0.296043 0.017149 0.009246 0.015005
0 0.003513 0.251876 0.006287 0.024652
0 0.153107 0.162647 0.014053 0.021972
0 0.337463 0.008039 0.008506 0.015005
0 0.303254 0.006431 0.008876 0.011790
0 0.330436 0.017417 0.010725 0.018757
0 0.227626 0.097803 0.012204 0.021972
0 0.240200 0.086013 0.009246 0.017685
0 0.276812 0.011254 0.009246 0.012862
0 0.271635 0.005091 0.005547 0.009110
0 0.262389 0.006699 0.009246 0.012326
0 0.350592 0.009110 0.009615 0.016077
0 0.359467 0.004019 0.006657 0.006967
