0 0.431213 0.356645 0.036982 0.063773
0 0.517936 0.338424 0.042530 0.078778
0 0.643121 0.226152 0.033284 0.057878
0 0.565459 0.127814 0.029586 0.055198
0 0.818232 0.290997 0.041790 0.060021
0 0.441198 0.234727 0.036243 0.054662
0 0.223558 0.538317 0.043269 0.072347
0 0.339682 0.372454 0.046228 0.078242
0 0.186760 0.412915 0.039941 0.068060
0 0.784024 0.171490 0.024408 0.045016
0 0.330436 0.016613 0.010725 0.018221
0 0.739460 0.088424 0.016642 0.028939
0 0.287722 0.030011 0.011834 0.019293
0 0.306028 0.010182 0.011464 0.018221
0 0.350777 0.007235 0.011464 0.013398
0 0.281990 0.055734 0.011464 0.019293
0 0.007027 0.271436 0.013314 0.029475
0 0.726331 0.051447 0.011834 0.021436
0 0.105584 0.400054 0.024778 0.045552
0 0.317493 0.008574 0.010725 0.016077
0 0.006472 0.233923 0.012204 0.021972
0 0.765902 0.134512 0.017012 0.026795
0 0.025703 0.269561 0.015163 0.027867
0 0.014608 0.257235 0.012944 0.025723
0 0.182877 0.142819 0.018121 0.029475
0 0.203033 0.121919 0.017751 0.028403
0 0.225592 0.099678 0.011834 0.022508
0 0.242419 0.086281 0.011464 0.020364
0 0.271820 0.023044 0.010355 0.020364
0 0.277182 0.013130 0.009246 0.016613
0 0.295488 0.015273 0.011834 0.017685
0 0.340052 0.007235 0.007766 0.013398
0 0.362241 0.002144 0.007766 0.003215
