0 0.045000 0.351212 0.027000 0.084242
0 0.278750 0.237273 0.017500 0.050303
0 0.187500 0.271212 0.021000 0.073333
0 0.235375 0.211212 0.017750 0.049091
0 0.151250 0.208788 0.022000 0.053939
0 0.150375 0.145758 0.017250 0.050303
0 0.051750 0.226667 0.019000 0.048485
0 0.199125 0.128182 0.017250 0.046667
0 0.206875 0.079697 0.013750 0.036970
0 0.185250 0.152121 0.016500 0.036364
0 0.172250 0.127576 0.016000 0.040606
0 0.243375 0.070909 0.013250 0.038788
0 0.232250 0.069091 0.012500 0.033939
0 0.024750 0.347273 0.017500 0.066667
0 0.343375 0.115455 0.014750 0.049091
0 0.269250 0.062727 0.012500 0.035758
0 0.287250 0.038485 0.013500 0.035758
0 0.291250 0.114242 0.016500 0.051515
0 0.250500 0.125758 0.018000 0.050303
0 0.276250 0.041212 0.010500 0.029091
0 0.216125 0.187576 0.016250 0.052727
0 0.117500 0.187576 0.020000 0.050303
0 0.130125 0.315758 0.025750 0.076364
0 0.003625 0.306667 0.006750 0.058182
0 0.324375 0.022727 0.012750 0.033333
0 0.261625 0.054242 0.009750 0.029697
0 0.348375 0.070606 0.017750 0.049091
0 0.387375 0.020000 0.013750 0.038788
0 0.335750 0.061818 0.010500 0.029091
0 0.366750 0.029091 0.011500 0.026667
0 0.341125 0.006667 0.007750 0.010909
0 0.233500 0.124545 0.014000 0.041818
0 0.031875 0.283333 0.020250 0.066061
0 0.410250 0.009394 0.008500 0.017576
0 0.051500 0.282727 0.023000 0.055152
0 0.018500 0.275758 0.014500 0.064242
0 0.096625 0.239091 0.026750 0.067273
0 0.089250 0.207879 0.018000 0.040000
0 0.106750 0.184242 0.009500 0.050909
0 0.138000 0.212424 0.010500 0.046667
0 0.160000 0.140909 0.011000 0.044242
0 0.183500 0.200909 0.020000 0.058788
0 0.187625 0.120606 0.010750 0.035152
0 0.224625 0.103636 0.010250 0.041212
0 0.261500 0.088485 0.013500 0.038788
0 0.239500 0.048485 0.007000 0.012121
0 0.296500 0.041515 0.006500 0.021212
0 0.279375 0.020606 0.006750 0.012121
0 0.288125 0.016364 0.007750 0.009697
0 0.313375 0.055455 0.014250 0.047879
0 0.322875 0.005152 0.008750 0.009091
0 0.360000 0.006364 0.007500 0.011515
0 0.399875 0.032424 0.009750 0.021212
0 0.409250 0.074848 0.011000 0.035758
0 0.421250 0.004242 0.006500 0.007273
0 0.401000 0.009697 0.007500 0.018182
0 0.374875 0.015152 0.008750 0.025455
0 0.091500 0.298485 0.016500 0.047879
