0 0.830750 0.108519 0.018000 0.055556
0 0.681625 0.226296 0.020750 0.077778
0 0.670625 0.142222 0.015750 0.057778
0 0.630000 0.171852 0.015500 0.057778
0 0.550750 0.216296 0.016000 0.060741
0 0.324750 0.201852 0.018000 0.068889
0 0.516875 0.070741 0.008750 0.039259
0 0.947250 0.211111 0.022500 0.063704
0 0.453000 0.090741 0.010500 0.037778
0 0.381500 0.044444 0.007000 0.032593
0 0.761875 0.260370 0.020250 0.070370
0 0.500625 0.011111 0.009250 0.019259
0 0.814125 0.103333 0.014250 0.046667
0 0.461125 0.041111 0.007750 0.030370
0 0.349000 0.360370 0.032000 0.108889
0 0.459500 0.010000 0.005500 0.017037
0 0.522500 0.007037 0.004500 0.012593
0 0.084125 0.630370 0.042250 0.114074
0 0.185625 0.593704 0.051750 0.199259
0 0.381000 0.087407 0.009500 0.031111
0 0.396500 0.004815 0.003500 0.008148
0 0.428750 0.042963 0.006500 0.019259
0 0.437000 0.059630 0.007500 0.028889
0 0.456125 0.030741 0.005750 0.028889
0 0.423375 0.005926 0.005250 0.010370
0 0.391375 0.004815 0.005250 0.008148
0 0.441375 0.005185 0.006250 0.008889
0 0.821750 0.068148 0.011000 0.020741
