0 0.503328 0.200583 0.032544 0.058824
0 0.397189 0.279809 0.039941 0.062533
0 0.476331 0.329359 0.036243 0.064123
0 0.930473 0.348172 0.039941 0.062533
0 0.207286 0.251987 0.031435 0.048225
0 0.214312 0.204293 0.024778 0.039746
0 0.648299 0.202968 0.032544 0.054054
0 0.561945 0.179915 0.032914 0.056704
0 0.084320 0.334923 0.032544 0.049815
0 0.423632 0.135400 0.025518 0.043985
0 0.337093 0.265766 0.038092 0.062003
0 0.290680 0.132750 0.023669 0.038686
0 0.389053 0.081611 0.020710 0.032856
0 0.779216 0.083731 0.016272 0.028617
0 0.055658 0.494436 0.038831 0.060413
0 0.016827 0.475623 0.032914 0.057764
0 0.458395 0.074457 0.021820 0.037626
0 0.648669 0.155273 0.026627 0.042395
0 0.723003 0.182565 0.027367 0.045045
0 0.259615 0.163487 0.033284 0.049285
0 0.510725 0.029412 0.016272 0.028087
0 0.596154 0.228140 0.031065 0.050344
0 0.553254 0.280604 0.034024 0.063063
0 0.439164 0.031532 0.015163 0.025967
0 0.671043 0.041335 0.012944 0.021198
0 0.368343 0.006094 0.011095 0.011129
0 0.404031 0.006889 0.012204 0.012719
0 0.450259 0.012454 0.015163 0.022787
0 0.484283 0.008214 0.015163 0.015368
0 0.326923 0.017223 0.010355 0.017488
0 0.307138 0.039746 0.011464 0.019078
0 0.290311 0.033386 0.014053 0.024377
0 0.136834 0.333598 0.022189 0.036566
0 0.283469 0.069687 0.012944 0.020668
0 0.003328 0.527822 0.005917 0.046635
0 0.029031 0.304187 0.018861 0.030737
0 0.957286 0.320085 0.021820 0.041335
0 0.995007 0.395866 0.009985 0.031797
0 0.792345 0.062003 0.012944 0.022258
0 0.744822 0.194489 0.019970 0.043455
0 0.704327 0.117382 0.021820 0.029147
0 0.303439 0.242978 0.033654 0.051404
0 0.504438 0.002915 0.010355 0.004769
0 0.546598 0.009274 0.010355 0.017488
0 0.013314 0.265766 0.018491 0.037626
0 0.157914 0.167462 0.011095 0.015898
0 0.182322 0.143614 0.010355 0.018018
0 0.273669 0.043455 0.013314 0.020138
0 0.272929 0.027027 0.009615 0.012719
0 0.266087 0.015368 0.009246 0.012719
0 0.277182 0.007684 0.008506 0.014308
0 0.287907 0.008214 0.008506 0.015368
0 0.302700 0.010599 0.006287 0.012719
0 0.309911 0.010864 0.005917 0.012189
0 0.318602 0.012719 0.007027 0.016958
0 0.313425 0.026762 0.009985 0.014308
0 0.333765 0.009009 0.006287 0.014838
0 0.342641 0.016428 0.007766 0.018018
0 0.342271 0.005829 0.008506 0.008479
0 0.264238 0.027557 0.007766 0.010599
0 0.301590 0.023847 0.009246 0.011659
