0 0.256657 0.301205 0.039201 0.055860
0 0.414386 0.348302 0.038092 0.066813
0 0.369268 0.228368 0.034393 0.058050
0 0.158099 0.283133 0.032914 0.048193
0 0.369822 0.627601 0.072485 0.099671
0 0.746302 0.123768 0.023669 0.040526
0 0.515163 0.365827 0.062870 0.092004
0 0.255547 0.368018 0.048077 0.064622
0 0.676960 0.126506 0.028476 0.047097
0 0.036058 0.529025 0.053624 0.069003
0 0.907729 0.168675 0.024778 0.039430
0 0.596709 0.170865 0.026997 0.046002
0 0.850592 0.140471 0.022189 0.036692
0 0.808432 0.117744 0.022189 0.040526
0 0.294009 0.100493 0.020710 0.036692
0 0.694157 0.066265 0.019231 0.036145
0 0.564349 0.196605 0.032544 0.050383
0 0.209135 0.203998 0.017382 0.034502
0 0.085244 0.610898 0.078772 0.095838
0 0.337463 0.066813 0.018861 0.030668
0 0.539386 0.015060 0.015902 0.027930
0 0.021820 0.262596 0.018491 0.030120
0 0.013683 0.237404 0.015533 0.026835
0 0.888683 0.135542 0.018491 0.031216
0 0.293824 0.009858 0.011464 0.018620
0 0.312870 0.009310 0.012574 0.017525
0 0.005178 0.208653 0.009615 0.023001
0 0.266642 0.007941 0.011834 0.014786
0 0.109283 0.300657 0.040311 0.048193
0 0.013868 0.284775 0.018861 0.033954
0 0.005362 0.254107 0.009985 0.032859
0 0.229105 0.074754 0.014423 0.018072
0 0.251849 0.056955 0.008136 0.016429
0 0.278661 0.005203 0.007766 0.009310
0 0.285318 0.014786 0.007027 0.016429
