0 0.023500 0.420303 0.021500 0.066061
0 0.101625 0.179394 0.020750 0.058182
0 0.206000 0.194545 0.023000 0.069091
0 0.259875 0.143333 0.020250 0.064848
0 0.088750 0.251818 0.021000 0.062424
0 0.204125 0.109091 0.019250 0.050909
0 0.027375 0.329697 0.022250 0.059394
0 0.332625 0.093030 0.014750 0.043030
0 0.273125 0.093030 0.015750 0.047879
0 0.260875 0.059091 0.014250 0.040606
0 0.345750 0.038182 0.015000 0.038788
0 0.297500 0.067273 0.013500 0.037576
0 0.010875 0.253939 0.017250 0.056970
0 0.152500 0.231515 0.020500 0.050909
0 0.302625 0.015758 0.012750 0.029091
0 0.363750 0.040606 0.011000 0.033939
0 0.320000 0.042121 0.013000 0.032121
0 0.054000 0.280000 0.024000 0.075152
0 0.068625 0.251212 0.021250 0.063636
0 0.361000 0.021515 0.010000 0.033333
0 0.228125 0.177879 0.019750 0.056364
0 0.027625 0.244848 0.021250 0.060606
0 0.134250 0.262727 0.018000 0.050303
0 0.317000 0.021212 0.011000 0.027879
0 0.112500 0.280303 0.028000 0.079394
0 0.125500 0.185152 0.017500 0.045455
0 0.125875 0.231515 0.015250 0.035152
0 0.183250 0.183030 0.019500 0.063030
0 0.173125 0.178182 0.009750 0.043636
0 0.148750 0.144545 0.010500 0.040606
0 0.156250 0.133333 0.014500 0.047273
0 0.174625 0.128485 0.015250 0.036364
0 0.167250 0.071515 0.009000 0.027879
0 0.194625 0.137879 0.010250 0.035758
0 0.221250 0.088788 0.015000 0.040606
0 0.220875 0.062424 0.012750 0.015758
0 0.224750 0.130000 0.015500 0.035758
0 0.258500 0.098788 0.015500 0.025455
0 0.285000 0.081515 0.009500 0.041818
0 0.271250 0.051818 0.010500 0.030909
0 0.275375 0.034545 0.008750 0.015758
0 0.315500 0.101515 0.016000 0.044242
0 0.315750 0.066970 0.011500 0.023636
0 0.332000 0.023636 0.015000 0.035152
