0 0.281750 0.316296 0.017500 0.063704
0 0.157250 0.145556 0.016000 0.058519
0 0.347250 0.154815 0.015500 0.054815
0 0.487375 0.217407 0.016250 0.062963
0 0.182625 0.234444 0.020250 0.065926
0 0.122375 0.351481 0.032750 0.119259
0 0.409625 0.183704 0.015250 0.048889
0 0.418875 0.122222 0.011750 0.045926
0 0.297625 0.108148 0.011750 0.045926
0 0.268250 0.222593 0.017500 0.062963
0 0.581375 0.120000 0.013750 0.045926
0 0.383375 0.078148 0.007250 0.027407
0 0.079750 0.299259 0.025500 0.078519
0 0.345000 0.104444 0.012500 0.041481
0 0.401375 0.114815 0.008750 0.035556
0 0.632250 0.145926 0.016000 0.053333
0 0.846750 0.151852 0.020000 0.066667
0 0.423750 0.018889 0.008500 0.030370
0 0.522625 0.028889 0.007250 0.025185
0 0.065750 0.169630 0.017500 0.050370
0 0.531625 0.011852 0.006250 0.022222
0 0.357000 0.022222 0.006500 0.025185
0 0.476125 0.008148 0.008250 0.011852
0 0.242875 0.504444 0.047750 0.162963
0 0.455625 0.010741 0.007750 0.017037
0 0.393375 0.024815 0.005750 0.022963
0 0.433875 0.009630 0.005750 0.017778
0 0.439500 0.009259 0.005000 0.017037
0 0.429000 0.118889 0.007000 0.024444
0 0.506250 0.081481 0.006500 0.025185
0 0.492875 0.014815 0.005750 0.017778
0 0.507375 0.004074 0.003750 0.006667
0 0.585250 0.205556 0.021000 0.068889
0 0.629750 0.197778 0.016000 0.054815
