0 0.882626 0.500926 0.028646 0.037963
0 0.427083 0.349769 0.031994 0.042130
0 0.322359 0.395370 0.031622 0.041667
0 0.825335 0.412500 0.019717 0.025926
0 0.218006 0.344907 0.029762 0.037963
0 0.196987 0.312037 0.024182 0.036111
0 0.186756 0.244676 0.018601 0.024537
0 0.914621 0.499537 0.027158 0.036111
0 0.871280 0.419213 0.023065 0.031019
0 0.599330 0.402778 0.024554 0.038889
0 0.110491 0.262963 0.017857 0.030556
0 0.570499 0.397454 0.039062 0.046759
0 0.631138 0.436806 0.036830 0.057870
0 0.729911 0.502083 0.037946 0.050463
0 0.705915 0.428935 0.027902 0.034722
0 0.103423 0.334954 0.023810 0.032870
0 0.376302 0.371528 0.032366 0.043056
0 0.540551 0.361574 0.037946 0.040741
0 0.326637 0.334954 0.023065 0.038426
0 0.251302 0.266204 0.018229 0.024074
0 0.155320 0.242361 0.017485 0.023611
0 0.663876 0.377778 0.025670 0.037963
0 0.919457 0.450694 0.018229 0.029167
0 0.258929 0.308102 0.023810 0.032870
0 0.223958 0.393287 0.041667 0.047685
0 0.314546 0.304398 0.025670 0.029167
0 0.145089 0.272454 0.021577 0.032870
0 0.362537 0.289352 0.021949 0.031481
0 0.842076 0.427083 0.024182 0.031944
0 0.491815 0.388426 0.028274 0.038889
0 0.145461 0.310648 0.026042 0.036111
0 0.226190 0.311343 0.027530 0.032870
0 0.871838 0.365741 0.015253 0.022222
0 0.944382 0.483333 0.028646 0.041667
0 0.223958 0.283796 0.018601 0.025000
0 0.278646 0.413889 0.032738 0.044444
0 0.970052 0.432870 0.018973 0.027778
0 0.896391 0.436574 0.024926 0.030556
0 0.730097 0.389120 0.024926 0.034722
0 0.265439 0.244676 0.018229 0.022685
0 0.983631 0.576852 0.030506 0.050000
0 0.798363 0.482639 0.031994 0.040278
0 0.197545 0.219907 0.012649 0.019444
0 0.926153 0.378704 0.014509 0.020370
0 0.940662 0.443287 0.021205 0.030093
0 0.027902 0.213889 0.014881 0.022222
0 0.860863 0.357407 0.014137 0.021296
0 0.636905 0.585880 0.033482 0.046759
0 0.487723 0.350231 0.032738 0.040278
0 0.568080 0.352315 0.025298 0.038889
0 0.459263 0.348148 0.027902 0.040741
0 0.921689 0.423611 0.018229 0.023148
0 0.832961 0.359722 0.014881 0.021296
0 0.102307 0.224306 0.012649 0.018056
0 0.809152 0.360185 0.015625 0.022222
0 0.938058 0.360417 0.009301 0.016204
0 0.013951 0.240046 0.015253 0.020833
0 0.132068 0.216898 0.014137 0.018981
0 0.988281 0.468056 0.021949 0.032407
0 0.782552 0.354861 0.015997 0.023611
0 0.928571 0.542361 0.029018 0.031019
0 0.404762 0.436806 0.038690 0.056019
0 0.837426 0.346991 0.011161 0.017130
0 0.007254 0.218519 0.013765 0.022222
0 0.119420 0.212731 0.013393 0.018981
0 0.393229 0.289352 0.017113 0.024074
0 0.773065 0.426389 0.026042 0.029630
0 0.311384 0.362037 0.030506 0.035185
0 0.274740 0.214120 0.013021 0.018981
0 0.060454 0.192361 0.009301 0.013426
0 0.290737 0.217593 0.009301 0.015741
0 0.524554 0.352546 0.023065 0.037500
0 0.980655 0.453935 0.018601 0.029167
0 0.858445 0.556944 0.040551 0.058333
0 0.629092 0.381713 0.021577 0.037500
0 0.313988 0.207176 0.009673 0.014352
0 0.990699 0.430556 0.015625 0.025000
0 0.732143 0.450463 0.026786 0.033333
0 0.053757 0.188426 0.009301 0.009259
0 0.080915 0.191898 0.014509 0.015278
0 0.002976 0.248843 0.005208 0.028241
0 0.240513 0.381019 0.026414 0.040741
0 0.067522 0.232639 0.009301 0.016204
0 0.994234 0.530324 0.011533 0.037500
0 0.967634 0.343981 0.008185 0.013889
0 0.782180 0.409028 0.020461 0.017130
0 0.055432 0.212037 0.011905 0.009259
0 0.014323 0.215046 0.011533 0.016204
0 0.007999 0.201620 0.010789 0.008796
0 0.031994 0.194907 0.005952 0.011111
0 0.040179 0.199306 0.008929 0.012500
0 0.049479 0.225463 0.014137 0.017593
0 0.058594 0.225000 0.008557 0.021296
0 0.092262 0.227778 0.015625 0.019444
0 0.045573 0.243056 0.018229 0.021296
0 0.055990 0.312269 0.021205 0.028241
0 0.149182 0.212269 0.013393 0.015278
0 0.123140 0.364120 0.039435 0.037500
0 0.316406 0.225463 0.010789 0.012037
0 0.324777 0.219444 0.007440 0.011111
0 0.272135 0.201852 0.007068 0.005556
0 0.245722 0.236343 0.010789 0.014352
0 0.377418 0.345833 0.027158 0.016667
0 0.531808 0.446991 0.020461 0.045833
0 0.504650 0.446991 0.045015 0.060648
0 0.651042 0.406944 0.023810 0.014815
0 0.655320 0.439583 0.021205 0.048611
0 0.760045 0.456019 0.037946 0.035185
0 0.766927 0.501389 0.039807 0.055556
0 0.846168 0.470139 0.040551 0.043981
0 0.879650 0.467130 0.024926 0.027778
0 0.935082 0.575694 0.036086 0.054167
0 0.990699 0.408565 0.010417 0.014352
0 0.903646 0.414583 0.015625 0.016204
0 0.910528 0.371759 0.009301 0.013889
0 0.907366 0.383333 0.011905 0.012963
0 0.964100 0.384722 0.011533 0.015741
0 0.952753 0.394676 0.009673 0.017130
0 0.943638 0.396296 0.013021 0.023148
0 0.819940 0.348148 0.009673 0.011111
0 0.820871 0.362731 0.011533 0.016204
