0 0.444010 0.368750 0.034598 0.043056
0 0.943452 0.501157 0.035714 0.041204
0 0.506324 0.382870 0.035714 0.040741
0 0.655692 0.410648 0.035342 0.042593
0 0.560454 0.374769 0.030134 0.041204
0 0.701451 0.432639 0.031622 0.040278
0 0.647135 0.540278 0.038318 0.053704
0 0.477493 0.444676 0.030878 0.039352
0 0.656622 0.481019 0.031994 0.047222
0 0.282924 0.388426 0.032366 0.040741
0 0.589844 0.418056 0.035342 0.049074
0 0.194940 0.338657 0.031994 0.051389
0 0.406994 0.403241 0.035714 0.046296
0 0.497582 0.342361 0.035342 0.043981
0 0.041481 0.235648 0.015997 0.022222
0 0.645275 0.375000 0.026414 0.036111
0 0.837240 0.467824 0.031622 0.041204
0 0.955729 0.471296 0.026042 0.029630
0 0.838356 0.585185 0.045015 0.063889
0 0.737909 0.398380 0.024182 0.025463
0 0.832775 0.436343 0.021949 0.030093
0 0.795387 0.325694 0.014881 0.018981
0 0.027158 0.216667 0.012649 0.014815
0 0.605469 0.355787 0.024182 0.034722
0 0.988281 0.568519 0.023438 0.049074
0 0.979167 0.371065 0.010417 0.014352
0 0.124628 0.236574 0.015625 0.021296
0 0.857515 0.403704 0.020833 0.024074
0 0.926897 0.470602 0.027158 0.046759
0 0.152902 0.233565 0.017113 0.018981
0 0.134673 0.219444 0.012649 0.018519
0 0.397507 0.362037 0.029390 0.042593
0 0.090960 0.204167 0.012277 0.016667
0 0.452195 0.492130 0.055432 0.069444
0 0.102307 0.213657 0.015625 0.021759
0 0.088914 0.244213 0.017857 0.020833
0 0.991815 0.513426 0.016369 0.037963
0 0.058594 0.223843 0.015253 0.022685
0 0.336310 0.239352 0.013393 0.019444
0 0.960007 0.421528 0.019717 0.026389
0 0.905134 0.533796 0.031250 0.050926
0 0.061012 0.205556 0.010417 0.012963
0 0.727121 0.416435 0.028646 0.040278
0 0.986607 0.447917 0.019345 0.024537
0 0.106957 0.201157 0.008557 0.010648
0 0.079427 0.229167 0.013765 0.018519
0 0.003906 0.231481 0.007068 0.021296
0 0.993304 0.376852 0.010417 0.014815
0 0.045573 0.214120 0.013765 0.018056
0 0.960007 0.448611 0.020461 0.021296
0 0.151600 0.219213 0.012277 0.012500
0 0.554501 0.351852 0.032366 0.040741
0 0.746094 0.515741 0.045015 0.059259
0 0.367001 0.375694 0.030134 0.050463
0 0.769159 0.482639 0.041295 0.047685
0 0.068452 0.220602 0.010417 0.017130
0 0.335007 0.331944 0.030878 0.025926
0 0.129278 0.447917 0.047247 0.064352
0 0.853981 0.433102 0.027902 0.035648
0 0.869420 0.460185 0.031250 0.042593
0 0.881138 0.428241 0.024926 0.034259
0 0.338356 0.349537 0.024182 0.029630
0 0.335193 0.404167 0.049851 0.076852
0 0.070871 0.239815 0.010045 0.019444
0 0.035342 0.209954 0.006696 0.009722
0 0.114583 0.220139 0.008929 0.019907
0 0.124070 0.219676 0.009301 0.012500
0 0.306362 0.411343 0.016741 0.048611
0 0.412388 0.374074 0.028646 0.025000
0 0.439174 0.341667 0.027902 0.020370
0 0.519903 0.420139 0.013021 0.031944
0 0.541109 0.442361 0.048735 0.070833
0 0.698103 0.401620 0.029390 0.028241
0 0.700149 0.381481 0.026042 0.022222
0 0.788132 0.404167 0.026414 0.030556
0 0.761347 0.438426 0.031622 0.040741
0 0.784226 0.439352 0.013393 0.034259
0 0.802455 0.435648 0.028274 0.033333
0 0.796875 0.397917 0.025298 0.028241
0 0.828683 0.412500 0.020461 0.022222
0 0.843192 0.412269 0.017485 0.014352
0 0.907180 0.432870 0.022693 0.025000
0 0.904018 0.412037 0.017113 0.013889
0 0.993676 0.483565 0.012649 0.019907
0 0.996094 0.449769 0.007812 0.023611
0 0.962240 0.351389 0.007812 0.013889
0 0.940290 0.447917 0.018229 0.016204
