0 0.900375 0.154815 0.023250 0.074074
0 0.388000 0.212593 0.018500 0.062222
0 0.478250 0.148519 0.014000 0.048148
0 0.396500 0.130000 0.013500 0.051111
0 0.320875 0.235185 0.018250 0.065926
0 0.239750 0.422963 0.026000 0.096296
0 0.341000 0.234074 0.018000 0.065185
0 0.882875 0.094444 0.015750 0.058519
0 0.442500 0.117778 0.011000 0.038519
0 0.830375 0.090370 0.011750 0.041481
0 0.110125 0.155556 0.014250 0.045926
0 0.302750 0.152963 0.014000 0.049630
0 0.216625 0.257037 0.026750 0.068148
0 0.428250 0.099259 0.011500 0.040000
0 0.406125 0.097407 0.011750 0.042222
0 0.439375 0.498519 0.033250 0.151111
0 0.453500 0.117037 0.012000 0.038519
0 0.153625 0.234074 0.020250 0.066667
0 0.144125 0.175556 0.015250 0.050370
0 0.456875 0.288148 0.018750 0.088889
0 0.164375 0.339259 0.028250 0.072593
0 0.184000 0.161481 0.011500 0.041481
0 0.514000 0.054444 0.008000 0.034815
0 0.486500 0.040741 0.009500 0.031111
0 0.220375 0.209259 0.019250 0.039259
0 0.487125 0.315926 0.032750 0.105926
0 0.085875 0.384074 0.028250 0.101481
0 0.247875 0.658148 0.054250 0.128148
0 0.437750 0.068889 0.009000 0.031111
0 0.662750 0.055556 0.008500 0.038519
0 0.429500 0.044815 0.008500 0.030370
0 0.467000 0.009630 0.007500 0.014815
0 0.012875 0.411852 0.025250 0.103704
0 0.489000 0.009630 0.008000 0.016296
0 0.005500 0.219259 0.010500 0.056296
0 0.478375 0.030000 0.007250 0.030370
0 0.004750 0.551111 0.009000 0.117037
0 0.150500 0.494815 0.044500 0.152593
0 0.158750 0.405556 0.037000 0.067407
0 0.089250 0.305556 0.023500 0.055556
0 0.102625 0.212593 0.020250 0.065185
0 0.157875 0.159630 0.014750 0.040741
0 0.181250 0.208889 0.015500 0.047407
0 0.237375 0.149630 0.016750 0.051852
0 0.259375 0.285185 0.023250 0.075556
0 0.346375 0.548148 0.038250 0.173333
0 0.323250 0.479259 0.037500 0.108148
0 0.396625 0.297037 0.021750 0.090370
0 0.286000 0.105556 0.009000 0.028889
0 0.290750 0.136667 0.012000 0.045185
0 0.295375 0.088519 0.010750 0.040741
0 0.311250 0.081852 0.010000 0.031852
0 0.324250 0.124444 0.012000 0.042963
0 0.324250 0.090000 0.008500 0.021481
0 0.337125 0.075556 0.009750 0.038519
0 0.342375 0.139630 0.012750 0.058519
0 0.364500 0.028889 0.008000 0.025185
0 0.370750 0.102963 0.010500 0.035556
0 0.412500 0.045926 0.007000 0.025185
0 0.385250 0.015185 0.004500 0.018519
0 0.392000 0.007778 0.006500 0.014074
0 0.376750 0.008148 0.006000 0.014815
0 0.407750 0.174815 0.013500 0.053333
0 0.448500 0.055185 0.006500 0.022963
0 0.457000 0.056296 0.008500 0.029630
0 0.443000 0.224074 0.015500 0.073333
0 0.496125 0.056667 0.005250 0.021481
0 0.533750 0.046667 0.009000 0.026667
0 0.534875 0.003333 0.003750 0.005185
