0 0.386834 0.490416 0.057692 0.076123
0 0.438979 0.326670 0.037722 0.069551
0 0.381287 0.307777 0.042160 0.070099
0 0.588572 0.129792 0.026997 0.048193
0 0.551220 0.408269 0.046228 0.085980
0 0.724482 0.147043 0.024408 0.038883
0 0.208580 0.210022 0.019231 0.033406
0 0.594859 0.277930 0.032914 0.059693
0 0.542160 0.207284 0.036243 0.064074
0 0.479660 0.213582 0.035503 0.058050
0 0.810651 0.147317 0.022189 0.038335
0 0.653107 0.110350 0.025888 0.043264
0 0.693232 0.084064 0.019601 0.041073
0 0.637759 0.147590 0.030695 0.047645
0 0.942862 0.259036 0.029216 0.048193
0 0.608913 0.188116 0.027737 0.053122
0 0.291975 0.429628 0.064719 0.083790
0 0.233543 0.073932 0.010725 0.021906
0 0.910318 0.144031 0.012204 0.021906
0 0.031065 0.272180 0.017751 0.033954
0 0.018676 0.258762 0.014423 0.036692
0 0.011649 0.223713 0.015163 0.027930
0 0.150148 0.144031 0.013314 0.016429
0 0.197485 0.107612 0.015533 0.022453
0 0.250370 0.056134 0.010355 0.016977
0 0.280510 0.033680 0.014423 0.025739
0 0.274593 0.026013 0.009985 0.020263
0 0.266272 0.012048 0.007396 0.017525
0 0.274593 0.007941 0.009985 0.014786
0 0.287537 0.011227 0.011464 0.021358
0 0.296967 0.007667 0.008876 0.014239
0 0.314349 0.011227 0.010355 0.021358
