0 0.604845 0.306538 0.041790 0.071811
0 0.075999 0.389871 0.023299 0.040193
0 0.817678 0.385316 0.043639 0.066452
0 0.134985 0.368435 0.034763 0.051983
0 0.850037 0.512058 0.044749 0.076635
0 0.622596 0.211147 0.033654 0.054662
0 0.024223 0.509378 0.040311 0.050911
0 0.173077 0.236066 0.029586 0.046624
0 0.728365 0.157556 0.026997 0.045016
0 0.624260 0.154073 0.026627 0.046624
0 0.447485 0.093516 0.018491 0.031618
0 0.583025 0.146302 0.026257 0.046088
0 0.535503 0.053591 0.019970 0.033226
0 0.470599 0.030279 0.016642 0.027331
0 0.392751 0.052787 0.015533 0.027331
0 0.046413 0.717578 0.064719 0.072883
0 0.478735 0.010182 0.013683 0.019293
0 0.252219 0.132101 0.021450 0.034834
0 0.442123 0.146034 0.027737 0.040193
0 0.651442 0.136120 0.025518 0.048232
0 0.361132 0.050911 0.015163 0.025723
0 0.340791 0.008574 0.011464 0.016077
0 0.016087 0.266345 0.024038 0.038585
0 0.517012 0.009914 0.015533 0.018757
0 0.291050 0.006699 0.009615 0.012326
0 0.295673 0.036710 0.011464 0.018757
0 0.270710 0.047696 0.009615 0.017149
0 0.282175 0.018757 0.009615 0.016077
0 0.303624 0.008039 0.008136 0.015005
0 0.642567 0.182476 0.020340 0.042337
0 0.310281 0.111736 0.011834 0.021972
0 0.299186 0.109057 0.012574 0.024116
0 0.274593 0.147374 0.012944 0.021436
0 0.123706 0.189711 0.009985 0.015005
0 0.265348 0.016077 0.009985 0.015005
0 0.280695 0.004555 0.005178 0.008039
0 0.283469 0.007771 0.007027 0.006967
0 0.311206 0.016881 0.009985 0.018757
0 0.394970 0.030279 0.014793 0.019829
0 0.007027 0.230439 0.012574 0.022508
