0 0.074149 0.388800 0.024038 0.040193
0 0.564719 0.120847 0.030325 0.048767
0 0.616679 0.099946 0.029216 0.046624
0 0.268306 0.400857 0.038831 0.066452
0 0.748521 0.215970 0.029586 0.048232
0 0.726886 0.180600 0.023299 0.036442
0 0.387944 0.036442 0.017012 0.028939
0 0.438794 0.073419 0.018121 0.031083
0 0.514053 0.011790 0.014053 0.021436
0 0.008691 0.293676 0.016642 0.025723
0 0.005732 0.268489 0.010725 0.021436
0 0.404216 0.009110 0.014793 0.017149
0 0.677330 0.004823 0.015902 0.008574
0 0.931953 0.345123 0.035503 0.064309
0 0.972263 0.341908 0.018491 0.033226
0 0.905141 0.226688 0.016642 0.028939
0 0.938979 0.241158 0.014793 0.022508
0 0.942123 0.285102 0.016642 0.027867
0 0.908839 0.303323 0.033654 0.051447
0 0.810651 0.238478 0.034763 0.065380
0 0.763683 0.016613 0.012574 0.020364
0 0.781620 0.033226 0.011464 0.017149
0 0.737981 0.013130 0.011464 0.017685
0 0.746117 0.009110 0.007766 0.017149
0 0.711908 0.006967 0.011095 0.012862
0 0.689719 0.137996 0.023669 0.032690
0 0.292530 0.111736 0.014053 0.024116
0 0.007951 0.224277 0.007766 0.019829
0 0.179364 0.141479 0.017012 0.022508
0 0.268676 0.053591 0.008506 0.020364
0 0.274778 0.044748 0.013314 0.020900
0 0.272374 0.030547 0.008506 0.010718
0 0.278661 0.017953 0.011464 0.014469
0 0.277182 0.008574 0.007766 0.005359
0 0.294379 0.012326 0.009615 0.016077
0 0.302330 0.026795 0.012204 0.020364
0 0.322855 0.009378 0.010355 0.017685
0 0.308802 0.006431 0.008136 0.011790
0 0.342271 0.008574 0.011464 0.015005
