0 0.281990 0.223439 0.032175 0.049288
0 0.206361 0.432092 0.036243 0.055860
0 0.062870 0.426616 0.028846 0.048193
0 0.146635 0.414841 0.034393 0.054217
0 0.142382 0.555312 0.048077 0.051479
0 0.603735 0.131435 0.024038 0.042716
0 0.203957 0.281490 0.029956 0.044907
0 0.607249 0.093921 0.022189 0.035597
0 0.076183 0.590635 0.056213 0.058598
0 0.014238 0.350767 0.022559 0.039978
0 0.586723 0.049288 0.017382 0.032859
0 0.550296 0.114732 0.025888 0.044359
0 0.102996 0.471796 0.039571 0.068456
0 0.215607 0.327492 0.030325 0.050383
0 0.368158 0.094743 0.019601 0.032859
0 0.110577 0.345016 0.034763 0.046002
0 0.106509 0.295181 0.016272 0.029573
0 0.383321 0.193593 0.027737 0.049836
0 0.522189 0.107886 0.021450 0.035049
0 0.431028 0.088992 0.018861 0.033406
0 0.431028 0.057229 0.019601 0.025739
0 0.064349 0.283680 0.019231 0.027382
0 0.028661 0.648138 0.050666 0.062979
0 0.301036 0.192223 0.027367 0.039430
0 0.401627 0.092278 0.018491 0.033406
0 0.542899 0.045728 0.017751 0.032311
0 0.373706 0.137733 0.026257 0.038883
0 0.043269 0.233844 0.013314 0.023001
0 0.560836 0.070920 0.021820 0.033406
0 0.063794 0.486309 0.035133 0.052574
0 0.669933 0.108708 0.021820 0.026835
0 0.028291 0.317087 0.016642 0.031763
0 0.024963 0.240690 0.012944 0.023549
0 0.692123 0.247536 0.029956 0.039430
0 0.406805 0.067908 0.018491 0.029573
0 0.033099 0.267251 0.016642 0.029573
0 0.051405 0.265608 0.014053 0.026287
0 0.623336 0.074480 0.019601 0.035049
0 0.674371 0.085159 0.018861 0.023549
0 0.005917 0.272727 0.011095 0.020811
0 0.513129 0.066539 0.020340 0.033406
0 0.319896 0.116648 0.021450 0.036145
0 0.980769 0.352410 0.035503 0.056407
0 0.560836 0.045181 0.018121 0.024644
0 0.238536 0.134721 0.019970 0.028478
0 0.291790 0.146221 0.023669 0.038335
0 0.484098 0.067360 0.020710 0.038335
0 0.341531 0.109803 0.019601 0.030120
0 0.007951 0.446057 0.015163 0.041073
0 0.797707 0.201260 0.030325 0.030120
0 0.027552 0.294633 0.016642 0.016429
0 0.498706 0.049014 0.015163 0.023549
0 0.698780 0.014239 0.015163 0.023001
0 0.365570 0.184830 0.023299 0.042169
0 0.800296 0.238226 0.031065 0.051479
0 0.247041 0.177985 0.021450 0.031763
0 0.311575 0.040252 0.011464 0.019168
0 0.556768 0.026287 0.014423 0.024096
0 0.261280 0.122399 0.026257 0.038883
0 0.910318 0.443045 0.029956 0.048193
0 0.025703 0.555586 0.038831 0.061884
0 0.190089 0.167853 0.014793 0.021358
0 0.526997 0.053395 0.011834 0.018072
0 0.607064 0.065717 0.014423 0.019715
0 0.637019 0.115279 0.015902 0.021358
0 0.633876 0.136637 0.019970 0.038883
0 0.673262 0.146221 0.024778 0.049288
0 0.692123 0.145674 0.014423 0.044907
0 0.795488 0.039157 0.012574 0.016977
0 0.736686 0.173604 0.021450 0.043812
0 0.498151 0.069825 0.011834 0.026835
0 0.467271 0.046002 0.010725 0.023001
0 0.459320 0.058050 0.021450 0.031763
