0 0.456101 0.413657 0.037202 0.048611
0 0.699033 0.414815 0.031994 0.035185
0 0.184152 0.328704 0.026786 0.037963
0 0.787574 0.484954 0.030506 0.043056
0 0.853981 0.494676 0.030878 0.038426
0 0.926339 0.510417 0.029018 0.043056
0 0.886719 0.548148 0.030878 0.041667
0 0.636533 0.384259 0.029018 0.037963
0 0.302827 0.355324 0.029762 0.037500
0 0.291295 0.398843 0.038690 0.051389
0 0.749070 0.386343 0.023438 0.037500
0 0.684152 0.386343 0.024554 0.038426
0 0.172247 0.310880 0.024554 0.031944
0 0.829427 0.434954 0.027158 0.033796
0 0.878720 0.479398 0.026786 0.033796
0 0.547247 0.423843 0.030506 0.043056
0 0.944196 0.431713 0.020089 0.028241
0 0.371280 0.341667 0.026042 0.033333
0 0.509115 0.444907 0.028646 0.038889
0 0.703869 0.566667 0.040179 0.058333
0 0.778646 0.392593 0.020089 0.026852
0 0.324033 0.329861 0.031250 0.041204
0 0.536644 0.363426 0.027902 0.037963
0 0.479911 0.486574 0.045387 0.059259
0 0.420015 0.355093 0.026042 0.037037
0 0.934524 0.467130 0.026786 0.027778
0 0.724144 0.501157 0.033110 0.048611
0 0.855097 0.374769 0.014509 0.020833
0 0.092820 0.232176 0.018229 0.024537
0 0.308036 0.314815 0.021577 0.033333
0 0.255580 0.340046 0.026042 0.038426
0 0.966146 0.471296 0.020833 0.027778
0 0.111607 0.259491 0.021577 0.026389
0 0.804874 0.360185 0.017485 0.020370
0 0.076823 0.225000 0.015253 0.021296
0 0.009487 0.241667 0.015997 0.022222
0 0.867932 0.404630 0.018601 0.026852
0 0.508743 0.396065 0.035342 0.043056
0 0.092262 0.202315 0.011905 0.017593
0 0.752976 0.471759 0.032738 0.050000
0 0.960379 0.350463 0.010045 0.014815
0 0.785714 0.344444 0.017857 0.023148
0 0.624628 0.458102 0.028274 0.044907
0 0.111235 0.229630 0.017857 0.024074
0 0.153274 0.231481 0.014881 0.020370
0 0.040923 0.224769 0.014137 0.020833
0 0.029204 0.231250 0.015253 0.018056
0 0.053943 0.215046 0.014137 0.018981
0 0.993490 0.435417 0.013021 0.025463
0 0.023810 0.220139 0.014137 0.018056
0 0.985863 0.369676 0.012649 0.017130
0 0.457775 0.361111 0.025670 0.024074
0 0.582589 0.373380 0.026042 0.033796
0 0.179874 0.211343 0.013021 0.019907
0 0.909412 0.453009 0.027902 0.042130
0 0.925223 0.412269 0.020089 0.026389
0 0.359933 0.243287 0.012277 0.017130
0 0.531250 0.478935 0.046875 0.045833
0 0.748512 0.434028 0.024554 0.030093
0 0.783296 0.366667 0.024926 0.025926
0 0.174293 0.197454 0.013021 0.018981
0 0.147507 0.222917 0.014509 0.018056
0 0.770089 0.443981 0.021577 0.026852
0 0.453869 0.383565 0.029762 0.023611
0 0.968192 0.425463 0.013765 0.019444
0 0.068080 0.245370 0.018601 0.026852
0 0.063988 0.224537 0.008929 0.013889
0 0.055060 0.245139 0.012649 0.024537
0 0.033482 0.266898 0.020833 0.030093
0 0.039062 0.246759 0.015625 0.016667
0 0.009673 0.225231 0.015625 0.016204
0 0.099888 0.214583 0.013021 0.014352
0 0.104725 0.219676 0.008557 0.014352
0 0.131138 0.230787 0.011533 0.014352
0 0.369606 0.233796 0.013765 0.012963
0 0.350074 0.384722 0.025298 0.037963
0 0.373140 0.382407 0.036458 0.048148
0 0.270461 0.462500 0.051339 0.065741
0 0.418713 0.458796 0.047991 0.064815
0 0.569382 0.425694 0.028646 0.054167
0 0.566592 0.389815 0.032738 0.019444
0 0.601935 0.503241 0.045387 0.061111
0 0.612351 0.422454 0.029762 0.023611
0 0.602307 0.414352 0.032738 0.030556
0 0.664993 0.466667 0.028646 0.053704
0 0.644345 0.472454 0.019345 0.050463
0 0.807106 0.467130 0.024182 0.025926
0 0.768787 0.417361 0.014509 0.023611
0 0.785156 0.427546 0.028646 0.038426
0 0.834635 0.410417 0.027902 0.023611
0 0.814546 0.412731 0.015997 0.033796
0 0.858259 0.442361 0.022321 0.032870
0 0.819940 0.501157 0.032738 0.050463
0 0.825707 0.576389 0.039062 0.056481
0 0.912202 0.567593 0.049107 0.056481
0 0.955915 0.507870 0.014509 0.034259
0 0.974330 0.518519 0.032738 0.050926
0 0.978981 0.440509 0.010789 0.025463
0 0.964286 0.446065 0.017857 0.024537
0 0.904576 0.427546 0.021205 0.018981
0 0.812500 0.339352 0.009673 0.019444
0 0.821801 0.340278 0.005208 0.015741
