0 0.518415 0.365741 0.027158 0.040741
0 0.772135 0.558565 0.037574 0.047685
0 0.379278 0.453472 0.041295 0.052315
0 0.568266 0.384028 0.027902 0.037500
0 0.743490 0.443750 0.035342 0.043056
0 0.558036 0.346759 0.027530 0.034259
0 0.584821 0.417361 0.038690 0.046759
0 0.682106 0.446759 0.041295 0.042593
0 0.324777 0.337963 0.029018 0.037037
0 0.459077 0.430556 0.041667 0.054630
0 0.448289 0.357639 0.026786 0.041204
0 0.950707 0.492593 0.027902 0.032407
0 0.522879 0.420139 0.039062 0.042130
0 0.484003 0.326389 0.031250 0.045370
0 0.834449 0.535417 0.039435 0.056019
0 0.718378 0.400926 0.031250 0.033333
0 0.073103 0.236806 0.013765 0.020833
0 0.971540 0.543981 0.033110 0.058333
0 0.758743 0.414352 0.024926 0.035185
0 0.536644 0.524074 0.033854 0.050000
0 0.918899 0.562500 0.043155 0.050926
0 0.793527 0.449769 0.031994 0.038426
0 0.816220 0.347222 0.016369 0.022222
0 0.106957 0.291898 0.024182 0.031944
0 0.622954 0.498380 0.037574 0.055093
0 0.870536 0.400000 0.021577 0.021296
0 0.087240 0.228704 0.013021 0.021296
0 0.882626 0.468056 0.027902 0.030556
0 0.760045 0.521759 0.030506 0.037963
0 0.607515 0.365046 0.020089 0.029167
0 0.923363 0.490046 0.027530 0.050463
0 0.946429 0.383796 0.014137 0.021296
0 0.916853 0.422454 0.024182 0.031944
0 0.836124 0.367361 0.015997 0.023611
0 0.058408 0.252083 0.018601 0.026389
0 0.146019 0.212731 0.010045 0.017130
0 0.633557 0.386574 0.020833 0.030556
0 0.540923 0.383565 0.029018 0.035648
0 0.957589 0.432639 0.020833 0.028241
0 0.032366 0.237963 0.016369 0.023148
0 0.928571 0.337731 0.010417 0.015278
0 0.979353 0.445833 0.022693 0.035185
0 0.070685 0.215046 0.014137 0.019907
0 0.019717 0.245139 0.016369 0.022685
0 0.125000 0.211806 0.011905 0.018981
0 0.836868 0.459954 0.027902 0.040278
0 0.669643 0.506019 0.048363 0.066667
0 0.828125 0.427546 0.030506 0.035648
0 0.104353 0.237731 0.021205 0.021759
0 0.894345 0.508796 0.031994 0.044444
0 0.136905 0.446296 0.043899 0.062963
0 0.958333 0.360648 0.011161 0.013889
0 0.714658 0.381250 0.024554 0.025463
0 0.003162 0.263426 0.005580 0.025000
0 0.867932 0.427546 0.023065 0.033796
0 0.308036 0.217361 0.008185 0.014352
0 0.806176 0.517130 0.026042 0.051852
0 0.941778 0.434954 0.016741 0.022685
0 0.986421 0.429398 0.018229 0.019907
0 0.084263 0.916898 0.111979 0.166204
0 0.009859 0.220833 0.014509 0.021296
0 0.009673 0.207870 0.011905 0.008333
0 0.022135 0.190509 0.010045 0.011574
0 0.042411 0.214583 0.012649 0.019907
0 0.034784 0.222222 0.015253 0.013889
0 0.101749 0.219676 0.012277 0.011574
0 0.111235 0.210880 0.011161 0.014352
0 0.114583 0.199306 0.007440 0.006944
0 0.240327 0.206713 0.010417 0.009722
0 0.293527 0.395139 0.031994 0.037500
0 0.354725 0.367824 0.038318 0.040278
0 0.396019 0.400463 0.044271 0.044444
0 0.417411 0.335648 0.022321 0.013889
0 0.414435 0.359028 0.030506 0.031019
0 0.465774 0.400231 0.028274 0.016204
0 0.555804 0.484028 0.038690 0.038426
0 0.629836 0.423380 0.031250 0.040278
0 0.606213 0.386806 0.013765 0.021759
0 0.671503 0.380324 0.030506 0.035648
0 0.670201 0.357407 0.024182 0.014815
0 0.707403 0.506713 0.033854 0.048611
0 0.785528 0.390509 0.015997 0.031019
0 0.801339 0.398611 0.030506 0.033333
0 0.849888 0.423843 0.017485 0.027315
0 0.782924 0.340046 0.010045 0.020833
0 0.789993 0.340278 0.010789 0.019444
0 0.991629 0.528704 0.016741 0.037963
0 0.914435 0.453009 0.022321 0.031019
0 0.965588 0.466898 0.020461 0.024537
0 0.976376 0.488194 0.027158 0.031944
0 0.969494 0.420139 0.011161 0.014352
0 0.985677 0.375231 0.007812 0.012500
0 0.984933 0.358102 0.007812 0.010648
