0 0.109500 0.300606 0.026500 0.072727
0 0.125750 0.184848 0.021000 0.054545
0 0.234500 0.211515 0.022000 0.061818
0 0.156875 0.150000 0.017250 0.050303
0 0.732125 0.074848 0.018750 0.051515
0 0.240125 0.110303 0.017750 0.050909
0 0.035000 0.415758 0.028000 0.075152
0 0.293750 0.152424 0.017500 0.057576
0 0.053750 0.308485 0.027000 0.086061
0 0.272375 0.039394 0.010750 0.026667
0 0.304375 0.026364 0.012250 0.032121
0 0.187750 0.100606 0.014500 0.041212
0 0.013375 0.286667 0.025250 0.069091
0 0.374000 0.052727 0.011500 0.032727
0 0.274875 0.067273 0.013750 0.037576
0 0.308000 0.122727 0.015500 0.041818
0 0.300875 0.068485 0.013750 0.044848
0 0.351500 0.078788 0.015000 0.042424
0 0.334750 0.084848 0.012500 0.036364
0 0.243125 0.012121 0.009250 0.020606
0 0.134000 0.129697 0.012500 0.032727
0 0.099625 0.246061 0.024750 0.055758
0 0.191875 0.128788 0.014250 0.035758
0 0.242125 0.049091 0.013250 0.038788
0 0.215875 0.054848 0.011750 0.033333
0 0.321375 0.010909 0.010250 0.016970
0 0.288750 0.015152 0.010000 0.024242
0 0.058625 0.221212 0.022250 0.054545
0 0.325125 0.037273 0.013250 0.034545
0 0.389750 0.019394 0.011500 0.031515
0 0.423375 0.009394 0.011250 0.017576
0 0.313125 0.008485 0.008750 0.013333
0 0.364375 0.010909 0.010250 0.020606
0 0.012000 0.242424 0.020000 0.035152
0 0.077625 0.225455 0.017250 0.043636
0 0.145875 0.221818 0.023250 0.072727
0 0.177125 0.143939 0.019750 0.053939
0 0.183875 0.049697 0.007750 0.032727
0 0.192250 0.055152 0.007000 0.024242
0 0.206375 0.108485 0.010750 0.048485
0 0.218000 0.107879 0.015000 0.049697
0 0.226000 0.076061 0.012000 0.036970
0 0.256250 0.050303 0.010000 0.025455
0 0.260750 0.090606 0.014500 0.049091
0 0.253250 0.191818 0.020000 0.056364
0 0.341875 0.113030 0.017250 0.044242
0 0.342375 0.040606 0.011750 0.026667
0 0.290125 0.046061 0.007250 0.036364
0 0.282375 0.043030 0.008750 0.031515
0 0.297500 0.041818 0.009000 0.021818
0 0.211375 0.023333 0.010250 0.026061
0 0.351875 0.013030 0.009750 0.024848
0 0.379875 0.014242 0.009250 0.027273
0 0.329000 0.205758 0.013500 0.032121
