0 0.082875 0.397576 0.030250 0.071515
0 0.332125 0.138182 0.019750 0.050909
0 0.169125 0.266667 0.024250 0.056970
0 0.043375 0.272727 0.023250 0.060606
0 0.434500 0.044545 0.016000 0.041818
0 0.183500 0.205152 0.023500 0.070909
0 0.236500 0.190606 0.019000 0.057576
0 0.320250 0.075758 0.015500 0.044848
0 0.182375 0.125455 0.017250 0.047273
0 0.232625 0.121515 0.017750 0.041818
0 0.266750 0.093636 0.016000 0.043030
0 0.371625 0.107273 0.015250 0.041212
0 0.008000 0.323939 0.015500 0.074545
0 0.273125 0.045455 0.012250 0.035152
0 0.193625 0.160606 0.016250 0.047273
0 0.198250 0.093030 0.014500 0.041818
0 0.247875 0.096364 0.013750 0.038788
0 0.210375 0.093636 0.013750 0.038182
0 0.307250 0.066364 0.013500 0.043030
0 0.245750 0.046364 0.012000 0.034545
0 0.382000 0.049091 0.015500 0.043636
0 0.349625 0.050303 0.012750 0.037576
0 0.332500 0.049394 0.013500 0.039394
0 0.407750 0.010606 0.010000 0.020000
0 0.357125 0.100303 0.013250 0.043030
0 0.234125 0.052727 0.012250 0.027879
0 0.371250 0.012121 0.009500 0.020606
0 0.284000 0.012424 0.011000 0.020000
0 0.465750 0.006970 0.008500 0.009091
0 0.438000 0.010303 0.012000 0.015758
0 0.330250 0.009697 0.011500 0.018182
0 0.149375 0.586970 0.009250 0.023636
0 0.099750 0.186364 0.016500 0.034545
0 0.026750 0.258788 0.018000 0.058182
0 0.052625 0.236061 0.019750 0.040606
0 0.093875 0.231818 0.023250 0.072121
0 0.078750 0.230303 0.010000 0.052121
0 0.128250 0.220909 0.016500 0.051515
0 0.147625 0.210909 0.016750 0.050909
0 0.130250 0.188485 0.013500 0.024242
0 0.133375 0.146667 0.016250 0.046061
0 0.117125 0.320303 0.026250 0.080606
0 0.113500 0.229697 0.018500 0.055758
0 0.148000 0.160606 0.017000 0.042424
0 0.211000 0.053636 0.011000 0.035758
0 0.218375 0.119394 0.011750 0.056970
0 0.235000 0.084848 0.013000 0.041212
0 0.234750 0.006364 0.007000 0.011515
0 0.258000 0.040606 0.008500 0.025455
0 0.280125 0.136061 0.020250 0.056364
0 0.297500 0.032121 0.010500 0.032727
0 0.287250 0.033333 0.009000 0.031515
0 0.303250 0.023333 0.008000 0.032121
0 0.293500 0.007576 0.007500 0.013939
0 0.316125 0.007576 0.009750 0.013939
0 0.362250 0.013030 0.009000 0.024848
0 0.450000 0.031212 0.011500 0.034545
0 0.451875 0.004242 0.011250 0.007273
