0 0.288462 0.305312 0.036243 0.057503
0 0.202293 0.386090 0.037722 0.063527
0 0.354290 0.170865 0.027367 0.044907
0 0.172337 0.323932 0.029586 0.050931
0 0.387574 0.128697 0.022189 0.033954
0 0.252959 0.240416 0.027367 0.048193
0 0.547707 0.078861 0.020710 0.033954
0 0.780141 0.173877 0.026257 0.041073
0 0.619638 0.046276 0.018121 0.029025
0 0.500740 0.093100 0.022189 0.037240
0 0.666235 0.094743 0.019601 0.033954
0 0.280695 0.202081 0.024408 0.040526
0 0.651072 0.093647 0.018861 0.032859
0 0.141087 0.320920 0.022559 0.041621
0 0.443047 0.103505 0.022929 0.038335
0 0.284209 0.160186 0.017382 0.031216
0 0.500370 0.047371 0.017751 0.030120
0 0.472633 0.068729 0.018491 0.031216
0 0.390533 0.087897 0.019231 0.034502
0 0.347448 0.116922 0.020340 0.036692
0 0.558062 0.037240 0.014793 0.028478
0 0.324334 0.114732 0.022929 0.036692
0 0.071561 0.438390 0.038831 0.056407
0 0.535503 0.028478 0.017012 0.029573
0 0.575814 0.098302 0.020710 0.035597
0 0.425851 0.038335 0.014423 0.026287
0 0.113536 0.427985 0.042899 0.060789
0 0.108728 0.360350 0.031065 0.051479
0 0.600407 0.033680 0.015163 0.026835
0 0.376479 0.024918 0.014053 0.021358
0 0.008136 0.314348 0.015533 0.031763
0 0.494083 0.010131 0.013314 0.018072
0 0.486501 0.037240 0.015163 0.026287
0 0.446191 0.015334 0.012204 0.020811
0 0.458765 0.033133 0.015902 0.029025
0 0.590791 0.094469 0.018121 0.034502
0 0.375925 0.079956 0.016642 0.027382
0 0.466161 0.008215 0.012204 0.014239
0 0.185281 0.276561 0.025148 0.040526
0 0.510725 0.009036 0.012574 0.014786
0 0.029956 0.567360 0.048817 0.069003
0 0.044379 0.270537 0.019970 0.027382
0 0.578402 0.074480 0.013314 0.017525
0 0.028846 0.262596 0.012574 0.023549
0 0.070636 0.281490 0.020710 0.028478
0 0.120932 0.671139 0.054734 0.078313
0 0.760170 0.017251 0.008506 0.019168
0 0.028107 0.775192 0.055473 0.069551
0 0.024038 0.975356 0.047337 0.049288
0 0.418639 0.057777 0.014793 0.024644
0 0.406620 0.056955 0.011464 0.021906
0 0.447115 0.037240 0.009615 0.015334
0 0.443787 0.075301 0.017751 0.019168
0 0.439349 0.065170 0.015533 0.013143
0 0.738720 0.165663 0.015163 0.033406
0 0.457101 0.013691 0.008136 0.010953
0 0.479475 0.002464 0.008506 0.003834
