0 0.217271 0.489550 0.051405 0.075563
0 0.120192 0.351554 0.031805 0.048232
0 0.222263 0.672294 0.062130 0.084137
0 0.199149 0.313237 0.034393 0.058414
0 0.535688 0.083869 0.026257 0.046624
0 0.481139 0.128617 0.030325 0.048232
0 0.072855 0.388800 0.023669 0.042337
0 0.854290 0.265541 0.033284 0.059486
0 0.040311 0.422026 0.034024 0.049839
0 0.467456 0.009378 0.013314 0.017685
0 0.305843 0.021704 0.011095 0.017685
0 0.328217 0.152733 0.027737 0.048232
0 0.364275 0.011522 0.010355 0.019829
0 0.391642 0.023312 0.014793 0.024116
0 0.713388 0.120847 0.022189 0.039121
0 0.971893 0.497320 0.043639 0.058950
0 0.274593 0.015273 0.010725 0.017685
0 0.331361 0.006699 0.010355 0.012326
0 0.009246 0.280815 0.017751 0.031083
0 0.315643 0.004823 0.009985 0.008574
0 0.006287 0.306270 0.011834 0.026259
0 0.968010 0.335745 0.024778 0.031618
0 0.939904 0.254287 0.018121 0.025188
0 0.905325 0.230171 0.018491 0.030547
0 0.941938 0.289389 0.019970 0.030011
0 0.694157 0.140139 0.022929 0.036977
0 0.443047 0.003751 0.010355 0.006431
0 0.423077 0.015541 0.013314 0.022508
0 0.198225 0.221061 0.036982 0.053055
0 0.289571 0.008574 0.008876 0.015005
0 0.282175 0.008574 0.009615 0.015005
0 0.263499 0.013666 0.006287 0.013398
0 0.271635 0.042337 0.012204 0.021436
0 0.301590 0.004823 0.009246 0.008574
