0 0.032125 0.410909 0.030750 0.082424
0 0.159125 0.278485 0.024750 0.072121
0 0.244875 0.154848 0.020750 0.058788
0 0.317500 0.129394 0.020000 0.057576
0 0.080875 0.198788 0.019750 0.038788
0 0.117875 0.175455 0.017750 0.049091
0 0.100000 0.193030 0.020000 0.056364
0 0.263375 0.112121 0.015250 0.044848
0 0.041000 0.246364 0.018000 0.047879
0 0.387500 0.015758 0.013000 0.029091
0 0.066375 0.265152 0.018750 0.064848
0 0.219500 0.051818 0.012000 0.032121
0 0.236625 0.217273 0.018750 0.056364
0 0.339875 0.030909 0.014250 0.041212
0 0.282375 0.067273 0.016750 0.043636
0 0.346375 0.096061 0.016250 0.047879
0 0.081875 0.308182 0.027750 0.075758
0 0.143500 0.115455 0.015000 0.040606
0 0.136625 0.201818 0.025750 0.061818
0 0.011000 0.344848 0.021500 0.060606
0 0.422625 0.019394 0.012750 0.032727
0 0.301500 0.100606 0.016500 0.052121
0 0.531750 0.015758 0.012500 0.030303
0 0.371125 0.050606 0.016250 0.057576
0 0.186875 0.216667 0.023250 0.052727
0 0.292750 0.014242 0.010000 0.022424
0 0.366625 0.009697 0.011750 0.016970
0 0.463125 0.040303 0.016250 0.041818
0 0.107750 0.250000 0.022500 0.068485
0 0.009500 0.264242 0.018500 0.070303
0 0.048500 0.223333 0.019500 0.057576
0 0.124875 0.159697 0.013750 0.035758
0 0.204750 0.139091 0.015000 0.047879
0 0.025125 0.240303 0.017250 0.060000
0 0.084375 0.242121 0.016250 0.051515
0 0.194125 0.284242 0.022250 0.070303
0 0.148000 0.162121 0.019500 0.051515
0 0.174500 0.092424 0.012000 0.017576
0 0.176125 0.125455 0.016750 0.048485
0 0.201750 0.090606 0.013000 0.030909
0 0.212375 0.100303 0.016750 0.033333
0 0.191000 0.133636 0.011000 0.024848
0 0.211375 0.163939 0.014250 0.038182
0 0.240375 0.120000 0.013250 0.027879
0 0.264875 0.164545 0.017250 0.038182
0 0.226375 0.076364 0.011750 0.033939
0 0.245000 0.058485 0.010500 0.028485
0 0.261125 0.052121 0.009750 0.021818
0 0.267500 0.074848 0.012000 0.033333
0 0.275625 0.048788 0.009250 0.023636
0 0.261125 0.024545 0.012250 0.024848
0 0.277250 0.024848 0.011000 0.016970
0 0.279250 0.011515 0.008500 0.009697
0 0.294875 0.054545 0.009750 0.027879
0 0.306625 0.054545 0.012750 0.030303
0 0.319000 0.046667 0.012500 0.031515
0 0.307500 0.024545 0.012000 0.021212
0 0.321000 0.020000 0.010000 0.020606
0 0.331750 0.006970 0.009500 0.012727
0 0.310625 0.004545 0.010750 0.007879
0 0.351125 0.041818 0.009750 0.027879
0 0.415625 0.006364 0.008250 0.011515
0 0.428500 0.010000 0.008000 0.018788
0 0.324750 0.094242 0.013000 0.024848
