0 0.033750 0.296061 0.025000 0.078182
0 0.255625 0.130909 0.017750 0.053333
0 0.208000 0.218182 0.025500 0.080000
0 0.170875 0.159697 0.019750 0.055152
0 0.271875 0.152424 0.020250 0.056364
0 0.330125 0.103030 0.015750 0.040000
0 0.216875 0.087576 0.013250 0.036970
0 0.148875 0.270303 0.020750 0.058182
0 0.293625 0.151212 0.015250 0.039394
0 0.094125 0.205152 0.015250 0.038182
0 0.215000 0.166667 0.018000 0.044848
0 0.233625 0.141818 0.018750 0.054545
0 0.347000 0.045152 0.014000 0.041818
0 0.218750 0.051515 0.010000 0.021818
0 0.372250 0.017273 0.010500 0.029697
0 0.194500 0.032121 0.009500 0.025455
0 0.299250 0.094242 0.016000 0.047879
0 0.246875 0.083333 0.011750 0.032121
0 0.437375 0.012121 0.010750 0.023030
0 0.166500 0.112727 0.016000 0.040000
0 0.324000 0.059394 0.012500 0.035152
0 0.360375 0.099091 0.014750 0.036970
0 0.283500 0.040606 0.011500 0.032727
0 0.148250 0.190909 0.015500 0.046061
0 0.220500 0.007576 0.008000 0.012727
0 0.292500 0.015152 0.009500 0.021818
0 0.256000 0.009394 0.009000 0.016364
0 0.181500 0.036061 0.009000 0.024848
0 0.310750 0.030606 0.012500 0.036970
0 0.300500 0.014545 0.009500 0.023030
0 0.385500 0.011212 0.009500 0.021212
0 0.396625 0.013333 0.010250 0.023030
0 0.009375 0.285152 0.018250 0.067273
0 0.007000 0.232121 0.013000 0.019394
0 0.066125 0.213333 0.008250 0.052121
0 0.077250 0.218788 0.016500 0.058182
0 0.094000 0.254848 0.020500 0.062424
0 0.115875 0.313030 0.026750 0.079394
0 0.117625 0.225758 0.025750 0.069697
0 0.124000 0.182727 0.024500 0.051515
0 0.142500 0.110606 0.010500 0.015152
0 0.188000 0.220000 0.019000 0.065455
0 0.209875 0.130909 0.018750 0.043636
0 0.198125 0.138485 0.007250 0.034545
0 0.160375 0.048485 0.010250 0.032727
0 0.173750 0.024545 0.005500 0.020000
0 0.200625 0.018788 0.009250 0.019394
0 0.239250 0.103939 0.015500 0.022424
0 0.231625 0.076061 0.009750 0.020000
0 0.243125 0.060909 0.011250 0.023636
0 0.249250 0.044242 0.013000 0.036364
0 0.275625 0.027273 0.006750 0.013333
0 0.264125 0.045455 0.008250 0.020606
0 0.269625 0.090909 0.015750 0.047273
0 0.275500 0.060606 0.011000 0.033939
0 0.295500 0.034545 0.008500 0.020606
0 0.325375 0.014242 0.010250 0.027273
0 0.314125 0.007576 0.009750 0.010303
0 0.336750 0.013030 0.008500 0.024848
0 0.351250 0.011212 0.010000 0.021212
0 0.310375 0.095152 0.007250 0.029091
0 0.287875 0.094242 0.008750 0.033333
0 0.380750 0.053333 0.015000 0.036364
0 0.401875 0.035152 0.011750 0.032727
