0 0.851331 0.603505 0.071006 0.079956
0 0.562500 0.152245 0.026627 0.048193
0 0.100407 0.503834 0.050666 0.073384
0 0.872041 0.247536 0.028846 0.048193
0 0.606324 0.127601 0.022559 0.040526
0 0.491494 0.219332 0.037722 0.060789
0 0.585059 0.234392 0.030325 0.050383
0 0.059357 0.515608 0.038831 0.052026
0 0.274223 0.389376 0.051405 0.077766
0 0.970229 0.413198 0.036612 0.058598
0 0.717825 0.096386 0.019231 0.038335
0 0.626479 0.174973 0.026627 0.046550
0 0.275518 0.045728 0.012574 0.022453
0 0.808062 0.240690 0.035503 0.056407
0 0.271265 0.007941 0.009985 0.014786
0 0.212278 0.092004 0.012574 0.020811
0 0.012204 0.265334 0.021450 0.026835
0 0.197855 0.106517 0.014053 0.022453
0 0.013683 0.241238 0.014793 0.018072
0 0.302330 0.006846 0.009985 0.011501
0 0.006842 0.219332 0.012204 0.019168
0 0.993713 0.369934 0.012574 0.054217
0 0.269231 0.026561 0.008876 0.016977
0 0.917160 0.234666 0.016272 0.026835
0 0.700259 0.139102 0.035873 0.047097
0 0.244453 0.384447 0.034763 0.070099
0 0.064349 0.571742 0.052515 0.074480
0 0.071746 0.238773 0.014793 0.021906
0 0.235022 0.068456 0.012944 0.018620
0 0.253513 0.054491 0.007766 0.012596
0 0.327293 0.003560 0.009615 0.006024
0 0.313609 0.004381 0.009615 0.007667
