0 0.076923 0.389335 0.022929 0.040193
0 0.487796 0.352626 0.049556 0.073955
0 0.833395 0.495445 0.056583 0.070204
0 0.616494 0.289925 0.034763 0.065380
0 0.356694 0.464094 0.058802 0.086817
0 0.524223 0.199625 0.030695 0.053055
0 0.182507 0.300643 0.024038 0.042872
0 0.631657 0.135316 0.028846 0.047696
0 0.280695 0.694534 0.067308 0.088960
0 0.568232 0.170954 0.029956 0.047160
0 0.248706 0.303055 0.032914 0.048767
0 0.782175 0.353430 0.040680 0.066988
0 0.803994 0.200161 0.027367 0.043408
0 0.252404 0.154073 0.015163 0.027331
0 0.390348 0.055198 0.016642 0.027867
0 0.229475 0.096463 0.012944 0.021436
0 0.445821 0.036174 0.018121 0.030547
0 0.723003 0.161308 0.024408 0.041801
0 0.661428 0.158360 0.027737 0.045552
0 0.331546 0.088692 0.018121 0.029475
0 0.294379 0.146838 0.017012 0.023580
0 0.525888 0.008307 0.016272 0.015541
0 0.009615 0.260718 0.018491 0.031618
0 0.471893 0.008307 0.016272 0.015541
0 0.502589 0.075563 0.020710 0.037513
0 0.892567 0.754019 0.058802 0.083601
0 0.301775 0.109325 0.014053 0.022508
0 0.324889 0.004287 0.011464 0.007503
0 0.370562 0.012862 0.014793 0.020364
0 0.933432 0.923901 0.067308 0.093248
0 0.939719 0.312433 0.021450 0.043944
0 0.980030 0.381029 0.022929 0.036442
0 0.990015 0.341640 0.019970 0.028403
0 0.947300 0.256431 0.016642 0.028403
0 0.915496 0.240354 0.018861 0.033762
0 0.315274 0.107985 0.014423 0.017685
0 0.187685 0.131565 0.013683 0.021972
0 0.275888 0.047160 0.011095 0.022508
0 0.290126 0.031083 0.011464 0.019293
0 0.302700 0.015809 0.009246 0.016613
0 0.297152 0.013934 0.008506 0.016077
0 0.288646 0.016881 0.012204 0.014469
0 0.275333 0.025188 0.007027 0.013934
0 0.267936 0.024920 0.007766 0.014469
0 0.268861 0.039925 0.010355 0.016613
0 0.337833 0.006967 0.009985 0.012862
