0 0.080750 0.423636 0.032000 0.072727
0 0.044125 0.245758 0.017250 0.044242
0 0.324625 0.139394 0.016750 0.054545
0 0.029000 0.321212 0.024000 0.064242
0 0.243500 0.177576 0.022500 0.054545
0 0.020750 0.269091 0.016500 0.044848
0 0.387875 0.032727 0.016750 0.044848
0 0.067875 0.254848 0.019750 0.053939
0 0.276000 0.078182 0.013500 0.048485
0 0.174000 0.243939 0.025000 0.073333
0 0.133875 0.144848 0.014250 0.031515
0 0.363000 0.115455 0.015500 0.050303
0 0.094625 0.195758 0.015750 0.041212
0 0.385875 0.110303 0.014250 0.042424
0 0.175875 0.123333 0.016250 0.039394
0 0.189750 0.098788 0.014000 0.042424
0 0.041250 0.291212 0.021000 0.066061
0 0.274500 0.131212 0.018500 0.056364
0 0.211875 0.047576 0.011250 0.032121
0 0.347000 0.020000 0.012500 0.036364
0 0.147750 0.232121 0.019500 0.065455
0 0.266875 0.053333 0.011250 0.030303
0 0.233500 0.062727 0.013500 0.036970
0 0.312000 0.081212 0.015000 0.043636
0 0.260125 0.095758 0.015250 0.041212
0 0.260750 0.036970 0.009500 0.024242
0 0.205125 0.089394 0.015250 0.043030
0 0.463125 0.006061 0.012250 0.010909
0 0.225500 0.036061 0.012000 0.033333
0 0.101125 0.226061 0.019250 0.040000
0 0.190875 0.009091 0.007250 0.014545
0 0.431625 0.012424 0.014750 0.022424
0 0.149750 0.158485 0.016000 0.055152
0 0.315750 0.013333 0.013000 0.021818
0 0.284875 0.010909 0.010750 0.014545
0 0.289125 0.035758 0.015250 0.036364
0 0.242750 0.104242 0.015500 0.046061
0 0.003625 0.354848 0.006750 0.061212
0 0.008500 0.312424 0.010000 0.033333
0 0.070125 0.222424 0.011250 0.021818
0 0.092500 0.256364 0.013500 0.043636
0 0.123125 0.175455 0.010250 0.050303
0 0.136500 0.192424 0.015500 0.047879
0 0.109375 0.269697 0.016750 0.040000
0 0.104250 0.330000 0.022500 0.072121
0 0.167625 0.165152 0.017750 0.055152
0 0.190500 0.193636 0.022500 0.061212
0 0.193625 0.160606 0.019250 0.040000
0 0.218250 0.087576 0.010500 0.028485
0 0.231750 0.128788 0.015500 0.046667
0 0.217625 0.125152 0.011250 0.043030
0 0.241625 0.052727 0.009250 0.027879
0 0.322500 0.067576 0.013500 0.040606
0 0.306375 0.063939 0.008750 0.026061
0 0.280125 0.007273 0.007250 0.013333
0 0.303625 0.016364 0.008750 0.019394
0 0.300250 0.006364 0.008000 0.011515
0 0.294250 0.006667 0.004500 0.012121
0 0.331375 0.009091 0.007250 0.016970
0 0.316625 0.038485 0.012250 0.021212
0 0.360250 0.015455 0.010000 0.029697
0 0.370125 0.015152 0.008750 0.029091
0 0.361875 0.061818 0.008250 0.033939
0 0.370875 0.053939 0.012750 0.046061
0 0.416375 0.015152 0.010750 0.029091
0 0.408250 0.006364 0.005500 0.011515
