0 0.599625 0.287037 0.022250 0.082222
0 0.424000 0.166296 0.017000 0.064444
0 0.668250 0.200000 0.019000 0.068148
0 0.735000 0.236296 0.022500 0.078519
0 0.383625 0.170741 0.017250 0.067407
0 0.301500 0.190000 0.015000 0.051111
0 0.462375 0.198889 0.017250 0.065926
0 0.260875 0.181111 0.019750 0.062963
0 0.357875 0.150370 0.015750 0.063704
0 0.317375 0.317037 0.017250 0.062222
0 0.564875 0.088519 0.012750 0.046667
0 0.506500 0.155185 0.016500 0.065926
0 0.830375 0.291111 0.024750 0.090370
0 0.457875 0.061111 0.011250 0.039259
0 0.428375 0.080370 0.008250 0.033333
0 0.456125 0.115556 0.013250 0.050370
0 0.184125 0.221111 0.016750 0.065926
0 0.497375 0.130000 0.013750 0.055556
0 0.736750 0.347407 0.031000 0.105185
0 0.413750 0.270000 0.028500 0.107407
0 0.363125 0.253333 0.024750 0.096296
0 0.515500 0.063333 0.012000 0.043704
0 0.566000 0.039259 0.009000 0.032593
0 0.421625 0.029630 0.007750 0.026667
0 0.336625 0.091111 0.014750 0.045926
0 0.876375 0.187407 0.024250 0.068148
0 0.207250 0.292593 0.030000 0.112593
0 0.885625 0.663704 0.079750 0.115556
0 0.307500 0.558889 0.045500 0.193333
0 0.180750 0.466667 0.053500 0.177778
0 0.136375 0.318519 0.032750 0.085926
0 0.046125 0.215926 0.019750 0.071852
0 0.055625 0.190000 0.013250 0.054074
0 0.327875 0.047407 0.008250 0.034074
0 0.397500 0.008148 0.005500 0.014815
0 0.438500 0.015556 0.006500 0.022222
0 0.446625 0.046667 0.008750 0.038519
0 0.446500 0.018519 0.006500 0.025185
0 0.476250 0.088889 0.010500 0.034074
0 0.474500 0.023333 0.006000 0.020000
0 0.491250 0.064074 0.009000 0.027407
0 0.543625 0.077407 0.011250 0.037778
0 0.555125 0.007037 0.005250 0.012593
0 0.572000 0.013704 0.005000 0.021481
0 0.611000 0.092593 0.010500 0.047407
0 0.884375 0.165556 0.020750 0.068889
0 0.807250 0.161852 0.020000 0.067407
