0 0.138500 0.278788 0.027000 0.072727
0 0.071875 0.253030 0.023250 0.070909
0 0.262750 0.160000 0.019500 0.058182
0 0.100875 0.247576 0.023250 0.069697
0 0.212000 0.218182 0.021000 0.064242
0 0.160875 0.213333 0.021750 0.063030
0 0.238125 0.128182 0.017750 0.057576
0 0.019375 0.348485 0.027750 0.088485
0 0.160125 0.127576 0.016750 0.047879
0 0.191375 0.209697 0.017250 0.053333
0 0.380000 0.041818 0.013500 0.040000
0 0.284000 0.109697 0.018000 0.052121
0 0.176625 0.118182 0.014250 0.046061
0 0.270125 0.094848 0.013250 0.045455
0 0.239500 0.080000 0.016000 0.043636
0 0.197500 0.125758 0.016000 0.047879
0 0.170625 0.051818 0.009250 0.027273
0 0.257625 0.050909 0.012250 0.035152
0 0.330250 0.049091 0.014500 0.038788
0 0.367000 0.029394 0.012500 0.040606
0 0.322125 0.093636 0.017250 0.051515
0 0.542375 0.063939 0.021250 0.055152
0 0.222500 0.050000 0.011500 0.030909
0 0.296000 0.052424 0.012000 0.034545
0 0.318750 0.041818 0.012500 0.036364
0 0.187625 0.086970 0.012750 0.035758
0 0.196875 0.024242 0.008750 0.025455
0 0.334750 0.018485 0.015500 0.029697
0 0.030125 0.217879 0.016750 0.040606
0 0.206500 0.075758 0.011500 0.035152
0 0.036375 0.245758 0.022750 0.061212
0 0.240375 0.040909 0.012750 0.036970
0 0.388125 0.466970 0.043750 0.113333
0 0.371500 0.006364 0.009500 0.009091
0 0.216000 0.080606 0.013000 0.033939
0 0.315250 0.018485 0.010000 0.022424
0 0.532625 0.024848 0.015250 0.033939
0 0.709500 0.091212 0.019000 0.057576
0 0.029250 0.294242 0.015000 0.051515
0 0.094250 0.205152 0.017500 0.032121
0 0.125625 0.188485 0.019750 0.056970
0 0.115500 0.178485 0.004500 0.044242
0 0.130500 0.147879 0.020000 0.049697
0 0.222500 0.113333 0.014500 0.033939
0 0.208500 0.124848 0.011500 0.037576
0 0.265500 0.034545 0.011000 0.042424
0 0.282250 0.053939 0.015000 0.050909
0 0.285875 0.025758 0.008750 0.013939
0 0.300750 0.025758 0.012500 0.030909
0 0.294875 0.102121 0.009250 0.044242
0 0.306750 0.056667 0.010000 0.032121
0 0.354125 0.014848 0.012750 0.028485
0 0.401000 0.010909 0.009000 0.020606
0 0.415625 0.020303 0.007750 0.021212
0 0.438750 0.026970 0.009500 0.022424
