0 0.500370 0.223205 0.034024 0.058414
0 0.499075 0.379421 0.044009 0.076099
0 0.409393 0.439175 0.046598 0.069132
0 0.807507 0.282690 0.035133 0.053055
0 0.556398 0.290997 0.039571 0.068596
0 0.456361 0.325027 0.037722 0.061629
0 0.193787 0.369507 0.043639 0.062701
0 0.319342 0.413719 0.046967 0.082529
0 0.895340 0.232047 0.022929 0.037513
0 0.024408 0.422294 0.033284 0.050375
0 0.334874 0.289925 0.036612 0.061093
0 0.455806 0.564041 0.061760 0.076635
0 0.621672 0.200965 0.036243 0.062165
0 0.849482 0.288853 0.028107 0.046088
0 0.842641 0.183548 0.024038 0.041265
0 0.252034 0.379957 0.049926 0.077170
0 0.116679 0.333601 0.026997 0.044480
0 0.136280 0.240354 0.025518 0.039121
0 0.270895 0.040193 0.012204 0.021436
0 0.113536 0.517149 0.045118 0.061093
0 0.759985 0.084137 0.017751 0.031083
0 0.173817 0.333869 0.033284 0.047160
0 0.144231 0.316452 0.025888 0.043408
0 0.724482 0.135852 0.023669 0.040193
0 0.746117 0.065380 0.015163 0.025723
0 0.691198 0.040461 0.017012 0.028403
0 0.298632 0.025188 0.012204 0.021436
0 0.009800 0.292605 0.018861 0.035370
0 0.253513 0.189979 0.028476 0.051983
0 0.784024 0.064845 0.015533 0.026795
0 0.153291 0.822347 0.071376 0.094855
0 0.704142 0.046356 0.014793 0.027331
0 0.336723 0.006699 0.009985 0.012326
0 0.846524 0.141211 0.021450 0.033762
0 0.005178 0.261522 0.009615 0.027867
0 0.751664 0.019293 0.010725 0.018221
0 0.215791 0.182744 0.023299 0.035370
0 0.007396 0.546356 0.014053 0.049839
0 0.637944 0.142819 0.025888 0.044480
0 0.297522 0.749732 0.091346 0.107181
0 0.170673 0.274384 0.018121 0.035370
0 0.315459 0.116292 0.015533 0.026795
0 0.805473 0.090032 0.015533 0.026795
0 0.701553 0.074223 0.014053 0.026259
0 0.312130 0.011790 0.011095 0.018221
0 0.788462 0.089496 0.015533 0.026795
0 0.010170 0.243301 0.017382 0.027867
0 0.279216 0.625134 0.068047 0.086281
0 0.200999 0.116292 0.013683 0.024652
0 0.995747 0.329850 0.008506 0.043408
0 0.004253 0.218382 0.007766 0.021972
0 0.253883 0.069936 0.009985 0.015541
0 0.218750 0.098339 0.012944 0.012326
0 0.405325 0.007771 0.014053 0.014469
0 0.986132 0.246517 0.012944 0.024652
0 0.656250 0.151125 0.018121 0.041801
0 0.268861 0.052251 0.005917 0.016613
0 0.289386 0.027063 0.009246 0.019829
0 0.280325 0.023580 0.009615 0.018221
0 0.276257 0.013398 0.008876 0.012862
0 0.284024 0.012058 0.006657 0.011254
0 0.323225 0.016345 0.008876 0.018757
0 0.352071 0.005627 0.011834 0.010182
