0 0.439719 0.476688 0.051775 0.080922
0 0.554919 0.364148 0.047707 0.069132
0 0.305658 0.324223 0.039571 0.060021
0 0.302700 0.444802 0.054364 0.073955
0 0.356879 0.374598 0.041420 0.061093
0 0.418084 0.255627 0.037352 0.062165
0 0.591901 0.177653 0.030695 0.048767
0 0.076183 0.389871 0.023669 0.040193
0 0.485207 0.242229 0.041420 0.065380
0 0.263499 0.198285 0.027737 0.045016
0 0.522004 0.175777 0.033654 0.056806
0 0.598743 0.241693 0.037722 0.064309
0 0.426960 0.046892 0.015902 0.028403
0 0.627034 0.198821 0.029956 0.047160
0 0.621302 0.156484 0.029586 0.048232
0 0.905880 0.373794 0.033654 0.051983
0 0.334689 0.108789 0.021450 0.037513
0 0.186206 0.304930 0.033654 0.045016
0 0.371117 0.149518 0.026997 0.043944
0 0.268491 0.132637 0.023669 0.038049
0 0.504068 0.056270 0.017012 0.030011
0 0.904956 0.304930 0.022929 0.052519
0 0.018306 0.277331 0.017382 0.028403
0 0.330991 0.010450 0.011095 0.015541
0 0.823964 0.220257 0.026627 0.049303
0 0.995377 0.554394 0.009246 0.058414
0 0.270710 0.021436 0.008136 0.016077
0 0.007766 0.434084 0.014793 0.043944
0 0.396265 0.005895 0.012204 0.010718
0 0.980399 0.378617 0.031805 0.043408
0 0.971709 0.338424 0.028476 0.046624
0 0.715052 0.110665 0.012944 0.032690
0 0.712833 0.150322 0.019601 0.046624
0 0.254253 0.147910 0.016642 0.028939
0 0.310466 0.112004 0.009985 0.022508
0 0.299186 0.110397 0.011095 0.023580
0 0.441198 0.005091 0.015533 0.009110
0 0.004253 0.286442 0.007766 0.031618
0 0.014423 0.241961 0.014053 0.027331
0 0.124075 0.192658 0.016642 0.019829
0 0.221339 0.100482 0.010725 0.015541
0 0.203587 0.115756 0.011464 0.015005
0 0.251479 0.072615 0.008876 0.011254
0 0.308062 0.018489 0.012574 0.019829
0 0.299926 0.016881 0.008136 0.019829
0 0.294379 0.012058 0.006657 0.016613
0 0.277367 0.019561 0.006657 0.011254
0 0.281250 0.038585 0.009985 0.019293
0 0.318232 0.005627 0.007027 0.010182
0 0.356879 0.002947 0.006657 0.004823
