0 0.665737 0.467824 0.033110 0.040278
0 0.381324 0.368287 0.036458 0.046759
0 0.797061 0.424306 0.024926 0.033796
0 0.784598 0.496296 0.029762 0.036111
0 0.547991 0.467593 0.040923 0.053704
0 0.777716 0.552546 0.041295 0.052315
0 0.851190 0.351852 0.014881 0.021296
0 0.265811 0.444444 0.045759 0.062963
0 0.743676 0.588426 0.049107 0.060185
0 0.982515 0.469907 0.026042 0.039815
0 0.406436 0.347454 0.024926 0.036574
0 0.747024 0.413426 0.030506 0.037037
0 0.778832 0.396759 0.021949 0.033333
0 0.125186 0.308796 0.030878 0.040741
0 0.944196 0.481481 0.023065 0.034259
0 0.970796 0.431250 0.020461 0.024537
0 0.670387 0.363426 0.029018 0.042593
0 0.760603 0.473148 0.028646 0.037963
0 0.943266 0.528009 0.027158 0.051389
0 0.651786 0.426620 0.026786 0.045833
0 0.579241 0.378704 0.029762 0.035185
0 0.114397 0.226389 0.014509 0.021296
0 0.474702 0.497685 0.052083 0.059259
0 0.991257 0.431250 0.017485 0.027315
0 0.340774 0.348148 0.024554 0.037037
0 0.980283 0.402778 0.013393 0.015741
0 0.941034 0.420602 0.021949 0.026389
0 0.826265 0.352315 0.014881 0.021296
0 0.482329 0.334491 0.024926 0.036574
0 0.804874 0.394907 0.021949 0.030556
0 0.940662 0.358333 0.013021 0.017593
0 0.101190 0.225926 0.014137 0.021296
0 0.839472 0.428704 0.021949 0.036111
0 0.010975 0.249769 0.015253 0.019907
0 0.066592 0.216204 0.013393 0.020370
0 0.557850 0.542593 0.045015 0.050926
0 0.625558 0.425463 0.030878 0.047222
0 0.913876 0.528472 0.036830 0.042130
0 0.940290 0.449537 0.022693 0.029630
0 0.019531 0.214583 0.013021 0.017130
0 0.044829 0.198380 0.012277 0.018056
0 0.072731 0.202083 0.012277 0.015278
0 0.525298 0.407176 0.039435 0.051389
0 0.992001 0.541435 0.015997 0.037500
0 0.916481 0.353009 0.011533 0.016204
0 0.873884 0.415741 0.021577 0.028704
0 0.557478 0.402546 0.032366 0.040278
0 0.940848 0.384954 0.012649 0.018056
0 0.791481 0.341898 0.013765 0.018981
0 0.874628 0.443519 0.026042 0.033333
0 0.917783 0.449537 0.019345 0.031481
0 0.889509 0.366204 0.012649 0.018519
0 0.730655 0.498611 0.037202 0.045370
0 0.121838 0.211343 0.013765 0.018981
0 0.928943 0.334954 0.009673 0.012500
0 0.701451 0.438657 0.038318 0.048611
0 0.087054 0.231713 0.014137 0.019907
0 0.858631 0.475694 0.026786 0.033796
0 0.534040 0.347685 0.030134 0.031481
0 0.892671 0.421759 0.015253 0.022222
0 0.994792 0.391435 0.010417 0.019907
0 0.898996 0.450000 0.020461 0.035185
0 0.076823 0.191204 0.011533 0.013889
0 0.965402 0.455556 0.018601 0.026852
0 0.485491 0.383565 0.033482 0.044907
0 0.034226 0.210880 0.011161 0.017130
0 0.895089 0.349537 0.011905 0.013889
0 0.786086 0.455093 0.030506 0.036111
0 0.088728 0.192593 0.009301 0.010185
0 0.133743 0.222454 0.006324 0.010648
0 0.141369 0.231019 0.010417 0.011111
0 0.150484 0.221991 0.007812 0.008796
0 0.158296 0.225463 0.007812 0.012037
0 0.345238 0.216667 0.010417 0.012037
0 0.342076 0.205556 0.008557 0.009259
0 0.322359 0.210417 0.005580 0.010648
0 0.272693 0.205324 0.008929 0.010648
0 0.359933 0.214583 0.004836 0.015278
0 0.366257 0.220370 0.007068 0.014815
0 0.379278 0.218981 0.010045 0.016667
0 0.398996 0.237269 0.008557 0.015278
0 0.454241 0.395139 0.038690 0.056019
0 0.450707 0.359028 0.023438 0.022685
0 0.463914 0.350694 0.016369 0.027315
0 0.520461 0.367361 0.039435 0.027315
0 0.601376 0.397454 0.027158 0.034722
0 0.624628 0.383796 0.029762 0.037037
0 0.628534 0.538657 0.045015 0.062500
0 0.723214 0.417593 0.020833 0.029630
0 0.724330 0.396528 0.018601 0.021759
0 0.866071 0.511806 0.042411 0.043981
0 0.817522 0.495370 0.044271 0.053704
0 0.914993 0.487731 0.033110 0.032870
0 0.977679 0.521296 0.027530 0.033333
0 0.840030 0.401620 0.020833 0.017130
0 0.976004 0.377083 0.010045 0.018981
0 0.906250 0.360417 0.008185 0.010648
0 0.979353 0.448611 0.019717 0.017593
