0 0.371487 0.348607 0.035873 0.063773
0 0.328217 0.400322 0.043269 0.071811
0 0.127034 0.445606 0.042530 0.061629
0 0.391087 0.277331 0.037352 0.060557
0 0.226146 0.426581 0.039571 0.069668
0 0.057877 0.380225 0.041050 0.051983
0 0.606324 0.219989 0.032175 0.056270
0 0.139793 0.368703 0.031805 0.055734
0 0.486132 0.198017 0.032175 0.058414
0 0.240570 0.689979 0.061760 0.093783
0 0.544933 0.140139 0.029216 0.051983
0 0.295118 0.162379 0.026627 0.045016
0 0.842641 0.222669 0.027737 0.045552
0 0.351516 0.093248 0.018121 0.031083
0 0.943232 0.319668 0.032914 0.055198
0 0.234467 0.274116 0.034024 0.058414
0 0.178254 0.228832 0.025148 0.036442
0 0.191568 0.269561 0.028846 0.043944
0 0.448595 0.133976 0.023669 0.039657
0 0.074334 0.503215 0.042160 0.057878
0 0.520340 0.047160 0.016272 0.027867
0 0.718750 0.117095 0.018861 0.034834
0 0.021820 0.404877 0.038462 0.048767
0 0.643676 0.180868 0.026997 0.043408
0 0.386834 0.074223 0.019970 0.031618
0 0.438425 0.063237 0.018861 0.033226
0 0.646635 0.151929 0.024778 0.034834
0 0.720969 0.150054 0.024038 0.040729
0 0.436391 0.012058 0.017751 0.023044
0 0.534578 0.009378 0.016642 0.017685
0 0.454697 0.031886 0.014423 0.025188
0 0.285873 0.006431 0.012574 0.011790
0 0.928994 0.261254 0.018491 0.033762
0 0.959320 0.276795 0.017012 0.031618
0 0.902922 0.192926 0.017382 0.027867
0 0.869822 0.181672 0.016272 0.026795
0 0.131102 0.269025 0.023299 0.035370
0 0.024778 0.277599 0.017012 0.030011
0 0.094120 0.232315 0.021080 0.025188
0 0.167530 0.153001 0.014053 0.024116
0 0.287722 0.040729 0.011095 0.021436
0 0.293639 0.031083 0.010355 0.019293
0 0.269231 0.039657 0.010355 0.020364
0 0.274223 0.025723 0.010725 0.020364
0 0.269786 0.017417 0.007027 0.012326
0 0.262759 0.024652 0.004068 0.012862
0 0.287537 0.020632 0.008506 0.015541
0 0.310651 0.015273 0.011095 0.018757
0 0.319896 0.008842 0.009615 0.016613
0 0.302330 0.008307 0.007766 0.015541
0 0.370007 0.006431 0.005547 0.011790
