0 0.537907 0.400371 0.042530 0.075782
0 0.454697 0.291203 0.039571 0.070482
0 0.023299 0.369369 0.028107 0.037096
0 0.533469 0.257287 0.041050 0.054584
0 0.327663 0.352676 0.045858 0.073662
0 0.354290 0.442236 0.050296 0.084261
0 0.647744 0.291733 0.035133 0.055644
0 0.653846 0.219396 0.029586 0.047695
0 0.179919 0.526232 0.059541 0.108108
0 0.826923 0.240594 0.026627 0.044515
0 0.526257 0.209857 0.028846 0.045575
0 0.576738 0.144144 0.025518 0.044515
0 0.105769 0.737149 0.053994 0.092210
0 0.726701 0.142554 0.024408 0.040276
0 0.194527 0.277689 0.034024 0.059353
0 0.105030 0.352941 0.032544 0.052994
0 0.033469 0.575782 0.051405 0.067303
0 0.358913 0.590355 0.055843 0.092210
0 0.264978 0.187069 0.021080 0.039216
0 0.635725 0.146264 0.023669 0.040276
0 0.171783 0.368309 0.050666 0.074192
0 0.905880 0.510864 0.057322 0.075252
0 0.282729 0.047430 0.010725 0.014308
0 0.008136 0.283519 0.015533 0.031797
0 0.799741 0.099894 0.017382 0.025967
0 0.353180 0.020668 0.011095 0.019078
0 0.133506 0.329094 0.025888 0.037096
0 0.321376 0.014308 0.010355 0.018018
0 0.130917 0.490461 0.045858 0.065183
0 0.224667 0.366720 0.046228 0.081611
0 0.291420 0.059883 0.011834 0.020138
0 0.936391 0.789613 0.061391 0.080551
0 0.335429 0.007949 0.009615 0.014838
0 0.301590 0.036036 0.010725 0.019078
0 0.645155 0.131955 0.024038 0.047695
0 0.343565 0.023847 0.010355 0.021198
0 0.267012 0.018283 0.010355 0.016428
0 0.294194 0.010069 0.007766 0.016958
0 0.103550 0.234234 0.016272 0.026497
0 0.916050 0.269475 0.022929 0.033386
0 0.788831 0.306041 0.032544 0.066243
0 0.808432 0.308161 0.019231 0.062003
0 0.006102 0.325384 0.011464 0.030737
0 0.026627 0.295443 0.014053 0.030207
0 0.020155 0.264176 0.014423 0.024907
0 0.160688 0.164282 0.012944 0.023317
0 0.197300 0.133280 0.012204 0.021728
0 0.220599 0.122682 0.014423 0.024907
0 0.238166 0.100159 0.013314 0.021198
0 0.284393 0.024112 0.010355 0.018548
0 0.276442 0.007154 0.007766 0.012189
0 0.305288 0.015898 0.008506 0.010599
0 0.320821 0.037891 0.010725 0.018548
0 0.312500 0.028352 0.010355 0.013249
0 0.342456 0.006094 0.005178 0.011129
0 0.328402 0.005829 0.005917 0.010599
0 0.373336 0.004505 0.008506 0.007949
0 0.438055 0.016958 0.009985 0.014838
0 0.488720 0.028617 0.009246 0.014838
0 0.505732 0.025967 0.007027 0.012719
0 0.003513 0.251192 0.006287 0.022258
