0 0.260125 0.219630 0.016250 0.055556
0 0.835750 0.044815 0.010500 0.033333
0 0.398625 0.087778 0.009750 0.033333
0 0.409375 0.034444 0.006250 0.024444
0 0.096125 0.234444 0.021250 0.080741
0 0.317125 0.188889 0.017250 0.060741
0 0.352125 0.051481 0.006750 0.022963
0 0.374125 0.036296 0.008750 0.028148
0 0.702375 0.013333 0.007250 0.023704
0 0.666000 0.049259 0.010500 0.031852
0 0.177500 0.106296 0.014000 0.049630
0 0.305250 0.181852 0.008000 0.043704
0 0.409375 0.074074 0.008250 0.020741
0 0.658250 0.043333 0.006000 0.024444
