0 0.444527 0.098576 0.019231 0.033954
0 0.207655 0.268620 0.022559 0.037788
0 0.160503 0.431271 0.034024 0.060789
0 0.409763 0.166484 0.022189 0.039430
0 0.289571 0.192497 0.031065 0.044359
0 0.361501 0.098302 0.019601 0.032311
0 0.413462 0.116101 0.019970 0.032859
0 0.324334 0.150329 0.025148 0.041073
0 0.370932 0.182913 0.022189 0.040526
0 0.675851 0.115005 0.021080 0.040526
0 0.663831 0.148138 0.025888 0.042169
0 0.596154 0.088992 0.022189 0.038883
0 0.621857 0.119387 0.029216 0.046002
0 0.253698 0.297371 0.031065 0.060241
0 0.575444 0.080230 0.020710 0.034502
0 0.019046 0.412377 0.018861 0.032859
0 0.537352 0.068182 0.019970 0.036692
0 0.380362 0.094195 0.017382 0.030668
0 0.480954 0.042442 0.017382 0.030120
0 0.376664 0.154984 0.023299 0.032859
0 0.555843 0.127054 0.022189 0.039430
0 0.651442 0.089266 0.021820 0.036145
0 0.514053 0.046276 0.017751 0.037788
0 0.028476 0.318182 0.015533 0.027382
0 0.114090 0.291621 0.016642 0.027930
0 0.409763 0.084885 0.019970 0.031763
0 0.037907 0.262870 0.015902 0.027382
0 0.554549 0.090909 0.021080 0.032859
0 0.408839 0.010131 0.012204 0.018072
0 0.494453 0.102410 0.020710 0.035049
0 0.277922 0.161829 0.024038 0.025739
0 0.055473 0.257393 0.014053 0.021906
0 0.813979 0.190581 0.027367 0.049288
0 0.362241 0.023823 0.009246 0.015882
0 0.037907 0.226725 0.014423 0.024096
0 0.019046 0.225082 0.013683 0.024096
0 0.329512 0.023001 0.010355 0.017525
0 0.028107 0.296550 0.019231 0.016977
0 0.015717 0.251643 0.012944 0.022453
0 0.463018 0.100767 0.018491 0.033954
0 0.338757 0.035871 0.010355 0.019168
0 0.637944 0.114458 0.021450 0.044907
0 0.019231 0.347481 0.024408 0.042169
0 0.041050 0.207831 0.012574 0.018072
0 0.319527 0.066813 0.011095 0.019715
0 0.004438 0.278478 0.008136 0.030120
0 0.313979 0.032311 0.010355 0.020811
0 0.324889 0.006298 0.010725 0.010405
0 0.771265 0.025465 0.014423 0.023549
0 0.061391 0.361993 0.017012 0.028478
0 0.482618 0.004381 0.011095 0.007667
0 0.064534 0.286418 0.019601 0.025192
0 0.718195 0.161555 0.015533 0.032859
0 0.637019 0.075301 0.018121 0.031216
0 0.151442 0.204545 0.012944 0.020263
0 0.196191 0.164567 0.015902 0.019168
0 0.240570 0.139923 0.019601 0.027930
0 0.279956 0.089540 0.010355 0.012596
0 0.436391 0.073111 0.020710 0.025739
0 0.424186 0.076944 0.006657 0.023549
0 0.462833 0.003012 0.007766 0.004929
