0 0.491124 0.212507 0.029586 0.046635
0 0.605769 0.276365 0.034763 0.058824
0 0.733173 0.162162 0.026997 0.045575
0 0.587648 0.140964 0.024408 0.046635
0 0.688055 0.238209 0.035873 0.051404
0 0.134615 0.208002 0.018491 0.029147
0 0.633136 0.190514 0.025888 0.037626
0 0.532175 0.033121 0.017012 0.031267
0 0.852441 0.618707 0.053254 0.082141
0 0.735577 0.052199 0.012574 0.021728
0 0.644786 0.163752 0.028476 0.040276
0 0.709135 0.012984 0.013683 0.016428
0 0.269046 0.162427 0.018121 0.027027
0 0.198225 0.141229 0.014053 0.028087
0 0.011464 0.258347 0.014053 0.022787
0 0.181583 0.170376 0.017012 0.029147
0 0.005917 0.274510 0.011095 0.021198
0 0.792530 0.458665 0.046598 0.068362
0 0.567123 0.180180 0.035133 0.050874
0 0.544379 0.183890 0.025888 0.050874
0 0.682507 0.023052 0.012204 0.019608
0 0.296967 0.124536 0.016272 0.032856
0 0.369453 0.021463 0.011095 0.021728
0 0.144970 0.284579 0.021450 0.034976
0 0.034763 0.299682 0.017012 0.028087
0 0.009246 0.238739 0.008136 0.016428
0 0.002959 0.236884 0.005178 0.020138
0 0.002959 0.298887 0.005178 0.025437
0 0.235207 0.137785 0.014793 0.021198
0 0.247411 0.094860 0.011834 0.020138
0 0.279771 0.069422 0.012204 0.022258
0 0.293824 0.054054 0.009985 0.018018
0 0.302700 0.038421 0.012204 0.022787
0 0.288462 0.040541 0.012574 0.017488
0 0.277182 0.036036 0.008506 0.018018
0 0.282544 0.026232 0.008876 0.012189
0 0.291050 0.027292 0.007396 0.012189
0 0.290680 0.014573 0.008876 0.013249
0 0.279031 0.014838 0.008506 0.008479
0 0.270525 0.022258 0.008506 0.009539
0 0.269416 0.014308 0.009985 0.007419
0 0.303994 0.012189 0.008876 0.015898
0 0.296043 0.009009 0.007027 0.013778
0 0.312870 0.026232 0.007396 0.017488
0 0.321746 0.025702 0.011834 0.020668
0 0.337093 0.014838 0.012944 0.020138
0 0.349297 0.011924 0.009246 0.015368
0 0.351701 0.004769 0.008876 0.008479
0 0.372596 0.005564 0.007766 0.010069
0 0.382581 0.014838 0.006287 0.010599
0 0.326738 0.011129 0.005547 0.010599
0 0.314534 0.005564 0.008506 0.007949
0 0.312315 0.013249 0.009985 0.008479
0 0.273299 0.031267 0.008136 0.010599
