0 0.601125 0.182593 0.017250 0.054074
0 0.361500 0.186296 0.018000 0.070370
0 0.178750 0.204815 0.022500 0.074815
0 0.741375 0.115556 0.014250 0.054815
0 0.285125 0.172222 0.012250 0.042222
0 0.803500 0.084444 0.015500 0.063704
0 0.419500 0.084074 0.010000 0.040741
0 0.897750 0.082222 0.016500 0.062222
0 0.334250 0.105926 0.012000 0.042963
0 0.433500 0.158519 0.015500 0.059259
0 0.863500 0.135556 0.016000 0.056296
0 0.373875 0.102222 0.010750 0.038519
0 0.830000 0.226296 0.023500 0.098519
0 0.564625 0.024444 0.008250 0.028148
0 0.828375 0.165185 0.021250 0.054815
0 0.585375 0.019259 0.009250 0.034074
0 0.928125 0.126296 0.018750 0.065926
0 0.971750 0.138889 0.017000 0.064444
0 0.755500 0.057037 0.010000 0.040000
0 0.493000 0.038889 0.008500 0.031852
0 0.407250 0.176667 0.016000 0.055556
0 0.421500 0.026667 0.006500 0.026667
0 0.650375 0.011111 0.006250 0.020741
0 0.698625 0.021481 0.009250 0.031111
0 0.461750 0.060741 0.008500 0.029630
0 0.429875 0.300370 0.032250 0.108889
0 0.624625 0.214444 0.022750 0.095556
0 0.683875 0.009259 0.008750 0.017037
0 0.357250 0.445185 0.040000 0.133333
0 0.957375 0.209259 0.024750 0.071852
0 0.646750 0.429630 0.031500 0.109630
0 0.238500 0.030741 0.005500 0.022963
0 0.200500 0.589630 0.045000 0.173333
0 0.418625 0.601481 0.057250 0.210370
0 0.304750 0.353704 0.038000 0.104444
0 0.318250 0.071481 0.009000 0.030370
0 0.328875 0.035926 0.006250 0.031852
0 0.343250 0.080000 0.008500 0.028148
0 0.371000 0.068148 0.009500 0.028148
0 0.406250 0.017407 0.007000 0.024444
0 0.446625 0.069630 0.008250 0.034074
0 0.469250 0.032222 0.005500 0.024444
0 0.534875 0.009630 0.005750 0.017778
0 0.545625 0.004815 0.005250 0.008148
0 0.709375 0.041481 0.011250 0.037037
0 0.815625 0.613704 0.055750 0.212593
