0 0.246487 0.279475 0.032914 0.056270
0 0.548632 0.273580 0.036612 0.061629
0 0.075074 0.389068 0.023669 0.039657
0 0.128328 0.328510 0.042160 0.050375
0 0.311206 0.176581 0.032914 0.050911
0 0.660133 0.147106 0.034024 0.051983
0 0.380732 0.123526 0.025518 0.042337
0 0.257766 0.174169 0.025888 0.042872
0 0.582286 0.194266 0.032175 0.043408
0 0.472448 0.259646 0.035133 0.059486
0 0.153107 0.243033 0.024408 0.046624
0 0.578217 0.250268 0.029216 0.041801
0 0.394046 0.006699 0.013683 0.012326
0 0.469490 0.010718 0.015163 0.020364
0 0.436206 0.017149 0.015163 0.025723
0 0.632951 0.103430 0.028476 0.042872
0 0.315274 0.021436 0.009246 0.015005
0 0.312500 0.109593 0.014793 0.023044
0 0.007212 0.308414 0.013683 0.034834
0 0.521450 0.015273 0.019231 0.028403
0 0.285318 0.029207 0.012944 0.023044
0 0.330806 0.008307 0.009246 0.014469
0 0.966901 0.342444 0.020340 0.038585
0 0.749445 0.152465 0.024038 0.046624
0 0.299741 0.109325 0.012204 0.019293
0 0.277367 0.152197 0.010355 0.022508
0 0.259061 0.142015 0.012944 0.018221
0 0.005732 0.279743 0.010725 0.026795
0 0.005732 0.225884 0.010725 0.024116
0 0.130917 0.187299 0.014793 0.019829
0 0.159948 0.155413 0.011464 0.016077
0 0.197485 0.119775 0.011834 0.013398
0 0.231879 0.091372 0.011834 0.015541
0 0.250000 0.075027 0.010355 0.015005
0 0.270710 0.010718 0.007396 0.012862
0 0.268861 0.025723 0.005917 0.011790
0 0.277737 0.018757 0.010355 0.017149
0 0.290311 0.008307 0.009615 0.015541
0 0.299001 0.015541 0.007027 0.013934
0 0.313979 0.007503 0.008136 0.009646
0 0.341531 0.003751 0.007027 0.006431
