0 0.363250 0.237576 0.031000 0.089697
0 0.039500 0.316364 0.022500 0.065455
0 0.888250 0.329697 0.032500 0.081212
0 0.135875 0.223333 0.022750 0.075758
0 0.071500 0.213333 0.022000 0.059394
0 0.114625 0.180303 0.017250 0.049091
0 0.116000 0.254242 0.019000 0.055152
0 0.248875 0.201818 0.020750 0.056970
0 0.184500 0.160909 0.020000 0.055152
0 0.156000 0.199697 0.016500 0.058788
0 0.238000 0.067273 0.014500 0.041212
0 0.246500 0.127273 0.020000 0.049697
0 0.180375 0.511818 0.043250 0.123030
0 0.237375 0.010303 0.009750 0.019394
0 0.224875 0.118788 0.014750 0.042424
0 0.274375 0.013939 0.010250 0.026667
0 0.160750 0.149697 0.016000 0.040000
0 0.004875 0.288182 0.009250 0.056364
0 0.316875 0.045455 0.016750 0.044848
0 0.211000 0.125758 0.016500 0.047879
0 0.395625 0.010909 0.013750 0.020606
0 0.990750 0.423939 0.018500 0.106061
0 0.007500 0.494545 0.014500 0.067879
0 0.215750 0.046970 0.012000 0.029697
0 0.190875 0.098182 0.015250 0.021818
0 0.989500 0.258788 0.021000 0.080000
0 0.189375 0.130909 0.020750 0.042424
0 0.384375 0.010000 0.011250 0.016364
0 0.408000 0.009394 0.011000 0.017576
0 0.829375 0.363333 0.031750 0.102424
0 0.778250 0.017879 0.014000 0.034545
0 0.229000 0.303333 0.019000 0.051515
0 0.079500 0.404242 0.034000 0.080000
0 0.023500 0.297576 0.020000 0.064242
0 0.159875 0.117576 0.014750 0.025455
0 0.204125 0.036970 0.009750 0.025455
0 0.192625 0.026364 0.008250 0.028485
0 0.216000 0.025455 0.009000 0.014545
0 0.260250 0.076061 0.015000 0.035758
0 0.269750 0.063333 0.010000 0.036970
0 0.275625 0.055455 0.008250 0.027273
0 0.292750 0.098485 0.020500 0.055152
0 0.280500 0.111212 0.008500 0.039394
0 0.301000 0.070303 0.010500 0.025455
0 0.318250 0.088788 0.017000 0.045455
0 0.298125 0.019697 0.014250 0.024848
0 0.315125 0.007576 0.010250 0.013939
0 0.326625 0.017576 0.009750 0.027879
0 0.340375 0.014545 0.011750 0.027879
0 0.352250 0.039091 0.015000 0.045455
0 0.364750 0.015152 0.014500 0.029091
