0 0.829055 0.513889 0.037574 0.045370
0 0.358631 0.609259 0.048363 0.058333
0 0.391369 0.411574 0.043899 0.050926
0 0.958147 0.465972 0.024926 0.037500
0 0.546131 0.468981 0.045387 0.056481
0 0.728609 0.390046 0.022693 0.031019
0 0.513579 0.393056 0.035342 0.042593
0 0.425595 0.365741 0.033482 0.037963
0 0.818824 0.358796 0.016369 0.021296
0 0.985305 0.443750 0.025670 0.026389
0 0.597470 0.359259 0.024554 0.033333
0 0.813244 0.442824 0.028274 0.031019
0 0.726562 0.443750 0.022321 0.031944
0 0.692150 0.379167 0.025670 0.031481
0 0.873698 0.473380 0.026414 0.037500
0 0.909598 0.541204 0.029762 0.048148
0 0.037202 0.249074 0.016369 0.025000
0 0.746652 0.423148 0.029018 0.038889
0 0.690848 0.419907 0.031250 0.041667
0 0.877046 0.418981 0.022693 0.030556
0 0.926339 0.467593 0.029018 0.038889
0 0.518601 0.346991 0.024554 0.033796
0 0.491071 0.465046 0.044643 0.064352
0 0.806362 0.405324 0.026414 0.027315
0 0.389509 0.352778 0.034970 0.042593
0 0.837426 0.402546 0.019345 0.027315
0 0.859003 0.505556 0.027530 0.036111
0 0.479911 0.421296 0.039435 0.048148
0 0.373512 0.511574 0.057292 0.062037
0 0.799479 0.549537 0.040923 0.059259
0 0.666667 0.392824 0.023810 0.033796
0 0.539621 0.373843 0.024926 0.025463
0 0.565662 0.394444 0.037574 0.047222
0 0.896205 0.384259 0.014881 0.022222
0 0.781994 0.438194 0.024554 0.039352
0 0.919829 0.602315 0.046503 0.067593
0 0.424851 0.338194 0.029762 0.026389
0 0.082775 0.238889 0.014509 0.021296
0 0.154948 0.227083 0.013021 0.019907
0 0.547991 0.355324 0.022321 0.018981
0 0.662388 0.467593 0.032366 0.057407
0 0.324405 0.336806 0.026786 0.039352
0 0.874814 0.640741 0.041295 0.063889
0 0.641741 0.382870 0.030506 0.043519
0 0.941964 0.344213 0.008185 0.011574
0 0.200335 0.341204 0.029390 0.044444
0 0.742746 0.814120 0.084449 0.118056
0 0.117001 0.266204 0.018229 0.026852
0 0.103609 0.232407 0.016741 0.021296
0 0.905506 0.416204 0.023810 0.032407
0 0.861235 0.442361 0.023810 0.031019
0 0.852679 0.412963 0.020833 0.030556
0 0.121280 0.203009 0.012649 0.014352
0 0.229539 0.706713 0.049851 0.077315
0 0.636347 0.431944 0.035342 0.036111
0 0.995908 0.585648 0.008185 0.038889
0 0.434710 0.549074 0.047991 0.073148
0 0.080171 0.206713 0.010045 0.015278
0 0.781622 0.405324 0.023065 0.022685
0 0.722470 0.493519 0.044643 0.056481
0 0.038690 0.190046 0.010417 0.013426
0 0.996280 0.361574 0.007440 0.018519
0 0.003348 0.242130 0.005952 0.023148
0 0.970238 0.424537 0.013393 0.023148
0 0.983445 0.388426 0.012277 0.016667
0 0.782738 0.506944 0.033482 0.037963
0 0.032552 0.220833 0.012277 0.013889
0 0.766741 0.424537 0.018601 0.037037
0 0.754092 0.504630 0.023065 0.050000
0 0.017485 0.243056 0.015625 0.020370
0 0.009115 0.236806 0.009301 0.016204
0 0.030692 0.232176 0.013765 0.006944
0 0.054315 0.206019 0.009673 0.011111
0 0.045573 0.235648 0.012277 0.017593
0 0.059710 0.227083 0.013021 0.008796
0 0.061570 0.242130 0.015997 0.016667
0 0.072917 0.234259 0.009673 0.018519
0 0.109375 0.213889 0.013393 0.016667
0 0.095052 0.219676 0.011533 0.013426
0 0.112351 0.200926 0.004464 0.007407
0 0.189918 0.449074 0.041295 0.065741
0 0.457217 0.350694 0.031994 0.039352
0 0.405878 0.383565 0.023810 0.028241
0 0.279204 0.868750 0.120164 0.139352
0 0.622210 0.481481 0.037574 0.057407
0 0.599702 0.448611 0.039435 0.049074
0 0.486235 0.390741 0.026042 0.018519
0 0.571801 0.365972 0.031994 0.025463
0 0.708891 0.409028 0.024182 0.037500
0 0.788690 0.344907 0.013393 0.018519
0 0.806734 0.343750 0.013021 0.017130
0 0.829055 0.442361 0.017485 0.035648
0 0.923177 0.417130 0.011533 0.020370
0 0.941592 0.459954 0.012649 0.033796
0 0.886161 0.339583 0.007440 0.009722
0 0.963170 0.366898 0.006696 0.014352
0 0.987351 0.491435 0.025298 0.043981
0 0.965960 0.511343 0.023438 0.031944
0 0.940848 0.538426 0.032738 0.059259
