0 0.098772 0.410880 0.035342 0.045833
0 0.234375 0.444907 0.029018 0.045370
0 0.285528 0.375694 0.033110 0.044907
0 0.548177 0.443750 0.035342 0.047685
0 0.135045 0.343519 0.026042 0.037963
0 0.464658 0.369444 0.031250 0.045370
0 0.028088 0.438194 0.039807 0.049537
0 0.520089 0.476157 0.033482 0.055093
0 0.375372 0.383102 0.046131 0.061574
0 0.875000 0.487963 0.041667 0.052778
0 0.338542 0.323148 0.025298 0.037037
0 0.698103 0.466435 0.039062 0.056944
0 0.351376 0.485648 0.042783 0.057407
0 0.532924 0.379167 0.030134 0.037963
0 0.647879 0.601620 0.041295 0.061574
0 0.772321 0.425000 0.030506 0.037963
0 0.805618 0.462269 0.028646 0.045833
0 0.763207 0.395139 0.022693 0.031019
0 0.409412 0.347685 0.026414 0.037037
0 0.958333 0.476157 0.023065 0.031019
0 0.077009 0.295139 0.025298 0.031019
0 0.277716 0.258333 0.018229 0.024074
0 0.874442 0.446528 0.028646 0.030093
0 0.171131 0.309491 0.027530 0.036574
0 0.692150 0.381481 0.026414 0.034259
0 0.924479 0.416204 0.017857 0.027778
0 0.348772 0.251620 0.018973 0.023611
0 0.566964 0.411111 0.037946 0.048148
0 0.236235 0.288426 0.023065 0.031481
0 0.721726 0.418519 0.025298 0.037037
0 0.646019 0.412500 0.031622 0.034259
0 0.104539 0.253935 0.017857 0.027315
0 0.685640 0.421528 0.037946 0.043981
0 0.252604 0.278009 0.019345 0.029167
0 0.837612 0.404861 0.022693 0.031944
0 0.861607 0.403472 0.020833 0.031019
0 0.715030 0.379398 0.021577 0.031944
0 0.212798 0.250231 0.017857 0.025463
0 0.241071 0.252546 0.017857 0.024537
0 0.376302 0.270370 0.018229 0.028704
0 0.042411 0.273843 0.020833 0.030093
0 0.127418 0.228241 0.016741 0.022222
0 0.184338 0.295833 0.021949 0.029630
0 0.199033 0.329167 0.026042 0.034259
0 0.953497 0.363657 0.012649 0.016204
0 0.904762 0.437731 0.024554 0.031019
0 0.780878 0.561343 0.043899 0.065278
0 0.937500 0.451852 0.020089 0.031481
0 0.045573 0.193981 0.013021 0.017593
0 0.944940 0.502315 0.031994 0.044444
0 0.816592 0.363657 0.018601 0.019907
0 0.994792 0.510417 0.010417 0.032870
0 0.339658 0.215509 0.014881 0.020833
0 0.533668 0.357176 0.027902 0.022685
0 0.090960 0.193981 0.013021 0.017593
0 0.020833 0.217361 0.016369 0.020833
0 0.379650 0.232176 0.012277 0.017130
0 0.989583 0.475000 0.020833 0.026852
0 0.112351 0.222454 0.012649 0.015278
0 0.853795 0.346759 0.011161 0.016667
0 0.989211 0.549769 0.021577 0.050463
0 0.991815 0.439120 0.016369 0.028241
0 0.151600 0.218981 0.013765 0.017593
0 0.380952 0.216435 0.014137 0.018056
0 0.108817 0.287731 0.026414 0.032870
0 0.996466 0.410648 0.007068 0.027778
0 0.116443 0.237037 0.017857 0.021296
0 0.262091 0.359722 0.024926 0.037037
0 0.005394 0.216204 0.010045 0.022222
0 0.745164 0.448148 0.033482 0.054630
0 0.400112 0.295833 0.015997 0.023148
0 0.144717 0.593056 0.052827 0.055556
0 0.135231 0.222917 0.015253 0.018981
0 0.156994 0.200463 0.021577 0.027778
0 0.979353 0.455093 0.017485 0.023148
0 0.956287 0.438426 0.018229 0.025926
0 0.906994 0.359491 0.011161 0.015278
0 0.782180 0.339120 0.010045 0.018056
0 0.816034 0.422454 0.022693 0.018981
0 0.821801 0.449537 0.020089 0.031481
0 0.896391 0.466667 0.025670 0.030556
0 0.638765 0.398380 0.020089 0.031944
0 0.599702 0.394907 0.033482 0.039815
0 0.508929 0.411574 0.031250 0.044444
0 0.270461 0.285417 0.023810 0.026389
0 0.291853 0.316204 0.024926 0.035185
0 0.313430 0.270833 0.016741 0.021296
0 0.311570 0.255556 0.015997 0.013889
0 0.367746 0.215509 0.011533 0.012500
0 0.356957 0.217361 0.009301 0.011574
0 0.095796 0.222454 0.014509 0.018056
0 0.080543 0.215972 0.013021 0.018056
0 0.077567 0.228472 0.013021 0.014352
0 0.069196 0.240972 0.016369 0.025463
0 0.055060 0.230556 0.015625 0.019444
0 0.055060 0.216898 0.009673 0.011574
0 0.065848 0.203935 0.011161 0.013426
0 0.077381 0.193056 0.008929 0.012037
0 0.040179 0.206250 0.012649 0.014352
0 0.035900 0.217824 0.013021 0.019907
