0 0.312500 0.228916 0.028107 0.048193
0 0.252219 0.239047 0.026627 0.047645
0 0.590607 0.088992 0.018491 0.033406
0 0.230399 0.221796 0.022189 0.033954
0 0.642751 0.096386 0.019231 0.033954
0 0.559726 0.097755 0.024038 0.042169
0 0.521635 0.070920 0.020340 0.031216
0 0.335429 0.101041 0.016272 0.026835
0 0.774593 0.039157 0.015902 0.021358
0 0.586908 0.038061 0.015533 0.025739
0 0.276072 0.182640 0.018861 0.033406
0 0.156805 0.328861 0.019970 0.035597
0 0.486686 0.104600 0.022929 0.037240
0 0.383691 0.038883 0.015163 0.023001
0 0.454512 0.069277 0.018491 0.031216
0 0.426960 0.099398 0.018861 0.036692
0 0.478550 0.043538 0.017012 0.027930
0 0.551220 0.066539 0.015163 0.023549
0 0.456176 0.026013 0.011464 0.020263
0 0.548447 0.032859 0.014053 0.026287
0 0.403107 0.018620 0.012574 0.020811
0 0.415496 0.082968 0.016642 0.030120
0 0.474667 0.014513 0.012204 0.021358
0 0.465607 0.009310 0.009615 0.015334
0 0.008321 0.359255 0.015902 0.039430
0 0.484837 0.009310 0.010355 0.016429
0 0.423077 0.066265 0.016272 0.023001
0 0.757212 0.189211 0.024038 0.042169
0 0.449149 0.005750 0.009985 0.010405
0 0.498151 0.005203 0.008876 0.009310
0 0.393491 0.037240 0.011095 0.021906
0 0.659024 0.093100 0.019231 0.029573
0 0.066753 0.369113 0.035133 0.053669
0 0.346709 0.107886 0.009985 0.019715
0 0.515533 0.019168 0.012574 0.026287
0 0.524963 0.017251 0.009246 0.027930
0 0.731324 0.152519 0.019601 0.035597
