0 0.418454 0.321675 0.040311 0.074192
0 0.569157 0.200053 0.029586 0.048225
0 0.184541 0.258877 0.034763 0.056704
0 0.576183 0.288553 0.039941 0.064123
0 0.333210 0.533121 0.059172 0.086910
0 0.273854 0.327239 0.041790 0.074722
0 0.500185 0.250132 0.032175 0.055114
0 0.601516 0.182830 0.025518 0.036036
0 0.372966 0.178325 0.025518 0.043985
0 0.681028 0.166402 0.024038 0.043455
0 0.751849 0.163222 0.025148 0.038156
0 0.296413 0.162427 0.026997 0.042925
0 0.408654 0.101484 0.018491 0.032326
0 0.950999 0.498145 0.051405 0.076312
0 0.414201 0.077636 0.019231 0.027027
0 0.419194 0.060943 0.016642 0.023317
0 0.639423 0.158718 0.024408 0.040806
0 0.173817 0.701113 0.075444 0.105988
0 0.335059 0.010069 0.010355 0.016958
0 0.695081 0.059353 0.014423 0.023317
0 0.990754 0.405670 0.018491 0.055644
0 0.013683 0.312666 0.018491 0.029677
0 0.431768 0.595654 0.054364 0.069952
0 0.492419 0.006889 0.012944 0.012719
0 0.352996 0.015103 0.009985 0.016428
0 0.288646 0.038951 0.014423 0.023847
0 0.926405 0.319025 0.034763 0.054054
0 0.323040 0.007419 0.009246 0.013778
0 0.557138 0.006624 0.011464 0.012189
0 0.014793 0.281134 0.019231 0.027027
0 0.023484 0.268680 0.014423 0.029677
0 0.006842 0.259406 0.012944 0.031267
0 0.001664 0.228405 0.002589 0.020138
0 0.110762 0.218866 0.015163 0.023317
0 0.161243 0.171436 0.016272 0.029147
0 0.174371 0.151563 0.007027 0.010599
0 0.297337 0.035241 0.008136 0.017488
0 0.266642 0.034446 0.011095 0.018018
0 0.271635 0.019343 0.008506 0.014308
0 0.313425 0.039481 0.007766 0.019608
0 0.338757 0.030737 0.008876 0.018018
0 0.307138 0.020668 0.008506 0.015898
0 0.309541 0.005299 0.006657 0.009539
0 0.303439 0.009539 0.007766 0.012719
0 0.292160 0.013249 0.008876 0.014838
0 0.288092 0.007154 0.007396 0.012189
0 0.282544 0.008214 0.005917 0.011129
0 0.399223 0.009009 0.009246 0.015898
