0 0.078500 0.282727 0.024500 0.064848
0 0.165500 0.213636 0.021000 0.057576
0 0.235250 0.203636 0.026000 0.077576
0 0.218500 0.132424 0.019000 0.050303
0 0.294500 0.091212 0.018000 0.050303
0 0.074250 0.182121 0.016500 0.046667
0 0.021875 0.273939 0.026250 0.066667
0 0.103000 0.223636 0.021000 0.071515
0 0.056250 0.319394 0.024000 0.066667
0 0.326750 0.120606 0.016500 0.050909
0 0.100000 0.334848 0.023000 0.084242
0 0.174500 0.139394 0.017000 0.052121
0 0.062875 0.242121 0.018750 0.046667
0 0.291125 0.162424 0.018250 0.070303
0 0.491250 0.244242 0.023000 0.067879
0 0.327875 0.072424 0.018250 0.046667
0 0.217000 0.070303 0.013500 0.040000
0 0.008250 0.433333 0.016000 0.070303
0 0.308625 0.030303 0.015250 0.041212
0 0.252000 0.058182 0.015000 0.043636
0 0.203625 0.112727 0.014250 0.040000
0 0.240625 0.103030 0.018250 0.052121
0 0.533375 0.364848 0.039250 0.113939
0 0.375625 0.013333 0.012750 0.020606
0 0.389250 0.009697 0.011500 0.018182
0 0.410000 0.009394 0.011000 0.017576
0 0.185375 0.100303 0.017250 0.041818
0 0.072375 0.766061 0.008750 0.020606
0 0.138625 0.252727 0.019250 0.054545
0 0.216875 0.038182 0.009250 0.024242
0 0.256125 0.026364 0.010250 0.028485
0 0.922750 0.083636 0.018000 0.043636
0 0.040125 0.464242 0.019250 0.043636
0 0.036375 0.232121 0.013250 0.037576
0 0.006875 0.273030 0.013250 0.052727
0 0.053250 0.277576 0.017500 0.025455
0 0.081000 0.230303 0.020000 0.046061
0 0.115125 0.175455 0.017750 0.051515
0 0.141500 0.130000 0.013000 0.024848
0 0.143500 0.172727 0.024000 0.048485
0 0.213250 0.435758 0.018500 0.048485
0 0.183875 0.352424 0.008250 0.034545
0 0.192000 0.066364 0.009000 0.022424
0 0.181750 0.052727 0.008000 0.021818
0 0.233625 0.053333 0.012750 0.023030
0 0.234250 0.079091 0.012000 0.024848
0 0.260125 0.103636 0.016750 0.048485
0 0.270375 0.056970 0.013250 0.031515
0 0.282750 0.045758 0.014000 0.033333
0 0.293000 0.020606 0.012000 0.032727
0 0.284375 0.012727 0.008250 0.024242
0 0.265375 0.028485 0.006250 0.018182
0 0.333625 0.041515 0.009250 0.018788
0 0.339250 0.019394 0.012500 0.032727
0 0.330000 0.024242 0.008500 0.026667
0 0.323250 0.035455 0.005500 0.024848
0 0.327125 0.007879 0.008250 0.014545
0 0.367875 0.046970 0.011250 0.043030
0 0.378250 0.040606 0.009000 0.032727
0 0.359625 0.009697 0.010250 0.018182
0 0.353125 0.010909 0.004750 0.020606
0 0.426000 0.006364 0.005500 0.011515
0 0.971250 0.088788 0.016500 0.049091
0 0.161250 0.139697 0.013500 0.040606
