0 0.463572 0.065717 0.019601 0.031763
0 0.489460 0.107612 0.021820 0.037788
0 0.593565 0.088992 0.020710 0.036692
0 0.325814 0.189759 0.022929 0.039978
0 0.074149 0.565444 0.049186 0.076123
0 0.385355 0.048193 0.013314 0.024096
0 0.273669 0.267525 0.028846 0.048740
0 0.056213 0.359529 0.031805 0.044359
0 0.239460 0.233297 0.024778 0.037240
0 0.644786 0.095290 0.019601 0.035049
0 0.751109 0.183187 0.022929 0.042169
0 0.427700 0.103231 0.019601 0.037788
0 0.156620 0.256298 0.027737 0.048193
0 0.270710 0.185652 0.019231 0.033954
0 0.565274 0.091457 0.021080 0.036145
0 0.527367 0.073658 0.019231 0.032311
0 0.352811 0.091457 0.019970 0.030668
0 0.574334 0.033133 0.015533 0.026835
0 0.475592 0.042716 0.017751 0.026287
0 0.396265 0.014513 0.011464 0.019168
0 0.519231 0.019441 0.016272 0.027930
0 0.414016 0.084064 0.016642 0.029025
0 0.546228 0.033680 0.014793 0.027930
0 0.423632 0.067634 0.014423 0.024644
0 0.761649 0.021632 0.009985 0.016977
0 0.470044 0.017251 0.011095 0.016977
0 0.009430 0.504381 0.018121 0.077766
0 0.574519 0.014239 0.012944 0.017525
0 0.491124 0.015608 0.008136 0.018072
0 0.011834 0.364458 0.022929 0.036692
0 0.556213 0.068456 0.014793 0.019715
0 0.470044 0.004381 0.010355 0.007667
0 0.503513 0.007941 0.011464 0.014786
0 0.437500 0.005203 0.010355 0.009310
0 0.655325 0.097755 0.018491 0.033406
0 0.635910 0.284502 0.015163 0.026835
0 0.741679 0.006024 0.010725 0.009858
0 0.006287 0.611446 0.011834 0.048740
0 0.457101 0.030942 0.005917 0.015882
0 0.464867 0.030942 0.010355 0.020263
0 0.738905 0.169770 0.014053 0.035049
