0 0.189500 0.228485 0.022000 0.061818
0 0.031250 0.333636 0.023000 0.073333
0 0.071250 0.214242 0.021000 0.049091
0 0.360875 0.061212 0.015250 0.046061
0 0.052500 0.260303 0.020500 0.055152
0 0.006250 0.304848 0.012000 0.060606
0 0.030625 0.260303 0.020750 0.051515
0 0.250875 0.137576 0.017250 0.044848
0 0.314625 0.090606 0.019250 0.057576
0 0.370875 0.038182 0.013250 0.038788
0 0.215000 0.151212 0.018000 0.053939
0 0.171875 0.100000 0.012750 0.027879
0 0.260250 0.079394 0.014500 0.042424
0 0.175625 0.204848 0.022250 0.054545
0 0.218625 0.109697 0.012750 0.033939
0 0.269875 0.033030 0.013250 0.038182
0 0.320000 0.054848 0.014500 0.039394
0 0.242500 0.194545 0.020500 0.065455
0 0.282375 0.070606 0.017250 0.047879
0 0.197625 0.101818 0.013750 0.031515
0 0.419750 0.009394 0.010000 0.017576
0 0.124625 0.152121 0.017750 0.046061
0 0.240125 0.064242 0.011750 0.035152
0 0.340250 0.044545 0.013000 0.038182
0 0.105375 0.247273 0.027750 0.081212
0 0.190625 0.135455 0.018750 0.045455
0 0.230250 0.063939 0.012000 0.033333
0 0.086750 0.188485 0.020500 0.055758
0 0.003750 0.388485 0.007000 0.059394
0 0.080250 0.257273 0.023500 0.064848
0 0.225250 0.044545 0.009500 0.027273
0 0.297000 0.037273 0.012000 0.032121
0 0.298750 0.009394 0.010000 0.015152
0 0.114125 0.203030 0.011750 0.030303
0 0.142000 0.219394 0.023500 0.070303
0 0.130875 0.179394 0.018250 0.049697
0 0.151625 0.130909 0.014250 0.036364
0 0.168625 0.144545 0.015750 0.038182
0 0.158125 0.169697 0.020750 0.048485
0 0.199000 0.080000 0.010000 0.015758
0 0.235625 0.149091 0.012250 0.027879
0 0.248875 0.109394 0.015750 0.016364
0 0.291500 0.108485 0.021000 0.056970
0 0.308375 0.026061 0.010750 0.023030
0 0.282875 0.017273 0.011250 0.027273
0 0.285875 0.043636 0.012250 0.018182
0 0.330875 0.010909 0.011250 0.020606
0 0.341625 0.008485 0.006750 0.015758
0 0.351000 0.016970 0.012500 0.032727
0 0.371875 0.008182 0.013250 0.015152
0 0.387875 0.010303 0.011750 0.019394
0 0.401375 0.023636 0.011250 0.035152
0 0.416125 0.029697 0.008250 0.025455
0 0.846625 0.221818 0.025750 0.089697
