0 0.179501 0.332639 0.034598 0.045833
0 0.332589 0.432407 0.040179 0.053704
0 0.798921 0.472685 0.034598 0.043519
0 0.302269 0.358565 0.030878 0.040278
0 0.257626 0.307639 0.027902 0.038426
0 0.213728 0.336343 0.029390 0.045833
0 0.340588 0.291667 0.025670 0.033333
0 0.544085 0.472917 0.050967 0.056944
0 0.115699 0.452083 0.045387 0.063426
0 0.839286 0.494444 0.030506 0.037037
0 0.756696 0.481019 0.043899 0.048148
0 0.263579 0.514352 0.048735 0.066667
0 0.857701 0.434259 0.021205 0.030556
0 0.209821 0.262500 0.020089 0.029630
0 0.175595 0.284028 0.024554 0.033796
0 0.950893 0.415509 0.020833 0.030093
0 0.363839 0.371528 0.031250 0.040278
0 0.418527 0.355093 0.024554 0.032407
0 0.145833 0.271528 0.025298 0.034722
0 0.798549 0.408102 0.027902 0.031019
0 0.892485 0.463889 0.026786 0.035185
0 0.184896 0.213194 0.014137 0.021759
0 0.760045 0.432870 0.034970 0.035185
0 0.970796 0.493981 0.027902 0.040741
0 0.096354 0.272685 0.020833 0.031481
0 0.914062 0.589583 0.031250 0.044907
0 0.554688 0.432407 0.027530 0.028704
0 0.334449 0.354167 0.031994 0.041667
0 0.008371 0.247454 0.015997 0.024537
0 0.514695 0.354861 0.024182 0.031019
0 0.645833 0.455324 0.032738 0.042130
0 0.865141 0.471759 0.032366 0.037037
0 0.248698 0.368519 0.036086 0.045370
0 0.328125 0.222454 0.017857 0.020833
0 0.006138 0.222454 0.011533 0.018981
0 0.719122 0.385648 0.026786 0.031481
0 0.717448 0.555093 0.041295 0.053704
0 0.992932 0.504167 0.014137 0.033333
0 0.892671 0.434028 0.024182 0.026389
0 0.969866 0.543519 0.034226 0.054630
0 0.034598 0.216204 0.014881 0.021296
0 0.762277 0.394444 0.027530 0.035185
0 0.695499 0.428935 0.027158 0.027315
0 0.453497 0.518287 0.049851 0.075463
0 0.829613 0.534722 0.034226 0.048148
0 0.054501 0.223380 0.015997 0.021759
0 0.081845 0.221528 0.017857 0.023611
0 0.735863 0.377778 0.021577 0.031481
0 0.411272 0.312500 0.024182 0.027778
0 0.132068 0.226620 0.014881 0.020833
0 0.989211 0.456713 0.020833 0.028241
0 0.412574 0.406481 0.031994 0.037963
0 0.494234 0.416898 0.047247 0.050463
0 0.785714 0.381250 0.024554 0.034722
0 0.108259 0.232870 0.014881 0.020370
0 0.106213 0.202083 0.010789 0.016204
0 0.596912 0.368287 0.027902 0.029167
0 0.594680 0.394444 0.033854 0.037963
0 0.964844 0.351157 0.010045 0.015278
0 0.150484 0.223380 0.015253 0.018056
0 0.966332 0.460880 0.024182 0.024537
0 0.631696 0.566435 0.039435 0.069907
0 0.383929 0.344676 0.029762 0.040278
0 0.003162 0.204861 0.005580 0.017130
0 0.630208 0.415046 0.023810 0.036574
0 0.826079 0.467361 0.023438 0.035648
0 0.239769 0.344907 0.024182 0.028704
0 0.943824 0.490509 0.026042 0.034722
0 0.906808 0.419907 0.018973 0.025000
0 0.786644 0.344213 0.019717 0.022685
0 0.930432 0.452546 0.025298 0.031944
0 0.082217 0.244676 0.015625 0.021759
0 0.939546 0.542130 0.024926 0.035185
0 0.829799 0.353704 0.014509 0.014815
0 0.798735 0.330093 0.012649 0.016667
0 0.991071 0.371296 0.011161 0.012037
0 0.844680 0.406481 0.025670 0.041667
0 0.466518 0.419907 0.023810 0.035185
0 0.668341 0.403704 0.036086 0.041667
0 0.704613 0.410417 0.026786 0.037500
0 0.018043 0.224769 0.010789 0.013426
0 0.044457 0.225926 0.007812 0.016667
0 0.055246 0.246296 0.015997 0.021296
0 0.067522 0.249769 0.010789 0.022685
0 0.211310 0.216435 0.008185 0.013426
0 0.239955 0.218287 0.009673 0.016204
0 0.225074 0.280787 0.029762 0.031019
0 0.251860 0.274537 0.023810 0.017593
0 0.289435 0.287963 0.017857 0.025926
0 0.292225 0.274306 0.018973 0.010648
0 0.359189 0.242361 0.014509 0.018056
0 0.257068 0.433565 0.037202 0.052315
0 0.231213 0.428704 0.021949 0.051852
0 0.393043 0.443056 0.042783 0.060185
0 0.561012 0.391435 0.024554 0.036574
0 0.531622 0.381713 0.039435 0.039352
0 0.490327 0.358333 0.029762 0.027778
0 0.482329 0.376852 0.035342 0.029630
0 0.588728 0.436111 0.040551 0.049074
0 0.712240 0.495602 0.042783 0.045833
0 0.700893 0.375926 0.023065 0.028704
0 0.660528 0.386343 0.029390 0.030093
0 0.650298 0.372454 0.026786 0.029167
0 0.819010 0.371528 0.016741 0.024537
0 0.839472 0.459259 0.021205 0.032407
0 0.888393 0.513889 0.017113 0.044444
0 0.906808 0.553009 0.035342 0.050463
0 0.928571 0.431944 0.014881 0.017593
0 0.942336 0.428241 0.013393 0.022222
0 0.972656 0.443519 0.019717 0.019444
0 0.414807 0.382176 0.038690 0.030093
