0 0.539201 0.396396 0.042899 0.079491
0 0.653107 0.290408 0.033284 0.057234
0 0.578957 0.143084 0.025518 0.048755
0 0.896635 0.517223 0.052145 0.068892
0 0.141087 0.336248 0.027737 0.038686
0 0.432877 0.286698 0.036612 0.065713
0 0.535873 0.254372 0.048077 0.067833
0 0.341531 0.448331 0.053624 0.086910
0 0.528476 0.192899 0.031805 0.056174
0 0.644231 0.145204 0.024408 0.040276
0 0.680658 0.223635 0.027737 0.050874
0 0.327108 0.334393 0.042530 0.072072
0 0.641087 0.119237 0.021080 0.033916
0 0.239645 0.355591 0.056953 0.077371
0 0.102256 0.235559 0.017382 0.028087
0 0.293824 0.012454 0.009246 0.015368
0 0.730954 0.046105 0.012944 0.023317
0 0.716716 0.149179 0.020710 0.046105
0 0.217271 0.122682 0.015163 0.023847
0 0.297707 0.036036 0.012574 0.020138
0 0.294009 0.056704 0.012574 0.021198
0 0.337278 0.005829 0.009615 0.010599
0 0.363166 0.020403 0.011834 0.019608
0 0.236317 0.099894 0.014053 0.020668
0 0.279031 0.024642 0.008506 0.014308
0 0.269786 0.033121 0.011464 0.017488
0 0.802515 0.325119 0.037722 0.074722
0 0.270710 0.067038 0.011834 0.021728
0 0.215607 0.515898 0.071746 0.100159
0 0.306028 0.021728 0.009246 0.015898
0 0.757581 0.095919 0.016642 0.028617
0 0.150888 0.424218 0.048077 0.073662
0 0.349667 0.006889 0.009985 0.012719
0 0.003513 0.257287 0.006287 0.023847
0 0.490754 0.516163 0.049556 0.068892
0 0.338757 0.023847 0.010355 0.016958
0 0.364830 0.004769 0.009246 0.008479
0 0.325444 0.020933 0.010355 0.017488
0 0.351331 0.022523 0.010355 0.017488
0 0.801960 0.279014 0.029956 0.024907
0 0.850962 0.231320 0.030325 0.046105
0 0.276442 0.794648 0.092825 0.120297
0 0.100037 0.828034 0.064719 0.102279
0 0.151072 0.971118 0.115015 0.057764
0 0.142936 0.549815 0.060281 0.089560
0 0.535318 0.007154 0.010725 0.013249
0 0.029216 0.292528 0.016272 0.026497
0 0.014238 0.270535 0.018121 0.025967
0 0.003698 0.294648 0.006657 0.027557
0 0.061206 0.284314 0.018861 0.025967
0 0.161612 0.167462 0.017012 0.023317
0 0.186945 0.142289 0.016642 0.020668
0 0.282544 0.042660 0.011095 0.018548
0 0.265348 0.023847 0.007766 0.008479
0 0.264978 0.015898 0.007027 0.008479
0 0.277367 0.013778 0.008876 0.009539
0 0.276442 0.004505 0.006287 0.007949
0 0.286797 0.020933 0.009246 0.015368
0 0.316938 0.039746 0.010355 0.019078
0 0.315828 0.016428 0.008876 0.014838
0 0.295858 0.002915 0.005917 0.004769
0 0.319342 0.003180 0.005547 0.005299
0 0.327663 0.007419 0.005917 0.009539
