0 0.243375 0.200909 0.020750 0.060000
0 0.091500 0.256061 0.027500 0.075758
0 0.256500 0.125152 0.020500 0.057576
0 0.239750 0.075758 0.012500 0.036364
0 0.342625 0.056364 0.017250 0.053333
0 0.370250 0.051212 0.014000 0.043030
0 0.293875 0.140000 0.024750 0.067879
0 0.117625 0.203030 0.021250 0.070303
0 0.330375 0.153636 0.014750 0.039394
0 0.138500 0.155758 0.017500 0.049697
0 0.035250 0.320909 0.029500 0.063636
0 0.293125 0.034848 0.013250 0.034545
0 0.352250 0.025455 0.011500 0.031515
0 0.253625 0.021212 0.011250 0.032727
0 0.288750 0.095455 0.018500 0.035758
0 0.025250 0.272424 0.018000 0.045455
0 0.378875 0.021818 0.015250 0.040000
0 0.394125 0.057576 0.015750 0.048485
0 0.328250 0.083636 0.013500 0.040000
0 0.208000 0.175455 0.018000 0.049091
0 0.117750 0.157576 0.014000 0.030303
0 0.218500 0.068788 0.012000 0.032121
0 0.230125 0.152121 0.017250 0.043636
0 0.154125 0.156061 0.017250 0.049091
0 0.422750 0.006061 0.010500 0.010909
0 0.198000 0.090000 0.010500 0.030909
0 0.242875 0.049091 0.011250 0.026667
0 0.312625 0.010606 0.010250 0.017576
0 0.007125 0.333030 0.013750 0.056364
0 0.216375 0.044242 0.011250 0.025455
0 0.257500 0.076061 0.016000 0.043030
0 0.158125 0.201212 0.020750 0.050909
0 0.323875 0.042424 0.014250 0.037576
0 0.186125 0.185152 0.019750 0.052727
0 0.250500 0.066970 0.012500 0.035758
0 0.037125 0.251515 0.015250 0.049697
0 0.007875 0.275758 0.015250 0.032727
0 0.074875 0.278182 0.022250 0.054545
0 0.067250 0.242727 0.010500 0.023636
0 0.129500 0.187576 0.014500 0.060000
0 0.147875 0.122727 0.016250 0.026061
0 0.181750 0.223939 0.025500 0.072121
0 0.166000 0.236061 0.014000 0.049091
0 0.177000 0.128485 0.015500 0.044848
0 0.167125 0.116364 0.009250 0.032727
0 0.208500 0.108485 0.000000 0.001212
0 0.206375 0.116364 0.011750 0.030303
0 0.194625 0.125152 0.019750 0.039394
0 0.210500 0.097879 0.016500 0.041818
0 0.229000 0.107576 0.017000 0.047879
0 0.263625 0.055758 0.010250 0.033939
0 0.274750 0.048182 0.012000 0.027273
0 0.270750 0.073636 0.010000 0.029697
0 0.271875 0.128485 0.011750 0.040000
0 0.280125 0.031818 0.007750 0.022424
0 0.285500 0.009394 0.006000 0.017576
0 0.303000 0.004848 0.005500 0.008485
0 0.313625 0.037273 0.007250 0.029697
0 0.303000 0.061212 0.015000 0.046061
0 0.329625 0.009091 0.013250 0.016970
0 0.395500 0.007576 0.010000 0.013939
0 0.443750 0.004242 0.010000 0.007273
