0 0.491679 0.288049 0.046228 0.069132
0 0.556953 0.377278 0.041420 0.071811
0 0.824334 0.271436 0.031065 0.053055
0 0.296783 0.138264 0.023299 0.036442
0 0.639423 0.269025 0.044379 0.061093
0 0.448780 0.226956 0.029956 0.058414
0 0.334320 0.175241 0.024408 0.045016
0 0.638314 0.209271 0.031805 0.048767
0 0.642382 0.118971 0.029586 0.046088
0 0.441938 0.077438 0.015533 0.027331
0 0.909763 0.358521 0.036243 0.062165
0 0.542714 0.199893 0.029956 0.052519
0 0.102441 0.379957 0.036982 0.052519
0 0.557322 0.161308 0.029586 0.039657
0 0.715607 0.139068 0.024408 0.043408
0 0.633321 0.176313 0.034393 0.038585
0 0.077848 0.390407 0.020340 0.045552
0 0.417160 0.049303 0.015533 0.027867
0 0.378513 0.012594 0.015163 0.024116
0 0.274223 0.149786 0.013683 0.023044
0 0.476701 0.021704 0.013314 0.023044
0 0.279031 0.035638 0.010725 0.020900
0 0.257396 0.148178 0.015533 0.026259
0 0.300851 0.108521 0.015163 0.023044
0 0.310281 0.022508 0.011095 0.016077
0 0.268861 0.015273 0.011095 0.017685
0 0.308617 0.112808 0.018861 0.028403
0 0.019231 0.275188 0.024408 0.029475
0 0.325999 0.017685 0.010725 0.019293
0 0.297522 0.023580 0.010725 0.018221
0 0.303624 0.005091 0.006657 0.009110
0 0.290865 0.046088 0.009246 0.017149
0 0.004808 0.241693 0.008876 0.028939
0 0.018676 0.252144 0.009246 0.015541
0 0.229660 0.091640 0.011834 0.010718
0 0.181953 0.134244 0.009615 0.012326
0 0.317308 0.006967 0.008136 0.012862
0 0.297522 0.010450 0.008506 0.005895
0 0.279586 0.020364 0.008876 0.010718
