0 0.221000 0.328889 0.027000 0.094815
0 0.202625 0.474815 0.031250 0.137778
0 0.588875 0.461111 0.034250 0.135556
0 0.542000 0.137407 0.015000 0.054074
0 0.481000 0.148148 0.013500 0.059259
0 0.380875 0.208519 0.016250 0.054074
0 0.456375 0.177778 0.022250 0.077037
0 0.446375 0.300370 0.029250 0.089630
0 0.406375 0.270370 0.017250 0.056296
0 0.858125 0.108519 0.023750 0.067407
0 0.737500 0.118519 0.017000 0.066667
0 0.397875 0.172593 0.014250 0.050370
0 0.791875 0.233333 0.016250 0.057778
0 0.975250 0.104444 0.017000 0.060741
0 0.317875 0.197778 0.015250 0.053333
0 0.898875 0.161111 0.020250 0.065926
0 0.790375 0.105185 0.012250 0.040000
0 0.307000 0.338889 0.020000 0.074815
0 0.334500 0.254815 0.019500 0.066667
0 0.833625 0.157037 0.021250 0.060741
0 0.943250 0.228519 0.027000 0.086667
0 0.411750 0.603333 0.042500 0.107407
0 0.864500 0.254444 0.027000 0.083704
0 0.293250 0.225556 0.018500 0.057037
0 0.105000 0.123333 0.014000 0.043704
0 0.607875 0.211111 0.019750 0.077037
0 0.149875 0.203333 0.018750 0.064444
0 0.024750 0.310741 0.025500 0.083704
0 0.074000 0.552963 0.043500 0.138519
0 0.589375 0.053333 0.010750 0.037037
0 0.369250 0.300741 0.020500 0.074074
0 0.469000 0.076296 0.010000 0.040000
0 0.282500 0.157037 0.015500 0.054815
0 0.164500 0.151852 0.018000 0.053333
0 0.137500 0.290000 0.024000 0.077778
0 0.434250 0.078148 0.011000 0.040741
0 0.410250 0.120370 0.011500 0.043704
0 0.237750 0.142963 0.015000 0.048889
0 0.438375 0.040000 0.009750 0.034074
0 0.225500 0.253333 0.030000 0.069630
0 0.848625 0.058148 0.013250 0.045185
0 0.422625 0.048889 0.008250 0.029630
0 0.494000 0.192593 0.020000 0.078519
0 0.594625 0.146296 0.014750 0.067407
0 0.401500 0.096296 0.010000 0.035556
0 0.337250 0.140370 0.015000 0.052593
0 0.363125 0.346667 0.030750 0.081481
0 0.397125 0.068148 0.010250 0.032593
0 0.882625 0.088519 0.020750 0.068889
0 0.254000 0.162963 0.018500 0.065185
0 0.422625 0.158148 0.018250 0.064444
0 0.933125 0.115556 0.017750 0.050370
0 0.427875 0.349630 0.023250 0.090370
0 0.030375 0.422222 0.028750 0.115556
0 0.038500 0.240000 0.028500 0.065185
0 0.371000 0.127407 0.015000 0.045926
0 0.419000 0.088519 0.010000 0.036296
0 0.617500 0.068519 0.012000 0.042222
0 0.935125 0.158519 0.016750 0.051852
0 0.995250 0.219630 0.009500 0.067407
0 0.898500 0.092222 0.012500 0.045185
0 0.402125 0.043333 0.009750 0.033333
0 0.625750 0.022222 0.011500 0.037037
0 0.379875 0.053333 0.009250 0.032593
0 0.491250 0.047407 0.008500 0.029630
0 0.826500 0.087778 0.016500 0.052593
0 0.245125 0.532222 0.039750 0.151852
0 0.617875 0.034815 0.010250 0.032593
0 0.934125 0.130000 0.018750 0.061481
0 0.505625 0.012593 0.007750 0.019259
0 0.080125 0.393704 0.045250 0.135556
0 0.063125 0.085185 0.006250 0.028148
0 0.193000 0.220741 0.021500 0.080000
0 0.177125 0.238889 0.024750 0.071852
0 0.287500 0.371852 0.030500 0.099259
0 0.282625 0.066296 0.011250 0.028889
0 0.340375 0.081481 0.011750 0.031111
0 0.309625 0.040741 0.006750 0.023704
0 0.373750 0.088889 0.011000 0.022222
0 0.370250 0.178148 0.018000 0.045185
0 0.381625 0.270370 0.021750 0.082963
0 0.366000 0.501481 0.041500 0.149630
0 0.371750 0.422222 0.033500 0.072593
0 0.513125 0.182593 0.015750 0.065926
0 0.512375 0.026667 0.008750 0.034074
0 0.522625 0.081852 0.012750 0.043704
0 0.544125 0.208519 0.019750 0.073333
0 0.552750 0.185556 0.013500 0.064444
0 0.584500 0.134074 0.013000 0.056296
0 0.552000 0.022963 0.007000 0.026667
0 0.674500 0.036296 0.011000 0.038519
0 0.668000 0.055926 0.008500 0.022963
0 0.629500 0.061481 0.010000 0.037037
0 0.760250 0.074444 0.014500 0.060000
0 0.803875 0.061481 0.007750 0.032593
0 0.820625 0.046667 0.015250 0.035556
0 0.836750 0.106296 0.014000 0.039259
0 0.866125 0.067778 0.013750 0.033333
0 0.914875 0.114815 0.018750 0.045926
0 0.901000 0.126667 0.020000 0.037037
0 0.970125 0.175185 0.023750 0.079259
