0 0.175625 0.190606 0.019750 0.060000
0 0.218250 0.168182 0.021000 0.062424
0 0.202625 0.109394 0.017250 0.047879
0 0.254000 0.122121 0.019000 0.049091
0 0.320250 0.106364 0.017500 0.050303
0 0.153500 0.228788 0.020000 0.056364
0 0.011250 0.351212 0.021500 0.064848
0 0.302000 0.122121 0.018000 0.053939
0 0.207750 0.196061 0.024500 0.075758
0 0.011125 0.253030 0.017250 0.058788
0 0.027000 0.243939 0.021000 0.062424
0 0.098125 0.191818 0.023750 0.058788
0 0.336000 0.050000 0.013000 0.044242
0 0.217125 0.088182 0.013750 0.040606
0 0.055250 0.270303 0.022500 0.058182
0 0.317750 0.045152 0.011500 0.032121
0 0.288375 0.038485 0.011750 0.033333
0 0.359000 0.056364 0.011000 0.032727
0 0.156000 0.130000 0.018000 0.049091
0 0.282750 0.086364 0.015500 0.047879
0 0.259875 0.055455 0.011750 0.033333
0 0.008250 0.446970 0.016000 0.062424
0 0.273750 0.033939 0.010500 0.029091
0 0.411250 0.008485 0.011000 0.015758
0 0.996125 0.171515 0.007750 0.063030
0 0.347250 0.032727 0.010500 0.029091
0 0.370375 0.011515 0.009750 0.021818
0 0.392375 0.024242 0.012750 0.040000
0 0.122125 0.192121 0.017750 0.049697
0 0.254750 0.092727 0.016500 0.024242
0 0.380750 0.014545 0.010000 0.025455
0 0.340375 0.010606 0.011250 0.020000
0 0.324125 0.027879 0.010750 0.032727
0 0.206625 0.071515 0.009750 0.026667
0 0.080000 0.253939 0.021000 0.036364
0 0.063375 0.246970 0.019750 0.041818
0 0.026500 0.461515 0.018500 0.050303
0 0.086875 0.230909 0.013250 0.020606
0 0.086750 0.296061 0.036000 0.083030
0 0.122375 0.273636 0.019750 0.058788
0 0.121500 0.231818 0.017500 0.024848
0 0.142250 0.275152 0.028000 0.073939
0 0.173500 0.125455 0.017000 0.046061
0 0.192750 0.135758 0.011500 0.036364
0 0.248750 0.065152 0.014000 0.028485
0 0.241875 0.066667 0.006750 0.030303
0 0.242375 0.120606 0.007250 0.036364
0 0.321250 0.070000 0.014000 0.020000
0 0.285750 0.070303 0.013000 0.027879
0 0.304750 0.019697 0.006500 0.021212
0 0.311125 0.010909 0.010750 0.020606
0 0.730625 0.218788 0.021250 0.055758
