0 0.352811 0.198521 0.025148 0.041073
0 0.045488 0.408269 0.025888 0.043264
0 0.203402 0.298193 0.030325 0.044359
0 0.262204 0.329135 0.036243 0.053669
0 0.438240 0.099945 0.019231 0.033406
0 0.407729 0.128149 0.021820 0.040526
0 0.247226 0.192497 0.026257 0.042169
0 0.299741 0.286145 0.035133 0.047645
0 0.361317 0.141566 0.025148 0.039978
0 0.130917 0.473439 0.045858 0.052026
0 0.417714 0.061610 0.020340 0.038883
0 0.134615 0.303943 0.033284 0.040526
0 0.317123 0.165936 0.024038 0.038335
0 0.262574 0.236857 0.030325 0.049836
0 0.180473 0.349945 0.032544 0.048193
0 0.815828 0.133899 0.023669 0.041073
0 0.183617 0.263965 0.028476 0.041621
0 0.264238 0.165115 0.019601 0.034502
0 0.464682 0.069277 0.019601 0.033406
0 0.234837 0.418401 0.053254 0.072289
0 0.601701 0.121851 0.024408 0.044359
0 0.507766 0.092004 0.019231 0.030668
0 0.370007 0.079135 0.017382 0.031216
0 0.297892 0.162377 0.021080 0.037788
0 0.366679 0.111172 0.021080 0.033954
0 0.574149 0.093647 0.018861 0.037240
0 0.683062 0.126780 0.031065 0.052026
0 0.985762 0.347755 0.028476 0.060241
0 0.014053 0.349124 0.024408 0.039978
0 0.021265 0.528204 0.041790 0.053122
0 0.033099 0.267798 0.017382 0.028478
0 0.325999 0.125411 0.020340 0.036145
0 0.554364 0.093647 0.022929 0.040526
0 0.341716 0.110350 0.017751 0.029025
0 0.227441 0.142388 0.015533 0.027382
0 0.027552 0.316539 0.018121 0.030668
0 0.533839 0.059693 0.015902 0.029573
0 0.610022 0.090088 0.018861 0.030120
0 0.016827 0.248905 0.016642 0.023549
0 0.615939 0.065444 0.017382 0.034502
0 0.032359 0.295181 0.020340 0.018620
0 0.043454 0.226177 0.015902 0.026287
0 0.722078 0.153341 0.020340 0.035049
0 0.017936 0.635268 0.035133 0.063527
0 0.520525 0.061336 0.014423 0.027382
0 0.318972 0.044085 0.012204 0.022453
0 0.672337 0.091183 0.019970 0.029025
0 0.007212 0.268072 0.013683 0.024644
0 0.799371 0.241512 0.033654 0.060241
0 0.559357 0.061610 0.015902 0.027930
0 0.092456 0.547919 0.051036 0.069551
0 0.065459 0.279573 0.019970 0.036692
0 0.761834 0.023001 0.014793 0.025192
0 0.142382 0.279847 0.025888 0.026287
0 0.003143 0.558324 0.005547 0.041073
0 0.063609 0.361172 0.019231 0.031216
0 0.054734 0.259858 0.011834 0.022453
0 0.103180 0.291895 0.014793 0.026287
0 0.192678 0.164841 0.014053 0.020811
0 0.339312 0.003560 0.007027 0.006024
0 0.431398 0.003834 0.006287 0.006572
0 0.661612 0.118839 0.026627 0.035049
0 0.945451 0.251917 0.015902 0.026287
