0 0.315250 0.331111 0.024000 0.085926
0 0.298875 0.214815 0.018250 0.065185
0 0.740875 0.103704 0.017250 0.053333
0 0.246875 0.069259 0.012750 0.040741
0 0.299000 0.123704 0.015000 0.050370
0 0.355625 0.274444 0.025750 0.097037
0 0.460000 0.091481 0.010500 0.042222
0 0.239875 0.184444 0.016250 0.054815
0 0.525750 0.121852 0.011500 0.040741
0 0.426750 0.090741 0.012500 0.049630
0 0.504500 0.094815 0.013500 0.044444
0 0.134875 0.110741 0.011750 0.034815
0 0.557250 0.020741 0.006500 0.029630
0 0.179625 0.111481 0.010250 0.034815
0 0.005500 0.241111 0.010500 0.058519
0 0.931375 0.681111 0.053250 0.082222
0 0.243375 0.503704 0.039750 0.145185
0 0.222500 0.451852 0.047500 0.136296
0 0.122000 0.468519 0.040000 0.123704
0 0.124750 0.345185 0.023500 0.090370
0 0.113500 0.204444 0.019000 0.051852
0 0.064625 0.281111 0.030750 0.082222
0 0.258500 0.107778 0.009500 0.025926
0 0.251625 0.026667 0.006250 0.017778
0 0.290250 0.021481 0.005000 0.014815
0 0.391500 0.137407 0.016000 0.049630
0 0.400375 0.114815 0.010250 0.040000
0 0.389625 0.036667 0.006750 0.024444
0 0.413250 0.027407 0.007000 0.022222
0 0.419000 0.022222 0.005000 0.023704
0 0.434125 0.006667 0.004250 0.011852
0 0.441125 0.019630 0.007250 0.024444
0 0.453875 0.034815 0.006250 0.020741
0 0.468250 0.045185 0.008500 0.031111
0 0.427750 0.058889 0.008000 0.012593
0 0.447625 0.114074 0.014750 0.053333
0 0.484500 0.008889 0.005500 0.016296
0 0.496500 0.025185 0.008500 0.020741
0 0.497750 0.008148 0.006000 0.014815
0 0.529250 0.020000 0.005000 0.023704
0 0.574625 0.078889 0.007750 0.024444
0 0.578875 0.108148 0.010250 0.040000
