0 0.158296 0.408796 0.036830 0.050000
0 0.412760 0.363426 0.030878 0.045370
0 0.189918 0.351620 0.028646 0.038426
0 0.797433 0.513657 0.039807 0.043981
0 0.228051 0.350694 0.026786 0.038426
0 0.693824 0.516667 0.039435 0.040741
0 0.082589 0.312500 0.028274 0.035185
0 0.733073 0.406250 0.027158 0.035648
0 0.084449 0.350000 0.028274 0.040741
0 0.502418 0.441204 0.046503 0.054630
0 0.762649 0.506250 0.029762 0.041204
0 0.794271 0.410880 0.028274 0.034722
0 0.453497 0.386343 0.034970 0.046759
0 0.686942 0.450000 0.036830 0.050000
0 0.688988 0.374769 0.024554 0.035648
0 0.931176 0.368056 0.017113 0.021296
0 0.694196 0.408796 0.031994 0.030556
0 0.845238 0.409028 0.018601 0.026389
0 0.345610 0.392593 0.038690 0.050926
0 0.275298 0.303009 0.023810 0.029167
0 0.559710 0.365278 0.028646 0.039815
0 0.097098 0.252778 0.020089 0.028704
0 0.575893 0.474306 0.044643 0.055093
0 0.301153 0.343056 0.024182 0.034259
0 0.232887 0.267824 0.019345 0.028241
0 0.313244 0.323843 0.026786 0.035648
0 0.465030 0.344676 0.028274 0.038426
0 0.241071 0.300694 0.023065 0.031944
0 0.137463 0.254398 0.019717 0.028241
0 0.978237 0.489352 0.031622 0.041667
0 0.159040 0.260417 0.021949 0.028241
0 0.906436 0.421528 0.024182 0.029167
0 0.418341 0.506481 0.048735 0.062037
0 0.834449 0.439815 0.026786 0.029630
0 0.343006 0.321991 0.024554 0.032870
0 0.879650 0.400926 0.017485 0.030556
0 0.832775 0.361574 0.018973 0.025926
0 0.300409 0.278935 0.021949 0.030093
0 0.268787 0.263426 0.020461 0.024074
0 0.017299 0.291667 0.024182 0.034259
0 0.899926 0.388426 0.015625 0.022222
0 0.590774 0.437269 0.037202 0.043056
0 0.188244 0.284722 0.018601 0.027778
0 0.992932 0.414120 0.013393 0.020833
0 0.944382 0.532176 0.031622 0.049537
0 0.860677 0.358796 0.015997 0.019444
0 0.393973 0.446065 0.041667 0.047685
0 0.143973 0.212037 0.013393 0.019444
0 0.909784 0.561111 0.026414 0.039815
0 0.267857 0.330093 0.028274 0.031481
0 0.079799 0.194907 0.013021 0.017593
0 0.838728 0.473843 0.033110 0.045833
0 0.348400 0.261343 0.015253 0.022685
0 0.103051 0.207407 0.015625 0.020370
0 0.067522 0.247222 0.015997 0.023148
0 0.171875 0.282639 0.021577 0.027315
0 0.111979 0.231019 0.015625 0.021296
0 0.047247 0.197454 0.011905 0.015278
0 0.173363 0.337037 0.026786 0.033333
0 0.308594 0.263194 0.016741 0.018981
0 0.944940 0.415509 0.014137 0.018056
0 0.019903 0.205093 0.013765 0.020370
0 0.981957 0.384259 0.011533 0.017593
0 0.204799 0.255787 0.019717 0.027315
0 0.096540 0.192361 0.014509 0.019907
0 0.986421 0.354630 0.012277 0.017593
0 0.888393 0.458102 0.029762 0.040278
0 0.781622 0.452315 0.031250 0.040741
0 0.973586 0.444676 0.018601 0.028241
0 0.780134 0.354167 0.015625 0.026852
0 0.962426 0.346759 0.011905 0.016667
0 0.368118 0.215972 0.015253 0.016204
0 0.497396 0.400463 0.039435 0.046296
0 0.994792 0.383565 0.010417 0.020833
0 0.759301 0.416667 0.028274 0.036111
0 0.324777 0.217130 0.015625 0.025000
0 0.093378 0.504630 0.049851 0.061111
0 0.115141 0.204861 0.011533 0.012500
0 0.338356 0.214815 0.013021 0.016667
0 0.544085 0.420833 0.033854 0.037963
0 0.620536 0.393981 0.029018 0.036111
0 0.622582 0.362037 0.031622 0.033333
0 0.780506 0.406944 0.019345 0.031481
0 0.827009 0.346759 0.014137 0.019444
0 0.792225 0.339815 0.014509 0.021296
0 0.956659 0.496065 0.019717 0.023611
0 0.959449 0.482407 0.017857 0.018519
0 0.968006 0.429861 0.014881 0.027315
0 0.390253 0.343287 0.023810 0.033796
