0 0.345784 0.161040 0.019231 0.032690
0 0.567862 0.160504 0.031435 0.049839
0 0.130732 0.196141 0.016642 0.027867
0 0.007581 0.295284 0.014423 0.030011
0 0.797337 0.211415 0.022929 0.040193
0 0.654956 0.127278 0.029586 0.048767
0 0.157175 0.160504 0.013314 0.023044
0 0.214127 0.103966 0.010355 0.016077
0 0.191753 0.123794 0.011464 0.018221
0 0.009246 0.272508 0.017751 0.032690
0 0.272189 0.051179 0.011095 0.019829
0 0.340976 0.005895 0.010355 0.010718
0 0.276997 0.034298 0.007396 0.013934
0 0.777367 0.072079 0.014053 0.026259
0 0.749445 0.074223 0.015902 0.028403
0 0.675481 0.180600 0.029216 0.045016
0 0.242604 0.081458 0.008876 0.011790
0 0.270155 0.037245 0.010725 0.016613
0 0.281435 0.017953 0.009615 0.017685
0 0.272189 0.008574 0.007396 0.016077
0 0.290865 0.029743 0.007027 0.019829
0 0.299371 0.024920 0.012204 0.019829
0 0.309541 0.015005 0.008876 0.018221
0 0.300481 0.008307 0.008506 0.013398
0 0.328957 0.011254 0.009246 0.012862
0 0.361871 0.010986 0.012204 0.016613
