0 0.046625 0.244242 0.021750 0.058182
0 0.041625 0.381212 0.025250 0.067879
0 0.102125 0.185758 0.019750 0.053939
0 0.105375 0.280303 0.029250 0.087879
0 0.023375 0.267576 0.022750 0.062424
0 0.121375 0.238182 0.019750 0.053333
0 0.234000 0.163030 0.020000 0.059394
0 0.335875 0.103636 0.018250 0.049697
0 0.120500 0.202424 0.021000 0.035152
0 0.502875 0.051515 0.014250 0.043636
0 0.242125 0.086364 0.016250 0.046667
0 0.128500 0.167273 0.015500 0.043636
0 0.305750 0.095758 0.017500 0.052121
0 0.271750 0.059394 0.014500 0.041212
0 0.372125 0.044242 0.012750 0.031515
0 0.217250 0.025152 0.010000 0.024848
0 0.149125 0.160303 0.020250 0.047879
0 0.217500 0.051818 0.012000 0.032121
0 0.285500 0.013030 0.011500 0.024848
0 0.377750 0.012424 0.013000 0.021212
0 0.213750 0.096364 0.010500 0.031515
0 0.006000 0.307273 0.011500 0.059394
0 0.047375 0.325152 0.024750 0.058788
0 0.069375 0.268788 0.020750 0.070909
0 0.059125 0.188485 0.009250 0.021818
0 0.082875 0.196970 0.018250 0.041212
0 0.084875 0.253636 0.012750 0.053939
0 0.156250 0.147879 0.012500 0.040000
0 0.159125 0.072424 0.008750 0.032121
0 0.170750 0.116667 0.011500 0.034545
0 0.189625 0.058182 0.011250 0.031515
0 0.179500 0.056061 0.007000 0.027273
0 0.181375 0.142424 0.017250 0.032727
0 0.180875 0.182424 0.025250 0.037576
0 0.179500 0.245152 0.022000 0.070909
0 0.270875 0.113333 0.016750 0.053333
0 0.210375 0.141515 0.016750 0.050303
0 0.195375 0.112121 0.011250 0.041212
0 0.224000 0.081818 0.016000 0.040000
0 0.244375 0.009091 0.007750 0.016970
0 0.226875 0.006667 0.006750 0.012121
0 0.282250 0.040606 0.012500 0.031515
0 0.268250 0.023030 0.012500 0.026667
0 0.300250 0.057273 0.012500 0.035758
0 0.297000 0.032121 0.010000 0.020606
0 0.300250 0.019091 0.011000 0.029697
0 0.311875 0.015758 0.009250 0.030303
0 0.331750 0.016970 0.007500 0.021818
0 0.325625 0.047879 0.014750 0.043636
0 0.342500 0.038485 0.010000 0.027273
0 0.353625 0.043030 0.009250 0.031515
0 0.346875 0.016061 0.008750 0.017576
0 0.364000 0.023030 0.014000 0.042424
0 0.416750 0.006667 0.008500 0.012121
0 0.399125 0.003939 0.010750 0.006667
0 0.254625 0.060303 0.012250 0.028485
