0 0.102121 0.308102 0.030878 0.038426
0 0.705729 0.416898 0.030506 0.036574
0 0.499814 0.452083 0.040551 0.056019
0 0.077567 0.312500 0.024182 0.036111
0 0.947545 0.493287 0.033482 0.044907
0 0.289807 0.367824 0.037202 0.045833
0 0.072359 0.354398 0.030878 0.042130
0 0.173735 0.317824 0.025298 0.036574
0 0.259301 0.346759 0.024554 0.035185
0 0.313430 0.308796 0.024926 0.028704
0 0.771577 0.443056 0.028274 0.038889
0 0.907924 0.475926 0.025670 0.033333
0 0.856027 0.461343 0.024554 0.035648
0 0.094122 0.492824 0.037946 0.049537
0 0.377232 0.360417 0.028274 0.033796
0 0.411458 0.392824 0.028274 0.036574
0 0.917039 0.514120 0.031994 0.034722
0 0.580543 0.368287 0.024926 0.035648
0 0.225818 0.322917 0.023810 0.033796
0 0.731771 0.456481 0.036458 0.045370
0 0.050037 0.236111 0.018973 0.025000
0 0.679315 0.396528 0.023810 0.033796
0 0.527344 0.343287 0.023438 0.028241
0 0.193266 0.298148 0.024182 0.031481
0 0.522135 0.385185 0.025670 0.035185
0 0.409226 0.302083 0.026786 0.034722
0 0.477493 0.343750 0.021949 0.030093
0 0.286644 0.288889 0.019717 0.027778
0 0.983631 0.469213 0.030506 0.039352
0 0.640811 0.415509 0.030134 0.040278
0 0.717448 0.383102 0.021949 0.021759
0 0.803199 0.352315 0.017857 0.021296
0 0.574405 0.439583 0.037202 0.056944
0 0.453311 0.341435 0.025670 0.028241
0 0.037760 0.214120 0.015253 0.018981
0 0.672433 0.452546 0.037574 0.048611
0 0.187314 0.350231 0.029390 0.034722
0 0.348958 0.327778 0.023810 0.031481
0 0.438244 0.417824 0.040923 0.049537
0 0.358445 0.233796 0.015253 0.023148
0 0.986049 0.511574 0.027902 0.040741
0 0.260045 0.451852 0.040179 0.055556
0 0.777158 0.413194 0.022321 0.030093
0 0.127418 0.223611 0.015997 0.022222
0 0.510231 0.365741 0.026414 0.030556
0 0.645461 0.385648 0.026042 0.030556
0 0.282924 0.235185 0.012277 0.017593
0 0.335938 0.222685 0.013393 0.019444
0 0.829241 0.414352 0.019345 0.027778
0 0.467448 0.400000 0.030878 0.037037
0 0.019531 0.473148 0.038318 0.065741
0 0.450149 0.370370 0.028274 0.035185
0 0.769717 0.390972 0.025298 0.031019
0 0.848028 0.419907 0.027902 0.034259
0 0.052641 0.216667 0.014509 0.018519
0 0.860119 0.561343 0.033482 0.051389
0 0.501116 0.406713 0.032738 0.040278
0 0.407924 0.366435 0.022693 0.025463
0 0.167411 0.277083 0.021577 0.030093
0 0.244048 0.306713 0.024554 0.037500
0 0.080729 0.240509 0.018601 0.027315
0 0.805246 0.434954 0.030878 0.037500
0 0.892671 0.561806 0.030878 0.049537
0 0.079241 0.215972 0.014137 0.018056
0 0.200521 0.281713 0.021577 0.027315
0 0.818080 0.396528 0.018601 0.026389
0 0.797991 0.489815 0.034970 0.045370
0 0.552269 0.373380 0.027902 0.038426
0 0.903088 0.448843 0.026414 0.031944
0 0.902902 0.423611 0.022321 0.024074
0 0.757626 0.508796 0.030134 0.044444
0 0.269345 0.298843 0.023065 0.028241
0 0.042969 0.261111 0.018229 0.026852
0 0.283482 0.328704 0.026042 0.035185
0 0.159412 0.413194 0.047247 0.066204
0 0.967448 0.457407 0.021949 0.030556
0 0.766555 0.553009 0.042783 0.059722
0 0.375186 0.444676 0.038318 0.056944
0 0.199219 0.383102 0.033854 0.036574
0 0.011905 0.257870 0.019345 0.026852
0 0.015625 0.241898 0.013393 0.012500
0 0.019345 0.216204 0.014137 0.017593
0 0.005394 0.217824 0.010045 0.018981
0 0.085938 0.202546 0.011905 0.015278
0 0.104911 0.203704 0.011161 0.015741
0 0.112165 0.235880 0.015997 0.019907
0 0.098772 0.221296 0.015253 0.013889
0 0.139137 0.280787 0.026042 0.016204
0 0.133929 0.306713 0.024554 0.037500
0 0.159970 0.223843 0.009673 0.019907
0 0.150856 0.225231 0.011533 0.019907
0 0.340402 0.370833 0.026042 0.025926
0 0.353981 0.396991 0.044271 0.048611
0 0.390997 0.389120 0.020833 0.033796
0 0.560640 0.412963 0.034970 0.039815
0 0.606585 0.414815 0.030878 0.026852
0 0.611793 0.454398 0.053943 0.051389
0 0.695685 0.385417 0.017113 0.026389
0 0.525112 0.436806 0.029390 0.044907
0 0.792783 0.419907 0.014137 0.023148
0 0.845610 0.397454 0.020833 0.014352
0 0.871094 0.431250 0.021949 0.029167
0 0.936384 0.450694 0.023810 0.027315
0 0.992001 0.442130 0.015997 0.014815
0 0.987723 0.383102 0.013393 0.015278
0 0.980469 0.365046 0.004836 0.010648
0 0.966890 0.352778 0.005208 0.011111
0 0.928013 0.420602 0.019717 0.026389
0 0.923177 0.406019 0.014509 0.011111
0 0.953683 0.420370 0.016741 0.010185
0 0.955915 0.434722 0.021949 0.022222
