0 0.123151 0.371303 0.027367 0.043812
0 0.406435 0.174151 0.025148 0.042716
0 0.242604 0.304491 0.042899 0.060241
0 0.335799 0.143209 0.022929 0.039978
0 0.379253 0.206736 0.029956 0.050931
0 0.441383 0.096659 0.023299 0.034502
0 0.300296 0.244524 0.032544 0.057503
0 0.469120 0.093647 0.021820 0.035049
0 0.254438 0.206188 0.025888 0.037788
0 0.489830 0.104874 0.020340 0.037788
0 0.621302 0.119934 0.027367 0.044907
0 0.651812 0.090361 0.022559 0.036145
0 0.551775 0.122673 0.022929 0.038335
0 0.401997 0.082694 0.021450 0.033954
0 0.255917 0.145674 0.020710 0.035049
0 0.417530 0.118565 0.021450 0.035597
0 0.036612 0.265060 0.016272 0.027382
0 0.600962 0.089814 0.021450 0.041621
0 0.235762 0.182366 0.020340 0.033954
0 0.029216 0.319277 0.017012 0.029573
0 0.463572 0.049288 0.018121 0.032859
0 0.214312 0.268894 0.032175 0.044907
0 0.676036 0.113636 0.020710 0.035597
0 0.325074 0.111172 0.020710 0.033954
0 0.549926 0.077766 0.022189 0.038335
0 0.373336 0.104053 0.023299 0.035049
0 0.669379 0.148412 0.026627 0.040526
0 0.634061 0.075301 0.020340 0.035597
0 0.014978 0.348302 0.023299 0.040526
0 0.052145 0.260679 0.011834 0.020811
0 0.044564 0.586254 0.038831 0.061884
0 0.575814 0.080504 0.021450 0.037240
0 0.511095 0.043812 0.017751 0.031763
0 0.108913 0.296824 0.015902 0.027382
0 0.032175 0.294085 0.019970 0.020811
0 0.020895 0.222070 0.012944 0.020263
0 0.715976 0.157996 0.018491 0.037788
0 0.327293 0.054765 0.012574 0.023001
0 0.017751 0.248357 0.014053 0.022453
0 0.434357 0.073932 0.020340 0.026287
0 0.228920 0.142388 0.015533 0.028478
0 0.310466 0.059146 0.014423 0.021906
0 0.458580 0.007667 0.011095 0.014239
0 0.295673 0.152519 0.023299 0.036692
0 0.357988 0.008762 0.011095 0.015334
0 0.534948 0.066813 0.019601 0.039430
0 0.801036 0.193866 0.028846 0.044907
0 0.003513 0.279573 0.006287 0.030120
0 0.377959 0.011501 0.009615 0.015334
0 0.059911 0.362815 0.018491 0.032311
0 0.193787 0.167032 0.018491 0.026287
0 0.117049 0.418401 0.027737 0.048193
0 0.308432 0.180175 0.027367 0.042716
0 0.391827 0.158817 0.018861 0.036145
0 0.737981 0.155257 0.012204 0.030120
0 0.947300 0.247536 0.023299 0.031763
0 0.987981 0.312432 0.018121 0.031216
0 0.026997 0.242881 0.010355 0.018072
0 0.047707 0.215772 0.008876 0.024096
0 0.065459 0.274370 0.018491 0.032859
0 0.058802 0.286145 0.016272 0.022453
0 0.734652 0.013417 0.009246 0.016977
