0 0.039875 0.416061 0.029750 0.087879
0 0.112625 0.339394 0.028750 0.084848
0 0.038750 0.211818 0.017500 0.047879
0 0.216750 0.220303 0.017000 0.051515
0 0.257125 0.198485 0.020250 0.055152
0 0.019750 0.301212 0.025500 0.073939
0 0.172750 0.265758 0.023500 0.068485
0 0.080000 0.219394 0.021000 0.063030
0 0.126375 0.197879 0.019750 0.053939
0 0.103625 0.148182 0.015750 0.046667
0 0.099875 0.248788 0.022250 0.058788
0 0.037750 0.257879 0.018000 0.046667
0 0.186375 0.180303 0.018750 0.050303
0 0.247500 0.166364 0.016500 0.040606
0 0.324875 0.071818 0.019750 0.051515
0 0.365375 0.095758 0.015250 0.048485
0 0.277000 0.148788 0.019000 0.053939
0 0.146750 0.203333 0.019000 0.061212
0 0.376375 0.049697 0.014250 0.040000
0 0.204000 0.192121 0.018000 0.048485
0 0.160875 0.150606 0.016250 0.040606
0 0.183250 0.106970 0.015000 0.043030
0 0.056125 0.268788 0.025750 0.068485
0 0.204375 0.085152 0.011250 0.032121
0 0.172625 0.096061 0.011250 0.044242
0 0.339875 0.046667 0.015750 0.043636
0 0.364625 0.041212 0.013750 0.041212
0 0.246750 0.054545 0.013000 0.036364
0 0.245750 0.102424 0.015000 0.038788
0 0.084625 0.317273 0.024750 0.068485
0 0.217125 0.106364 0.014750 0.060000
0 0.065250 0.198182 0.016500 0.044848
0 0.219125 0.050303 0.012250 0.029091
0 0.192375 0.138788 0.014750 0.040000
0 0.231500 0.083030 0.011000 0.035152
0 0.103625 0.198182 0.021750 0.049697
0 0.159625 0.022727 0.007750 0.020000
0 0.258125 0.056364 0.010250 0.024242
0 0.260125 0.084848 0.015750 0.033939
0 0.003750 0.291515 0.007000 0.067879
0 0.330125 0.023333 0.010250 0.029697
0 0.173250 0.014242 0.006500 0.017576
0 0.350500 0.093939 0.015500 0.043636
0 0.012750 0.346970 0.021000 0.060000
0 0.125875 0.161818 0.016750 0.026667
0 0.139625 0.155152 0.017250 0.036364
0 0.156875 0.176364 0.015250 0.035152
0 0.206500 0.126364 0.011000 0.040606
0 0.268375 0.120606 0.013250 0.048485
0 0.281000 0.103030 0.018500 0.044848
0 0.316750 0.103333 0.014500 0.056364
0 0.309500 0.118788 0.007500 0.036364
0 0.247125 0.032121 0.008250 0.010909
0 0.268250 0.034242 0.008500 0.023636
0 0.276750 0.026667 0.009500 0.024242
0 0.286000 0.055455 0.009000 0.028485
0 0.276750 0.060606 0.012500 0.029091
0 0.291750 0.034545 0.011000 0.029091
0 0.295625 0.009091 0.006750 0.016970
0 0.303000 0.028788 0.007500 0.038182
0 0.310750 0.025758 0.010000 0.036970
0 0.304875 0.070000 0.010250 0.036970
0 0.360125 0.017576 0.008250 0.020606
0 0.341125 0.010000 0.010750 0.018788
0 0.384250 0.013636 0.011500 0.026061
0 0.401875 0.010909 0.012750 0.020606
0 0.413875 0.007576 0.008250 0.013939
