0 0.474852 0.549288 0.061391 0.094195
0 0.433247 0.287788 0.041790 0.067360
0 0.974112 0.581325 0.050296 0.078313
0 0.579512 0.260405 0.035503 0.067360
0 0.325259 0.464677 0.046967 0.079409
0 0.501849 0.317087 0.041420 0.083242
0 0.957655 0.452081 0.041050 0.066265
0 0.526257 0.161829 0.027367 0.049836
0 0.607064 0.144852 0.026257 0.050931
0 0.541605 0.129518 0.025518 0.045455
0 0.748706 0.144578 0.024038 0.047097
0 0.547152 0.250000 0.032914 0.049836
0 0.672707 0.170318 0.025888 0.038335
0 0.656435 0.104053 0.023669 0.041621
0 0.581916 0.083790 0.024038 0.041621
0 0.648114 0.144852 0.026257 0.042169
0 0.452663 0.019715 0.018491 0.035049
0 0.251294 0.566539 0.051405 0.090361
0 0.455436 0.188938 0.032175 0.050383
0 0.687500 0.056681 0.022929 0.035597
0 0.994083 0.737404 0.011834 0.065170
0 0.388129 0.425520 0.044009 0.065717
0 0.322115 0.063527 0.017751 0.032859
0 0.991679 0.368565 0.016642 0.041621
0 0.992788 0.328313 0.014423 0.030120
0 0.955621 0.313527 0.017012 0.036692
0 0.951738 0.245893 0.014423 0.028478
0 0.913646 0.245071 0.013683 0.022453
0 0.701923 0.085159 0.018491 0.037788
0 0.025888 0.275739 0.017012 0.030120
0 0.003328 0.288609 0.005917 0.033954
0 0.010910 0.251095 0.017382 0.034502
0 0.103180 0.197426 0.009615 0.016977
0 0.235392 0.134721 0.022559 0.037240
0 0.267197 0.029025 0.004808 0.018620
0 0.273669 0.018894 0.009615 0.016977
0 0.285873 0.016156 0.011095 0.020263
0 0.278291 0.015060 0.006287 0.019168
0 0.299186 0.004381 0.008876 0.007667
0 0.319712 0.003012 0.010725 0.004929
