0 0.213203 0.470793 0.057322 0.081994
0 0.365754 0.196677 0.034024 0.051447
0 0.339867 0.474544 0.048817 0.072347
0 0.028107 0.654877 0.051775 0.088960
0 0.057877 0.522776 0.041050 0.053055
0 0.367234 0.136388 0.023669 0.039121
0 0.167160 0.322347 0.034024 0.055198
0 0.427700 0.068596 0.021080 0.034298
0 0.080067 0.386388 0.026257 0.035370
0 0.294194 0.131833 0.023299 0.038585
0 0.734652 0.113880 0.021080 0.036977
0 0.133876 0.256431 0.027367 0.047696
0 0.479660 0.070740 0.022189 0.036442
0 0.249630 0.154877 0.019231 0.026795
0 0.201553 0.229368 0.025148 0.039657
0 0.013868 0.477224 0.026997 0.054126
0 0.507766 0.019829 0.011095 0.021436
0 0.462093 0.009646 0.015902 0.018221
0 0.303439 0.106109 0.016642 0.025723
0 0.316198 0.110129 0.014793 0.025188
0 0.225777 0.094855 0.011464 0.015005
0 0.602256 0.160236 0.034393 0.051447
0 0.983173 0.490890 0.033654 0.066452
0 0.545858 0.005091 0.014053 0.009110
0 0.318047 0.017953 0.011095 0.018757
0 0.004438 0.299303 0.008136 0.024116
0 0.300851 0.010450 0.011464 0.019829
0 0.344859 0.007771 0.010725 0.013398
0 0.832101 0.141211 0.021450 0.034834
0 0.714867 0.183548 0.022929 0.047696
0 0.666235 0.146034 0.028476 0.049839
0 0.274963 0.148982 0.016642 0.026795
0 0.024038 0.281886 0.015533 0.033226
0 0.017936 0.250536 0.009985 0.026259
0 0.007581 0.231511 0.010725 0.024652
0 0.002589 0.237138 0.004438 0.025188
0 0.106879 0.217578 0.017751 0.021436
0 0.153107 0.166667 0.014053 0.020364
0 0.279216 0.043944 0.008876 0.018221
0 0.290865 0.035370 0.009985 0.022508
0 0.273114 0.030011 0.009246 0.013934
0 0.274963 0.011522 0.007766 0.015541
0 0.263683 0.019829 0.006657 0.013934
0 0.289016 0.009646 0.007766 0.013934
0 0.316938 0.003483 0.008876 0.005895
0 0.332655 0.010718 0.008506 0.013934
