0 0.774593 0.301447 0.035873 0.060557
0 0.540865 0.202840 0.032175 0.056270
0 0.924926 0.491693 0.042899 0.057342
0 0.473743 0.289121 0.046598 0.072347
0 0.833765 0.245713 0.033654 0.048767
0 0.653291 0.237406 0.032914 0.051447
0 0.812500 0.372722 0.047337 0.072347
0 0.439349 0.220525 0.032544 0.058414
0 0.553070 0.298767 0.045488 0.073419
0 0.382581 0.332262 0.038831 0.064309
0 0.308062 0.338960 0.041420 0.075563
0 0.680843 0.181136 0.026627 0.047160
0 0.363720 0.408092 0.046228 0.085209
0 0.545488 0.155413 0.027367 0.040729
0 0.857249 0.203108 0.019970 0.036442
0 0.909763 0.209807 0.024408 0.032690
0 0.542160 0.387728 0.054734 0.089496
0 0.604105 0.101018 0.024778 0.043408
0 0.624075 0.160504 0.026997 0.044480
0 0.810466 0.113880 0.018861 0.030547
0 0.670858 0.047428 0.019970 0.032690
0 0.738351 0.143355 0.021820 0.048767
0 0.783284 0.122990 0.020710 0.031618
0 0.787907 0.097267 0.021080 0.031618
0 0.257951 0.421222 0.051405 0.081458
0 0.837648 0.139068 0.022189 0.036977
0 0.370377 0.224812 0.032175 0.062701
0 0.502404 0.532422 0.057322 0.079850
0 0.746302 0.101286 0.019970 0.032154
0 0.691568 0.106109 0.020710 0.037513
0 0.674186 0.433280 0.050296 0.072347
0 0.446006 0.590568 0.071006 0.099678
0 0.685096 0.073687 0.015902 0.025188
0 0.748336 0.073151 0.020340 0.027331
0 0.227441 0.102626 0.015533 0.024116
0 0.779216 0.075563 0.018491 0.028939
0 0.686391 0.027063 0.016272 0.027331
0 0.759985 0.046356 0.014793 0.020900
0 0.193232 0.188103 0.018861 0.031083
0 0.309726 0.021168 0.012944 0.019829
0 0.152367 0.172294 0.016272 0.028403
0 0.005362 0.264202 0.009985 0.026795
0 0.017197 0.298232 0.021820 0.034834
0 0.284578 0.024116 0.011464 0.016077
0 0.703217 0.062701 0.015163 0.026795
0 0.084874 0.238746 0.012204 0.018757
0 0.281990 0.042337 0.012944 0.019293
0 0.058617 0.402733 0.026257 0.039121
0 0.003328 0.218917 0.005917 0.019829
0 0.316198 0.010718 0.009615 0.015005
0 0.303070 0.008307 0.009985 0.013398
0 0.296413 0.028939 0.012944 0.020364
0 0.009430 0.234995 0.012204 0.017685
0 0.653846 0.329582 0.037722 0.056806
0 0.327293 0.974009 0.074704 0.051983
0 0.501664 0.212219 0.041790 0.060021
0 0.655695 0.148982 0.028846 0.045016
0 0.584874 0.277867 0.030695 0.053055
0 0.709320 0.028939 0.012574 0.024652
0 0.737426 0.036710 0.011834 0.018757
0 0.021635 0.262058 0.012944 0.022508
0 0.169009 0.152197 0.015533 0.024652
0 0.203957 0.114148 0.012204 0.015005
0 0.270895 0.060021 0.009246 0.021436
0 0.268121 0.036977 0.010355 0.019293
0 0.270895 0.013666 0.007766 0.011254
0 0.263499 0.008574 0.007027 0.011790
0 0.267567 0.022776 0.006287 0.009110
0 0.294564 0.006163 0.007766 0.011254
0 0.281065 0.005091 0.007396 0.009110
0 0.287907 0.004019 0.006287 0.006967
0 0.332840 0.024384 0.008876 0.014469
0 0.340422 0.011522 0.009246 0.014469
0 0.332286 0.008842 0.007027 0.013398
0 0.358173 0.005627 0.010725 0.010182
