0 0.262389 0.415663 0.042530 0.063527
0 0.654586 0.096659 0.020710 0.036692
0 0.317678 0.218510 0.026627 0.046002
0 0.769970 0.180449 0.026627 0.044359
0 0.421413 0.105148 0.021080 0.037240
0 0.513129 0.068729 0.019601 0.031216
0 0.216531 0.347481 0.034393 0.054217
0 0.586723 0.084885 0.018121 0.031763
0 0.562130 0.090635 0.021450 0.036692
0 0.495562 0.020537 0.016272 0.026835
0 0.488720 0.093647 0.019601 0.033954
0 0.300666 0.131709 0.022189 0.036692
0 0.524778 0.018894 0.014793 0.026835
0 0.387759 0.097207 0.018121 0.033406
0 0.435466 0.065991 0.017382 0.029025
0 0.375185 0.084611 0.014423 0.026835
0 0.149778 0.326396 0.020710 0.036145
0 0.597818 0.033406 0.018121 0.028478
0 0.112611 0.369387 0.024778 0.036692
0 0.346893 0.113089 0.017012 0.030120
0 0.553254 0.069825 0.014793 0.024644
0 0.766272 0.027930 0.011095 0.018620
0 0.509430 0.007941 0.012944 0.014786
0 0.045118 0.787240 0.063609 0.080504
0 0.459504 0.021358 0.007766 0.014239
0 0.458950 0.009584 0.014053 0.014786
