0 0.038000 0.416061 0.028500 0.080606
0 0.157250 0.243636 0.023000 0.067879
0 0.977875 0.167879 0.024750 0.066667
0 0.018875 0.306061 0.021750 0.060606
0 0.269000 0.153333 0.016500 0.049697
0 0.225750 0.209394 0.020500 0.057576
0 0.349250 0.055152 0.014000 0.046061
0 0.184500 0.145758 0.017000 0.052727
0 0.112375 0.273939 0.026250 0.081212
0 0.223000 0.122121 0.020500 0.053939
0 0.133500 0.173333 0.017000 0.059394
0 0.250375 0.058485 0.012250 0.033333
0 0.194250 0.123333 0.015000 0.051515
0 0.168375 0.154242 0.016250 0.044242
0 0.266250 0.056970 0.012500 0.038788
0 0.307250 0.013333 0.010500 0.023030
0 0.410125 0.017273 0.011250 0.032121
0 0.204875 0.102424 0.013250 0.035152
0 0.367875 0.010606 0.012750 0.018788
0 0.394250 0.007879 0.010000 0.014545
0 0.261250 0.014242 0.009500 0.021212
0 0.335375 0.020909 0.013250 0.034545
0 0.277125 0.010303 0.010250 0.015758
0 0.346750 0.016061 0.012000 0.027273
0 0.062750 0.297576 0.019000 0.044848
0 0.041625 0.303939 0.023750 0.067273
0 0.075625 0.242727 0.024750 0.066061
0 0.084750 0.193030 0.013000 0.022424
0 0.097875 0.225455 0.020750 0.052121
0 0.149625 0.177879 0.021750 0.057576
0 0.172625 0.070303 0.012750 0.031515
0 0.186250 0.081515 0.011000 0.023636
0 0.170500 0.051212 0.013000 0.026061
0 0.192125 0.035455 0.007750 0.020000
0 0.227625 0.015455 0.007750 0.022424
0 0.214000 0.043030 0.007000 0.024242
0 0.228000 0.086667 0.012000 0.015758
0 0.243625 0.105455 0.017250 0.048485
0 0.251625 0.093636 0.012250 0.044242
0 0.276875 0.041212 0.010750 0.031515
0 0.224125 0.081515 0.011750 0.026061
0 0.285625 0.093939 0.016250 0.042424
0 0.291875 0.074848 0.012250 0.030909
0 0.290500 0.028182 0.009500 0.035758
0 0.309875 0.076970 0.017750 0.052121
0 0.311000 0.038485 0.010500 0.020000
0 0.323375 0.045455 0.013250 0.036364
0 0.316875 0.022424 0.009250 0.014545
0 0.362000 0.024242 0.015000 0.038788
