0 0.041750 0.452121 0.024000 0.070303
0 0.103500 0.227879 0.022500 0.054545
0 0.083625 0.264848 0.022750 0.066667
0 0.149250 0.249091 0.022500 0.049697
0 0.260000 0.114242 0.020500 0.055152
0 0.300750 0.149091 0.020500 0.064242
0 0.235375 0.214242 0.024250 0.081818
0 0.118750 0.309697 0.025500 0.075152
0 0.232125 0.114545 0.021250 0.060606
0 0.504750 0.194545 0.023000 0.065455
0 0.551625 0.084242 0.020250 0.059394
0 0.218375 0.072424 0.014750 0.041818
0 0.205250 0.116061 0.017000 0.044242
0 0.173250 0.062727 0.012000 0.032121
0 0.040000 0.206061 0.018000 0.056970
0 0.131875 0.132121 0.014750 0.037576
0 0.158500 0.216364 0.020500 0.056970
0 0.300000 0.090303 0.015500 0.043636
0 0.326625 0.126364 0.016750 0.051515
0 0.338375 0.081515 0.015750 0.046667
0 0.285000 0.109697 0.014500 0.041212
0 0.198125 0.072727 0.012250 0.035152
0 0.323875 0.052424 0.016250 0.043030
0 0.117750 0.171212 0.017000 0.050303
0 0.197625 0.178485 0.020750 0.057576
0 0.177250 0.146364 0.017500 0.053939
0 0.311875 0.037879 0.012750 0.035758
0 0.349625 0.016970 0.013750 0.030303
0 0.024250 0.269091 0.024500 0.064242
0 0.054875 0.249091 0.022250 0.055758
0 0.414625 0.010000 0.011250 0.018788
0 0.301125 0.036364 0.012750 0.036364
0 0.046750 0.329394 0.028000 0.078182
0 0.002375 0.322121 0.004250 0.066061
0 0.182125 0.100909 0.018250 0.044242
0 0.124375 0.531818 0.020750 0.051515
0 0.241625 0.063939 0.014750 0.043030
0 0.483875 0.906061 0.088250 0.187879
0 0.007500 0.279091 0.010000 0.051515
0 0.082750 0.180000 0.015000 0.043636
0 0.093250 0.203939 0.011500 0.027273
0 0.146500 0.163636 0.018000 0.046061
0 0.158500 0.143333 0.011500 0.047879
0 0.173875 0.171515 0.013250 0.033939
0 0.235125 0.081515 0.016250 0.021212
0 0.269375 0.073939 0.014250 0.029091
0 0.269125 0.047879 0.010750 0.020606
0 0.256875 0.026970 0.011750 0.032121
0 0.271250 0.027879 0.008000 0.020606
0 0.282625 0.048485 0.013250 0.033939
0 0.291000 0.018182 0.009500 0.024242
0 0.283250 0.013636 0.006500 0.021212
0 0.307125 0.014242 0.006750 0.016364
0 0.325250 0.022121 0.010000 0.018788
0 0.336875 0.020303 0.012750 0.034545
0 0.366375 0.049394 0.012750 0.046667
0 0.357875 0.051212 0.005750 0.039394
0 0.363000 0.008182 0.010500 0.015152
0 0.388125 0.029697 0.013250 0.041212
0 0.388500 0.005152 0.008500 0.009091
