0 0.042160 0.355841 0.037722 0.051447
0 0.342086 0.313773 0.035503 0.061629
0 0.200074 0.344587 0.035503 0.063237
0 0.164386 0.327974 0.027737 0.046088
0 0.272189 0.131029 0.021450 0.038049
0 0.487241 0.082797 0.021820 0.036977
0 0.135355 0.384512 0.034024 0.055198
0 0.381472 0.084405 0.018121 0.031618
0 0.470044 0.010450 0.017012 0.019829
0 0.351146 0.076902 0.017382 0.026259
0 0.328402 0.031083 0.011834 0.018221
0 0.414016 0.046892 0.018121 0.026259
0 0.504993 0.037245 0.015902 0.030547
0 0.007396 0.299303 0.014053 0.032690
0 0.645155 0.144427 0.027737 0.044480
0 0.441938 0.005627 0.015533 0.010182
0 0.333210 0.004823 0.008136 0.008574
0 0.284024 0.021704 0.010355 0.018757
0 0.294379 0.027867 0.011834 0.018221
0 0.767936 0.197481 0.033654 0.057342
0 0.267936 0.004555 0.009246 0.008039
0 0.725777 0.164791 0.027737 0.047696
0 0.951738 0.320204 0.035133 0.051983
0 0.536982 0.005895 0.016272 0.010718
0 0.855399 0.226420 0.029586 0.047696
0 0.071746 0.383708 0.023669 0.023580
0 0.381287 0.012058 0.017012 0.020900
0 0.327293 0.050911 0.013314 0.022508
0 0.015163 0.267417 0.020710 0.027867
0 0.004068 0.274116 0.007396 0.020900
0 0.010910 0.245445 0.021080 0.025723
0 0.002034 0.226152 0.003328 0.015005
0 0.274593 0.040997 0.009246 0.015541
0 0.267197 0.042337 0.004808 0.020364
0 0.308062 0.021168 0.012574 0.019829
0 0.294009 0.009110 0.009615 0.016077
