0 0.735474 0.621377 0.015291 0.021739
0 0.628440 0.430254 0.015291 0.023551
0 0.426606 0.496377 0.015291 0.021739
0 0.546891 0.436594 0.015291 0.021739
0 0.861366 0.610507 0.016310 0.025362
0 0.071356 0.557971 0.016310 0.018116
0 0.551478 0.507246 0.016310 0.021739
0 0.374618 0.550725 0.015291 0.021739
0 0.124363 0.615036 0.016310 0.023551
0 0.132518 0.536232 0.016310 0.018116
0 0.760449 0.418478 0.014271 0.018116
0 0.727829 0.438406 0.014271 0.021739
0 0.732926 0.528080 0.012232 0.019928
0 0.763507 0.527174 0.012232 0.021739
0 0.764526 0.618659 0.016310 0.027174
0 0.861366 0.525362 0.016310 0.018116
0 0.864424 0.429348 0.016310 0.014493
0 0.700306 0.605978 0.012232 0.027174
0 0.582569 0.582428 0.017329 0.019928
0 0.505607 0.586957 0.016310 0.025362
0 0.499490 0.633152 0.016310 0.019928
0 0.406218 0.452899 0.019368 0.021739
0 0.359327 0.480072 0.017329 0.021739
0 0.384302 0.602355 0.016310 0.016304
0 0.322630 0.451993 0.021407 0.019928
0 0.272681 0.450181 0.015291 0.023551
0 0.230887 0.607790 0.017329 0.019928
0 0.182467 0.559783 0.014271 0.021739
0 0.153415 0.589674 0.015291 0.019928
0 0.177370 0.492754 0.014271 0.021739
0 0.129969 0.449275 0.013252 0.018116
0 0.102446 0.438406 0.011213 0.014493
0 0.100917 0.484601 0.012232 0.016304
0 0.098879 0.520833 0.012232 0.016304
0 0.050968 0.491848 0.014271 0.016304
0 0.024975 0.461957 0.011213 0.014493
0 0.008155 0.456522 0.010194 0.014493
0 0.021916 0.509058 0.011213 0.014493
0 0.007645 0.585145 0.009174 0.014493
