0 0.569827 0.585145 0.016310 0.021739
0 0.423547 0.506341 0.017329 0.023551
0 0.467890 0.533514 0.016310 0.019928
0 0.536697 0.581522 0.017329 0.021739
0 0.482161 0.584239 0.018349 0.023551
0 0.281346 0.531703 0.020387 0.023551
0 0.547401 0.644928 0.016310 0.018116
0 0.368502 0.605072 0.015291 0.021739
0 0.496942 0.425725 0.017329 0.018116
0 0.537207 0.424819 0.014271 0.019928
0 0.344037 0.595109 0.017329 0.023551
0 0.428644 0.597826 0.017329 0.021739
0 0.363405 0.463768 0.015291 0.021739
0 0.546891 0.515399 0.015291 0.019928
0 0.621814 0.435688 0.014271 0.023551
0 0.576962 0.440217 0.014271 0.021739
0 0.267584 0.471014 0.015291 0.021739
0 0.395515 0.463768 0.018349 0.025362
0 0.309888 0.527174 0.016310 0.021739
0 0.192151 0.596014 0.017329 0.021739
0 0.722732 0.426630 0.014271 0.016304
0 0.668196 0.596014 0.017329 0.021739
0 0.667686 0.428442 0.014271 0.019928
0 0.395005 0.625000 0.017329 0.018116
0 0.609072 0.508152 0.019368 0.019928
0 0.510703 0.607790 0.016310 0.023551
0 0.690112 0.616848 0.014271 0.019928
0 0.503058 0.663043 0.015291 0.021739
0 0.633028 0.528986 0.016310 0.021739
0 0.305810 0.628623 0.018349 0.025362
0 0.679409 0.507246 0.015291 0.021739
0 0.707441 0.496377 0.018349 0.021739
0 0.358308 0.374094 0.017329 0.019928
0 0.616718 0.608696 0.014271 0.021739
0 0.594292 0.644928 0.016310 0.021739
0 0.289501 0.446558 0.016310 0.019928
0 0.732416 0.631341 0.013252 0.023551
0 0.398573 0.542572 0.018349 0.027174
0 0.432722 0.433877 0.015291 0.023551
0 0.327217 0.582428 0.014271 0.023551
0 0.377676 0.519022 0.017329 0.027174
0 0.717635 0.585145 0.016310 0.021739
0 0.455657 0.656703 0.014271 0.023551
0 0.572375 0.528080 0.013252 0.019928
0 0.679918 0.437500 0.016310 0.019928
0 0.594292 0.519022 0.014271 0.023551
0 0.641692 0.440217 0.015291 0.018116
0 0.462793 0.439312 0.014271 0.023551
0 0.329766 0.468297 0.017329 0.023551
0 0.397044 0.397645 0.015291 0.019928
0 0.156983 0.428442 0.014271 0.019928
0 0.461264 0.579710 0.013252 0.018116
0 0.861366 0.612319 0.014271 0.021739
0 0.337920 0.528080 0.013252 0.023551
0 0.222732 0.592391 0.019368 0.025362
0 0.520897 0.666667 0.016310 0.021739
0 0.636086 0.617754 0.016310 0.018116
0 0.594801 0.451993 0.015291 0.019928
0 0.117737 0.440217 0.015291 0.018116
0 0.756371 0.428442 0.014271 0.019928
0 0.446483 0.442935 0.016310 0.019928
0 0.708461 0.662138 0.016310 0.023551
0 0.247706 0.637681 0.016310 0.021739
0 0.861876 0.526268 0.015291 0.019928
0 0.869011 0.439312 0.013252 0.019928
0 0.766565 0.519022 0.012232 0.019928
0 0.758410 0.613225 0.016310 0.027174
0 0.732926 0.511775 0.016310 0.030797
0 0.709990 0.535326 0.013252 0.023551
0 0.678389 0.542572 0.015291 0.019928
0 0.661570 0.542572 0.012232 0.019928
0 0.270133 0.589674 0.014271 0.019928
0 0.246687 0.540761 0.016310 0.019928
0 0.226300 0.452899 0.018349 0.021739
0 0.221713 0.508152 0.017329 0.027174
0 0.187564 0.437500 0.014271 0.019928
0 0.175331 0.505435 0.012232 0.018116
0 0.146789 0.566123 0.010194 0.016304
0 0.170234 0.600543 0.010194 0.019928
0 0.104485 0.547101 0.011213 0.018116
0 0.131498 0.496377 0.012232 0.014493
0 0.071865 0.585145 0.015291 0.014493
0 0.048930 0.562500 0.010194 0.012681
0 0.060652 0.527174 0.009174 0.010870
0 0.066259 0.481884 0.012232 0.014493
0 0.085627 0.445652 0.012232 0.021739
0 0.039246 0.476449 0.011213 0.014493
0 0.006116 0.493659 0.010194 0.012681
0 0.518349 0.519928 0.011213 0.025362
0 0.559633 0.393116 0.020387 0.021739
