0 0.523955 0.557065 0.016310 0.019928
0 0.688583 0.442029 0.015291 0.021739
0 0.355250 0.605072 0.017329 0.021739
0 0.432722 0.483696 0.015291 0.021739
0 0.476555 0.596920 0.017329 0.019928
0 0.518858 0.505435 0.014271 0.021739
0 0.625892 0.622283 0.018349 0.023551
0 0.481651 0.509964 0.017329 0.019928
0 0.553517 0.636775 0.016310 0.023551
0 0.280326 0.507246 0.016310 0.021739
0 0.449032 0.582428 0.015291 0.019928
0 0.244139 0.506341 0.017329 0.023551
0 0.327727 0.579710 0.017329 0.021739
0 0.638124 0.518116 0.016310 0.021739
0 0.413863 0.615942 0.016310 0.021739
0 0.363914 0.671196 0.014271 0.019928
0 0.508155 0.615942 0.017329 0.021739
0 0.383792 0.605072 0.017329 0.018116
0 0.457696 0.445652 0.016310 0.021739
0 0.386340 0.450181 0.016310 0.023551
0 0.580530 0.596920 0.017329 0.019928
0 0.308869 0.470109 0.018349 0.023551
0 0.693680 0.607790 0.015291 0.023551
0 0.492864 0.437500 0.017329 0.023551
0 0.712029 0.528080 0.015291 0.023551
0 0.606524 0.695652 0.014271 0.021739
0 0.572885 0.527174 0.016310 0.021739
0 0.615189 0.510870 0.017329 0.021739
0 0.581040 0.438406 0.014271 0.021739
0 0.339959 0.438406 0.017329 0.021739
0 0.643221 0.666667 0.016310 0.021739
0 0.646279 0.439312 0.016310 0.023551
0 0.435270 0.413949 0.014271 0.023551
0 0.138124 0.448370 0.015291 0.019928
0 0.676351 0.637681 0.015291 0.021739
0 0.352192 0.370471 0.015291 0.019928
0 0.589704 0.501812 0.017329 0.025362
0 0.677880 0.507246 0.014271 0.021739
0 0.186544 0.621377 0.014271 0.018116
0 0.457187 0.673913 0.015291 0.021739
0 0.738022 0.615942 0.014271 0.021739
0 0.657492 0.535326 0.014271 0.019928
0 0.438328 0.548007 0.014271 0.023551
0 0.406218 0.397645 0.015291 0.019928
0 0.741081 0.440217 0.016310 0.021739
0 0.707441 0.665761 0.014271 0.019928
0 0.738532 0.503623 0.015291 0.021739
0 0.514781 0.692029 0.014271 0.018116
0 0.350663 0.523551 0.016310 0.025362
0 0.176351 0.440217 0.016310 0.021739
0 0.717125 0.436594 0.017329 0.021739
0 0.276758 0.586957 0.017329 0.025362
0 0.408257 0.681159 0.015291 0.021739
0 0.769623 0.519928 0.014271 0.021739
0 0.456677 0.516304 0.016310 0.025362
0 0.404179 0.495471 0.015291 0.023551
0 0.451070 0.420290 0.013252 0.018116
0 0.313965 0.638587 0.014271 0.019928
0 0.618756 0.430254 0.016310 0.023551
0 0.310907 0.540761 0.016310 0.023551
0 0.524465 0.444746 0.015291 0.019928
0 0.089195 0.439312 0.013252 0.019928
0 0.682977 0.543478 0.016310 0.025362
0 0.544852 0.520833 0.019368 0.023551
0 0.594292 0.441123 0.014271 0.019928
0 0.761978 0.017210 0.013252 0.019928
0 0.826198 0.420290 0.013252 0.018116
0 0.804791 0.519928 0.013252 0.021739
0 0.790010 0.614130 0.010194 0.021739
0 0.765545 0.614130 0.014271 0.021739
0 0.720183 0.604167 0.011213 0.019928
0 0.755861 0.415761 0.011213 0.023551
0 0.673802 0.406703 0.016310 0.027174
0 0.550968 0.435688 0.017329 0.023551
0 0.397554 0.535326 0.020387 0.023551
0 0.251784 0.605978 0.014271 0.016304
0 0.215087 0.635870 0.016310 0.021739
0 0.223751 0.578804 0.015291 0.019928
0 0.208970 0.503623 0.014271 0.018116
0 0.239551 0.413043 0.016310 0.018116
0 0.275739 0.432065 0.015291 0.019928
0 0.313965 0.387681 0.016310 0.025362
0 0.212029 0.375000 0.012232 0.018116
0 0.170234 0.506341 0.014271 0.016304
0 0.190112 0.549819 0.015291 0.016304
0 0.156473 0.562500 0.013252 0.019928
0 0.168196 0.606884 0.016310 0.018116
0 0.146279 0.607790 0.011213 0.019928
0 0.083588 0.601449 0.014271 0.018116
0 0.118247 0.531703 0.010194 0.016304
0 0.116208 0.415761 0.016310 0.016304
0 0.059123 0.438406 0.014271 0.014493
0 0.065749 0.522645 0.015291 0.016304
