0 0.719164 0.603261 0.015291 0.021739
0 0.551478 0.528080 0.016310 0.023551
0 0.743629 0.625906 0.017329 0.019928
0 0.544343 0.644022 0.018349 0.019928
0 0.622834 0.530797 0.016310 0.018116
0 0.750765 0.533514 0.015291 0.023551
0 0.799185 0.759964 0.016310 0.023551
0 0.821101 0.530797 0.013252 0.018116
0 0.827727 0.734601 0.012232 0.027174
0 0.783384 0.871377 0.013252 0.021739
0 0.704893 0.441123 0.015291 0.019928
0 0.780836 0.819746 0.014271 0.027174
0 0.707441 0.524457 0.014271 0.023551
0 0.777268 0.276268 0.017329 0.019928
0 0.793068 0.421196 0.016310 0.023551
0 0.652396 0.459239 0.014271 0.019928
0 0.906728 0.485507 0.013252 0.018116
0 0.544852 0.432971 0.015291 0.021739
0 0.783384 0.631341 0.017329 0.023551
0 0.766565 0.016304 0.016310 0.028986
0 0.682467 0.613225 0.015291 0.023551
0 0.794088 0.932971 0.012232 0.021739
0 0.812436 0.896739 0.012232 0.018116
0 0.810398 0.846014 0.012232 0.021739
0 0.816514 0.852355 0.008155 0.019928
0 0.840469 0.828804 0.009174 0.019928
0 0.839959 0.778080 0.008155 0.019928
0 0.858308 0.769928 0.014271 0.014493
0 0.871050 0.712862 0.009174 0.019928
0 0.882263 0.655797 0.011213 0.021739
0 0.843527 0.605072 0.013252 0.025362
0 0.819572 0.609601 0.012232 0.016304
0 0.826198 0.655797 0.011213 0.018116
0 0.814985 0.709239 0.009174 0.019928
0 0.807849 0.777174 0.011213 0.018116
0 0.766565 0.903080 0.012232 0.019928
0 0.735474 0.894928 0.011213 0.021739
0 0.738022 0.925725 0.010194 0.021739
0 0.869521 0.536232 0.012232 0.021739
0 0.862895 0.476449 0.011213 0.018116
0 0.825688 0.433877 0.014271 0.019928
0 0.746687 0.431159 0.015291 0.025362
0 0.781855 0.519022 0.012232 0.019928
0 0.623853 0.609601 0.014271 0.019928
0 0.591233 0.433877 0.014271 0.019928
