0 0.550968 0.636775 0.015291 0.023551
0 0.265036 0.425725 0.016310 0.021739
0 0.569827 0.533514 0.014271 0.019928
0 0.460754 0.441123 0.014271 0.027174
0 0.666157 0.623188 0.015291 0.021739
0 0.544343 0.515399 0.014271 0.019928
0 0.395515 0.469203 0.018349 0.021739
0 0.430173 0.438406 0.016310 0.021739
0 0.520387 0.533514 0.015291 0.023551
0 0.402141 0.395833 0.015291 0.019928
0 0.253823 0.497283 0.016310 0.023551
0 0.507645 0.599638 0.016310 0.021739
0 0.404179 0.541667 0.015291 0.025362
0 0.403160 0.627717 0.015291 0.019928
0 0.376656 0.606884 0.017329 0.021739
0 0.689093 0.618659 0.014271 0.019928
0 0.708461 0.482790 0.016310 0.023551
0 0.625892 0.442935 0.014271 0.019928
0 0.324669 0.580616 0.017329 0.019928
0 0.656473 0.548007 0.014271 0.019928
0 0.595311 0.634964 0.016310 0.023551
0 0.354740 0.432065 0.018349 0.023551
0 0.372579 0.519928 0.017329 0.025362
0 0.500510 0.674819 0.014271 0.023551
0 0.568298 0.587862 0.017329 0.023551
0 0.611111 0.605978 0.015291 0.019928
0 0.611621 0.518116 0.016310 0.025362
0 0.477064 0.593297 0.016310 0.023551
0 0.575943 0.444746 0.014271 0.023551
0 0.681448 0.503623 0.013252 0.021739
0 0.465851 0.536232 0.016310 0.021739
0 0.454638 0.665761 0.012232 0.019928
0 0.231906 0.418478 0.015291 0.021739
0 0.715596 0.531703 0.014271 0.019928
0 0.359327 0.364130 0.015291 0.021739
0 0.254332 0.570652 0.017329 0.021739
0 0.591743 0.528986 0.015291 0.021739
0 0.321611 0.503623 0.019368 0.021739
0 0.686035 0.444746 0.016310 0.019928
0 0.680938 0.538043 0.014271 0.021739
0 0.281855 0.479167 0.017329 0.023551
0 0.643731 0.407609 0.015291 0.021739
0 0.594801 0.444746 0.015291 0.019928
0 0.532620 0.434783 0.017329 0.025362
0 0.640163 0.628623 0.016310 0.021739
0 0.226809 0.518116 0.017329 0.025362
0 0.495923 0.417572 0.015291 0.019928
0 0.345056 0.589674 0.017329 0.023551
0 0.716616 0.599638 0.018349 0.021739
0 0.426606 0.498188 0.015291 0.025362
0 0.214067 0.625906 0.014271 0.023551
0 0.436799 0.606884 0.013252 0.021739
0 0.862385 0.614130 0.014271 0.021739
0 0.232416 0.605978 0.016310 0.019928
0 0.709480 0.663043 0.014271 0.021739
0 0.139144 0.526268 0.013252 0.019928
0 0.725280 0.437500 0.015291 0.023551
0 0.281855 0.584239 0.017329 0.023551
0 0.339959 0.657609 0.015291 0.021739
0 0.865953 0.514493 0.013252 0.018116
0 0.864424 0.428442 0.012232 0.019928
0 0.759429 0.423913 0.012232 0.018116
0 0.766565 0.534420 0.012232 0.018116
0 0.764526 0.620471 0.014271 0.023551
0 0.742100 0.611413 0.014271 0.023551
0 0.671764 0.408514 0.012232 0.019928
0 0.636595 0.521739 0.017329 0.021739
0 0.559123 0.397645 0.017329 0.027174
0 0.540775 0.569746 0.017329 0.023551
0 0.440367 0.546196 0.014271 0.030797
0 0.346075 0.536232 0.015291 0.021739
0 0.363405 0.473732 0.015291 0.023551
0 0.319572 0.438406 0.015291 0.021739
0 0.304281 0.388587 0.015291 0.019928
0 0.303262 0.530797 0.017329 0.021739
0 0.270642 0.656703 0.015291 0.027174
0 0.202854 0.502717 0.014271 0.019928
0 0.207951 0.413949 0.010194 0.023551
0 0.176860 0.433877 0.015291 0.016304
0 0.137615 0.450181 0.014271 0.019928
0 0.084608 0.435688 0.014271 0.016304
0 0.045362 0.487319 0.011213 0.014493
0 0.036188 0.578804 0.013252 0.016304
0 0.133028 0.584239 0.013252 0.016304
0 0.117737 0.526268 0.013252 0.019928
0 0.136086 0.494565 0.013252 0.014493
0 0.171254 0.549819 0.014271 0.019928
0 0.209990 0.562500 0.014271 0.019928
0 0.162589 0.594203 0.017329 0.021739
