0 0.614169 0.404891 0.015291 0.023551
0 0.474516 0.429348 0.017329 0.028986
0 0.572885 0.552536 0.016310 0.021739
0 0.302752 0.531703 0.018349 0.023551
0 0.516820 0.490942 0.018349 0.025362
0 0.458206 0.481884 0.017329 0.025362
0 0.474006 0.563406 0.016310 0.025362
0 0.396534 0.471920 0.016310 0.023551
0 0.582569 0.490036 0.017329 0.019928
0 0.614679 0.547101 0.014271 0.021739
0 0.466871 0.350543 0.018349 0.019928
0 0.618756 0.483696 0.014271 0.021739
0 0.602956 0.331522 0.013252 0.021739
0 0.521916 0.355978 0.016310 0.019928
0 0.649337 0.439312 0.014271 0.019928
0 0.653415 0.537138 0.014271 0.023551
0 0.544343 0.409420 0.014271 0.021739
0 0.280836 0.449275 0.015291 0.025362
0 0.688583 0.557971 0.013252 0.021739
0 0.549949 0.476449 0.017329 0.028986
0 0.174822 0.531703 0.015291 0.019928
0 0.354230 0.511775 0.019368 0.023551
0 0.229358 0.538043 0.018349 0.021739
0 0.505097 0.705616 0.015291 0.023551
0 0.167686 0.406703 0.015291 0.023551
0 0.400612 0.523551 0.016310 0.025362
0 0.804791 0.638587 0.015291 0.030797
0 0.257900 0.336957 0.016310 0.021739
0 0.656473 0.795290 0.018349 0.025362
0 0.665138 0.692029 0.011213 0.021739
0 0.668705 0.621377 0.014271 0.028986
0 0.647299 0.567935 0.014271 0.019928
0 0.673293 0.501812 0.011213 0.028986
0 0.637105 0.500906 0.010194 0.019928
0 0.686035 0.442029 0.014271 0.028986
0 0.649847 0.370471 0.015291 0.030797
0 0.867482 0.807065 0.012232 0.023551
0 0.804281 0.881341 0.014271 0.019928
0 0.536188 0.979167 0.016310 0.023551
0 0.875127 0.201087 0.011213 0.025362
0 0.399592 0.349638 0.014271 0.025362
0 0.344037 0.390399 0.015291 0.023551
0 0.316514 0.450181 0.019368 0.019928
0 0.288481 0.378623 0.016310 0.025362
0 0.220183 0.423007 0.014271 0.023551
0 0.135576 0.478261 0.016310 0.018116
0 0.132008 0.505435 0.015291 0.018116
0 0.145770 0.529891 0.012232 0.019928
0 0.078491 0.538043 0.012232 0.018116
0 0.079511 0.463768 0.010194 0.018116
0 0.060143 0.477355 0.012232 0.016304
0 0.080020 0.355072 0.011213 0.018116
0 0.113150 0.375906 0.012232 0.023551
0 0.133537 0.394022 0.012232 0.019928
