0 0.598369 0.451087 0.014271 0.021739
0 0.551478 0.464674 0.014271 0.023551
0 0.427625 0.449275 0.017329 0.025362
0 0.573394 0.503623 0.019368 0.025362
0 0.517839 0.490942 0.016310 0.021739
0 0.290010 0.400362 0.015291 0.021739
0 0.625892 0.437500 0.016310 0.023551
0 0.626402 0.557971 0.015291 0.025362
0 0.575943 0.396739 0.016310 0.021739
0 0.663609 0.414855 0.014271 0.021739
0 0.193170 0.359601 0.017329 0.019928
0 0.618247 0.371377 0.015291 0.021739
0 0.225790 0.430254 0.015291 0.023551
0 0.500510 0.394928 0.014271 0.021739
0 0.608053 0.513587 0.015291 0.023551
0 0.492864 0.461051 0.019368 0.023551
0 0.533129 0.548913 0.020387 0.025362
0 0.282875 0.502717 0.017329 0.023551
0 0.491335 0.348732 0.016310 0.023551
0 0.466361 0.420290 0.017329 0.021739
0 0.675841 0.571558 0.014271 0.023551
0 0.204893 0.419384 0.014271 0.019928
0 0.422528 0.378623 0.019368 0.018116
0 0.375637 0.416667 0.015291 0.021739
0 0.249235 0.494565 0.015291 0.021739
0 0.195719 0.528080 0.014271 0.019928
0 0.327727 0.364130 0.017329 0.025362
0 0.649847 0.549819 0.015291 0.023551
0 0.301733 0.581522 0.016310 0.021739
0 0.143221 0.385870 0.013252 0.021739
0 0.368502 0.562500 0.017329 0.023551
0 0.227829 0.480978 0.015291 0.023551
0 0.210499 0.536232 0.013252 0.018116
0 0.574414 0.342391 0.015291 0.025362
0 0.669215 0.363225 0.015291 0.023551
0 0.373089 0.504529 0.018349 0.027174
0 0.498471 0.292572 0.014271 0.016304
0 0.802752 0.644022 0.015291 0.023551
0 0.255861 0.403986 0.018349 0.021739
0 0.693170 0.559783 0.016310 0.021739
0 0.082059 0.559783 0.013252 0.018116
0 0.338940 0.418478 0.015291 0.021739
0 0.080020 0.417572 0.013252 0.019928
0 0.093782 0.482790 0.018349 0.023551
0 0.030581 0.400362 0.014271 0.021739
0 0.232926 0.365036 0.015291 0.023551
0 0.159531 0.529891 0.017329 0.019928
0 0.532620 0.317029 0.015291 0.021739
0 0.102446 0.392210 0.015291 0.019928
0 0.663609 0.464674 0.016310 0.023551
0 0.182467 0.487319 0.016310 0.021739
0 0.395515 0.464674 0.016310 0.023551
0 0.444954 0.550725 0.017329 0.021739
0 0.787971 0.629529 0.018349 0.023551
0 0.335372 0.538043 0.016310 0.021739
0 0.540265 0.400362 0.014271 0.021739
0 0.050459 0.504529 0.009174 0.016304
0 0.034659 0.509058 0.010194 0.018116
0 0.018349 0.524457 0.008155 0.012681
0 0.073904 0.479167 0.011213 0.019928
0 0.044852 0.472826 0.008155 0.014493
0 0.012742 0.423007 0.011213 0.016304
0 0.006626 0.383152 0.009174 0.012681
0 0.060652 0.384058 0.011213 0.014493
0 0.092762 0.340580 0.010194 0.014493
0 0.134047 0.308877 0.011213 0.016304
0 0.149847 0.331522 0.012232 0.018116
0 0.120285 0.383152 0.012232 0.016304
0 0.100408 0.443841 0.009174 0.014493
0 0.111111 0.500000 0.012232 0.018116
0 0.098879 0.528080 0.012232 0.016304
0 0.062181 0.552536 0.008155 0.014493
0 0.132008 0.543478 0.011213 0.014493
0 0.137105 0.481884 0.013252 0.018116
0 0.162589 0.471014 0.015291 0.018116
0 0.156983 0.418478 0.010194 0.014493
0 0.186544 0.445652 0.016310 0.021739
0 0.179409 0.367754 0.010194 0.018116
0 0.254332 0.346014 0.013252 0.021739
0 0.300204 0.343297 0.013252 0.019928
0 0.345566 0.344203 0.014271 0.014493
0 0.323649 0.474638 0.015291 0.025362
0 0.384811 0.363225 0.015291 0.023551
0 0.404689 0.304348 0.014271 0.025362
0 0.429664 0.293478 0.013252 0.021739
0 0.470948 0.276268 0.014271 0.027174
0 0.488277 0.722826 0.018349 0.032609
0 0.667176 0.616848 0.015291 0.027174
0 0.669215 0.682065 0.013252 0.023551
0 0.721203 0.615942 0.013252 0.025362
0 0.857288 0.446558 0.014271 0.019928
0 0.880734 0.648551 0.012232 0.018116
0 0.854230 0.844203 0.008155 0.021739
0 0.879715 0.233696 0.012232 0.018116
0 0.880734 0.201087 0.012232 0.014493
0 0.459225 0.482790 0.015291 0.023551
