0 0.572375 0.553442 0.015291 0.019928
0 0.674312 0.571558 0.015291 0.023551
0 0.670234 0.621377 0.015291 0.018116
0 0.456167 0.728261 0.017329 0.021739
0 0.135576 0.459239 0.016310 0.019928
0 0.060652 0.396739 0.009174 0.010870
0 0.066769 0.486413 0.009174 0.012681
0 0.048420 0.500000 0.011213 0.010870
0 0.042304 0.519022 0.007136 0.012681
0 0.014781 0.494565 0.011213 0.021739
0 0.035168 0.430254 0.009174 0.012681
0 0.004077 0.442029 0.006116 0.010870
0 0.646789 0.539855 0.011213 0.025362
0 0.803262 0.638587 0.010194 0.016304
0 0.654944 0.870471 0.011213 0.023551
0 0.878695 0.237319 0.008155 0.010870
0 0.880734 0.203804 0.008155 0.012681
0 0.833333 0.020833 0.011213 0.012681
