0 0.485729 0.463768 0.019368 0.021739
0 0.601427 0.518116 0.016310 0.025362
0 0.248216 0.492754 0.015291 0.021739
0 0.505607 0.385870 0.018349 0.025362
0 0.144241 0.382246 0.015291 0.021739
0 0.551478 0.461051 0.018349 0.023551
0 0.517839 0.490942 0.016310 0.021739
0 0.621814 0.356884 0.014271 0.021739
0 0.426606 0.449275 0.017329 0.025362
0 0.659021 0.402174 0.015291 0.021739
0 0.573394 0.341486 0.015291 0.023551
0 0.365953 0.493659 0.016310 0.023551
0 0.425586 0.379529 0.017329 0.023551
0 0.625382 0.445652 0.015291 0.021739
0 0.670234 0.560688 0.017329 0.023551
0 0.533639 0.392210 0.017329 0.023551
0 0.339959 0.415761 0.013252 0.023551
0 0.465851 0.427536 0.014271 0.021739
0 0.328746 0.461957 0.017329 0.021739
0 0.178389 0.377717 0.014271 0.019928
0 0.331804 0.537138 0.015291 0.023551
0 0.600408 0.442029 0.014271 0.021739
0 0.139653 0.482790 0.014271 0.023551
0 0.665647 0.462862 0.016310 0.023551
0 0.486239 0.346014 0.014271 0.025362
0 0.368502 0.414855 0.017329 0.021739
0 0.257390 0.348732 0.013252 0.019928
0 0.366972 0.561594 0.018349 0.021739
0 0.459735 0.480978 0.018349 0.023551
0 0.576453 0.398551 0.015291 0.021739
0 0.643731 0.550725 0.015291 0.021739
0 0.530581 0.316123 0.013252 0.019928
0 0.202854 0.418478 0.016310 0.021739
0 0.317023 0.386775 0.014271 0.023551
0 0.441386 0.564312 0.016310 0.023551
0 0.018858 0.528080 0.015291 0.019928
0 0.282365 0.500906 0.014271 0.023551
0 0.680938 0.348732 0.014271 0.023551
0 0.226300 0.434783 0.016310 0.025362
0 0.395005 0.465580 0.019368 0.025362
0 0.077982 0.469203 0.013252 0.021739
0 0.253823 0.404891 0.018349 0.023551
0 0.227829 0.364130 0.013252 0.021739
0 0.192661 0.525362 0.016310 0.021739
0 0.027013 0.416667 0.013252 0.018116
0 0.386850 0.365942 0.015291 0.025362
0 0.287971 0.392210 0.015291 0.023551
0 0.287971 0.584239 0.015291 0.023551
0 0.469419 0.293478 0.015291 0.021739
0 0.572885 0.500906 0.020387 0.027174
0 0.494393 0.293478 0.012232 0.021739
0 0.722732 0.615036 0.010194 0.023551
0 0.696228 0.522645 0.014271 0.023551
0 0.668196 0.610507 0.011213 0.028986
0 0.620795 0.566123 0.012232 0.023551
0 0.805301 0.646739 0.014271 0.021739
0 0.886850 0.668478 0.012232 0.021739
0 0.856269 0.452899 0.012232 0.018116
0 0.892966 0.228261 0.010194 0.018116
0 0.876656 0.200181 0.012232 0.016304
0 0.645260 0.875000 0.014271 0.025362
0 0.486239 0.721920 0.014271 0.027174
0 0.536188 0.548913 0.014271 0.028986
0 0.430683 0.282609 0.015291 0.021739
0 0.401631 0.307971 0.012232 0.032609
0 0.348624 0.336051 0.014271 0.019928
0 0.303772 0.344203 0.014271 0.025362
0 0.191131 0.356884 0.013252 0.021739
0 0.182977 0.435688 0.011213 0.019928
0 0.226300 0.481884 0.014271 0.021739
0 0.211009 0.542572 0.014271 0.019928
0 0.182467 0.488225 0.014271 0.023551
0 0.164118 0.468297 0.012232 0.019928
0 0.161570 0.528986 0.011213 0.021739
0 0.135066 0.547101 0.013252 0.025362
0 0.100408 0.527174 0.009174 0.018116
0 0.110601 0.497283 0.013252 0.019928
0 0.091233 0.478261 0.009174 0.018116
0 0.103466 0.449275 0.011213 0.014493
0 0.077982 0.417572 0.013252 0.023551
0 0.102446 0.393116 0.013252 0.021739
0 0.122324 0.379529 0.014271 0.027174
0 0.152396 0.340580 0.013252 0.021739
0 0.137105 0.310688 0.009174 0.019928
0 0.092762 0.349638 0.014271 0.021739
0 0.063201 0.374094 0.012232 0.016304
0 0.039246 0.411232 0.013252 0.018116
0 0.006626 0.381341 0.011213 0.023551
0 0.049439 0.501812 0.011213 0.014493
0 0.070336 0.527174 0.010194 0.014493
0 0.080020 0.553442 0.011213 0.023551
0 0.047401 0.468297 0.011213 0.019928
0 0.020387 0.477355 0.012232 0.016304
