0 0.448522 0.374094 0.016310 0.023551
0 0.545872 0.408514 0.017329 0.023551
0 0.314985 0.490036 0.018349 0.023551
0 0.576962 0.536232 0.018349 0.021739
0 0.493884 0.375000 0.017329 0.021739
0 0.238022 0.439312 0.015291 0.023551
0 0.479613 0.459239 0.019368 0.027174
0 0.512232 0.490942 0.017329 0.021739
0 0.551478 0.483696 0.016310 0.021739
0 0.516310 0.425725 0.017329 0.025362
0 0.631498 0.515399 0.013252 0.019928
0 0.616208 0.444746 0.015291 0.023551
0 0.410296 0.423913 0.017329 0.021739
0 0.579511 0.421196 0.017329 0.023551
0 0.606014 0.509058 0.013252 0.021739
0 0.186544 0.484601 0.014271 0.019928
0 0.435780 0.565217 0.017329 0.025362
0 0.376656 0.443841 0.015291 0.021739
0 0.330785 0.563406 0.017329 0.021739
0 0.570336 0.342391 0.015291 0.021739
0 0.369011 0.500906 0.016310 0.023551
0 0.448012 0.480978 0.019368 0.027174
0 0.083588 0.560688 0.014271 0.019928
0 0.584098 0.596014 0.016310 0.021739
0 0.113150 0.505435 0.014271 0.021739
0 0.105505 0.382246 0.013252 0.018116
0 0.676351 0.584239 0.013252 0.027174
0 0.331295 0.408514 0.016310 0.023551
0 0.697757 0.493659 0.011213 0.030797
0 0.652396 0.501812 0.014271 0.025362
0 0.523445 0.323370 0.019368 0.023551
0 0.647808 0.438406 0.013252 0.021739
0 0.288991 0.347826 0.013252 0.021739
0 0.324159 0.357790 0.016310 0.019928
0 0.057085 0.506341 0.014271 0.019928
0 0.381244 0.545290 0.014271 0.025362
0 0.078491 0.415761 0.014271 0.019928
0 0.022936 0.527174 0.011213 0.018116
0 0.801223 0.641304 0.014271 0.025362
0 0.193170 0.437500 0.017329 0.019928
0 0.326198 0.358696 0.016310 0.021739
0 0.539246 0.289855 0.014271 0.028986
0 0.618247 0.347826 0.017329 0.025362
0 0.661060 0.364130 0.017329 0.025362
0 0.700815 0.427536 0.013252 0.028986
0 0.685525 0.546196 0.013252 0.023551
0 0.670234 0.663949 0.013252 0.023551
0 0.479613 0.712862 0.017329 0.027174
0 0.529052 0.567935 0.012232 0.023551
0 0.478084 0.298007 0.012232 0.023551
0 0.450051 0.309783 0.013252 0.025362
0 0.392457 0.331522 0.014271 0.025362
0 0.361366 0.339674 0.013252 0.019928
0 0.278287 0.413949 0.018349 0.034420
0 0.282875 0.500906 0.015291 0.027174
0 0.238022 0.485507 0.017329 0.021739
0 0.224771 0.548913 0.013252 0.025362
0 0.198777 0.530797 0.016310 0.018116
0 0.167176 0.528986 0.014271 0.018116
0 0.166157 0.473732 0.014271 0.019928
0 0.164118 0.434783 0.014271 0.018116
0 0.213048 0.415761 0.014271 0.016304
0 0.255861 0.365942 0.012232 0.014493
0 0.214067 0.336051 0.016310 0.019928
0 0.188073 0.372283 0.013252 0.016304
0 0.154944 0.336957 0.010194 0.010870
0 0.149847 0.387681 0.014271 0.014493
0 0.135576 0.308877 0.012232 0.019928
0 0.133028 0.574275 0.011213 0.018116
0 0.094801 0.486413 0.010194 0.012681
0 0.103466 0.536232 0.015291 0.018116
0 0.140163 0.496377 0.011213 0.014493
0 0.104995 0.441123 0.010194 0.012681
0 0.121814 0.387681 0.015291 0.018116
0 0.093272 0.337862 0.011213 0.012681
0 0.069827 0.375906 0.009174 0.016304
0 0.043833 0.403986 0.012232 0.014493
0 0.009684 0.384964 0.011213 0.012681
0 0.016820 0.429348 0.013252 0.014493
0 0.016820 0.493659 0.009174 0.009058
0 0.036697 0.509964 0.016310 0.016304
0 0.049439 0.475543 0.011213 0.012681
0 0.065749 0.535326 0.009174 0.012681
0 0.023955 0.474638 0.009174 0.014493
0 0.901121 0.511775 0.012232 0.023551
0 0.884302 0.202899 0.011213 0.018116
0 0.884811 0.235507 0.010194 0.018116
