0 0.455148 0.376812 0.017329 0.021739
0 0.551478 0.396739 0.016310 0.021739
0 0.510194 0.436594 0.017329 0.021739
0 0.511723 0.494565 0.016310 0.025362
0 0.410805 0.427536 0.016310 0.021739
0 0.315494 0.490036 0.017329 0.023551
0 0.382263 0.529891 0.016310 0.023551
0 0.381753 0.421196 0.017329 0.023551
0 0.423038 0.510870 0.016310 0.021739
0 0.339450 0.560688 0.018349 0.023551
0 0.442406 0.577899 0.018349 0.021739
0 0.578491 0.528986 0.017329 0.021739
0 0.614679 0.442029 0.016310 0.021739
0 0.448522 0.484601 0.018349 0.023551
0 0.187054 0.484601 0.015291 0.019928
0 0.629460 0.519928 0.015291 0.025362
0 0.478084 0.452899 0.018349 0.025362
0 0.553007 0.475543 0.017329 0.027174
0 0.589704 0.392210 0.015291 0.023551
0 0.581549 0.596014 0.015291 0.021739
0 0.193680 0.439312 0.014271 0.019928
0 0.605505 0.509058 0.014271 0.021739
0 0.492864 0.348732 0.015291 0.023551
0 0.085627 0.557971 0.014271 0.018116
0 0.239551 0.434783 0.016310 0.025362
0 0.334353 0.410326 0.018349 0.023551
0 0.532620 0.556159 0.017329 0.018116
0 0.164628 0.482790 0.015291 0.019928
0 0.528542 0.321558 0.017329 0.023551
0 0.565749 0.345109 0.014271 0.023551
0 0.683486 0.538043 0.013252 0.021739
0 0.651886 0.434783 0.015291 0.025362
0 0.246687 0.356884 0.016310 0.018116
0 0.366463 0.487319 0.015291 0.021739
0 0.616718 0.348732 0.016310 0.019928
0 0.154434 0.384058 0.015291 0.021739
0 0.182467 0.372283 0.016310 0.019928
0 0.538226 0.282609 0.014271 0.021739
0 0.242100 0.488225 0.015291 0.019928
0 0.111111 0.509964 0.016310 0.016304
0 0.326707 0.348732 0.015291 0.019928
0 0.702345 0.493659 0.014271 0.027174
0 0.649847 0.495471 0.013252 0.019928
0 0.704893 0.425725 0.015291 0.021739
0 0.661570 0.329710 0.016310 0.018116
0 0.661570 0.590580 0.014271 0.018116
0 0.670744 0.677536 0.014271 0.021739
0 0.805301 0.644928 0.014271 0.021739
0 0.904689 0.519022 0.011213 0.012681
0 0.899083 0.476449 0.010194 0.014493
0 0.877166 0.199275 0.011213 0.018116
0 0.897044 0.225543 0.008155 0.012681
0 0.476045 0.305254 0.014271 0.023551
0 0.445464 0.314312 0.014271 0.023551
0 0.397554 0.323370 0.018349 0.019928
0 0.370031 0.346920 0.014271 0.027174
0 0.290520 0.341486 0.014271 0.027174
0 0.285423 0.406703 0.014271 0.023551
0 0.281346 0.494565 0.014271 0.014493
0 0.226300 0.548007 0.014271 0.019928
0 0.197757 0.516304 0.014271 0.021739
0 0.213048 0.419384 0.014271 0.027174
0 0.220693 0.326993 0.015291 0.027174
0 0.157492 0.332428 0.015291 0.019928
0 0.135066 0.307971 0.011213 0.021739
0 0.124363 0.400362 0.012232 0.021739
0 0.162589 0.431159 0.015291 0.018116
0 0.139653 0.499094 0.012232 0.019928
0 0.163609 0.524457 0.015291 0.027174
0 0.134557 0.580616 0.010194 0.012681
0 0.072375 0.509964 0.014271 0.019928
0 0.063201 0.537138 0.008155 0.019928
0 0.075433 0.424819 0.010194 0.012681
0 0.103466 0.447464 0.011213 0.018116
0 0.103466 0.394928 0.009174 0.018116
0 0.094801 0.342391 0.012232 0.018116
0 0.073904 0.339674 0.009174 0.016304
0 0.041284 0.407609 0.011213 0.014493
0 0.031091 0.399457 0.009174 0.016304
0 0.010194 0.383152 0.012232 0.012681
0 0.017839 0.440217 0.011213 0.014493
0 0.021407 0.469203 0.010194 0.018116
0 0.016310 0.496377 0.008155 0.014493
0 0.024465 0.532609 0.012232 0.021739
0 0.019368 0.541667 0.012232 0.014493
0 0.039755 0.501812 0.008155 0.010870
0 0.054536 0.509058 0.009174 0.010870
0 0.049439 0.480978 0.011213 0.016304
0 0.481651 0.710145 0.017329 0.028986
