0 0.540265 0.447464 0.016310 0.025362
0 0.573904 0.495471 0.016310 0.023551
0 0.660550 0.465580 0.014271 0.021739
0 0.505097 0.706522 0.015291 0.021739
0 0.666667 0.701993 0.014271 0.019928
0 0.613150 0.332428 0.013252 0.027174
0 0.634557 0.539855 0.011213 0.021739
0 0.674822 0.594203 0.014271 0.025362
0 0.801733 0.643116 0.011213 0.018116
0 0.905199 0.507246 0.010194 0.014493
0 0.877166 0.199275 0.013252 0.021739
0 0.649847 0.913949 0.013252 0.019928
0 0.658512 0.784420 0.010194 0.021739
0 0.534149 0.987319 0.014271 0.025362
