0 0.425921 0.372634 0.0167173 0.0243709
0 0.311804 0.401659 0.0157846 0.0191353
0 0.533686 0.395356 0.0173717 0.0240724
0 0.626605 0.444706 0.0150785 0.0236502
0 0.367129 0.418501 0.0195109 0.0239912
0 0.521844 0.485581 0.0158645 0.0206686
0 0.646304 0.541198 0.0138294 0.0220847
0 0.501421 0.393972 0.0164686 0.0238683
0 0.604705 0.520518 0.0166172 0.0250281
0 0.582505 0.402978 0.0173006 0.0225956
0 0.657004 0.40409 0.0161056 0.0222048
0 0.427724 0.453439 0.0192182 0.0256995
0 0.462162 0.424045 0.0162735 0.0188892
0 0.471888 0.273737 0.0181408 0.024125
0 0.492245 0.461321 0.018198 0.0233724
0 0.526784 0.559149 0.0191324 0.0251261
0 0.247511 0.495398 0.0169784 0.0218867
0 0.458393 0.48519 0.0162387 0.0242276
0 0.398087 0.447338 0.018562 0.0203637
0 0.601086 0.439971 0.0138499 0.0232864
0 0.228822 0.364043 0.0147907 0.0230138
0 0.572929 0.503104 0.018848 0.0255971
0 0.494956 0.284014 0.0170572 0.0202928
0 0.227079 0.480908 0.0165236 0.0229375
0 0.282922 0.502044 0.0158817 0.0244986
0 0.33042 0.516161 0.0149093 0.0225702
0 0.18622 0.43647 0.0162514 0.0221737
0 0.489053 0.351021 0.015741 0.0215261
0 0.338749 0.352603 0.0154967 0.0193328
0 0.446657 0.2866 0.0183823 0.0265478
0 0.389668 0.361002 0.0142035 0.0188565
0 0.34438 0.412941 0.0144457 0.0241637
0 0.110565 0.505862 0.0178866 0.0195319
0 0.284798 0.392587 0.0174266 0.0223964
0 0.551986 0.456656 0.0200927 0.0266899
0 0.182368 0.487143 0.0154015 0.0205471
0 0.141395 0.395052 0.0151183 0.0201205
0 0.101225 0.447921 0.0143808 0.0219734
0 0.673554 0.569872 0.0170738 0.0245339
0 0.572801 0.34565 0.0170097 0.0236253
0 0.624098 0.364871 0.0154249 0.0240883
0 0.530157 0.315255 0.0153597 0.0205386
0 0.201627 0.416987 0.0173444 0.0225445
0 0.640457 0.383628 0.0175203 0.0267845
0 0.226497 0.429017 0.0146082 0.0217645
0 0.394749 0.292082 0.0175772 0.022485
