0 0.367992 0.420290 0.018349 0.021739
0 0.604485 0.519928 0.016310 0.025362
0 0.596330 0.440217 0.014271 0.021739
0 0.310398 0.415761 0.017329 0.023551
0 0.494393 0.293478 0.018349 0.021739
0 0.426096 0.451087 0.018349 0.025362
0 0.142712 0.381341 0.014271 0.019928
0 0.711009 0.623188 0.015291 0.018116
0 0.462793 0.423007 0.016310 0.019928
0 0.489297 0.350543 0.014271 0.019928
0 0.624873 0.442935 0.016310 0.023551
0 0.366463 0.496377 0.017329 0.025362
0 0.623853 0.557971 0.014271 0.021739
0 0.575433 0.398551 0.015291 0.021739
0 0.281346 0.502717 0.016310 0.023551
0 0.490826 0.458333 0.019368 0.025362
0 0.696228 0.513587 0.016310 0.023551
0 0.621305 0.364130 0.015291 0.021739
0 0.581549 0.315217 0.015291 0.021739
0 0.571356 0.501812 0.019368 0.025362
0 0.501019 0.394928 0.015291 0.021739
0 0.343017 0.418478 0.013252 0.021739
0 0.161570 0.531703 0.015291 0.019928
0 0.526504 0.479167 0.015291 0.027174
0 0.665138 0.349638 0.015291 0.021739
0 0.181448 0.485507 0.016310 0.021739
0 0.551988 0.462862 0.015291 0.019928
0 0.206932 0.536232 0.014271 0.018116
0 0.534149 0.392210 0.018349 0.023551
0 0.229867 0.355978 0.015291 0.023551
0 0.362895 0.550725 0.016310 0.021739
0 0.441896 0.548913 0.019368 0.025362
0 0.197248 0.422101 0.017329 0.018116
0 0.457696 0.482790 0.016310 0.023551
0 0.669215 0.557065 0.015291 0.023551
0 0.477574 0.337862 0.011213 0.019928
0 0.072375 0.471920 0.014271 0.019928
0 0.103976 0.403986 0.014271 0.018116
0 0.330785 0.519022 0.015291 0.023551
0 0.248216 0.503623 0.017329 0.025362
0 0.530071 0.314312 0.016310 0.019928
0 0.422528 0.282609 0.015291 0.025362
0 0.537717 0.564312 0.015291 0.023551
0 0.370540 0.347826 0.015291 0.021739
0 0.133028 0.528080 0.015291 0.019928
0 0.394495 0.445652 0.016310 0.018116
0 0.064220 0.512681 0.016310 0.021739
0 0.425586 0.380435 0.017329 0.025362
0 0.181957 0.368659 0.015291 0.019928
0 0.034149 0.493659 0.015291 0.019928
0 0.283894 0.390399 0.017329 0.023551
0 0.306830 0.336051 0.014271 0.019928
0 0.225280 0.436594 0.018349 0.025362
0 0.141692 0.471920 0.014271 0.023551
0 0.027013 0.423913 0.011213 0.018116
0 0.391947 0.293478 0.017329 0.025362
0 0.474516 0.282609 0.015291 0.018116
0 0.667176 0.461051 0.013252 0.023551
0 0.659021 0.394928 0.013252 0.025362
0 0.667176 0.612319 0.013252 0.025362
0 0.645260 0.545290 0.014271 0.025362
0 0.262487 0.581522 0.017329 0.025362
0 0.224771 0.478261 0.015291 0.018116
0 0.183996 0.436594 0.015291 0.025362
0 0.156983 0.424819 0.016310 0.016304
0 0.152396 0.334239 0.013252 0.019928
0 0.197757 0.355072 0.014271 0.018116
0 0.136086 0.313406 0.013252 0.021739
0 0.120795 0.374094 0.013252 0.016304
0 0.090214 0.355072 0.015291 0.021739
0 0.073394 0.383152 0.012232 0.016304
0 0.060652 0.375000 0.009174 0.014493
0 0.037717 0.411232 0.010194 0.010870
0 0.008665 0.383152 0.011213 0.016304
0 0.019878 0.528986 0.013252 0.028986
0 0.010703 0.486413 0.013252 0.016304
0 0.456677 0.733696 0.014271 0.025362
0 0.657492 0.865942 0.014271 0.025362
0 0.803772 0.642210 0.017329 0.023551
0 0.855759 0.451087 0.013252 0.021739
0 0.894495 0.259964 0.009174 0.012681
0 0.881244 0.201993 0.013252 0.023551
0 0.330785 0.369565 0.015291 0.028986
0 0.255861 0.343297 0.014271 0.019928
0 0.260449 0.397645 0.013252 0.023551
0 0.093272 0.480072 0.013252 0.018116
0 0.111111 0.502717 0.012232 0.012681
0 0.097859 0.524457 0.014271 0.019928
0 0.103976 0.445652 0.016310 0.018116
0 0.193680 0.523551 0.014271 0.021739
0 0.323140 0.461051 0.014271 0.016304
