0 0.445973 0.509964 0.017329 0.023551
0 0.461264 0.417572 0.019368 0.027174
0 0.570846 0.485507 0.016310 0.021739
0 0.206422 0.382246 0.015291 0.021739
0 0.277778 0.526268 0.019368 0.027174
0 0.517329 0.489130 0.015291 0.021739
0 0.610092 0.486413 0.015291 0.023551
0 0.528033 0.515399 0.014271 0.023551
0 0.545872 0.418478 0.015291 0.025362
0 0.655454 0.419384 0.014271 0.023551
0 0.595311 0.415761 0.014271 0.023551
0 0.580020 0.348732 0.014271 0.023551
0 0.344037 0.524457 0.017329 0.023551
0 0.348624 0.375000 0.020387 0.021739
0 0.645260 0.518116 0.014271 0.025362
0 0.388379 0.371377 0.012232 0.018116
0 0.241081 0.538043 0.015291 0.021739
0 0.323140 0.532609 0.018349 0.021739
0 0.448522 0.346014 0.018349 0.025362
0 0.628440 0.574275 0.015291 0.021739
0 0.504587 0.707428 0.016310 0.023551
0 0.364934 0.442029 0.018349 0.021739
0 0.281855 0.441123 0.015291 0.023551
0 0.388889 0.523551 0.019368 0.025362
0 0.654944 0.689312 0.013252 0.016304
0 0.325688 0.532609 0.017329 0.021739
0 0.660041 0.611413 0.011213 0.019928
0 0.680938 0.540761 0.014271 0.027174
0 0.673802 0.472826 0.012232 0.028986
0 0.806320 0.642210 0.012232 0.019928
0 0.882263 0.201087 0.013252 0.025362
0 0.875637 0.806159 0.008155 0.025362
0 0.649847 0.901268 0.013252 0.019928
0 0.661060 0.787138 0.011213 0.019928
0 0.535678 0.342391 0.017329 0.025362
0 0.537207 0.982790 0.014271 0.027174
0 0.306830 0.344203 0.020387 0.018116
0 0.247706 0.363225 0.014271 0.023551
0 0.216106 0.443841 0.014271 0.025362
0 0.205403 0.499094 0.015291 0.019928
0 0.219164 0.543478 0.016310 0.021739
0 0.156983 0.459239 0.016310 0.019928
0 0.121814 0.468297 0.015291 0.019928
0 0.128950 0.508152 0.011213 0.019928
0 0.136595 0.350543 0.012232 0.019928
0 0.182977 0.361413 0.013252 0.019928
