0 0.548930 0.489130 0.015291 0.018116
0 0.518349 0.484601 0.017329 0.019928
0 0.570846 0.547101 0.014271 0.025362
0 0.484200 0.452899 0.016310 0.025362
0 0.456167 0.399457 0.017329 0.019928
0 0.571356 0.436594 0.015291 0.021739
0 0.507645 0.396739 0.016310 0.021739
0 0.855250 0.420290 0.014271 0.018116
0 0.868502 0.468297 0.020387 0.019928
0 0.687054 0.538043 0.018349 0.025362
0 0.646279 0.462862 0.016310 0.019928
0 0.484709 0.533514 0.015291 0.019928
0 0.734964 0.395833 0.014271 0.019928
0 0.504587 0.579710 0.016310 0.025362
0 0.928135 0.536232 0.013252 0.018116
0 0.882263 0.439312 0.013252 0.019928
0 0.942406 0.533514 0.013252 0.016304
0 0.719164 0.473732 0.013252 0.023551
0 0.587666 0.608696 0.015291 0.025362
0 0.930683 0.426630 0.014271 0.016304
0 0.908257 0.469203 0.014271 0.018116
0 0.891947 0.502717 0.014271 0.019928
0 0.638634 0.418478 0.013252 0.018116
0 0.991845 0.570652 0.008155 0.014493
0 0.951580 0.727355 0.007136 0.016304
0 0.851172 0.617754 0.012232 0.018116
0 0.908257 0.542572 0.008155 0.012681
0 0.930683 0.517210 0.008155 0.012681
0 0.940877 0.510870 0.006116 0.014493
0 0.951580 0.528986 0.007136 0.018116
0 0.959735 0.536232 0.007136 0.014493
0 0.957187 0.519022 0.006116 0.012681
0 0.949032 0.505435 0.006116 0.014493
0 0.966361 0.503623 0.004077 0.007246
0 0.973496 0.506341 0.006116 0.012681
0 0.977574 0.498188 0.006116 0.010870
0 0.967890 0.514493 0.009174 0.014493
0 0.968909 0.484601 0.007136 0.012681
0 0.962283 0.484601 0.006116 0.012681
0 0.958716 0.496377 0.009174 0.014493
0 0.963303 0.471920 0.008155 0.012681
0 0.960245 0.453804 0.006116 0.012681
0 0.969929 0.435688 0.007136 0.016304
0 0.956677 0.421196 0.007136 0.012681
0 0.950561 0.396739 0.009174 0.014493
0 0.958716 0.390399 0.011213 0.016304
0 0.959735 0.373188 0.007136 0.010870
0 0.945464 0.425725 0.007136 0.010870
0 0.953619 0.442029 0.011213 0.014493
0 0.949032 0.451993 0.006116 0.016304
0 0.955657 0.469203 0.009174 0.018116
0 0.947503 0.469203 0.009174 0.010870
0 0.944444 0.490942 0.007136 0.010870
0 0.936290 0.491848 0.007136 0.009058
0 0.932212 0.481884 0.009174 0.010870
0 0.925076 0.481884 0.009174 0.014493
0 0.922528 0.466486 0.008155 0.012681
0 0.936290 0.445652 0.007136 0.014493
0 0.919980 0.435688 0.009174 0.012681
0 0.928135 0.406703 0.009174 0.012681
0 0.936290 0.384058 0.007136 0.014493
0 0.938838 0.355978 0.006116 0.012681
0 0.926606 0.376812 0.008155 0.014493
0 0.913863 0.365036 0.007136 0.012681
0 0.914373 0.342391 0.008155 0.014493
0 0.912844 0.396739 0.009174 0.018116
0 0.898573 0.451087 0.011213 0.014493
0 0.903670 0.500000 0.009174 0.014493
0 0.847604 0.515399 0.009174 0.016304
0 0.836901 0.457428 0.012232 0.019928
0 0.873598 0.411232 0.010194 0.014493
0 0.891437 0.373188 0.009174 0.014493
0 0.874108 0.373188 0.013252 0.018116
0 0.865953 0.338768 0.007136 0.014493
0 0.832314 0.353261 0.011213 0.014493
0 0.825178 0.432971 0.011213 0.018116
0 0.791539 0.490942 0.011213 0.018116
0 0.797655 0.440217 0.011213 0.021739
0 0.790520 0.370471 0.013252 0.019928
0 0.750255 0.519022 0.012232 0.016304
0 0.750765 0.571558 0.013252 0.019928
0 0.686035 0.437500 0.014271 0.023551
0 0.659021 0.365942 0.013252 0.021739
0 0.627931 0.520833 0.014271 0.016304
0 0.642712 0.548007 0.013252 0.019928
0 0.600408 0.486413 0.012232 0.016304
0 0.576453 0.359601 0.015291 0.019928
0 0.512232 0.362319 0.017329 0.018116
0 0.430173 0.571558 0.014271 0.019928
0 0.382773 0.560688 0.015291 0.019928
0 0.378695 0.519928 0.013252 0.018116
0 0.316004 0.501812 0.016310 0.014493
0 0.322120 0.577899 0.014271 0.021739
0 0.282365 0.525362 0.014271 0.018116
0 0.270642 0.434783 0.013252 0.021739
0 0.231906 0.466486 0.011213 0.016304
0 0.237003 0.537138 0.015291 0.016304
0 0.286952 0.030797 0.011213 0.014493
