0 0.853721 0.495471 0.013252 0.019928
0 0.843527 0.440217 0.015291 0.018116
0 0.744648 0.502717 0.015291 0.019928
0 0.604485 0.519022 0.018349 0.023551
0 0.830275 0.402174 0.015291 0.018116
0 0.829766 0.487319 0.014271 0.018116
0 0.793578 0.430254 0.013252 0.019928
0 0.776758 0.501812 0.014271 0.021739
0 0.897044 0.442029 0.012232 0.014493
0 0.754332 0.381341 0.014271 0.019928
0 0.848624 0.423007 0.015291 0.012681
0 0.710499 0.524457 0.014271 0.016304
0 0.834353 0.359601 0.015291 0.019928
0 0.805810 0.452899 0.013252 0.021739
0 0.942915 0.536232 0.012232 0.018116
0 0.810907 0.520833 0.015291 0.023551
0 0.967890 0.510870 0.015291 0.018116
0 0.894495 0.460145 0.015291 0.018116
0 0.616718 0.449275 0.012232 0.028986
0 0.856269 0.543478 0.012232 0.021739
0 0.905708 0.439312 0.013252 0.016304
0 0.950561 0.442029 0.013252 0.018116
0 0.679409 0.474638 0.015291 0.021739
0 0.701325 0.446558 0.010194 0.016304
0 0.740571 0.569746 0.013252 0.019928
0 0.762997 0.555254 0.015291 0.016304
0 0.821611 0.573370 0.012232 0.016304
0 0.838940 0.521739 0.008155 0.018116
0 0.798165 0.474638 0.012232 0.018116
0 0.809888 0.420290 0.011213 0.018116
0 0.779817 0.368659 0.014271 0.019928
0 0.779817 0.323370 0.010194 0.016304
0 0.801223 0.316123 0.008155 0.016304
0 0.815494 0.322464 0.010194 0.018116
0 0.852192 0.337862 0.012232 0.016304
0 0.861876 0.382246 0.013252 0.018116
0 0.861366 0.428442 0.010194 0.016304
0 0.869011 0.403080 0.009174 0.019928
0 0.875127 0.445652 0.011213 0.018116
0 0.871050 0.484601 0.011213 0.012681
0 0.882773 0.541667 0.008155 0.018116
0 0.913354 0.529891 0.010194 0.012681
0 0.927625 0.528080 0.008155 0.012681
0 0.930173 0.512681 0.007136 0.010870
0 0.937819 0.507246 0.006116 0.014493
0 0.949032 0.508152 0.008155 0.009058
0 0.951580 0.527174 0.005097 0.014493
0 0.958206 0.520833 0.006116 0.012681
0 0.958716 0.544384 0.009174 0.016304
0 0.977064 0.510870 0.005097 0.010870
0 0.989806 0.567935 0.006116 0.009058
0 0.954638 0.723732 0.007136 0.016304
0 0.931702 0.568841 0.010194 0.014493
0 0.911315 0.497283 0.010194 0.016304
0 0.903670 0.494565 0.011213 0.014493
0 0.909786 0.471014 0.009174 0.014493
0 0.923547 0.455616 0.010194 0.019928
0 0.924567 0.484601 0.008155 0.016304
0 0.932212 0.475543 0.007136 0.012681
0 0.936799 0.487319 0.008155 0.010870
0 0.942915 0.486413 0.006116 0.012681
0 0.952599 0.483696 0.005097 0.010870
0 0.963303 0.488225 0.006116 0.009058
0 0.953619 0.459239 0.007136 0.012681
0 0.947503 0.455616 0.009174 0.012681
0 0.946993 0.467391 0.006116 0.010870
0 0.934251 0.442935 0.009174 0.016304
0 0.930173 0.431159 0.007136 0.014493
0 0.931193 0.406703 0.007136 0.012681
0 0.926606 0.412138 0.010194 0.016304
0 0.919470 0.411232 0.010194 0.014493
0 0.910296 0.407609 0.010194 0.018116
0 0.897554 0.401268 0.011213 0.016304
0 0.886340 0.409420 0.009174 0.014493
0 0.888379 0.370471 0.007136 0.016304
0 0.876147 0.367754 0.011213 0.014493
0 0.898063 0.361413 0.008155 0.016304
0 0.904179 0.338768 0.010194 0.010870
0 0.911315 0.363225 0.006116 0.009058
0 0.918960 0.354167 0.009174 0.016304
0 0.930683 0.354167 0.012232 0.012681
0 0.944954 0.339674 0.008155 0.012681
0 0.948012 0.365036 0.008155 0.012681
0 0.935270 0.381341 0.007136 0.012681
0 0.951580 0.390399 0.007136 0.016304
0 0.958206 0.387681 0.008155 0.010870
0 0.966361 0.392210 0.006116 0.012681
0 0.960754 0.412138 0.007136 0.009058
0 0.958206 0.423913 0.008155 0.014493
0 0.949032 0.415761 0.010194 0.016304
0 0.970948 0.440217 0.007136 0.014493
0 0.976555 0.463768 0.006116 0.010870
0 0.958206 0.357790 0.008155 0.012681
