0 0.832314 0.425725 0.015291 0.018116
0 0.841998 0.516304 0.014271 0.021739
0 0.905199 0.442029 0.012232 0.014493
0 0.775739 0.552536 0.012232 0.018116
0 0.812946 0.430254 0.013252 0.023551
0 0.913354 0.504529 0.012232 0.019928
0 0.819572 0.513587 0.014271 0.019928
0 0.674312 0.399457 0.015291 0.023551
0 0.882263 0.489130 0.015291 0.018116
0 0.846585 0.564312 0.011213 0.016304
0 0.865443 0.485507 0.014271 0.018116
0 0.895005 0.471014 0.012232 0.018116
0 0.865443 0.440217 0.014271 0.018116
0 0.669215 0.478261 0.015291 0.021739
0 0.729358 0.437500 0.013252 0.019928
0 0.840469 0.447464 0.013252 0.018116
0 0.727319 0.490942 0.017329 0.021739
0 0.776758 0.473732 0.014271 0.023551
0 0.855759 0.486413 0.015291 0.016304
0 0.946483 0.773551 0.007136 0.014493
0 0.935270 0.865036 0.007136 0.016304
0 0.935780 0.720109 0.010194 0.016304
0 0.958206 0.644928 0.010194 0.018116
0 0.910805 0.616848 0.013252 0.019928
0 0.958206 0.579710 0.010194 0.014493
0 0.991335 0.569746 0.007136 0.012681
0 0.955148 0.529891 0.008155 0.012681
0 0.939857 0.533514 0.010194 0.012681
0 0.947503 0.506341 0.007136 0.016304
0 0.953619 0.493659 0.007136 0.012681
0 0.960754 0.489130 0.005097 0.014493
0 0.953619 0.466486 0.007136 0.009058
0 0.947503 0.483696 0.007136 0.014493
0 0.943425 0.470109 0.007136 0.009058
0 0.947503 0.451993 0.007136 0.016304
0 0.952090 0.437500 0.006116 0.012681
0 0.949541 0.415761 0.007136 0.012681
0 0.941896 0.388587 0.008155 0.012681
0 0.931193 0.403986 0.009174 0.010870
0 0.936290 0.425725 0.009174 0.018116
0 0.925076 0.428442 0.009174 0.012681
0 0.925586 0.466486 0.008155 0.012681
0 0.918960 0.461957 0.011213 0.010870
0 0.922018 0.488225 0.009174 0.016304
0 0.929154 0.497283 0.009174 0.012681
0 0.925586 0.383152 0.006116 0.012681
0 0.918960 0.383152 0.007136 0.012681
0 0.905199 0.391304 0.008155 0.014493
0 0.886850 0.412138 0.008155 0.012681
0 0.873089 0.380435 0.009174 0.010870
0 0.902650 0.337862 0.007136 0.012681
0 0.919980 0.338768 0.007136 0.014493
0 0.855250 0.335145 0.010194 0.014493
0 0.849643 0.394022 0.009174 0.016304
0 0.823649 0.384058 0.012232 0.014493
0 0.841998 0.335145 0.012232 0.014493
0 0.821101 0.330616 0.009174 0.016304
0 0.793578 0.375000 0.011213 0.018116
0 0.873598 0.541667 0.008155 0.014493
0 0.798165 0.523551 0.012232 0.014493
0 0.749235 0.518116 0.010194 0.021739
0 0.058104 0.320652 0.008155 0.010870
0 0.043323 0.353261 0.007136 0.010870
0 0.055556 0.365036 0.009174 0.012681
0 0.048930 0.388587 0.006116 0.009058
0 0.060652 0.420290 0.007136 0.010870
0 0.046381 0.440217 0.007136 0.007246
0 0.058614 0.451087 0.009174 0.010870
0 0.042304 0.458333 0.009174 0.010870
