0 0.810907 0.531703 0.015291 0.019928
0 0.779817 0.409420 0.014271 0.021739
0 0.743629 0.506341 0.015291 0.019928
0 0.796636 0.471920 0.015291 0.023551
0 0.776249 0.501812 0.013252 0.018116
0 0.843527 0.450181 0.013252 0.019928
0 0.626911 0.508152 0.014271 0.019928
0 0.609582 0.432971 0.014271 0.021739
0 0.798675 0.423913 0.013252 0.014493
0 0.855759 0.501812 0.013252 0.021739
0 0.877166 0.442029 0.013252 0.018116
0 0.893986 0.538949 0.012232 0.019928
0 0.831804 0.488225 0.014271 0.019928
0 0.708461 0.534420 0.016310 0.018116
0 0.697248 0.441123 0.014271 0.016304
0 0.948522 0.505435 0.007136 0.018116
0 0.876656 0.506341 0.012232 0.016304
0 0.929664 0.448370 0.014271 0.016304
0 0.916922 0.465580 0.011213 0.014493
0 0.805810 0.451087 0.013252 0.021739
0 0.893986 0.474638 0.014271 0.021739
0 0.813456 0.417572 0.010194 0.019928
0 0.838430 0.390399 0.011213 0.016304
0 0.753313 0.377717 0.014271 0.016304
0 0.686035 0.491848 0.014271 0.016304
0 0.737513 0.558877 0.009174 0.019928
0 0.765036 0.562500 0.015291 0.019928
0 0.821611 0.574275 0.010194 0.014493
0 0.856269 0.547101 0.008155 0.014493
0 0.837920 0.519022 0.008155 0.016304
0 0.850663 0.427536 0.011213 0.018116
0 0.861876 0.430254 0.011213 0.019928
0 0.872579 0.405797 0.010194 0.018116
0 0.887360 0.419384 0.009174 0.016304
0 0.860347 0.384964 0.010194 0.019928
0 0.853721 0.341486 0.011213 0.019928
0 0.838430 0.329710 0.011213 0.014493
0 0.821101 0.326993 0.011213 0.016304
0 0.801733 0.324275 0.011213 0.014493
0 0.779307 0.322464 0.013252 0.021739
0 0.921509 0.534420 0.008155 0.018116
0 0.931702 0.525362 0.006116 0.010870
0 0.940877 0.510870 0.006116 0.014493
0 0.958206 0.599638 0.008155 0.014493
0 0.959735 0.558877 0.009174 0.016304
0 0.947503 0.528080 0.007136 0.012681
0 0.956677 0.529891 0.007136 0.016304
0 0.963812 0.522645 0.005097 0.012681
0 0.967380 0.512681 0.006116 0.007246
0 0.954128 0.504529 0.006116 0.016304
0 0.954128 0.479167 0.006116 0.012681
0 0.964832 0.468297 0.007136 0.009058
0 0.969419 0.475543 0.004077 0.012681
0 0.944444 0.487319 0.007136 0.014493
0 0.938838 0.481884 0.008155 0.014493
0 0.930683 0.476449 0.006116 0.014493
0 0.919470 0.500000 0.008155 0.010870
0 0.907238 0.507246 0.010194 0.014493
0 0.906728 0.433877 0.007136 0.012681
0 0.897044 0.445652 0.006116 0.014493
0 0.908257 0.401268 0.008155 0.016304
0 0.897044 0.401268 0.010194 0.019928
0 0.875127 0.370471 0.009174 0.019928
0 0.887870 0.365942 0.006116 0.014493
0 0.903670 0.365942 0.007136 0.014493
0 0.908257 0.338768 0.008155 0.014493
0 0.919470 0.365942 0.010194 0.018116
0 0.927115 0.346920 0.005097 0.012681
0 0.950561 0.348732 0.005097 0.009058
0 0.953619 0.377717 0.007136 0.012681
0 0.958716 0.399457 0.005097 0.009058
0 0.972477 0.416667 0.004077 0.010870
0 0.963303 0.445652 0.006116 0.010870
0 0.950561 0.454710 0.009174 0.014493
0 0.947503 0.433877 0.007136 0.009058
0 0.943935 0.413043 0.008155 0.014493
0 0.933231 0.426630 0.007136 0.016304
0 0.926606 0.413949 0.008155 0.012681
0 0.920489 0.409420 0.008155 0.010870
0 0.932212 0.400362 0.007136 0.014493
0 0.938838 0.384058 0.006116 0.014493
0 0.932722 0.375906 0.010194 0.016304
0 0.897554 0.645833 0.013252 0.016304
0 0.991845 0.572464 0.006116 0.010870
0 0.946993 0.798007 0.008155 0.016304
0 0.938838 0.858696 0.010194 0.014493
0 0.937819 0.715580 0.008155 0.014493
0 0.992355 0.721014 0.005097 0.010870
