0 0.935270 0.864130 0.007136 0.018116
0 0.963812 0.868659 0.007136 0.012681
0 0.952090 0.809783 0.008155 0.014493
0 0.936799 0.711957 0.008155 0.018116
0 0.989806 0.587862 0.006116 0.012681
0 0.975025 0.355072 0.007136 0.014493
0 0.069827 0.271739 0.009174 0.014493
0 0.085117 0.326087 0.009174 0.010870
0 0.074924 0.325181 0.009174 0.016304
0 0.053517 0.271739 0.009174 0.014493
0 0.061162 0.321558 0.006116 0.012681
0 0.083078 0.381341 0.007136 0.012681
0 0.068807 0.367754 0.007136 0.010870
0 0.044343 0.354167 0.007136 0.012681
0 0.038226 0.338768 0.007136 0.010870
0 0.041284 0.309783 0.007136 0.010870
0 0.048930 0.320652 0.006116 0.007246
0 0.046891 0.395833 0.006116 0.009058
0 0.063201 0.415761 0.006116 0.012681
0 0.060143 0.436594 0.006116 0.010870
0 0.050459 0.445652 0.005097 0.010870
0 0.043323 0.418478 0.007136 0.010870
0 0.037717 0.401268 0.006116 0.012681
0 0.018858 0.432971 0.007136 0.010870
0 0.055556 0.471014 0.007136 0.010870
0 0.059123 0.477355 0.008155 0.016304
0 0.077982 0.462862 0.009174 0.016304
