0 0.743119 0.493659 0.014271 0.019928
0 0.751274 0.371377 0.014271 0.021739
0 0.801223 0.418478 0.012232 0.018116
0 0.617227 0.513587 0.015291 0.023551
0 0.817533 0.520833 0.014271 0.023551
0 0.778797 0.506341 0.016310 0.019928
0 0.905708 0.530797 0.011213 0.018116
0 0.711009 0.514493 0.017329 0.021739
0 0.785933 0.375000 0.014271 0.018116
0 0.881244 0.509058 0.017329 0.018116
0 0.870031 0.399457 0.015291 0.016304
0 0.860856 0.418478 0.013252 0.018116
0 0.870031 0.468297 0.013252 0.016304
0 0.765036 0.561594 0.013252 0.021739
0 0.906728 0.412138 0.009174 0.016304
0 0.938328 0.721920 0.009174 0.012681
0 0.952090 0.704710 0.006116 0.014493
0 0.963303 0.656703 0.008155 0.009058
0 0.909276 0.625000 0.010194 0.014493
0 0.956167 0.581522 0.012232 0.014493
0 0.991845 0.571558 0.006116 0.009058
0 0.957187 0.541667 0.010194 0.014493
0 0.950051 0.527174 0.006116 0.010870
0 0.943425 0.523551 0.009174 0.014493
0 0.934251 0.521739 0.007136 0.014493
0 0.929664 0.501812 0.008155 0.014493
0 0.920999 0.500906 0.009174 0.016304
0 0.948012 0.491848 0.008155 0.012681
0 0.958716 0.511775 0.007136 0.012681
0 0.957696 0.495471 0.011213 0.016304
0 0.972987 0.501812 0.009174 0.010870
0 0.822120 0.576087 0.011213 0.014493
0 0.856779 0.548913 0.009174 0.014493
0 0.831295 0.500906 0.009174 0.016304
0 0.843017 0.503623 0.010194 0.018116
0 0.862385 0.496377 0.012232 0.014493
0 0.796636 0.477355 0.013252 0.019928
0 0.806830 0.445652 0.009174 0.018116
0 0.844546 0.442029 0.011213 0.018116
0 0.822630 0.405797 0.010194 0.014493
0 0.886340 0.450181 0.009174 0.012681
0 0.904689 0.453804 0.007136 0.012681
0 0.912334 0.464674 0.008155 0.012681
0 0.902141 0.481884 0.010194 0.018116
0 0.925586 0.470109 0.008155 0.016304
0 0.935270 0.467391 0.009174 0.018116
0 0.955657 0.467391 0.009174 0.014493
0 0.957187 0.482790 0.006116 0.009058
0 0.952599 0.451087 0.007136 0.014493
0 0.956677 0.435688 0.007136 0.012681
0 0.963303 0.421196 0.008155 0.012681
0 0.965851 0.398551 0.007136 0.014493
0 0.937819 0.408514 0.008155 0.016304
0 0.944444 0.402174 0.009174 0.014493
0 0.950561 0.396739 0.007136 0.014493
0 0.941386 0.384058 0.007136 0.014493
0 0.951580 0.368659 0.007136 0.016304
0 0.937309 0.350543 0.009174 0.012681
0 0.928644 0.388587 0.010194 0.023551
0 0.917431 0.416667 0.012232 0.014493
0 0.925076 0.433877 0.009174 0.016304
0 0.934251 0.431159 0.007136 0.018116
0 0.938838 0.437500 0.008155 0.019928
0 0.909276 0.375000 0.010194 0.014493
0 0.895005 0.401268 0.008155 0.016304
0 0.887360 0.390399 0.011213 0.016304
0 0.887360 0.346014 0.009174 0.014493
0 0.852192 0.336957 0.008155 0.014493
0 0.844546 0.365942 0.009174 0.018116
0 0.827727 0.324275 0.010194 0.018116
0 0.805301 0.330616 0.012232 0.019928
0 0.776758 0.318841 0.010194 0.018116
0 0.737513 0.548007 0.011213 0.019928
0 0.683996 0.497283 0.012232 0.019928
0 0.702345 0.444746 0.010194 0.019928
0 0.610601 0.436594 0.012232 0.021739
