0 0.447503 0.506341 0.016310 0.023551
0 0.368502 0.625000 0.017329 0.021739
0 0.539755 0.530797 0.019368 0.025362
0 0.314985 0.463768 0.014271 0.018116
0 0.489806 0.452899 0.017329 0.025362
0 0.577472 0.453804 0.013252 0.023551
0 0.094801 0.534420 0.018349 0.021739
0 0.219164 0.503623 0.018349 0.021739
0 0.423547 0.414855 0.015291 0.021739
0 0.391947 0.529891 0.011213 0.019928
0 0.123853 0.556159 0.015291 0.018116
0 0.939348 0.504529 0.011213 0.019928
0 0.917431 0.471014 0.014271 0.018116
0 0.882773 0.511775 0.010194 0.016304
0 0.428135 0.570652 0.016310 0.025362
0 0.151886 0.306159 0.012232 0.014493
0 0.956167 0.714674 0.008155 0.012681
0 0.870031 0.738225 0.011213 0.019928
0 0.960245 0.534420 0.008155 0.010870
0 0.950561 0.536232 0.007136 0.014493
0 0.940877 0.519022 0.006116 0.012681
0 0.950051 0.500000 0.006116 0.018116
0 0.956677 0.516304 0.007136 0.014493
0 0.955657 0.490036 0.007136 0.016304
0 0.961264 0.482790 0.008155 0.012681
0 0.963812 0.466486 0.007136 0.016304
0 0.949032 0.479167 0.010194 0.012681
0 0.953619 0.455616 0.007136 0.016304
0 0.945973 0.458333 0.010194 0.014493
0 0.943935 0.442029 0.008155 0.014493
0 0.937819 0.425725 0.006116 0.018116
0 0.950561 0.421196 0.009174 0.012681
0 0.933741 0.428442 0.008155 0.019928
0 0.953619 0.388587 0.007136 0.012681
0 0.925586 0.490942 0.008155 0.018116
0 0.906728 0.524457 0.009174 0.016304
0 0.908767 0.432971 0.009174 0.018116
0 0.903160 0.396739 0.008155 0.014493
0 0.860856 0.390399 0.009174 0.012681
0 0.841998 0.421196 0.010194 0.016304
0 0.863914 0.461051 0.009174 0.016304
0 0.796126 0.532609 0.012232 0.018116
0 0.780836 0.490942 0.010194 0.014493
0 0.796126 0.424819 0.012232 0.016304
0 0.806320 0.367754 0.010194 0.014493
0 0.718145 0.442029 0.013252 0.018116
0 0.719674 0.482790 0.016310 0.023551
0 0.685525 0.427536 0.013252 0.014493
0 0.640163 0.554348 0.014271 0.021739
0 0.365953 0.455616 0.016310 0.019928
0 0.346585 0.559783 0.012232 0.018116
0 0.341998 0.512681 0.013252 0.018116
0 0.354230 0.414855 0.013252 0.018116
0 0.318043 0.380435 0.012232 0.018116
0 0.287462 0.418478 0.012232 0.018116
0 0.264526 0.403080 0.013252 0.019928
0 0.221713 0.346920 0.011213 0.016304
0 0.199796 0.294384 0.010194 0.016304
0 0.175841 0.347826 0.011213 0.018116
0 0.105505 0.269928 0.009174 0.014493
0 0.092762 0.342391 0.008155 0.014493
0 0.097350 0.362319 0.009174 0.014493
0 0.136086 0.353261 0.009174 0.014493
0 0.143731 0.375000 0.014271 0.018116
0 0.160041 0.367754 0.010194 0.018116
0 0.176860 0.392210 0.013252 0.016304
0 0.209480 0.402174 0.013252 0.014493
0 0.214067 0.440217 0.014271 0.014493
0 0.250765 0.464674 0.014271 0.019928
0 0.234455 0.481884 0.012232 0.014493
0 0.245158 0.519928 0.009174 0.018116
0 0.243629 0.570652 0.014271 0.018116
0 0.211009 0.565217 0.012232 0.018116
0 0.183486 0.611413 0.012232 0.016304
0 0.179918 0.569746 0.011213 0.012681
0 0.186035 0.530797 0.009174 0.014493
0 0.190112 0.490036 0.011213 0.012681
0 0.186544 0.453804 0.012232 0.016304
0 0.198267 0.361413 0.011213 0.016304
0 0.156473 0.419384 0.009174 0.012681
0 0.140673 0.426630 0.012232 0.016304
0 0.150866 0.468297 0.012232 0.012681
0 0.170234 0.500906 0.010194 0.009058
0 0.141692 0.520833 0.006116 0.012681
0 0.134047 0.570652 0.011213 0.014493
0 0.117737 0.530797 0.013252 0.014493
0 0.107543 0.502717 0.009174 0.012681
0 0.115189 0.485507 0.010194 0.014493
0 0.137615 0.481884 0.010194 0.014493
0 0.121305 0.430254 0.012232 0.012681
0 0.106014 0.394928 0.010194 0.014493
0 0.079511 0.394928 0.010194 0.014493
0 0.091233 0.413043 0.011213 0.010870
0 0.091743 0.439312 0.008155 0.012681
0 0.090724 0.463768 0.008155 0.010870
0 0.094292 0.481884 0.007136 0.007246
0 0.065749 0.453804 0.009174 0.009058
0 0.086646 0.498188 0.008155 0.010870
