0 0.508155 0.446558 0.017329 0.019928
0 0.453619 0.512681 0.016310 0.021739
0 0.255352 0.426630 0.015291 0.019928
0 0.577472 0.615036 0.013252 0.019928
0 0.482161 0.551630 0.016310 0.019928
0 0.711009 0.508152 0.017329 0.016304
0 0.607034 0.535326 0.015291 0.019928
0 0.551988 0.553442 0.015291 0.019928
0 0.634047 0.462862 0.014271 0.019928
0 0.955657 0.715580 0.009174 0.014493
0 0.993374 0.569746 0.009174 0.016304
0 0.881753 0.678442 0.014271 0.019928
0 0.953619 0.507246 0.009174 0.014493
0 0.891947 0.474638 0.008155 0.010870
0 0.930683 0.143116 0.010194 0.014493
0 0.850663 0.544384 0.009174 0.012681
0 0.848114 0.509964 0.008155 0.012681
0 0.810907 0.484601 0.007136 0.016304
0 0.814475 0.439312 0.008155 0.016304
0 0.845056 0.409420 0.012232 0.018116
0 0.767074 0.407609 0.011213 0.018116
0 0.705912 0.375000 0.011213 0.014493
0 0.727319 0.575181 0.013252 0.016304
0 0.651376 0.553442 0.014271 0.019928
0 0.650866 0.505435 0.011213 0.018116
0 0.610092 0.418478 0.015291 0.021739
0 0.620795 0.364130 0.014271 0.018116
0 0.491335 0.501812 0.016310 0.018116
0 0.490316 0.387681 0.014271 0.025362
0 0.322120 0.426630 0.014271 0.019928
0 0.316514 0.586957 0.013252 0.014493
0 0.276758 0.548913 0.011213 0.018116
0 0.274210 0.499094 0.012232 0.016304
0 0.266055 0.447464 0.010194 0.014493
0 0.252803 0.382246 0.012232 0.018116
0 0.233435 0.342391 0.010194 0.025362
0 0.223242 0.398551 0.012232 0.014493
0 0.227319 0.479167 0.012232 0.016304
0 0.232416 0.580616 0.012232 0.016304
0 0.172273 0.549819 0.010194 0.012681
0 0.151886 0.572464 0.010194 0.010870
0 0.182977 0.504529 0.013252 0.016304
0 0.168705 0.482790 0.011213 0.012681
0 0.172783 0.444746 0.011213 0.016304
0 0.162589 0.384964 0.011213 0.016304
0 0.178899 0.347826 0.009174 0.014493
0 0.174822 0.294384 0.009174 0.016304
0 0.147808 0.311594 0.014271 0.014493
0 0.130479 0.297101 0.010194 0.010870
0 0.136595 0.335145 0.010194 0.010870
0 0.148318 0.359601 0.013252 0.016304
0 0.137615 0.402174 0.012232 0.018116
0 0.146279 0.422101 0.007136 0.010870
0 0.130989 0.452899 0.009174 0.010870
0 0.145260 0.473732 0.009174 0.016304
0 0.111111 0.519022 0.012232 0.016304
0 0.101937 0.456522 0.010194 0.010870
0 0.098879 0.491848 0.010194 0.012681
0 0.089704 0.483696 0.012232 0.010870
0 0.092253 0.511775 0.011213 0.012681
0 0.081040 0.490942 0.011213 0.014493
0 0.080530 0.461957 0.010194 0.010870
0 0.082059 0.438406 0.011213 0.014493
0 0.082569 0.403080 0.006116 0.009058
0 0.114679 0.411232 0.009174 0.014493
0 0.088685 0.385870 0.010194 0.014493
0 0.097859 0.357790 0.010194 0.016304
0 0.111111 0.336957 0.012232 0.018116
0 0.108563 0.292572 0.009174 0.012681
0 0.093272 0.282609 0.007136 0.014493
0 0.084608 0.265399 0.006116 0.009058
0 0.095821 0.312500 0.008155 0.009058
0 0.092253 0.335145 0.009174 0.014493
0 0.076453 0.328804 0.010194 0.009058
0 0.075943 0.344203 0.011213 0.018116
0 0.066769 0.340580 0.007136 0.010870
0 0.053517 0.394928 0.005097 0.007246
0 0.051478 0.444746 0.007136 0.009058
0 0.061162 0.459239 0.008155 0.009058
0 0.071356 0.489130 0.010194 0.014493
0 0.051478 0.481884 0.007136 0.010870
0 0.036188 0.455616 0.009174 0.012681
0 0.027013 0.418478 0.009174 0.014493
