0 0.560652 0.422101 0.016310 0.021739
0 0.435780 0.402174 0.017329 0.021739
0 0.510194 0.270833 0.017329 0.019928
0 0.459735 0.577899 0.014271 0.018116
0 0.531091 0.399457 0.014271 0.019928
0 0.436799 0.509058 0.015291 0.021739
0 0.507645 0.096014 0.016310 0.021739
0 0.545872 0.552536 0.015291 0.018116
0 0.456677 0.313406 0.016310 0.018116
0 0.369011 0.512681 0.014271 0.018116
0 0.567788 0.509964 0.014271 0.019928
0 0.486748 0.307065 0.015291 0.019928
0 0.502548 0.212862 0.014271 0.023551
0 0.569827 0.206522 0.016310 0.018116
0 0.446483 0.241848 0.016310 0.019928
0 0.544852 0.334239 0.015291 0.019928
0 0.472987 0.196558 0.016310 0.016304
0 0.448522 0.176630 0.014271 0.016304
0 0.488277 0.394022 0.012232 0.019928
0 0.563201 0.129529 0.015291 0.019928
0 0.435780 0.462862 0.017329 0.019928
0 0.518858 0.527174 0.012232 0.021739
0 0.527013 0.637681 0.014271 0.021739
0 0.509684 0.162138 0.014271 0.019928
0 0.415902 0.192935 0.014271 0.019928
0 0.404689 0.599638 0.016310 0.021739
0 0.509684 0.353261 0.014271 0.018116
0 0.465341 0.351449 0.013252 0.021739
0 0.466871 0.090580 0.016310 0.018116
0 0.610601 0.428442 0.018349 0.023551
0 0.679409 0.265399 0.017329 0.023551
0 0.235474 0.851449 0.020387 0.028986
0 0.621814 0.445652 0.018349 0.021739
0 0.597350 0.493659 0.014271 0.019928
0 0.598369 0.757246 0.018349 0.021739
0 0.412844 0.465580 0.014271 0.021739
0 0.410296 0.240942 0.015291 0.018116
0 0.118756 0.230072 0.015291 0.021739
0 0.434760 0.194746 0.015291 0.019928
0 0.488787 0.474638 0.015291 0.025362
0 0.182467 0.386775 0.012232 0.027174
0 0.545362 0.478261 0.014271 0.021739
0 0.544343 0.278080 0.016310 0.023551
0 0.366972 0.413043 0.014271 0.021739
0 0.433231 0.283514 0.016310 0.023551
0 0.703364 0.413949 0.010194 0.019928
0 0.634557 0.598732 0.013252 0.023551
0 0.649847 0.475543 0.011213 0.016304
0 0.598879 0.543478 0.015291 0.018116
0 0.596330 0.674819 0.010194 0.019928
0 0.558104 0.711957 0.011213 0.025362
0 0.527013 0.776268 0.014271 0.027174
0 0.439348 0.653080 0.012232 0.023551
0 0.434251 0.759964 0.012232 0.023551
0 0.399083 0.664855 0.011213 0.028986
0 0.382773 0.647645 0.013252 0.019928
0 0.357798 0.620471 0.014271 0.023551
0 0.380734 0.553442 0.013252 0.027174
0 0.333333 0.503623 0.014271 0.018116
0 0.339450 0.715580 0.010194 0.021739
0 0.373089 0.769928 0.010194 0.018116
0 0.333333 0.791667 0.010194 0.021739
0 0.311417 0.692935 0.009174 0.019928
0 0.281346 0.725543 0.010194 0.019928
0 0.245158 0.721920 0.013252 0.023551
0 0.233945 0.631341 0.013252 0.019928
0 0.194190 0.533514 0.011213 0.023551
0 0.178389 0.460145 0.012232 0.025362
0 0.159531 0.362319 0.013252 0.025362
0 0.170744 0.282609 0.007136 0.021739
0 0.180938 0.153080 0.013252 0.016304
0 0.171254 0.123188 0.014271 0.018116
0 0.182467 0.039855 0.010194 0.025362
0 0.390418 0.189312 0.014271 0.019928
0 0.536188 0.211051 0.014271 0.019928
0 0.567788 0.259964 0.012232 0.019928
0 0.620795 0.250000 0.012232 0.018116
0 0.715596 0.278080 0.012232 0.023551
0 0.387870 0.244565 0.017329 0.018116
0 0.361876 0.244565 0.014271 0.014493
0 0.333333 0.243659 0.014271 0.016304
0 0.395515 0.389493 0.014271 0.021739
0 0.317023 0.388587 0.012232 0.019928
0 0.112640 0.384058 0.013252 0.021739
0 0.043323 0.259964 0.011213 0.016304
0 0.036697 0.276268 0.012232 0.019928
0 0.013252 0.361413 0.012232 0.016304
0 0.069317 0.069746 0.010194 0.023551
0 0.087666 0.009058 0.010194 0.014493
