0 0.431193 0.179348 0.014271 0.018116
0 0.624363 0.219203 0.015291 0.021739
0 0.526504 0.146739 0.017329 0.021739
0 0.502039 0.227355 0.017329 0.019928
0 0.456677 0.198370 0.014271 0.019928
0 0.430683 0.095109 0.013252 0.019928
0 0.616718 0.184783 0.016310 0.021739
0 0.571865 0.199275 0.014271 0.018116
0 0.319062 0.184783 0.014271 0.021739
0 0.377676 0.179348 0.015291 0.018116
0 0.469419 0.243659 0.015291 0.019928
0 0.555556 0.112319 0.014271 0.018116
0 0.470438 0.307065 0.015291 0.019928
0 0.477064 0.164855 0.012232 0.021739
0 0.496942 0.147645 0.013252 0.019928
0 0.347095 0.176630 0.017329 0.019928
0 0.437819 0.288043 0.017329 0.021739
0 0.394495 0.229167 0.014271 0.019928
0 0.593782 0.175725 0.015291 0.018116
0 0.641182 0.203804 0.016310 0.019928
0 0.469419 0.130435 0.013252 0.018116
0 0.428135 0.134058 0.010194 0.018116
0 0.542304 0.266304 0.014271 0.021739
0 0.575433 0.149457 0.013252 0.019928
0 0.401631 0.174819 0.014271 0.019928
0 0.673293 0.198370 0.015291 0.019928
0 0.600917 0.219203 0.013252 0.021739
0 0.542813 0.187500 0.013252 0.023551
0 0.293068 0.191123 0.013252 0.019928
0 0.530071 0.096014 0.010194 0.018116
0 0.687054 0.424819 0.016310 0.023551
0 0.650866 0.266304 0.015291 0.021739
0 0.456677 0.132246 0.010194 0.018116
0 0.694699 0.275362 0.015291 0.021739
0 0.496432 0.096014 0.012232 0.021739
0 0.464832 0.087862 0.010194 0.019928
0 0.520897 0.322464 0.014271 0.021739
0 0.545872 0.328804 0.013252 0.023551
0 0.625892 0.262681 0.010194 0.025362
0 0.592253 0.269022 0.014271 0.023551
0 0.666667 0.269022 0.012232 0.023551
0 0.676860 0.228261 0.014271 0.021739
0 0.705403 0.222826 0.010194 0.025362
0 0.728848 0.230978 0.016310 0.019928
0 0.366463 0.247283 0.015291 0.027174
0 0.330785 0.243659 0.013252 0.016304
0 0.298675 0.235507 0.010194 0.014493
0 0.269623 0.202899 0.013252 0.018116
0 0.270642 0.255435 0.011213 0.014493
0 0.312436 0.382246 0.011213 0.018116
0 0.225790 0.858696 0.011213 0.021739
0 0.108053 0.471014 0.012232 0.021739
0 0.119266 0.359601 0.014271 0.023551
