0 0.525994 0.199275 0.014271 0.021739
0 0.543833 0.204710 0.013252 0.021739
0 0.568298 0.201087 0.013252 0.018116
0 0.492355 0.137681 0.012232 0.021739
0 0.653925 0.225543 0.015291 0.019928
0 0.494393 0.418478 0.016310 0.018116
0 0.478593 0.283514 0.015291 0.019928
0 0.618247 0.242754 0.015291 0.018116
0 0.676351 0.250000 0.015291 0.021739
0 0.351682 0.170290 0.016310 0.021739
0 0.483690 0.215580 0.013252 0.021739
0 0.500510 0.199275 0.014271 0.021739
0 0.319062 0.182065 0.016310 0.019928
0 0.376656 0.180254 0.015291 0.019928
0 0.515291 0.308877 0.015291 0.019928
0 0.588175 0.171196 0.014271 0.023551
0 0.645770 0.194746 0.013252 0.023551
0 0.432722 0.096014 0.013252 0.021739
0 0.475535 0.348732 0.013252 0.019928
0 0.227319 0.855072 0.018349 0.028986
0 0.539246 0.142210 0.014271 0.023551
0 0.669725 0.197464 0.014271 0.018116
0 0.415392 0.240036 0.015291 0.019928
0 0.453619 0.196558 0.016310 0.019928
0 0.691641 0.208333 0.015291 0.021739
0 0.465341 0.181159 0.011213 0.018116
0 0.535168 0.103261 0.014271 0.021739
0 0.517839 0.160326 0.014271 0.019928
0 0.615189 0.187500 0.015291 0.023551
0 0.401121 0.174819 0.015291 0.019928
0 0.466361 0.087862 0.011213 0.016304
0 0.546891 0.320652 0.015291 0.021739
0 0.112640 0.367754 0.017329 0.025362
0 0.300204 0.243659 0.015291 0.019928
0 0.457187 0.399457 0.019368 0.023551
0 0.292559 0.191123 0.012232 0.019928
0 0.643731 0.265399 0.015291 0.019928
0 0.442915 0.257246 0.015291 0.021739
0 0.468400 0.125000 0.013252 0.021739
0 0.547910 0.245471 0.013252 0.023551
0 0.599388 0.220109 0.012232 0.027174
0 0.587156 0.252717 0.010194 0.023551
0 0.707441 0.242754 0.010194 0.028986
0 0.729867 0.231884 0.014271 0.025362
0 0.687054 0.421196 0.014271 0.023551
0 0.446993 0.476449 0.011213 0.025362
0 0.392457 0.471014 0.012232 0.014493
0 0.355250 0.526268 0.013252 0.019928
0 0.309378 0.453804 0.011213 0.027174
0 0.316004 0.382246 0.016310 0.021739
0 0.115698 0.419384 0.011213 0.023551
0 0.424567 0.192029 0.013252 0.025362
0 0.270642 0.204710 0.013252 0.021739
0 0.272681 0.256341 0.011213 0.023551
0 0.663099 0.288949 0.011213 0.016304
