0 0.378000 0.079804 0.014500 0.024706
0 0.332500 0.121961 0.015500 0.032157
0 0.589750 0.041373 0.013000 0.021569
0 0.359125 0.151961 0.018750 0.028627
0 0.184875 0.304706 0.022250 0.032941
0 0.078000 0.609216 0.030000 0.050588
0 0.178125 0.272941 0.015750 0.030588
0 0.254625 0.291961 0.023250 0.039608
0 0.476250 0.029216 0.011500 0.021569
0 0.372500 0.011373 0.012000 0.019608
0 0.624000 0.020980 0.011500 0.020784
0 0.538125 0.057647 0.015750 0.027451
0 0.173375 0.646078 0.036250 0.050588
0 0.609375 0.033529 0.012750 0.022353
0 0.242500 0.574902 0.037500 0.048627
0 0.021875 0.599608 0.031750 0.046275
0 0.028375 0.739412 0.031250 0.041176
0 0.490125 0.037843 0.013250 0.023922
0 0.331875 0.023725 0.009750 0.017647
0 0.401250 0.007059 0.012000 0.013333
0 0.405000 0.028824 0.010500 0.019216
0 0.024000 0.176667 0.008000 0.012941
0 0.078750 0.703922 0.029000 0.043137
0 0.614125 0.004510 0.010250 0.007451
0 0.287125 0.342353 0.024750 0.038431
0 0.020875 0.196471 0.009750 0.016471
0 0.297750 0.869608 0.057000 0.096863
0 0.025500 0.113333 0.007000 0.009412
0 0.008625 0.117451 0.005750 0.009020
0 0.046250 0.073725 0.004500 0.008627
0 0.050500 0.065490 0.005000 0.007843
0 0.028625 0.059608 0.002750 0.004706
0 0.015375 0.071176 0.002750 0.004314
0 0.021250 0.065098 0.002500 0.003922
0 0.076625 0.039412 0.004750 0.005882
0 0.098000 0.026275 0.003500 0.007059
0 0.074875 0.121765 0.005750 0.010588
0 0.069250 0.122941 0.004500 0.011373
0 0.112125 0.024314 0.003750 0.007059
0 0.122500 0.018431 0.004000 0.007059
0 0.320750 0.083137 0.013500 0.021961
0 0.333500 0.068824 0.014000 0.020000
0 0.351875 0.015686 0.007750 0.017255
