0 0.154750 0.635038 0.035000 0.042045
0 0.223750 0.124432 0.012000 0.022348
0 0.495750 0.160606 0.017500 0.028030
0 0.051250 0.285038 0.016000 0.023106
0 0.311125 0.256250 0.016750 0.033712
0 0.034375 0.352841 0.014750 0.030682
0 0.119750 0.420076 0.026500 0.035606
0 0.246500 0.314015 0.019500 0.037121
0 0.192250 0.143750 0.013000 0.028409
0 0.091500 0.532765 0.028500 0.032197
0 0.368250 0.167992 0.019500 0.034470
0 0.429625 0.085038 0.012750 0.027652
0 0.032375 0.585606 0.037750 0.048485
0 0.206125 0.345265 0.023750 0.037500
0 0.526875 0.069508 0.011750 0.020076
0 0.238125 0.106818 0.011750 0.018939
0 0.222625 0.276894 0.018250 0.035606
0 0.106375 0.214962 0.011750 0.020833
0 0.684000 0.149811 0.015000 0.023106
0 0.177875 0.349053 0.021750 0.035227
0 0.354750 0.131629 0.014500 0.027652
0 0.170000 0.189583 0.014500 0.022348
0 0.159000 0.436174 0.024000 0.042803
0 0.464625 0.028220 0.010750 0.018561
0 0.323500 0.211553 0.017000 0.033712
0 0.463375 0.097727 0.014750 0.023485
0 0.278500 0.248674 0.016000 0.029167
0 0.248500 0.239773 0.015500 0.028030
0 0.381250 0.107765 0.015000 0.021591
0 0.120125 0.498295 0.029250 0.045833
0 0.510750 0.014205 0.010500 0.019318
0 0.309625 0.067614 0.013250 0.020076
0 0.503375 0.052841 0.011250 0.018561
0 0.164500 0.158523 0.011500 0.018561
0 0.048500 0.328030 0.013000 0.023485
0 0.544750 0.010985 0.009500 0.015909
0 0.493875 0.020455 0.010750 0.018182
0 0.010375 0.349242 0.014250 0.021970
0 0.280125 0.072538 0.011750 0.024621
0 0.213125 0.155492 0.010750 0.020833
0 0.199000 0.164205 0.010000 0.017803
0 0.474875 0.068939 0.011250 0.021212
0 0.550625 0.046780 0.013750 0.022348
0 0.526125 0.022538 0.009750 0.016288
0 0.193875 0.178788 0.014250 0.021970
0 0.274125 0.081629 0.010750 0.017803
0 0.456625 0.076136 0.010750 0.018939
0 0.094000 0.264015 0.013000 0.019697
0 0.173625 0.169886 0.011250 0.020833
0 0.258875 0.107008 0.011750 0.019318
0 0.507250 0.037879 0.011500 0.015152
0 0.523625 0.007765 0.009750 0.014773
0 0.085625 0.284659 0.016250 0.018561
0 0.479125 0.064962 0.015250 0.020833
0 0.009250 0.740341 0.018000 0.057955
0 0.136125 0.228409 0.015750 0.029545
0 0.156250 0.210606 0.016000 0.028788
0 0.098375 0.087311 0.006750 0.008712
0 0.220750 0.049242 0.008000 0.012879
0 0.242375 0.034280 0.006250 0.011742
0 0.252750 0.037879 0.009000 0.014394
0 0.108750 0.043182 0.002500 0.003788
0 0.387000 0.001326 0.006500 0.001894
0 0.382750 0.025758 0.012000 0.018939
0 0.459875 0.048295 0.010750 0.020076
0 0.448125 0.028598 0.009750 0.016288
0 0.487125 0.020455 0.006250 0.016667
0 0.567750 0.003598 0.012000 0.006439
0 0.997625 0.128598 0.004750 0.007197
0 0.905125 0.023295 0.003250 0.005682
