0 0.219125 0.413447 0.030750 0.049621
0 0.578625 0.041856 0.011250 0.022348
0 0.046375 0.530682 0.035750 0.044697
0 0.401875 0.180492 0.019250 0.040530
0 0.237125 0.321023 0.025750 0.043561
0 0.237625 0.076705 0.010750 0.015530
0 0.300250 0.258902 0.022500 0.040530
0 0.617875 0.041288 0.009250 0.018182
0 0.359625 0.175947 0.017750 0.030682
0 0.469875 0.196212 0.018250 0.032576
0 0.498375 0.161742 0.019250 0.031818
0 0.112875 0.445265 0.023750 0.043561
0 0.563750 0.092803 0.019500 0.040909
0 0.546500 0.054167 0.013500 0.025000
0 0.490250 0.075947 0.012000 0.020833
0 0.339125 0.210985 0.020250 0.032576
0 0.265000 0.271780 0.025500 0.036742
0 0.588125 0.020833 0.009250 0.016667
0 0.674625 0.010417 0.013750 0.019318
0 0.526000 0.122348 0.017000 0.028788
0 0.437750 0.142992 0.015000 0.026894
0 0.469500 0.085417 0.013000 0.023106
0 0.448500 0.180114 0.016500 0.031439
0 0.586375 0.075758 0.014250 0.023485
0 0.602875 0.020644 0.009250 0.017045
0 0.511750 0.082197 0.012500 0.024242
0 0.701000 0.026705 0.009000 0.015530
0 0.478125 0.135417 0.012250 0.021591
0 0.650875 0.005303 0.009250 0.009848
0 0.453625 0.129167 0.012750 0.023485
0 0.124625 0.545455 0.031250 0.045455
0 0.201875 0.064394 0.009750 0.014394
0 0.524375 0.098485 0.014250 0.023485
0 0.061625 0.300000 0.015250 0.030303
0 0.370750 0.248106 0.022000 0.030303
0 0.622125 0.069508 0.013750 0.022348
0 0.632875 0.025000 0.012250 0.016667
0 0.628375 0.007386 0.008750 0.014015
