0 0.184125 0.154356 0.011750 0.020076
0 0.127750 0.514583 0.026500 0.037500
0 0.489250 0.177462 0.018500 0.029924
0 0.245125 0.272159 0.024250 0.039015
0 0.427500 0.129924 0.016500 0.028788
0 0.220750 0.341856 0.023000 0.035985
0 0.050125 0.587500 0.029250 0.040909
0 0.431500 0.092992 0.014000 0.026894
0 0.213250 0.258333 0.019500 0.034848
0 0.264125 0.231250 0.015750 0.027652
0 0.223375 0.121212 0.011250 0.017424
0 0.173875 0.321212 0.020250 0.032576
0 0.288625 0.234091 0.016250 0.029545
0 0.178500 0.371402 0.026500 0.040530
0 0.324500 0.198295 0.017000 0.025379
0 0.461750 0.096212 0.015000 0.026515
0 0.381000 0.164394 0.018500 0.029545
0 0.031375 0.550189 0.026750 0.033712
0 0.489250 0.071212 0.013000 0.021970
0 0.163000 0.178030 0.014000 0.023485
0 0.122875 0.443750 0.022250 0.034470
0 0.264375 0.090152 0.010250 0.018939
0 0.253000 0.103030 0.010500 0.016667
0 0.535000 0.032008 0.009500 0.017045
0 0.380500 0.107576 0.012500 0.020455
0 0.130625 0.221780 0.014250 0.022348
0 0.495125 0.046591 0.011750 0.021212
0 0.233625 0.131061 0.011250 0.018939
0 0.011625 0.385795 0.021750 0.032197
0 0.193625 0.339773 0.023250 0.034848
0 0.312125 0.053598 0.008250 0.011742
0 0.200125 0.156439 0.012250 0.020455
0 0.354750 0.162879 0.014500 0.027273
0 0.465125 0.073295 0.010250 0.018561
0 0.309875 0.066477 0.010750 0.019318
0 0.510500 0.067992 0.014000 0.020076
0 0.290125 0.078977 0.010250 0.016288
0 0.300625 0.174432 0.015750 0.032197
0 0.387000 0.137311 0.017000 0.025379
0 0.016875 0.349053 0.015250 0.024621
0 0.552875 0.007765 0.009250 0.014015
0 0.199125 0.136364 0.010750 0.020455
0 0.040250 0.346970 0.013500 0.022727
0 0.289125 0.065530 0.008250 0.011364
0 0.549750 0.152652 0.013500 0.020455
0 0.245375 0.127273 0.011750 0.018182
0 0.247500 0.037311 0.010000 0.014773
0 0.069250 0.294129 0.017000 0.025379
0 0.005500 0.625568 0.010500 0.042803
0 0.792625 0.628030 0.057750 0.101515
0 0.058125 0.292235 0.012250 0.032955
0 0.101125 0.264205 0.023750 0.028409
0 0.080500 0.272348 0.015000 0.013636
0 0.134750 0.206629 0.015000 0.017045
0 0.153125 0.041098 0.004250 0.007197
0 0.274875 0.091667 0.008750 0.017424
0 0.340875 0.053409 0.010750 0.011364
0 0.341000 0.064205 0.012500 0.014015
0 0.537250 0.008712 0.009500 0.012121
