0 0.385500 0.042222 0.011000 0.017037
0 0.592250 0.159630 0.015000 0.023704
0 0.060375 0.498889 0.024250 0.036296
0 0.474375 0.173519 0.016750 0.029259
0 0.147500 0.427407 0.022500 0.033333
0 0.292000 0.271111 0.018000 0.029630
0 0.493875 0.026481 0.010750 0.017407
0 0.233750 0.278519 0.021500 0.032593
0 0.173375 0.313333 0.021250 0.030370
0 0.263625 0.125741 0.010750 0.016667
0 0.116750 0.257407 0.014500 0.024444
0 0.506625 0.076667 0.011250 0.020000
0 0.503250 0.043519 0.009500 0.015926
0 0.576500 0.017222 0.007500 0.012963
0 0.251625 0.113704 0.010750 0.016296
0 0.275125 0.249259 0.018750 0.028889
0 0.030000 0.602963 0.027500 0.037037
0 0.338875 0.190370 0.020250 0.027407
0 0.067500 0.364444 0.018500 0.025926
0 0.250000 0.148519 0.013000 0.020741
0 0.374750 0.159444 0.014000 0.024815
0 0.250000 0.302222 0.022000 0.034815
0 0.469625 0.027037 0.009250 0.015556
0 0.376750 0.181481 0.014000 0.020741
0 0.254250 0.054630 0.007000 0.012963
0 0.480125 0.107593 0.012250 0.021111
0 0.553125 0.013704 0.008250 0.013333
0 0.103000 0.324074 0.017500 0.024444
0 0.094750 0.282037 0.015500 0.024074
0 0.161625 0.215370 0.013250 0.020370
0 0.434625 0.113519 0.011750 0.019630
0 0.155125 0.197037 0.011250 0.016296
0 0.203250 0.167407 0.012000 0.017778
0 0.005500 0.443519 0.010500 0.027778
0 0.065625 0.609074 0.026250 0.035185
0 0.521875 0.028333 0.008250 0.013704
0 0.061250 0.335556 0.012500 0.022222
0 0.224875 0.161852 0.012250 0.021481
0 0.234000 0.121852 0.011000 0.017778
0 0.134375 0.217407 0.014250 0.022222
0 0.526125 0.042778 0.009750 0.015185
0 0.289250 0.101296 0.009500 0.015185
0 0.454125 0.027963 0.008750 0.014444
0 0.451125 0.110000 0.015750 0.024444
0 0.087875 0.313148 0.015250 0.024074
0 0.211625 0.358889 0.027250 0.043704
0 0.035000 0.406852 0.020000 0.025556
0 0.186250 0.192222 0.014500 0.022222
0 0.134625 0.385741 0.022250 0.035926
0 0.311000 0.082963 0.010000 0.017778
0 0.493000 0.056111 0.009500 0.015185
0 0.405750 0.036481 0.009500 0.015185
0 0.455000 0.047407 0.010000 0.014815
0 0.127250 0.286111 0.015000 0.021852
0 0.525000 0.060556 0.011500 0.018889
0 0.476250 0.080926 0.012000 0.018889
0 0.076375 0.542778 0.019750 0.021111
0 0.443500 0.038333 0.009500 0.015926
0 0.606500 0.004815 0.008000 0.008889
0 0.167250 0.201481 0.012000 0.018519
0 0.425625 0.038148 0.009750 0.015556
0 0.477500 0.019630 0.007500 0.012593
0 0.029500 0.391111 0.015000 0.018519
0 0.452500 0.089074 0.012000 0.017407
0 0.307000 0.098148 0.010000 0.016296
0 0.546000 0.036667 0.013000 0.020741
0 0.570250 0.003148 0.007000 0.005556
0 0.010625 0.682778 0.020750 0.047037
0 0.225250 0.145926 0.013000 0.017778
0 0.232625 0.063704 0.006750 0.008889
0 0.384625 0.128519 0.011750 0.019259
0 0.478875 0.090556 0.011750 0.010000
0 0.518625 0.001667 0.004250 0.002593
0 0.895375 0.038889 0.002750 0.004444
0 0.897500 0.050926 0.003500 0.007037
0 0.905000 0.048704 0.003500 0.005556
0 0.906125 0.057407 0.004750 0.007407
0 0.092000 0.123333 0.004500 0.006667
