0 0.498625 0.113509 0.011750 0.019298
0 0.282125 0.168947 0.011750 0.020000
0 0.189125 0.320526 0.018750 0.033333
0 0.326375 0.221754 0.015250 0.023860
0 0.667750 0.124912 0.011500 0.018947
0 0.013625 0.431754 0.023250 0.029123
0 0.510250 0.414035 0.028500 0.037193
0 0.234000 0.291754 0.015500 0.025614
0 0.026125 0.560175 0.025250 0.034035
0 0.101000 0.535789 0.023000 0.029474
0 0.062250 0.293684 0.013500 0.019649
0 0.191750 0.633333 0.033000 0.043509
0 0.168500 0.278772 0.016500 0.020702
0 0.205625 0.284561 0.016250 0.026667
0 0.142500 0.394211 0.020000 0.029825
0 0.146375 0.114737 0.004250 0.007018
0 0.324875 0.141053 0.010750 0.018246
0 0.340375 0.249298 0.018750 0.027719
0 0.017500 0.234561 0.006000 0.009474
0 0.562625 0.028421 0.007250 0.012632
0 0.181250 0.210702 0.011000 0.014386
0 0.249625 0.147368 0.010250 0.018947
0 0.322125 0.318596 0.019750 0.029474
0 0.233250 0.175263 0.011000 0.017193
0 0.260375 0.556842 0.033250 0.044912
0 0.483000 0.058421 0.009000 0.015789
0 0.574125 0.018596 0.004750 0.007719
0 0.508375 0.185263 0.015250 0.021754
0 0.250875 0.680526 0.036750 0.045263
0 0.087375 0.316491 0.014750 0.023158
0 0.129875 0.210000 0.010750 0.017895
0 0.124875 0.162105 0.007250 0.009825
0 0.115500 0.225614 0.010500 0.017544
0 0.465500 0.148070 0.011500 0.020351
0 0.294875 0.185789 0.012250 0.022807
0 0.046750 0.400175 0.018000 0.029825
0 0.012375 0.401930 0.016750 0.023509
0 0.039000 0.657368 0.031500 0.036842
0 0.169375 0.215263 0.010250 0.015088
0 0.485875 0.104386 0.012750 0.019298
0 0.643125 0.061754 0.008250 0.014035
0 0.347375 0.110351 0.007750 0.013684
0 0.447375 0.105263 0.010250 0.018246
0 0.498500 0.145965 0.013500 0.027368
0 0.544750 0.068246 0.008500 0.012281
0 0.141125 0.623333 0.032750 0.041053
0 0.104000 0.448421 0.026000 0.029474
0 0.245875 0.271053 0.018250 0.031228
0 0.534500 0.054035 0.009500 0.012632
0 0.567250 0.015439 0.005000 0.008421
0 0.404125 0.774737 0.033250 0.057544
0 0.509125 0.137719 0.013750 0.020702
0 0.053000 0.213333 0.006500 0.012632
0 0.061625 0.614561 0.024750 0.031228
0 0.477750 0.363509 0.023000 0.040702
0 0.628250 0.086842 0.011000 0.015088
0 0.089375 0.726491 0.036250 0.046667
0 0.031500 0.218596 0.007500 0.009825
0 0.587750 0.087544 0.010000 0.015088
0 0.158250 0.428246 0.027000 0.031930
0 0.156625 0.209649 0.009250 0.016491
0 0.329375 0.111579 0.010250 0.014737
0 0.031750 0.245789 0.006500 0.009474
0 0.091375 0.341579 0.014750 0.022807
0 0.057125 0.171754 0.003750 0.005965
0 0.476750 0.074737 0.009500 0.017544
0 0.052125 0.345614 0.018250 0.021754
0 0.043250 0.273509 0.010500 0.020000
0 0.589500 0.034737 0.006000 0.009123
0 0.031125 0.233509 0.007250 0.012281
0 0.030500 0.758772 0.029000 0.038246
0 0.018250 0.249298 0.008500 0.012982
0 0.039000 0.185614 0.004500 0.007018
0 0.410250 0.085789 0.011000 0.013684
0 0.090875 0.213158 0.007750 0.010877
0 0.447125 0.088421 0.008750 0.014737
0 0.454500 0.071053 0.010000 0.015088
0 0.045625 0.211404 0.006250 0.008772
0 0.065875 0.163509 0.004250 0.006316
0 0.009000 0.246667 0.008000 0.011930
0 0.043375 0.224386 0.008750 0.011579
0 0.179250 0.378596 0.024000 0.032281
0 0.046625 0.195263 0.004750 0.008070
0 0.006750 0.545789 0.013000 0.030526
0 0.229375 0.191930 0.009750 0.018246
0 0.068750 0.981754 0.027000 0.035088
0 0.059875 0.197544 0.005250 0.008421
0 0.023000 0.192105 0.004500 0.006667
0 0.066750 0.204386 0.007500 0.012281
0 0.083375 0.207368 0.009750 0.013333
0 0.307000 0.196667 0.016000 0.022105
0 0.099625 0.834912 0.038750 0.047368
0 0.048500 0.261579 0.008500 0.013684
0 0.062750 0.175088 0.005000 0.007018
0 0.487750 0.462632 0.013500 0.013684
0 0.037000 0.202456 0.005000 0.007719
0 0.033875 0.193333 0.004250 0.007018
0 0.448875 0.127719 0.014250 0.021754
0 0.610750 0.033860 0.004000 0.008070
0 0.037500 0.341053 0.013000 0.016842
0 0.074625 0.153158 0.004750 0.007368
0 0.025375 0.262632 0.007750 0.014386
0 0.008000 0.260877 0.008000 0.009474
0 0.254500 0.160877 0.009500 0.012982
0 0.072000 0.305614 0.012000 0.017544
0 0.044375 0.176140 0.004250 0.007018
0 0.044875 0.266491 0.008750 0.011579
0 0.073125 0.200000 0.005750 0.010526
0 0.028000 0.208246 0.006000 0.008772
0 0.176375 0.788596 0.043750 0.046667
0 0.337625 0.925614 0.046250 0.054737
0 0.062625 0.922105 0.048750 0.052632
0 0.037625 0.815614 0.030250 0.041053
0 0.004875 0.604035 0.009250 0.037544
0 0.179500 0.307193 0.020000 0.026316
0 0.195875 0.294035 0.010750 0.018947
0 0.013250 0.366842 0.011000 0.016491
0 0.016750 0.329825 0.017500 0.022456
0 0.021000 0.317895 0.012000 0.015439
0 0.031500 0.266316 0.007500 0.010526
0 0.006500 0.270526 0.008000 0.011228
0 0.001375 0.272982 0.002250 0.010526
0 0.001500 0.244912 0.002500 0.008421
0 0.018875 0.218421 0.006750 0.010877
0 0.022875 0.199474 0.005250 0.007368
0 0.035000 0.186316 0.005500 0.006316
0 0.050500 0.185263 0.006000 0.009123
0 0.041875 0.196140 0.003250 0.008421
0 0.040750 0.215965 0.005500 0.007368
0 0.059875 0.179123 0.003750 0.006667
0 0.072625 0.191754 0.007250 0.008070
0 0.078375 0.205263 0.005750 0.013333
0 0.116250 0.269825 0.009000 0.017544
0 0.147000 0.082807 0.004000 0.004912
0 0.139375 0.088421 0.002750 0.004211
0 0.217000 0.127193 0.009000 0.009474
0 0.562875 0.017193 0.004750 0.007018
0 0.655250 0.071228 0.008500 0.011930
0 0.645625 0.034561 0.005250 0.010877
0 0.656750 0.010877 0.004000 0.005614
0 0.669875 0.034912 0.006250 0.010877
0 0.763125 0.015088 0.002250 0.003509
0 0.788625 0.031053 0.003250 0.004561
0 0.784125 0.019474 0.002250 0.003158
0 0.792875 0.024386 0.002250 0.003860
0 0.810875 0.016140 0.002250 0.004211
