0 0.566750 0.038447 0.009500 0.017045
0 0.217500 0.281250 0.021500 0.037500
0 0.650250 0.007955 0.009500 0.015152
0 0.299750 0.207765 0.019500 0.030682
0 0.667500 0.020644 0.011000 0.017045
0 0.097375 0.307386 0.021250 0.033712
0 0.183125 0.335985 0.022250 0.037121
0 0.282500 0.284280 0.023000 0.042045
0 0.109000 0.422538 0.027000 0.040530
0 0.230125 0.347727 0.026750 0.043939
0 0.013000 0.516856 0.025500 0.042803
0 0.421125 0.125758 0.017250 0.029545
0 0.547500 0.091098 0.013500 0.024621
0 0.380625 0.189962 0.017750 0.031439
0 0.339000 0.238826 0.020500 0.035227
0 0.269875 0.163258 0.016750 0.029545
0 0.497250 0.072727 0.011500 0.022727
0 0.489875 0.127652 0.018250 0.034091
0 0.445250 0.143371 0.018500 0.032197
0 0.456000 0.052083 0.010500 0.020076
0 0.230375 0.155682 0.015250 0.021970
0 0.569250 0.066856 0.012500 0.023106
0 0.531875 0.068939 0.011750 0.021212
0 0.530500 0.048295 0.013000 0.020076
0 0.628875 0.017614 0.010250 0.016288
0 0.649875 0.071591 0.014750 0.025000
0 0.633500 0.007008 0.009500 0.013258
0 0.587125 0.008712 0.009250 0.016667
0 0.241000 0.135038 0.014000 0.022348
0 0.509500 0.071402 0.011000 0.018561
0 0.598500 0.035606 0.009000 0.014394
0 0.573125 0.021780 0.009250 0.015530
0 0.597625 0.048485 0.009750 0.016667
0 0.404125 0.208333 0.021750 0.035606
0 0.594500 0.065909 0.013000 0.018939
0 0.252875 0.064583 0.011250 0.012500
0 0.229625 0.073674 0.008250 0.011742
0 0.224000 0.078788 0.009000 0.011364
0 0.456250 0.115530 0.019000 0.026515
0 0.607125 0.002652 0.007750 0.004545
