0 0.168625 0.391667 0.023750 0.037879
0 0.543875 0.052273 0.011250 0.020455
0 0.062125 0.483902 0.028750 0.047348
0 0.222500 0.268939 0.019000 0.035606
0 0.165625 0.461742 0.029250 0.048485
0 0.529250 0.004545 0.007500 0.008333
0 0.101500 0.504924 0.026500 0.039394
0 0.126125 0.394886 0.022750 0.040530
0 0.195125 0.338826 0.023750 0.042045
0 0.431750 0.202462 0.016500 0.032955
0 0.349125 0.175189 0.016750 0.026136
0 0.614750 0.005303 0.009000 0.009848
0 0.497500 0.100568 0.014500 0.026136
0 0.269000 0.322159 0.023000 0.047348
0 0.084000 0.587121 0.025000 0.035606
0 0.175250 0.105682 0.009000 0.015909
0 0.355375 0.254545 0.023750 0.037879
0 0.502000 0.060795 0.011000 0.019318
0 0.469000 0.101705 0.015000 0.024621
0 0.386750 0.206439 0.020000 0.033333
0 0.327750 0.218182 0.021000 0.034848
0 0.460500 0.122538 0.012500 0.020833
0 0.489750 0.145076 0.014000 0.024242
0 0.219750 0.335417 0.023500 0.042803
0 0.545875 0.080303 0.013250 0.022727
0 0.194750 0.075379 0.011000 0.017424
0 0.415375 0.158523 0.021250 0.034470
0 0.397500 0.192614 0.015500 0.029924
0 0.581250 0.015909 0.010500 0.014394
0 0.525000 0.044318 0.013500 0.021970
0 0.530250 0.075379 0.010500 0.016667
0 0.459250 0.154167 0.023500 0.028030
0 0.504750 0.047727 0.012000 0.015909
0 0.041500 0.620455 0.033000 0.048485
0 0.017750 0.546023 0.031000 0.043561
0 0.033625 0.292045 0.017250 0.015909
0 0.266625 0.259091 0.018250 0.021212
0 0.270625 0.281250 0.023250 0.032197
0 0.356000 0.206818 0.017000 0.029545
0 0.500000 0.084848 0.013000 0.012879
0 0.546000 0.024811 0.011500 0.016288
0 0.550125 0.015720 0.009250 0.012500
0 0.561875 0.077083 0.013250 0.022348
0 0.569500 0.046023 0.012000 0.022348
0 0.738250 0.004167 0.006500 0.007576
