0 0.134625 0.388258 0.024250 0.043939
0 0.331125 0.233712 0.021750 0.036364
0 0.560875 0.138447 0.017250 0.027652
0 0.416875 0.131061 0.018250 0.033333
0 0.241500 0.294697 0.022500 0.038636
0 0.012875 0.543371 0.023750 0.043561
0 0.381250 0.261174 0.031000 0.043561
0 0.294250 0.217235 0.018500 0.036742
0 0.203625 0.374432 0.026250 0.039773
0 0.310500 0.278220 0.023000 0.042045
0 0.455125 0.097917 0.013750 0.028409
0 0.650625 0.074053 0.013750 0.024621
0 0.393125 0.166098 0.016250 0.030682
0 0.204250 0.297538 0.019000 0.032955
0 0.280125 0.574053 0.043250 0.066288
0 0.240875 0.137121 0.012250 0.022727
0 0.220875 0.165341 0.013250 0.019318
0 0.083750 0.431061 0.024000 0.034091
0 0.505500 0.029356 0.010500 0.017045
0 0.395875 0.199621 0.020750 0.034848
0 0.354500 0.206250 0.022500 0.039015
0 0.494625 0.111174 0.017250 0.027652
0 0.563500 0.054924 0.011000 0.019697
0 0.453000 0.178977 0.020000 0.032197
0 0.440125 0.157386 0.016250 0.029167
0 0.133000 0.439773 0.031500 0.056818
0 0.561125 0.021402 0.008750 0.016288
0 0.631500 0.004924 0.008500 0.009091
0 0.530375 0.036932 0.010750 0.017803
0 0.262625 0.170076 0.014750 0.024242
0 0.214375 0.081629 0.009750 0.017803
0 0.537000 0.094318 0.011000 0.020455
0 0.547250 0.072538 0.012000 0.020833
0 0.603750 0.005114 0.008500 0.009470
0 0.504500 0.069129 0.012500 0.021591
0 0.466000 0.084091 0.012500 0.024242
0 0.584000 0.021970 0.010500 0.019697
0 0.549000 0.037121 0.012500 0.018939
0 0.533250 0.056629 0.010500 0.020076
0 0.191625 0.097917 0.008750 0.014015
0 0.569250 0.033333 0.010000 0.017424
0 0.047750 0.528598 0.031000 0.044318
0 0.229625 0.084280 0.009250 0.014773
0 0.032875 0.604167 0.031750 0.034848
0 0.220375 0.095265 0.008750 0.010985
0 0.560000 0.003220 0.008000 0.005682
0 0.574875 0.004167 0.007250 0.007576
