0 0.616500 0.017424 0.010000 0.018182
0 0.175125 0.367803 0.024750 0.036364
0 0.431750 0.139962 0.017000 0.029167
0 0.101125 0.520076 0.039750 0.058333
0 0.327000 0.279167 0.023500 0.034091
0 0.459000 0.149811 0.016000 0.029167
0 0.305500 0.313447 0.023000 0.042045
0 0.361875 0.227841 0.025250 0.039773
0 0.518875 0.105682 0.016750 0.028788
0 0.439000 0.032008 0.009500 0.016288
0 0.283250 0.257008 0.020500 0.035985
0 0.175125 0.118750 0.014250 0.024621
0 0.056250 0.597917 0.034000 0.051136
0 0.594125 0.027273 0.010250 0.018939
0 0.648750 0.074811 0.015500 0.025379
0 0.366250 0.184848 0.019000 0.030303
0 0.567875 0.071212 0.013250 0.023485
0 0.551375 0.015720 0.008750 0.014015
0 0.626000 0.004356 0.008000 0.007955
0 0.391625 0.206629 0.026250 0.036742
0 0.159250 0.140909 0.010000 0.017424
0 0.486500 0.103030 0.014000 0.026515
0 0.556250 0.037500 0.009500 0.017424
0 0.540625 0.064394 0.011250 0.020455
0 0.200375 0.075000 0.013750 0.018182
0 0.068000 0.502273 0.025000 0.040152
0 0.263375 0.032955 0.009750 0.015152
0 0.572125 0.015720 0.008250 0.014015
