0 0.160125 0.490341 0.029250 0.048106
0 0.529125 0.086932 0.014750 0.023864
0 0.036625 0.594886 0.027750 0.040530
0 0.542250 0.027841 0.011000 0.018561
0 0.213875 0.384470 0.027250 0.042424
0 0.348000 0.309280 0.021500 0.035227
0 0.344250 0.249053 0.017000 0.030682
0 0.548375 0.097538 0.014250 0.024621
0 0.251000 0.124811 0.012000 0.020833
0 0.027375 0.796780 0.028750 0.042045
0 0.651125 0.075568 0.014750 0.025379
0 0.567000 0.071023 0.012500 0.023106
0 0.381250 0.223106 0.022000 0.035606
0 0.471125 0.081439 0.015250 0.028030
0 0.302250 0.270265 0.020000 0.037500
0 0.399750 0.182765 0.021000 0.030682
0 0.424875 0.146023 0.018750 0.036742
0 0.443500 0.061932 0.012000 0.020076
0 0.507750 0.104735 0.017500 0.026136
0 0.491625 0.055303 0.011750 0.018182
0 0.548125 0.054167 0.011250 0.021212
0 0.593500 0.096212 0.012500 0.023485
0 0.601500 0.017045 0.010500 0.018182
0 0.518125 0.025000 0.009750 0.018939
0 0.076250 0.623864 0.036500 0.049242
0 0.191625 0.099053 0.008250 0.014773
0 0.375000 0.180114 0.018500 0.029167
0 0.253500 0.431818 0.027000 0.046970
0 0.497000 0.074053 0.011500 0.019318
0 0.530875 0.050568 0.008250 0.016288
0 0.581625 0.004924 0.008750 0.009091
0 0.737500 0.004167 0.007000 0.007576
0 0.567375 0.011364 0.009250 0.015909
0 0.269500 0.173485 0.016000 0.029545
0 0.227875 0.157955 0.012250 0.019697
0 0.513000 0.091288 0.012000 0.019697
0 0.446375 0.162311 0.016750 0.026136
0 0.466375 0.143750 0.021250 0.029924
0 0.223375 0.085038 0.008750 0.014015
0 0.591750 0.039583 0.013000 0.020833
0 0.795375 0.633712 0.060250 0.096970
0 0.214250 0.092235 0.010000 0.014773
0 0.611250 0.012500 0.009500 0.021212
