0 0.043375 0.371014 0.015750 0.021739
0 0.387875 0.150000 0.013750 0.021014
0 0.083375 0.308514 0.016750 0.024275
0 0.026625 0.280797 0.010750 0.018841
0 0.664500 0.076268 0.010500 0.017754
0 0.665000 0.052174 0.009000 0.015942
0 0.456125 0.066667 0.010250 0.017391
0 0.453750 0.100543 0.010000 0.016304
0 0.107250 0.283333 0.015000 0.025362
0 0.328375 0.097464 0.009250 0.015942
0 0.485875 0.020109 0.008250 0.013406
0 0.613500 0.084420 0.012000 0.015217
0 0.617375 0.069384 0.010750 0.014855
0 0.464875 0.055254 0.010250 0.017029
0 0.682250 0.020109 0.006500 0.010507
0 0.378375 0.071377 0.011250 0.016667
0 0.447750 0.032428 0.007000 0.011232
0 0.658625 0.029891 0.008250 0.012681
0 0.353625 0.071739 0.009250 0.014493
0 0.407750 0.146196 0.013500 0.021377
0 0.473625 0.024094 0.006750 0.010507
0 0.472875 0.032428 0.007750 0.011957
0 0.016125 0.289855 0.011250 0.017391
0 0.762500 0.038587 0.007000 0.011232
0 0.673750 0.013225 0.006500 0.010507
0 0.645250 0.013768 0.007000 0.011594
0 0.439375 0.032246 0.007250 0.011594
0 0.012875 0.211957 0.007750 0.011594
0 0.696500 0.025181 0.006500 0.010507
0 0.711250 0.031884 0.007000 0.008696
0 0.327375 0.147464 0.011250 0.018841
0 0.741375 0.034783 0.007250 0.011594
0 0.495000 0.005254 0.008500 0.009783
0 0.053375 0.190399 0.007250 0.009783
0 0.711500 0.054348 0.007500 0.013043
0 0.083875 0.153623 0.006250 0.010145
0 0.071750 0.165580 0.005500 0.008696
0 0.777750 0.011232 0.004000 0.007246
0 0.757250 0.023188 0.006000 0.009420
0 0.089375 0.174638 0.006750 0.007971
0 0.007250 0.208696 0.004500 0.009420
0 0.050750 0.183877 0.005000 0.007609
0 0.044750 0.186232 0.006000 0.008696
0 0.020625 0.182609 0.006250 0.008696
0 0.029625 0.173370 0.006250 0.006159
0 0.025125 0.150543 0.003750 0.005435
0 0.063375 0.164855 0.006250 0.010145
0 0.065250 0.148370 0.005000 0.005435
0 0.069000 0.184783 0.006500 0.009420
0 0.082000 0.169022 0.006500 0.009783
0 0.351375 0.091486 0.009250 0.014130
0 0.347625 0.020652 0.006250 0.007246
0 0.418750 0.097645 0.006000 0.009783
0 0.425625 0.098732 0.006750 0.009058
0 0.509250 0.038949 0.008000 0.011957
0 0.499500 0.028261 0.008500 0.013768
0 0.528875 0.008514 0.008250 0.009058
0 0.518750 0.028261 0.009500 0.010145
0 0.517125 0.025181 0.008750 0.010507
0 0.538375 0.046739 0.009750 0.011594
0 0.546250 0.014493 0.007000 0.008696
0 0.564000 0.018659 0.007000 0.009058
0 0.580000 0.020471 0.007000 0.010507
0 0.598875 0.046920 0.010250 0.011232
0 0.625875 0.004167 0.006750 0.007609
0 0.616250 0.002899 0.005500 0.005072
0 0.702625 0.032428 0.004750 0.008333
0 0.705500 0.050000 0.006500 0.010870
0 0.747375 0.023551 0.005750 0.008696
0 0.735375 0.004348 0.004750 0.007246
0 0.729750 0.003261 0.004000 0.005797
0 0.772875 0.024638 0.005750 0.007971
0 0.770750 0.020290 0.005000 0.007246
0 0.772250 0.006159 0.004500 0.006522
0 0.756125 0.002174 0.003250 0.003623
0 0.787625 0.017935 0.005250 0.008333
0 0.786250 0.010326 0.005000 0.005435
0 0.844875 0.042210 0.004250 0.005435
0 0.868875 0.027899 0.002250 0.003623
0 0.876500 0.031703 0.003500 0.003986
0 0.915625 0.090217 0.004250 0.006522
0 0.541000 0.002536 0.006000 0.004348
0 0.597875 0.003261 0.007750 0.005797
0 0.703375 0.003442 0.006750 0.006159
0 0.718000 0.001812 0.005000 0.002899
