0 0.276750 0.160000 0.016000 0.029804
0 0.233500 0.302549 0.024500 0.036471
0 0.235250 0.226471 0.018000 0.029412
0 0.136375 0.140784 0.011750 0.020392
0 0.795500 0.093922 0.011000 0.018431
0 0.593500 0.039216 0.011000 0.019608
0 0.096000 0.260000 0.018000 0.030588
0 0.324375 0.025098 0.010250 0.019608
0 0.105125 0.319216 0.027750 0.035294
0 0.263250 0.350392 0.023000 0.037255
0 0.405125 0.042745 0.012250 0.020392
0 0.772750 0.091373 0.012000 0.020392
0 0.299375 0.086863 0.012250 0.020784
0 0.370375 0.087843 0.012750 0.023529
0 0.284000 0.073137 0.012000 0.020000
0 0.609375 0.029804 0.011750 0.019608
0 0.089125 0.159216 0.009750 0.018824
0 0.220750 0.261961 0.022000 0.034510
0 0.254375 0.127843 0.014750 0.023529
0 0.069875 0.191373 0.012750 0.018824
0 0.625500 0.019412 0.010500 0.018431
0 0.596375 0.005098 0.010750 0.009412
0 0.313000 0.126471 0.013500 0.020784
0 0.458500 0.006863 0.010000 0.012941
0 0.417000 0.034510 0.012500 0.022745
0 0.120375 0.157451 0.012250 0.019216
0 0.302875 0.143137 0.012250 0.020392
0 0.479750 0.003333 0.009000 0.005882
0 0.275750 0.107451 0.013500 0.021176
0 0.299250 0.891569 0.064000 0.090588
0 0.078125 0.085686 0.006250 0.011373
0 0.035625 0.059216 0.003250 0.005490
0 0.029125 0.064510 0.002750 0.003529
0 0.021875 0.071569 0.003250 0.004314
0 0.101500 0.007255 0.002500 0.005098
0 0.276750 0.082941 0.006000 0.009020
0 0.282125 0.090000 0.007250 0.012941
0 0.986625 0.039608 0.003750 0.004706
