0 0.086625 0.540909 0.029750 0.047727
0 0.160875 0.439015 0.033250 0.051515
0 0.296750 0.328409 0.033000 0.050000
0 0.235000 0.366288 0.024500 0.043182
0 0.513875 0.102083 0.013250 0.024621
0 0.411250 0.213636 0.023000 0.037121
0 0.583875 0.055492 0.012750 0.020833
0 0.363375 0.161553 0.017750 0.030682
0 0.288125 0.258902 0.018750 0.039773
0 0.414000 0.168371 0.018500 0.029924
0 0.693375 0.177841 0.014250 0.025379
0 0.464375 0.170455 0.019750 0.031061
0 0.033625 0.366098 0.018750 0.029924
0 0.488625 0.122727 0.016750 0.029545
0 0.494125 0.185985 0.017750 0.029545
0 0.618875 0.052841 0.008750 0.015530
0 0.561750 0.050000 0.010500 0.018182
0 0.527500 0.091477 0.014500 0.025379
0 0.465750 0.124053 0.014000 0.026894
0 0.332500 0.285227 0.023000 0.037121
0 0.640750 0.005492 0.007500 0.010227
0 0.537500 0.110606 0.015500 0.028788
0 0.109500 0.430114 0.028500 0.046591
0 0.353500 0.232576 0.019500 0.030303
0 0.115375 0.554167 0.035250 0.052273
0 0.201125 0.068182 0.009250 0.016667
0 0.658375 0.037500 0.009750 0.016667
0 0.635125 0.017045 0.007750 0.014394
0 0.567500 0.089015 0.016000 0.028030
0 0.678250 0.015530 0.010000 0.017424
0 0.694500 0.014773 0.011000 0.018182
0 0.216000 0.352273 0.019000 0.031818
0 0.580250 0.036553 0.011000 0.018561
0 0.084500 0.647159 0.032000 0.044318
0 0.604000 0.085038 0.012500 0.020833
0 0.605125 0.031818 0.009250 0.016667
0 0.672875 0.004167 0.007750 0.007576
0 0.666625 0.026705 0.008750 0.014773
0 0.705500 0.008523 0.009000 0.013258
0 0.656625 0.003977 0.008750 0.007197
0 0.696750 0.003788 0.007000 0.006818
0 0.632750 0.046402 0.009500 0.014015
0 0.008625 0.587879 0.016250 0.048485
0 0.007250 0.669886 0.014000 0.045076
0 0.320125 0.222727 0.026250 0.047727
