0 0.166750 0.443561 0.027500 0.040152
0 0.090125 0.466288 0.023250 0.043182
0 0.157375 0.391098 0.025250 0.041288
0 0.651875 0.072159 0.013250 0.023864
0 0.288250 0.301894 0.026500 0.043182
0 0.565875 0.042803 0.010250 0.018182
0 0.030875 0.488636 0.024750 0.043939
0 0.187875 0.314773 0.022250 0.040152
0 0.079250 0.557765 0.030000 0.044318
0 0.344500 0.259091 0.022000 0.037879
0 0.475375 0.105114 0.013750 0.023106
0 0.259750 0.171023 0.013000 0.024621
0 0.609750 0.016856 0.008500 0.015530
0 0.433500 0.164583 0.024000 0.037500
0 0.326125 0.227083 0.018250 0.033712
0 0.430750 0.013258 0.009000 0.015152
0 0.518375 0.102652 0.015750 0.026515
0 0.468000 0.068561 0.013000 0.019697
0 0.230625 0.417803 0.025750 0.038636
0 0.500375 0.121023 0.017250 0.029924
0 0.248625 0.124621 0.012750 0.020455
0 0.233500 0.320265 0.025000 0.039773
0 0.371500 0.201705 0.018000 0.035227
0 0.273500 0.372538 0.022500 0.038258
0 0.192250 0.101515 0.008000 0.015152
0 0.549125 0.105114 0.013750 0.024621
0 0.409125 0.135985 0.014750 0.028030
0 0.574500 0.067045 0.010500 0.019697
0 0.222375 0.163826 0.014750 0.020833
0 0.585000 0.019508 0.009000 0.016288
0 0.216250 0.082576 0.008000 0.014394
0 0.632000 0.004735 0.007500 0.008712
0 0.231375 0.080303 0.008750 0.014394
0 0.598625 0.051705 0.010250 0.016288
0 0.081875 0.479356 0.000250 0.001136
0 0.225000 0.086742 0.008500 0.013636
0 0.612000 0.003030 0.012000 0.005303
0 0.126625 0.508333 0.032250 0.044697
