0 0.576375 0.056439 0.012250 0.023485
0 0.438125 0.159280 0.019750 0.032955
0 0.232000 0.399811 0.026500 0.045833
0 0.576125 0.016477 0.009250 0.015530
0 0.050125 0.515909 0.020750 0.032576
0 0.106250 0.434848 0.025500 0.036364
0 0.154500 0.377273 0.024000 0.037121
0 0.420500 0.129924 0.014500 0.028030
0 0.396250 0.195455 0.018000 0.033333
0 0.337875 0.227083 0.027250 0.039015
0 0.482000 0.057008 0.011500 0.020076
0 0.454125 0.128598 0.018750 0.033712
0 0.550000 0.053977 0.011000 0.019318
0 0.124375 0.348485 0.022750 0.039394
0 0.190750 0.303788 0.020500 0.037121
0 0.236250 0.272727 0.020500 0.039394
0 0.155250 0.117803 0.008000 0.013636
0 0.182375 0.098674 0.008250 0.014773
0 0.018250 0.531818 0.023000 0.034848
0 0.299500 0.228409 0.016000 0.029545
0 0.231625 0.323864 0.021250 0.034848
0 0.145750 0.431439 0.023000 0.036364
0 0.348750 0.199242 0.017000 0.028030
0 0.489250 0.110606 0.017000 0.027273
0 0.538625 0.021591 0.008750 0.014394
0 0.519000 0.076326 0.011000 0.019318
0 0.527000 0.130492 0.013500 0.021591
0 0.521875 0.047348 0.009750 0.018182
0 0.377750 0.153788 0.015000 0.021970
0 0.559250 0.022538 0.011500 0.018561
0 0.580625 0.036364 0.009250 0.016667
0 0.194000 0.076136 0.009500 0.015152
0 0.081250 0.437121 0.024500 0.033333
0 0.577875 0.004545 0.008750 0.008333
0 0.267625 0.276136 0.022250 0.037121
0 0.013125 0.622348 0.022250 0.035606
0 0.624750 0.002841 0.006500 0.004924
