0 0.226625 0.536413 0.028750 0.040942
0 0.537125 0.076268 0.010250 0.015580
0 0.588375 0.108514 0.013250 0.018478
0 0.556500 0.047101 0.010000 0.018116
0 0.593125 0.089312 0.011250 0.019203
0 0.071750 0.246196 0.013500 0.020652
0 0.324375 0.102536 0.010750 0.018841
0 0.370750 0.067935 0.008000 0.014130
0 0.523125 0.031522 0.010250 0.015942
0 0.434500 0.056522 0.010500 0.016667
0 0.619500 0.010688 0.007000 0.011957
0 0.607250 0.039855 0.008000 0.014493
0 0.359750 0.069565 0.008500 0.013768
0 0.166750 0.178261 0.010500 0.015942
0 0.419000 0.071377 0.009500 0.015942
0 0.696875 0.065399 0.009250 0.015580
0 0.371625 0.153442 0.012750 0.021377
0 0.084750 0.186957 0.010000 0.015217
0 0.039750 0.179891 0.006500 0.009783
0 0.687875 0.009601 0.005750 0.009783
0 0.343750 0.077355 0.009000 0.014855
0 0.038125 0.191667 0.006250 0.010145
0 0.526875 0.010870 0.007250 0.011594
0 0.802750 0.060145 0.006500 0.010145
0 0.538500 0.007609 0.006500 0.010145
0 0.221500 0.093297 0.007500 0.011957
0 0.492625 0.030435 0.006750 0.013043
0 0.520250 0.008333 0.007000 0.010870
0 0.689625 0.041304 0.007250 0.012319
0 0.018250 0.214674 0.006500 0.009783
0 0.681750 0.017935 0.006500 0.011232
0 0.023625 0.201630 0.006250 0.010507
0 0.712125 0.021014 0.007250 0.011594
0 0.706750 0.008333 0.006500 0.010145
0 0.108875 0.219565 0.010750 0.015217
0 0.067625 0.206884 0.011250 0.015217
0 0.001750 0.220109 0.003000 0.010507
0 0.226875 0.077717 0.005750 0.008333
0 0.245375 0.076268 0.006250 0.009058
0 0.242625 0.066486 0.006250 0.007609
0 0.548875 0.006884 0.006750 0.010145
0 0.596500 0.033152 0.008500 0.011957
0 0.582375 0.005254 0.006250 0.009783
0 0.692000 0.032065 0.006500 0.007609
0 0.680250 0.110507 0.008500 0.013043
0 0.737625 0.036775 0.008750 0.013406
0 0.732500 0.019022 0.007000 0.008333
0 0.724875 0.017391 0.005250 0.008696
0 0.654125 0.003623 0.006250 0.006522
0 0.646000 0.004167 0.006500 0.007609
0 0.666375 0.002899 0.006250 0.005072
0 0.673000 0.002536 0.004500 0.004348
0 0.787250 0.016304 0.007500 0.011594
0 0.819750 0.015761 0.003500 0.004710
