0 0.542125 0.109470 0.013250 0.022727
0 0.592500 0.112121 0.012500 0.021970
0 0.279625 0.247538 0.017250 0.031439
0 0.572500 0.107955 0.012500 0.022727
0 0.467250 0.089205 0.014500 0.023864
0 0.533875 0.091288 0.012750 0.023485
0 0.224000 0.370644 0.022500 0.040530
0 0.610000 0.063636 0.010500 0.018939
0 0.476125 0.118371 0.015250 0.025379
0 0.548875 0.075568 0.013250 0.022348
0 0.597125 0.052841 0.011750 0.021591
0 0.638750 0.023674 0.011000 0.020076
0 0.573500 0.068939 0.012500 0.021970
0 0.091000 0.750947 0.038500 0.060227
0 0.044250 0.849242 0.042000 0.053030
0 0.019375 0.627273 0.035750 0.046970
0 0.116750 0.636553 0.037000 0.056439
0 0.056250 0.560038 0.031500 0.043561
0 0.009625 0.568939 0.018750 0.043939
0 0.091625 0.469508 0.024250 0.035227
0 0.112625 0.506439 0.034250 0.042424
0 0.143125 0.550189 0.038750 0.051136
0 0.192375 0.500379 0.031750 0.051515
0 0.168250 0.436553 0.027500 0.048864
0 0.256000 0.418371 0.028000 0.048106
0 0.273500 0.329356 0.024000 0.036742
0 0.320375 0.359659 0.025750 0.039773
0 0.334000 0.277652 0.023000 0.035606
0 0.339500 0.202083 0.017000 0.025379
0 0.332500 0.233902 0.026000 0.038258
0 0.360250 0.199242 0.019500 0.028030
0 0.421125 0.175758 0.028250 0.037879
0 0.467875 0.155682 0.020750 0.032576
0 0.502750 0.117045 0.018500 0.031818
0 0.568500 0.105114 0.000000 0.000379
0 0.604750 0.025000 0.012000 0.021970
0 0.622250 0.036553 0.009000 0.017803
0 0.631875 0.008144 0.013750 0.014015
0 0.634750 0.038826 0.008000 0.014773
0 0.642875 0.047917 0.015250 0.020076
0 0.633875 0.076894 0.013750 0.019697
0 0.665125 0.021402 0.012250 0.016288
0 0.649750 0.003977 0.011000 0.007197
0 0.667125 0.053788 0.015250 0.026515
0 0.700250 0.009659 0.010000 0.018561
0 0.747750 0.003788 0.010000 0.006818
0 0.712375 0.004924 0.010250 0.009091
0 0.261125 0.040341 0.008250 0.014773
0 0.202250 0.068750 0.010500 0.016288
