0 0.079500 0.240761 0.013000 0.021377
0 0.053875 0.258696 0.010750 0.017391
0 0.032500 0.241667 0.009000 0.013768
0 0.200250 0.410688 0.023500 0.037319
0 0.374750 0.151087 0.014000 0.021014
0 0.605500 0.102355 0.013500 0.019203
0 0.511000 0.079348 0.011500 0.021739
0 0.372750 0.046377 0.008500 0.013768
0 0.095375 0.210688 0.010750 0.017754
0 0.319625 0.101087 0.009750 0.016667
0 0.009750 0.294928 0.011500 0.017391
0 0.273000 0.071377 0.007500 0.012319
0 0.019125 0.203623 0.007250 0.011594
0 0.541375 0.073188 0.010250 0.016667
0 0.341875 0.074819 0.008750 0.014855
0 0.694500 0.064674 0.008000 0.014855
0 0.457375 0.038406 0.007750 0.013043
0 0.714125 0.022464 0.006750 0.010145
0 0.255875 0.078986 0.007250 0.011594
0 0.015250 0.217029 0.007000 0.011594
0 0.493125 0.013406 0.007750 0.012319
0 0.523500 0.010688 0.007500 0.011957
0 0.038750 0.180435 0.007000 0.010870
0 0.366125 0.067572 0.010250 0.016304
0 0.838750 0.047464 0.005500 0.008696
0 0.489500 0.005616 0.007500 0.010507
0 0.735625 0.035507 0.007250 0.010870
0 0.541500 0.085870 0.013000 0.018116
0 0.734625 0.009420 0.005250 0.008696
0 0.587625 0.106522 0.011250 0.015942
0 0.003250 0.297826 0.006000 0.016667
0 0.214125 0.508152 0.028250 0.046014
0 0.039750 0.189493 0.005000 0.008696
0 0.059500 0.170471 0.005500 0.011232
0 0.069000 0.159058 0.006500 0.007246
0 0.065250 0.155254 0.006000 0.008333
0 0.007750 0.149819 0.002500 0.003986
0 0.070125 0.206159 0.009250 0.016667
0 0.085625 0.187319 0.009250 0.013768
0 0.534250 0.006522 0.006500 0.010870
0 0.681625 0.111051 0.011250 0.016304
0 0.646250 0.004891 0.006500 0.009058
0 0.653750 0.003442 0.004500 0.006159
0 0.665375 0.003261 0.007750 0.005797
0 0.729500 0.029348 0.004500 0.008696
0 0.916375 0.045833 0.002750 0.004710
0 0.908875 0.039312 0.002750 0.003986
0 0.904125 0.037681 0.002250 0.003623
