0 0.080875 0.505492 0.027250 0.050379
0 0.209375 0.309091 0.022750 0.040909
0 0.610750 0.016288 0.009500 0.016667
0 0.147000 0.399053 0.026500 0.043561
0 0.512625 0.095455 0.017250 0.033333
0 0.308250 0.306439 0.025000 0.042424
0 0.462875 0.123864 0.018750 0.031818
0 0.541875 0.040909 0.010750 0.020455
0 0.521500 0.007197 0.010000 0.013636
0 0.117875 0.361932 0.023250 0.036742
0 0.153000 0.472159 0.025000 0.035985
0 0.274375 0.272159 0.019750 0.032955
0 0.586625 0.056818 0.013250 0.021212
0 0.332375 0.188258 0.019750 0.038636
0 0.262250 0.125189 0.014000 0.024621
0 0.523875 0.060417 0.013250 0.023106
0 0.584250 0.013826 0.010000 0.017045
0 0.401000 0.158902 0.020500 0.035227
0 0.473500 0.096780 0.016000 0.026894
0 0.590250 0.031629 0.011500 0.020076
0 0.008875 0.521780 0.017250 0.039773
0 0.260375 0.169508 0.014750 0.023106
0 0.147125 0.278030 0.017750 0.025758
0 0.500500 0.044318 0.011500 0.017424
0 0.583125 0.077652 0.013250 0.020455
0 0.208125 0.086932 0.010250 0.014015
0 0.227250 0.155682 0.015500 0.021970
0 0.427750 0.176326 0.019000 0.029167
0 0.556250 0.021970 0.009500 0.018939
0 0.231250 0.071212 0.008000 0.013636
0 0.240875 0.073864 0.007750 0.013636
0 0.626625 0.004167 0.011750 0.007576
0 0.011375 0.601136 0.021750 0.049242
0 0.649250 0.075000 0.018500 0.024242
0 0.204875 0.284091 0.024250 0.025758
