0 0.472125 0.192803 0.016250 0.029545
0 0.098500 0.480492 0.029000 0.051136
0 0.583000 0.063258 0.011500 0.021212
0 0.790750 0.629924 0.051000 0.088636
0 0.522375 0.118939 0.015250 0.027273
0 0.642500 0.019508 0.008500 0.014015
0 0.241375 0.512500 0.029750 0.050758
0 0.610750 0.070265 0.010500 0.018561
0 0.593375 0.029924 0.011250 0.018939
0 0.642250 0.043371 0.009000 0.017803
0 0.535750 0.086364 0.014000 0.023485
0 0.670375 0.005682 0.007750 0.010606
0 0.180000 0.439773 0.032500 0.052273
0 0.521500 0.083712 0.013500 0.026515
0 0.007000 0.568750 0.013500 0.036742
0 0.208625 0.755303 0.050250 0.071212
0 0.251500 0.621212 0.042000 0.067424
0 0.106375 0.563258 0.034250 0.039394
0 0.053000 0.582386 0.036000 0.048864
0 0.041875 0.634848 0.030250 0.038636
0 0.010000 0.710038 0.019500 0.038258
0 0.018625 0.910417 0.036750 0.078409
0 0.037375 0.471023 0.029250 0.036742
0 0.039250 0.440530 0.028500 0.037879
0 0.124500 0.318182 0.021500 0.031061
0 0.181250 0.294508 0.026500 0.039773
0 0.248375 0.325189 0.022250 0.034470
0 0.268250 0.344508 0.028500 0.035227
0 0.184750 0.397917 0.030000 0.040530
0 0.314750 0.270265 0.024500 0.041288
0 0.341000 0.312689 0.023000 0.038258
0 0.332375 0.398864 0.021750 0.047727
0 0.384375 0.207197 0.022750 0.035606
0 0.423000 0.246023 0.025500 0.039015
0 0.429375 0.187311 0.017750 0.032955
0 0.477375 0.107955 0.017250 0.032576
0 0.502500 0.146970 0.017000 0.032576
0 0.580875 0.046780 0.014250 0.014015
0 0.610625 0.028788 0.012250 0.017424
0 0.609375 0.017045 0.009750 0.007576
0 0.647500 0.008523 0.009500 0.016288
0 0.661500 0.039583 0.012500 0.020076
0 0.673625 0.037879 0.009750 0.016667
0 0.694375 0.009659 0.007750 0.014015
0 0.702875 0.008144 0.007250 0.014015
0 0.705625 0.054167 0.011250 0.018939
0 0.712375 0.016288 0.009250 0.015152
0 0.719875 0.006250 0.010750 0.011742
0 0.396500 0.003598 0.013500 0.006439
0 0.259625 0.047727 0.006750 0.011364
0 0.244875 0.048485 0.006750 0.010606
0 0.234625 0.059848 0.007250 0.011364
