0 0.182500 0.430000 0.023500 0.037037
0 0.200375 0.370185 0.018250 0.032222
0 0.189875 0.247222 0.015750 0.027037
0 0.074250 0.520926 0.031500 0.041852
0 0.404000 0.140741 0.017000 0.025926
0 0.080375 0.397037 0.020750 0.030370
0 0.373875 0.155926 0.016750 0.028148
0 0.320625 0.344444 0.024250 0.034074
0 0.462500 0.085185 0.010500 0.017778
0 0.598125 0.052407 0.010250 0.018148
0 0.190375 0.151111 0.010250 0.016296
0 0.045625 0.659630 0.032750 0.041481
0 0.497000 0.043889 0.009500 0.015926
0 0.488000 0.066296 0.012000 0.019259
0 0.391125 0.063704 0.010750 0.017037
0 0.438750 0.319444 0.028500 0.047037
0 0.160000 0.473889 0.027500 0.034444
0 0.273875 0.250370 0.018750 0.029630
0 0.281000 0.085741 0.010000 0.015926
0 0.029125 0.510741 0.026250 0.035556
0 0.073375 0.775926 0.034250 0.049630
0 0.407625 0.038889 0.010750 0.016296
0 0.463875 0.052037 0.010250 0.018148
0 0.085125 0.447037 0.024250 0.043704
0 0.331375 0.074259 0.011750 0.018889
0 0.029250 0.385185 0.015500 0.022222
0 0.117750 0.218889 0.014000 0.020000
0 0.035125 0.294815 0.013250 0.022222
0 0.510500 0.058704 0.010500 0.018148
0 0.236375 0.268889 0.019750 0.027407
0 0.404750 0.098333 0.013000 0.024074
0 0.195625 0.317222 0.020250 0.034444
0 0.066500 0.467222 0.021500 0.027037
0 0.045625 0.309630 0.013750 0.022222
0 0.437375 0.104444 0.016750 0.027407
0 0.354000 0.199444 0.018000 0.028519
0 0.327250 0.194630 0.014000 0.025556
0 0.151625 0.161296 0.010250 0.017407
0 0.623250 0.045185 0.010000 0.017778
0 0.322000 0.133519 0.014000 0.021852
0 0.139250 0.126111 0.007500 0.012963
0 0.026750 0.325926 0.015500 0.023704
0 0.100625 0.314259 0.013750 0.024074
0 0.264750 0.080000 0.009500 0.016296
0 0.418750 0.127222 0.017000 0.024815
0 0.312000 0.216481 0.015000 0.027037
0 0.171000 0.180000 0.011000 0.020000
0 0.064000 0.372593 0.017500 0.026667
0 0.143875 0.226852 0.012250 0.021111
0 0.106625 0.373889 0.017250 0.029259
0 0.763750 0.059630 0.007500 0.013333
0 0.506125 0.016481 0.007750 0.012963
0 0.013625 0.432963 0.019750 0.025926
0 0.087875 0.319259 0.015750 0.026667
0 0.103000 0.247222 0.011000 0.020370
0 0.065000 0.271481 0.013000 0.019259
0 0.235750 0.189074 0.014500 0.024815
0 0.358875 0.160926 0.013750 0.025556
0 0.186000 0.202407 0.013000 0.023333
0 0.117250 0.407778 0.020500 0.029630
0 0.010250 0.396111 0.014500 0.021111
0 0.311875 0.071296 0.009250 0.017407
0 0.206125 0.230000 0.017250 0.031111
0 0.071500 0.319074 0.015500 0.025556
0 0.193375 0.898519 0.042750 0.068148
0 0.153250 0.574074 0.035500 0.041481
0 0.313375 0.104444 0.011750 0.020000
0 0.121625 0.280185 0.013750 0.019630
0 0.254250 0.128519 0.011000 0.017778
0 0.242625 0.328889 0.024750 0.033333
0 0.135000 0.263333 0.013500 0.020000
0 0.430375 0.032037 0.010250 0.017407
0 0.094250 0.281481 0.011500 0.017037
0 0.147625 0.346852 0.014250 0.022593
0 0.128125 0.302222 0.018250 0.028148
0 0.166500 0.230370 0.012500 0.022222
0 0.801625 0.040185 0.006250 0.009259
0 0.265625 0.201481 0.020750 0.028148
0 0.206250 0.176852 0.011500 0.018889
0 0.158625 0.283889 0.022250 0.031481
0 0.360875 0.063333 0.009750 0.016296
0 0.529125 0.047778 0.008750 0.014074
0 0.569250 0.019815 0.009000 0.014444
0 0.363750 0.129815 0.015000 0.027037
0 0.526750 0.011481 0.008000 0.014074
0 0.593375 0.013333 0.009250 0.015556
0 0.947125 0.131481 0.006750 0.011111
0 0.242125 0.158148 0.013750 0.018519
0 0.113625 0.255370 0.014250 0.021852
0 0.351500 0.073333 0.008500 0.014815
0 0.214500 0.195741 0.012500 0.022593
0 0.102000 0.122593 0.007000 0.011111
0 0.017250 0.753704 0.027500 0.034815
0 0.154250 0.209074 0.011000 0.017407
0 0.494875 0.011296 0.008250 0.012963
0 0.026000 0.467963 0.024500 0.033704
0 0.577875 0.014259 0.008250 0.014444
0 0.547625 0.012778 0.008250 0.014444
0 0.451875 0.018519 0.008750 0.013333
0 0.394500 0.045926 0.009500 0.015556
0 0.556250 0.031296 0.009000 0.015185
0 0.014750 0.337778 0.012500 0.019259
0 0.101000 0.656296 0.038000 0.042963
0 0.527875 0.032407 0.007750 0.013704
0 0.626250 0.004815 0.007000 0.008889
0 0.421500 0.035000 0.009000 0.016667
0 0.083125 0.269630 0.012750 0.018519
0 0.193750 0.173148 0.010500 0.018148
0 0.541875 0.031667 0.008750 0.015926
0 0.372000 0.069815 0.009000 0.015185
0 0.071625 0.430556 0.017750 0.036667
0 0.115000 0.121481 0.006500 0.010370
0 0.035250 0.347222 0.016500 0.024074
0 0.439875 0.031481 0.008750 0.014815
0 0.052875 0.351852 0.013250 0.023704
0 0.084750 0.697407 0.011000 0.017778
0 0.985625 0.127963 0.005250 0.007778
0 0.476875 0.024074 0.008750 0.012593
0 0.138125 0.292037 0.014750 0.024815
0 0.513625 0.042778 0.010250 0.015185
0 0.479375 0.089259 0.010250 0.019259
0 0.019000 0.587963 0.030000 0.047037
0 0.005750 0.608704 0.011000 0.035185
0 0.004125 0.539815 0.007750 0.024815
0 0.034500 0.426111 0.019000 0.035185
0 0.009375 0.461667 0.017750 0.030000
0 0.036750 0.402407 0.016500 0.017407
0 0.014875 0.364630 0.000250 0.000370
0 0.072875 0.303704 0.013750 0.014074
0 0.046875 0.270741 0.017750 0.022222
0 0.235375 0.300370 0.026750 0.029630
0 0.177750 0.250370 0.014000 0.028889
0 0.155000 0.187037 0.011500 0.014815
0 0.154250 0.176667 0.009500 0.006667
0 0.114750 0.049444 0.002000 0.003333
0 0.255500 0.202037 0.012500 0.024074
0 0.232125 0.144815 0.007250 0.020000
0 0.240875 0.145000 0.012250 0.007778
0 0.203500 0.241852 0.010500 0.017037
0 0.293250 0.262222 0.025000 0.035556
0 0.293500 0.109259 0.009500 0.016296
0 0.274625 0.127037 0.010750 0.016296
0 0.275750 0.114259 0.010500 0.013704
0 0.487125 0.051667 0.012250 0.011481
0 0.533875 0.018148 0.008750 0.014074
0 0.539375 0.005185 0.007750 0.009630
0 0.585125 0.005741 0.006750 0.010741
0 0.595875 0.002407 0.006250 0.004074
0 0.609750 0.005556 0.008500 0.010370
0 0.603875 0.004444 0.005250 0.008148
0 0.994000 0.136111 0.004000 0.007778
