0 0.314000 0.301136 0.026000 0.040909
0 0.157750 0.469508 0.034500 0.052652
0 0.400375 0.276894 0.023250 0.040152
0 0.529500 0.097917 0.014000 0.025379
0 0.533625 0.052273 0.009750 0.018939
0 0.252500 0.336364 0.022000 0.040152
0 0.251750 0.404735 0.030000 0.043561
0 0.576625 0.039773 0.010750 0.020455
0 0.499500 0.077083 0.014500 0.026894
0 0.418000 0.224621 0.023000 0.041667
0 0.098250 0.466856 0.026000 0.038258
0 0.229875 0.159091 0.014750 0.021970
0 0.025250 0.623674 0.032000 0.045076
0 0.554250 0.007197 0.011000 0.013636
0 0.650625 0.073295 0.014750 0.024621
0 0.275375 0.265909 0.019250 0.032576
0 0.311875 0.210417 0.016250 0.031439
0 0.591375 0.032576 0.009750 0.017424
0 0.453750 0.060227 0.012500 0.019697
0 0.564000 0.026136 0.010500 0.019697
0 0.256625 0.174621 0.013750 0.025000
0 0.425500 0.149242 0.018000 0.029545
0 0.247000 0.143939 0.012000 0.019697
0 0.460125 0.092614 0.016250 0.026894
0 0.543000 0.041098 0.010000 0.017803
0 0.192625 0.097159 0.009250 0.015530
0 0.212875 0.085417 0.007750 0.014015
0 0.209125 0.292803 0.022750 0.042424
0 0.678375 0.022348 0.011250 0.018182
0 0.172125 0.435227 0.026750 0.033333
0 0.397125 0.139205 0.015250 0.023864
0 0.560375 0.085038 0.011750 0.021591
0 0.908500 0.086932 0.007000 0.010985
0 0.957750 0.105114 0.007000 0.012500
0 0.892000 0.076705 0.007000 0.010227
0 0.564500 0.050000 0.012000 0.021970
0 0.624625 0.008712 0.011250 0.016667
0 0.211000 0.281629 0.019000 0.025379
0 0.602625 0.010038 0.011250 0.017045
0 0.025750 0.564773 0.031000 0.040909
0 0.090625 0.569697 0.025250 0.040909
0 0.364500 0.213636 0.022000 0.033333
0 0.356625 0.197159 0.016250 0.031439
0 0.526500 0.132197 0.019000 0.029545
0 0.577875 0.018750 0.009250 0.015530
0 0.585125 0.024621 0.011750 0.018939
0 0.932750 0.097159 0.007500 0.014773
0 0.967250 0.114205 0.008000 0.013258
0 0.223375 0.088258 0.009750 0.015152
0 0.229000 0.080303 0.006500 0.009091
