0 0.006750 0.450000 0.013000 0.027273
0 0.330750 0.219886 0.021500 0.032197
0 0.354000 0.169508 0.019500 0.027652
0 0.500625 0.146780 0.017250 0.028409
0 0.214125 0.321212 0.023750 0.033333
0 0.464875 0.128409 0.017250 0.023485
0 0.393000 0.163068 0.017000 0.026894
0 0.288750 0.189015 0.016500 0.031061
0 0.094375 0.424053 0.023750 0.036742
0 0.268875 0.265909 0.017750 0.030303
0 0.417750 0.124242 0.014500 0.025758
0 0.211625 0.136174 0.013250 0.022348
0 0.232000 0.240720 0.021500 0.034470
0 0.021000 0.393561 0.015000 0.022727
0 0.138375 0.261364 0.016750 0.030303
0 0.093250 0.319129 0.017500 0.029924
0 0.431500 0.096591 0.012000 0.021970
0 0.494375 0.019318 0.009750 0.017424
0 0.181750 0.262689 0.019500 0.033712
0 0.161000 0.345455 0.021500 0.031818
0 0.161750 0.192045 0.014500 0.025000
0 0.456000 0.073295 0.011000 0.020833
0 0.069250 0.550379 0.027500 0.045455
0 0.030750 0.538258 0.023500 0.037121
0 0.186375 0.202841 0.013750 0.026894
0 0.252375 0.128220 0.012250 0.020833
0 0.452750 0.027273 0.010500 0.019697
0 0.067500 0.317424 0.017000 0.025758
0 0.129500 0.447348 0.020000 0.028788
0 0.116250 0.272538 0.019500 0.035227
0 0.342250 0.041288 0.007000 0.013636
0 0.481625 0.034091 0.009250 0.015152
0 0.246500 0.095644 0.010000 0.014773
0 0.447500 0.057008 0.012000 0.018561
0 0.616625 0.108712 0.013750 0.021212
0 0.378375 0.110038 0.014250 0.023864
0 0.267875 0.095265 0.010750 0.018561
0 0.356625 0.056061 0.008250 0.014394
0 0.469125 0.057197 0.010750 0.017424
0 0.474750 0.008712 0.010500 0.015152
0 0.292250 0.073674 0.010500 0.016288
0 0.481875 0.075568 0.009750 0.019318
0 0.045375 0.374432 0.021250 0.032955
0 0.311875 0.069697 0.010750 0.021970
0 0.559750 0.005492 0.008500 0.010227
0 0.248500 0.111932 0.010500 0.015530
0 0.424375 0.048106 0.010750 0.017424
0 0.375250 0.003788 0.006500 0.006818
0 0.434500 0.056439 0.010500 0.017424
0 0.516250 0.008333 0.010000 0.015152
0 0.490125 0.005492 0.008250 0.010227
0 0.429625 0.077462 0.011750 0.017045
0 0.357375 0.042992 0.007750 0.012500
0 0.503000 0.024811 0.009000 0.016288
0 0.251000 0.037689 0.009000 0.014773
0 0.239000 0.035417 0.006500 0.010985
0 0.302250 0.068939 0.008000 0.018939
0 0.355500 0.025379 0.008000 0.012121
0 0.475625 0.112121 0.017750 0.024242
0 0.514500 0.037500 0.012500 0.017424
0 0.586000 0.012500 0.009500 0.015909
0 0.620250 0.147159 0.015500 0.026136
0 0.902250 0.021591 0.003500 0.006061
0 0.906500 0.008144 0.002000 0.004167
0 0.896750 0.009470 0.003000 0.004545
0 0.089000 0.046591 0.002500 0.004545
0 0.158250 0.014394 0.002500 0.005303
