0 0.053125 0.535417 0.026750 0.037500
0 0.641375 0.007955 0.008750 0.015152
0 0.615250 0.007576 0.010000 0.014394
0 0.350625 0.274242 0.026250 0.037879
0 0.554375 0.055682 0.013250 0.019697
0 0.220875 0.321591 0.022250 0.040152
0 0.168375 0.391856 0.032750 0.045833
0 0.579000 0.043182 0.011000 0.018939
0 0.395625 0.211932 0.022250 0.038258
0 0.241250 0.398485 0.030500 0.046212
0 0.522125 0.142803 0.016250 0.026515
0 0.482000 0.076326 0.012000 0.020076
0 0.330500 0.238258 0.023500 0.038636
0 0.549000 0.078977 0.011000 0.020833
0 0.412375 0.158144 0.016250 0.028409
0 0.341000 0.203409 0.025500 0.037879
0 0.492125 0.096591 0.012250 0.022727
0 0.372000 0.191856 0.022000 0.042803
0 0.521625 0.050189 0.011750 0.020076
0 0.537125 0.048674 0.012250 0.020076
0 0.618000 0.048674 0.012000 0.020076
0 0.538500 0.119318 0.015000 0.024242
0 0.476000 0.127841 0.015000 0.027652
0 0.729125 0.019318 0.008250 0.014394
0 0.034250 0.320833 0.018000 0.026515
0 0.678500 0.009848 0.009500 0.014394
0 0.436250 0.179356 0.016500 0.027652
0 0.204625 0.078409 0.006750 0.010606
0 0.502500 0.093182 0.011000 0.023485
0 0.087875 0.515530 0.028250 0.043182
0 0.077500 0.483902 0.028500 0.042803
0 0.023000 0.606818 0.030000 0.046212
0 0.061750 0.670644 0.025500 0.043561
0 0.528375 0.103030 0.013250 0.022727
0 0.576500 0.091856 0.013500 0.019318
0 0.591750 0.088068 0.012000 0.020076
0 0.681375 0.022727 0.011250 0.014394
0 0.232500 0.082765 0.012000 0.014773
