0 0.079125 0.422159 0.030750 0.045833
0 0.036625 0.652462 0.036250 0.049621
0 0.519000 0.068371 0.012000 0.020076
0 0.126875 0.458523 0.025750 0.043561
0 0.651625 0.073106 0.013750 0.024242
0 0.275875 0.306629 0.026750 0.051894
0 0.011625 0.545455 0.022750 0.053030
0 0.221375 0.080114 0.007250 0.013258
0 0.223125 0.179356 0.017250 0.029167
0 0.388375 0.191667 0.022750 0.037121
0 0.453750 0.161553 0.021000 0.038258
0 0.176750 0.336553 0.020500 0.039773
0 0.433375 0.107955 0.016250 0.029545
0 0.606625 0.115530 0.013750 0.021212
0 0.266375 0.167424 0.017250 0.026515
0 0.239000 0.149053 0.011500 0.021591
0 0.192500 0.365530 0.030500 0.042424
0 0.508000 0.141477 0.018000 0.029924
0 0.570750 0.033902 0.012500 0.020833
0 0.407625 0.163826 0.016250 0.032197
0 0.338750 0.214583 0.022500 0.038258
0 0.484750 0.074621 0.013000 0.021212
0 0.436250 0.154545 0.017500 0.031061
0 0.598250 0.033902 0.011000 0.020833
0 0.537250 0.111364 0.012000 0.022727
0 0.197500 0.095644 0.011000 0.015530
0 0.580375 0.007386 0.010750 0.014015
0 0.581125 0.051515 0.014250 0.024242
0 0.992125 0.722917 0.015250 0.058712
0 0.475500 0.106061 0.016500 0.028030
0 0.241625 0.071591 0.008750 0.015152
0 0.599375 0.012689 0.011250 0.016288
0 0.252500 0.297917 0.027500 0.032197
0 0.235000 0.080303 0.011500 0.016667
0 0.487875 0.095833 0.011250 0.024242
