0 0.064875 0.316856 0.019750 0.031439
0 0.609500 0.015909 0.008500 0.015909
0 0.242125 0.240152 0.022250 0.037879
0 0.626625 0.006818 0.008750 0.012879
0 0.384125 0.173674 0.017250 0.033712
0 0.241000 0.338636 0.024000 0.041667
0 0.203000 0.345644 0.020000 0.030682
0 0.543750 0.089015 0.014000 0.025000
0 0.356750 0.195644 0.021000 0.035985
0 0.320500 0.006439 0.008500 0.012121
0 0.551125 0.062121 0.010750 0.019697
0 0.478125 0.100568 0.013250 0.023864
0 0.293625 0.273295 0.020750 0.032955
0 0.455875 0.121591 0.014750 0.027273
0 0.424375 0.192614 0.019750 0.032197
0 0.398000 0.250758 0.020000 0.037879
0 0.570500 0.084280 0.014000 0.021591
0 0.162500 0.134659 0.014000 0.020833
0 0.293000 0.384091 0.030500 0.046212
0 0.333750 0.285795 0.024000 0.039773
0 0.519375 0.101136 0.013750 0.023485
0 0.448875 0.157386 0.014250 0.026894
0 0.523000 0.062689 0.013500 0.023106
0 0.593375 0.003598 0.007750 0.006439
0 0.491375 0.143750 0.015250 0.027652
0 0.637125 0.040152 0.010250 0.018939
0 0.615500 0.043182 0.008500 0.015152
0 0.649625 0.074242 0.014250 0.023485
0 0.206000 0.067424 0.010500 0.015152
0 0.180750 0.116856 0.010500 0.016288
0 0.589875 0.035795 0.010250 0.016288
0 0.579250 0.052273 0.009500 0.015152
0 0.583125 0.021023 0.013750 0.022348
0 0.578500 0.064205 0.009000 0.014015
0 0.254250 0.042614 0.013000 0.021591
0 0.532875 0.130303 0.017750 0.028030
0 0.564375 0.059848 0.014250 0.019697
0 0.562750 0.042235 0.012500 0.014773
0 0.640875 0.002652 0.006750 0.004545
