0 0.210500 0.415530 0.027000 0.045455
0 0.074750 0.441667 0.028000 0.050000
0 0.108625 0.497159 0.023250 0.036742
0 0.432875 0.138447 0.019750 0.035985
0 0.297875 0.332765 0.027750 0.045833
0 0.391750 0.144508 0.017000 0.030682
0 0.283625 0.384280 0.025250 0.044318
0 0.221625 0.327083 0.021250 0.037500
0 0.172500 0.460606 0.030500 0.047727
0 0.298500 0.246402 0.023500 0.035985
0 0.465500 0.180303 0.017000 0.034848
0 0.504250 0.141288 0.017000 0.030303
0 0.131500 0.393939 0.022500 0.039394
0 0.176375 0.319508 0.021750 0.036742
0 0.404375 0.240720 0.024750 0.039015
0 0.247875 0.137311 0.013250 0.023864
0 0.452875 0.060606 0.013750 0.021212
0 0.532000 0.054924 0.011500 0.020455
0 0.467625 0.109280 0.015750 0.028409
0 0.551375 0.078977 0.013750 0.026136
0 0.224875 0.158712 0.015250 0.021212
0 0.543625 0.046780 0.013750 0.023106
0 0.067875 0.555492 0.023250 0.045833
0 0.648000 0.004924 0.009500 0.009091
0 0.541125 0.022727 0.009750 0.017424
0 0.500000 0.084659 0.014000 0.026894
0 0.259250 0.215909 0.018500 0.033333
0 0.127250 0.534470 0.025000 0.049242
0 0.241500 0.331629 0.021000 0.037500
0 0.195000 0.100189 0.008500 0.014015
0 0.566000 0.034659 0.011000 0.017803
0 0.646250 0.034659 0.010000 0.017045
0 0.572375 0.047727 0.012750 0.021970
0 0.226250 0.082955 0.010000 0.017424
0 0.517125 0.097348 0.014750 0.028788
0 0.210250 0.086553 0.008500 0.014015
0 0.073000 0.555682 0.034500 0.046970
0 0.591375 0.003220 0.007750 0.005682
0 0.573500 0.064394 0.010500 0.019697
0 0.248125 0.181439 0.014750 0.021212
0 0.617875 0.003598 0.008250 0.006439
0 0.043250 0.591667 0.030500 0.050758
0 0.217500 0.089962 0.009500 0.014015
0 0.579500 0.026326 0.009500 0.016288
0 0.612750 0.013826 0.012000 0.013258
0 0.653375 0.072917 0.016750 0.026136
