0 0.958125 0.451136 0.019250 0.029545
0 0.609625 0.033712 0.010250 0.017424
0 0.632125 0.027841 0.008750 0.015530
0 0.492625 0.027273 0.010250 0.018939
0 0.373500 0.111932 0.015000 0.023106
0 0.599375 0.052083 0.011750 0.019318
0 0.900250 0.424811 0.024500 0.035227
0 0.102625 0.187121 0.010750 0.019697
0 0.824625 0.233333 0.014250 0.021970
0 0.173625 0.078409 0.008750 0.015152
0 0.539375 0.025189 0.013250 0.020076
0 0.697500 0.021591 0.008000 0.013636
0 0.588500 0.067424 0.012500 0.017424
0 0.338750 0.036742 0.009000 0.016667
0 0.222375 0.109091 0.010750 0.016667
0 0.887250 0.975947 0.042000 0.048106
0 0.292375 0.984091 0.064250 0.031818
0 0.112125 0.129167 0.007250 0.012879
0 0.221000 0.050000 0.007000 0.009091
0 0.226875 0.034659 0.006250 0.010227
0 0.235500 0.033902 0.004500 0.010227
0 0.241875 0.034091 0.006750 0.009091
0 0.351000 0.032008 0.004500 0.009470
0 0.357250 0.030492 0.008500 0.011742
0 0.678750 0.069886 0.010000 0.013258
