0 0.572500 0.096558 0.011500 0.017754
0 0.340500 0.251268 0.019500 0.031522
0 0.349625 0.209058 0.018750 0.031884
0 0.288875 0.128986 0.011250 0.018841
0 0.592500 0.091304 0.011000 0.018841
0 0.198750 0.188949 0.012000 0.019928
0 0.491250 0.138949 0.013500 0.021377
0 0.067125 0.318297 0.013250 0.025000
0 0.227750 0.176993 0.014000 0.023551
0 0.680125 0.056884 0.008750 0.014493
0 0.074500 0.351449 0.018500 0.027536
0 0.468375 0.114312 0.013750 0.020652
0 0.468250 0.141123 0.013000 0.020652
0 0.330750 0.080435 0.009500 0.015217
0 0.179125 0.580435 0.033250 0.041304
0 0.044625 0.625543 0.025250 0.040217
0 0.387250 0.142572 0.012500 0.022101
0 0.630000 0.019565 0.006000 0.012319
0 0.603125 0.030435 0.008250 0.015942
0 0.346500 0.073007 0.007500 0.013406
0 0.418875 0.121377 0.011750 0.019565
0 0.070125 0.793478 0.038750 0.038406
0 0.667625 0.047283 0.008750 0.015580
0 0.579500 0.009783 0.006500 0.011594
0 0.351500 0.152717 0.013500 0.022826
0 0.349375 0.088949 0.009750 0.016304
0 0.471875 0.019384 0.007750 0.012681
0 0.464750 0.040036 0.008500 0.013406
0 0.408000 0.113406 0.011000 0.018841
0 0.730625 0.023913 0.006250 0.009420
0 0.538125 0.007428 0.006750 0.010507
0 0.728750 0.032246 0.007500 0.011594
0 0.047250 0.192029 0.006500 0.010145
0 0.008875 0.561957 0.017250 0.039130
0 0.062625 0.171377 0.006750 0.010870
0 0.572875 0.032971 0.007250 0.013043
0 0.364750 0.068478 0.011000 0.014493
0 0.129000 0.122464 0.005500 0.008696
0 0.523125 0.006159 0.007750 0.010870
0 0.568000 0.021558 0.007000 0.011232
0 0.151750 0.211051 0.012000 0.020652
0 0.743000 0.023007 0.006000 0.009058
0 0.038750 0.165942 0.005500 0.008696
0 0.776000 0.023188 0.005500 0.009420
0 0.568000 0.009783 0.007000 0.012319
0 0.610000 0.005978 0.007000 0.011232
0 0.073500 0.177355 0.007500 0.011232
0 0.092250 0.181703 0.008000 0.012681
0 0.614875 0.028804 0.009250 0.011957
0 0.099250 0.839674 0.043500 0.043841
0 0.054500 0.198732 0.007000 0.009058
0 0.081125 0.199457 0.007750 0.010507
0 0.073500 0.207609 0.008000 0.013768
0 0.015875 0.179529 0.003750 0.006884
0 0.025375 0.174457 0.004250 0.005435
0 0.031750 0.170833 0.004000 0.006159
0 0.016250 0.154891 0.004000 0.005435
0 0.151125 0.111594 0.006250 0.010145
0 0.558000 0.020833 0.007500 0.012681
0 0.548750 0.006159 0.005500 0.011594
0 0.571375 0.001993 0.005750 0.003261
0 0.586875 0.004891 0.005750 0.009058
0 0.663625 0.004891 0.006250 0.009058
0 0.653250 0.003080 0.005500 0.005435
0 0.721625 0.004891 0.004750 0.008333
0 0.733375 0.008696 0.005250 0.008696
0 0.768250 0.016486 0.005500 0.008333
0 0.909250 0.038949 0.002000 0.002536
