0 0.237625 0.303220 0.027250 0.042803
0 0.117875 0.456818 0.022250 0.032576
0 0.132000 0.388068 0.030500 0.044318
0 0.029750 0.523674 0.030000 0.042803
0 0.511875 0.077652 0.012750 0.022727
0 0.558375 0.055303 0.012250 0.019697
0 0.025375 0.613636 0.030250 0.045455
0 0.434000 0.167614 0.019000 0.032197
0 0.590375 0.029735 0.010250 0.018561
0 0.208125 0.338636 0.026250 0.042424
0 0.163250 0.113826 0.008000 0.013258
0 0.076250 0.433523 0.025000 0.045076
0 0.343625 0.250379 0.022750 0.036364
0 0.553750 0.094129 0.012500 0.024621
0 0.398750 0.147727 0.015000 0.028788
0 0.527000 0.044886 0.008000 0.020833
0 0.535625 0.060985 0.012250 0.022727
0 0.474250 0.084280 0.013000 0.023864
0 0.535125 0.089394 0.010750 0.021212
0 0.568250 0.073864 0.014500 0.023485
0 0.426500 0.142614 0.018000 0.029924
0 0.590750 0.067614 0.013000 0.021591
0 0.188250 0.078598 0.010000 0.016288
0 0.634875 0.003788 0.008250 0.006818
0 0.378875 0.170076 0.015750 0.033333
0 0.462125 0.134280 0.014750 0.024621
0 0.492125 0.144886 0.018750 0.033712
0 0.523250 0.010417 0.011500 0.015530
0 0.316625 0.244318 0.016250 0.029545
0 0.575750 0.004924 0.007500 0.009091
0 0.599375 0.009280 0.009250 0.014015
0 0.563500 0.032955 0.010500 0.017424
0 0.183500 0.100758 0.008500 0.014394
0 0.133750 0.621402 0.040500 0.065530
0 0.008875 0.495644 0.017250 0.035985
0 0.167500 0.404167 0.035500 0.054545
0 0.617875 0.007197 0.009250 0.012121
0 0.682750 0.005114 0.009500 0.009470
0 0.738625 0.004167 0.007750 0.007576
