0 0.235750 0.479356 0.037000 0.053409
0 0.088875 0.413826 0.019750 0.031439
0 0.348250 0.030682 0.008000 0.014394
0 0.228625 0.264015 0.020750 0.030303
0 0.078375 0.378598 0.023750 0.033712
0 0.106875 0.185795 0.011250 0.017803
0 0.253875 0.308902 0.021750 0.032955
0 0.318875 0.057765 0.009750 0.019318
0 0.586750 0.068182 0.012000 0.017424
0 0.376000 0.026136 0.008500 0.015152
0 0.697125 0.023674 0.007750 0.014773
0 0.590375 0.047727 0.010250 0.017424
0 0.228875 0.241856 0.017250 0.019318
0 0.363375 0.029356 0.010750 0.017803
0 0.369000 0.114205 0.012500 0.019318
0 0.244625 0.035417 0.008750 0.010227
0 0.222125 0.049432 0.006750 0.007955
0 0.233875 0.034659 0.005750 0.009470
0 0.242000 0.025189 0.006500 0.007197
0 0.226500 0.034280 0.005500 0.008712
0 0.682375 0.072917 0.009750 0.014015
