0 0.431875 0.104545 0.014750 0.022727
0 0.190500 0.150947 0.012000 0.020833
0 0.236125 0.300758 0.022750 0.037879
0 0.518250 0.115909 0.012000 0.021970
0 0.200625 0.327462 0.022250 0.034470
0 0.089000 0.466856 0.025500 0.040530
0 0.781625 0.104924 0.010250 0.018182
0 0.294375 0.241667 0.022250 0.037121
0 0.472125 0.118371 0.016250 0.027652
0 0.158750 0.452273 0.024000 0.031061
0 0.493875 0.079545 0.011750 0.020455
0 0.490625 0.146780 0.016750 0.026894
0 0.535125 0.019697 0.009250 0.015909
0 0.471375 0.022348 0.009750 0.016667
0 0.307125 0.186932 0.016750 0.026894
0 0.218125 0.153220 0.012250 0.021591
0 0.283375 0.193939 0.017750 0.028030
0 0.363125 0.165341 0.016250 0.025379
0 0.553250 0.018182 0.009500 0.017424
0 0.070000 0.329167 0.016000 0.027273
0 0.046625 0.324242 0.018250 0.027273
0 0.406625 0.140909 0.017750 0.032576
0 0.272375 0.244886 0.020250 0.035227
0 0.027875 0.554924 0.025250 0.034848
0 0.470125 0.071591 0.012750 0.019697
0 0.516125 0.462311 0.030750 0.051894
0 0.259750 0.121780 0.013000 0.020076
0 0.041500 0.603977 0.026000 0.033712
0 0.113875 0.394129 0.019250 0.032197
0 0.365500 0.033144 0.010000 0.016288
0 0.187750 0.179167 0.012000 0.019697
0 0.151750 0.215720 0.013500 0.019318
0 0.393250 0.027462 0.009500 0.015530
0 0.525250 0.031250 0.011000 0.019318
0 0.018125 0.382008 0.016750 0.025379
0 0.497625 0.050568 0.011750 0.020833
0 0.516250 0.068939 0.011000 0.018182
0 0.236750 0.118750 0.010500 0.020833
0 0.268750 0.089583 0.011500 0.020833
0 0.279625 0.074621 0.009750 0.017424
0 0.153625 0.396402 0.020750 0.035985
0 0.442625 0.141098 0.014250 0.024621
0 0.711000 0.048295 0.009500 0.016288
0 0.501500 0.036742 0.011000 0.015909
0 0.342000 0.052083 0.012500 0.017803
0 0.005625 0.371970 0.010750 0.023485
0 0.193500 0.302462 0.019000 0.024621
0 0.403125 0.032765 0.008750 0.015530
0 0.149875 0.195644 0.011250 0.017803
0 0.382750 0.108712 0.013000 0.020455
0 0.293375 0.047917 0.007750 0.012500
0 0.273000 0.040530 0.008500 0.012879
0 0.248625 0.031250 0.006250 0.010227
0 0.230750 0.042614 0.007500 0.011742
0 0.289250 0.078220 0.009500 0.017045
0 0.434750 0.080682 0.015500 0.021212
0 0.345375 0.153030 0.013750 0.025000
0 0.008000 0.717235 0.015500 0.040530
0 0.259250 0.089394 0.010000 0.019697
0 0.095750 0.440530 0.026000 0.026515
0 0.536000 0.004356 0.008000 0.007955
0 0.259875 0.221023 0.019250 0.028409
0 0.245750 0.224053 0.014000 0.029167
0 0.192125 0.135227 0.010750 0.010606
0 0.166125 0.165530 0.012750 0.016667
0 0.162500 0.156439 0.011500 0.009091
0 0.104625 0.075568 0.004750 0.006439
0 0.251875 0.038068 0.006750 0.010227
0 0.311250 0.062311 0.007000 0.015530
0 0.317875 0.065341 0.007250 0.014773
0 0.357750 0.038447 0.006000 0.013258
0 0.434500 0.022348 0.008000 0.015152
0 0.430125 0.015341 0.007750 0.014773
0 0.463000 0.007197 0.009000 0.013636
0 0.425750 0.087689 0.005000 0.012500
0 0.522750 0.010606 0.008500 0.013636
0 0.881875 0.016098 0.003750 0.006439
0 0.871125 0.003598 0.004750 0.006439
