0 0.019750 0.507386 0.024500 0.044318
0 0.538750 0.038636 0.010000 0.018182
0 0.138375 0.493561 0.030250 0.041667
0 0.402875 0.170833 0.020250 0.035606
0 0.316375 0.267235 0.021750 0.035227
0 0.196625 0.361364 0.025750 0.044697
0 0.257625 0.300379 0.022750 0.035606
0 0.564500 0.047727 0.011500 0.023485
0 0.372000 0.164015 0.018000 0.031818
0 0.601000 0.026705 0.010500 0.019318
0 0.074625 0.444318 0.022750 0.040909
0 0.273750 0.252841 0.019000 0.034470
0 0.476750 0.137500 0.018000 0.029545
0 0.517750 0.103220 0.014500 0.025379
0 0.551000 0.018939 0.008500 0.013636
0 0.646750 0.015720 0.010000 0.017045
0 0.073375 0.584091 0.039250 0.052273
0 0.435000 0.127273 0.019500 0.030303
0 0.162250 0.137879 0.013000 0.018182
0 0.541875 0.085227 0.014250 0.025000
0 0.194875 0.077652 0.011750 0.017424
0 0.346375 0.209091 0.026250 0.040152
0 0.573125 0.024432 0.011750 0.022348
0 0.507750 0.063636 0.010500 0.018939
0 0.491625 0.071970 0.014250 0.023485
0 0.524000 0.061174 0.011500 0.019318
0 0.626625 0.047538 0.010250 0.017803
0 0.316250 0.216098 0.017000 0.030682
0 0.090250 0.484280 0.025000 0.040530
0 0.500500 0.104545 0.011500 0.021970
0 0.705500 0.019697 0.007500 0.012879
0 0.179500 0.101894 0.008000 0.012879
0 0.619500 0.025379 0.010500 0.018939
0 0.578875 0.078977 0.014250 0.022348
0 0.556250 0.069129 0.010000 0.018561
0 0.546375 0.059470 0.012250 0.022727
0 0.368250 0.243561 0.021500 0.036364
0 0.012125 0.617424 0.023750 0.049242
0 0.129875 0.436174 0.033250 0.051894
0 0.228375 0.405492 0.032250 0.045076
0 0.574500 0.006818 0.013000 0.012879
0 0.605500 0.005871 0.012000 0.010985
0 0.648875 0.003788 0.009250 0.006818
