0 0.103375 0.473485 0.027750 0.038636
0 0.050125 0.543371 0.027250 0.044318
0 0.446500 0.082197 0.013000 0.020455
0 0.019250 0.372538 0.025000 0.029924
0 0.065500 0.318182 0.016500 0.026515
0 0.305750 0.190720 0.018000 0.030682
0 0.358375 0.154356 0.014750 0.025379
0 0.247000 0.270455 0.020500 0.034091
0 0.264125 0.196212 0.017750 0.030303
0 0.296500 0.245455 0.021000 0.029545
0 0.706250 0.051326 0.009500 0.014773
0 0.219875 0.261174 0.019250 0.032197
0 0.207125 0.386364 0.023750 0.038636
0 0.380375 0.107386 0.012250 0.020076
0 0.480875 0.185606 0.018250 0.031061
0 0.240375 0.106439 0.010250 0.016667
0 0.219500 0.139205 0.011500 0.019318
0 0.204500 0.137500 0.012000 0.019697
0 0.327625 0.046402 0.008750 0.017045
0 0.143625 0.412121 0.022250 0.031061
0 0.128625 0.382386 0.021750 0.029924
0 0.476250 0.091856 0.011500 0.022348
0 0.375750 0.157955 0.016000 0.026515
0 0.423375 0.133333 0.012750 0.022727
0 0.448125 0.106439 0.015750 0.025758
0 0.005375 0.627273 0.010250 0.050000
0 0.526500 0.035795 0.011000 0.020076
0 0.266750 0.089962 0.008500 0.014773
0 0.502250 0.067614 0.013500 0.023864
0 0.106000 0.222727 0.012000 0.021212
0 0.486375 0.072348 0.010750 0.019697
0 0.098875 0.443371 0.030250 0.037500
0 0.295875 0.075000 0.009750 0.018182
0 0.495875 0.039015 0.011250 0.015152
0 0.350125 0.052841 0.010750 0.017803
0 0.521000 0.045076 0.011000 0.018939
0 0.278250 0.083712 0.009500 0.016667
0 0.267750 0.107008 0.009500 0.017045
0 0.344625 0.054735 0.010250 0.017803
0 0.200125 0.331250 0.025750 0.034470
0 0.218250 0.121780 0.009500 0.016288
0 0.536125 0.006818 0.009250 0.012879
0 0.302625 0.060038 0.007750 0.014773
0 0.507000 0.038258 0.009500 0.016667
0 0.619875 0.010038 0.008750 0.014773
0 0.525000 0.012500 0.010000 0.016667
0 0.312625 0.064583 0.012250 0.017045
0 0.025875 0.336553 0.017250 0.023106
0 0.469500 0.023106 0.008500 0.014394
0 0.576750 0.004545 0.006500 0.008333
0 0.248375 0.114015 0.010750 0.018182
0 0.065500 0.285795 0.019000 0.029924
0 0.093500 0.269697 0.020000 0.025758
0 0.117875 0.236553 0.018750 0.028409
0 0.157000 0.198106 0.018000 0.024242
0 0.185375 0.156818 0.013250 0.024242
0 0.179250 0.160606 0.007500 0.019697
0 0.256250 0.259091 0.024500 0.029545
0 0.243500 0.042235 0.008000 0.010227
0 0.243750 0.034091 0.006000 0.007576
0 0.126125 0.061742 0.003750 0.005303
0 0.123375 0.024432 0.002750 0.004924
0 0.546500 0.035606 0.014500 0.019697
0 0.607500 0.132386 0.012000 0.023864
0 0.558125 0.004545 0.010250 0.008333
0 0.925875 0.010985 0.002750 0.003788
0 0.921000 0.008333 0.002500 0.003788
