0 0.055375 0.608333 0.028250 0.045455
0 0.652500 0.073295 0.014000 0.024621
0 0.161375 0.441098 0.028250 0.042803
0 0.245750 0.125000 0.014000 0.021970
0 0.550875 0.087689 0.011750 0.020833
0 0.502875 0.108144 0.016750 0.029924
0 0.051625 0.507765 0.027250 0.044318
0 0.263875 0.282197 0.022750 0.038636
0 0.334125 0.195833 0.018250 0.031818
0 0.023375 0.347727 0.021250 0.031818
0 0.601500 0.010795 0.010000 0.018561
0 0.091500 0.443371 0.026500 0.040530
0 0.227875 0.369508 0.022250 0.036742
0 0.451625 0.173864 0.017750 0.034091
0 0.486125 0.141667 0.017750 0.028030
0 0.326500 0.287121 0.022000 0.034091
0 0.418375 0.218939 0.022250 0.033333
0 0.481250 0.077652 0.012500 0.022727
0 0.152500 0.382765 0.023500 0.037500
0 0.459000 0.066288 0.012000 0.019697
0 0.085250 0.526894 0.027500 0.040909
0 0.225625 0.167992 0.015250 0.022348
0 0.619250 0.026894 0.011000 0.018939
0 0.521250 0.067803 0.011000 0.019697
0 0.550250 0.015530 0.008000 0.014394
0 0.591750 0.071780 0.012500 0.020833
0 0.192375 0.098106 0.009750 0.015909
0 0.425875 0.156818 0.016250 0.028788
0 0.448625 0.120455 0.015250 0.032576
0 0.602500 0.042235 0.010500 0.017045
0 0.214375 0.082765 0.007750 0.014015
0 0.193250 0.303788 0.020500 0.041667
0 0.257875 0.173864 0.015750 0.024242
0 0.566500 0.049242 0.012500 0.021212
0 0.009375 0.540909 0.018250 0.044697
0 0.232000 0.082008 0.009000 0.016288
0 0.384875 0.217614 0.015750 0.027652
0 0.361125 0.228030 0.017250 0.027273
0 0.373875 0.242992 0.015250 0.022348
0 0.559625 0.010606 0.011750 0.018939
0 0.312000 0.245265 0.018500 0.029924
0 0.009875 0.667992 0.019250 0.048106
0 0.477750 0.057197 0.015000 0.019697
0 0.222500 0.086364 0.009500 0.014394
0 0.127250 0.092614 0.005000 0.011742
0 0.558500 0.071212 0.012500 0.018182
0 0.628500 0.013068 0.012000 0.019318
0 0.614875 0.006250 0.010250 0.011742
0 0.128750 0.116098 0.006000 0.015530
