0 0.230875 0.305303 0.024750 0.037121
0 0.697250 0.017045 0.010000 0.019697
0 0.574750 0.025568 0.009000 0.015530
0 0.094375 0.522348 0.026250 0.042424
0 0.609750 0.005114 0.008000 0.009470
0 0.511625 0.119508 0.017250 0.032197
0 0.216500 0.382955 0.026500 0.046970
0 0.477750 0.103030 0.012000 0.023485
0 0.517625 0.088258 0.011750 0.022727
0 0.493750 0.073106 0.011500 0.020455
0 0.641625 0.005114 0.008250 0.009470
0 0.417125 0.186174 0.020750 0.034470
0 0.537250 0.065152 0.012000 0.021970
0 0.619250 0.032955 0.010000 0.021970
0 0.152125 0.389015 0.023250 0.037121
0 0.322500 0.188068 0.017500 0.029167
0 0.442750 0.154545 0.017500 0.031061
0 0.469500 0.173485 0.020500 0.031818
0 0.362125 0.162689 0.015250 0.026894
0 0.400500 0.213447 0.024000 0.042045
0 0.543875 0.024811 0.008750 0.014773
0 0.333000 0.245644 0.021500 0.036742
0 0.385000 0.186932 0.018000 0.034470
0 0.282000 0.227652 0.018500 0.035606
0 0.670375 0.005682 0.009750 0.010606
0 0.175375 0.107765 0.009750 0.017803
0 0.539250 0.113636 0.016000 0.031818
0 0.161875 0.135795 0.012250 0.021591
0 0.190625 0.119697 0.009750 0.015909
0 0.575625 0.060227 0.012750 0.022727
0 0.103125 0.427462 0.025750 0.048106
0 0.188750 0.085227 0.011000 0.018939
0 0.268000 0.301136 0.024500 0.037121
0 0.411625 0.156439 0.015250 0.027273
0 0.628500 0.012311 0.008500 0.014773
0 0.292875 0.331061 0.022250 0.043182
0 0.795000 0.633712 0.061500 0.098485
0 0.094125 0.571402 0.025250 0.040530
0 0.008000 0.571212 0.015500 0.050000
0 0.011750 0.672348 0.023000 0.037879
0 0.123250 0.445076 0.027500 0.041667
0 0.219250 0.357386 0.027500 0.029924
0 0.327000 0.219129 0.025000 0.032955
0 0.483125 0.089394 0.014250 0.025758
0 0.481625 0.139773 0.016250 0.023485
0 0.543375 0.047538 0.016750 0.025379
0 0.592000 0.014962 0.014000 0.020076
0 0.595375 0.004545 0.010750 0.008333
