0 0.163750 0.257971 0.017000 0.023188
0 0.146375 0.277717 0.015250 0.026449
0 0.254125 0.131884 0.011750 0.018841
0 0.488750 0.123732 0.014000 0.023551
0 0.381250 0.147826 0.013000 0.020290
0 0.492625 0.103804 0.012250 0.019203
0 0.416000 0.109783 0.010500 0.018116
0 0.330750 0.146920 0.012000 0.018478
0 0.332375 0.096920 0.010250 0.018478
0 0.238000 0.122464 0.010000 0.017391
0 0.410750 0.164130 0.015000 0.026812
0 0.283875 0.125543 0.011250 0.018478
0 0.676500 0.041667 0.008000 0.013043
0 0.426625 0.097283 0.012250 0.018478
0 0.231125 0.633877 0.039750 0.049638
0 0.247125 0.516667 0.037750 0.040580
0 0.482000 0.011051 0.006500 0.011232
0 0.564375 0.019022 0.006250 0.011232
0 0.667625 0.037319 0.007250 0.011594
0 0.579250 0.005072 0.009000 0.009420
0 0.039875 0.213043 0.008250 0.011594
0 0.682125 0.007790 0.006750 0.011232
0 0.778250 0.008514 0.005000 0.008333
0 0.712125 0.039312 0.007250 0.012681
0 0.060500 0.170109 0.007000 0.011232
0 0.754375 0.029529 0.006250 0.009783
0 0.076250 0.165942 0.006000 0.010145
0 0.701625 0.040399 0.006750 0.010507
0 0.753500 0.018297 0.006000 0.009058
0 0.855875 0.047464 0.005250 0.008696
0 0.555750 0.004529 0.007500 0.007609
0 0.041625 0.156159 0.005750 0.008696
0 0.056875 0.158333 0.005750 0.009420
0 0.048625 0.208696 0.008250 0.012319
0 0.084000 0.150725 0.007000 0.010145
0 0.047500 0.172826 0.007000 0.008696
0 0.052750 0.183152 0.009000 0.013406
0 0.063250 0.197826 0.008500 0.009420
0 0.064500 0.187500 0.010500 0.013406
0 0.081375 0.184239 0.013250 0.014855
0 0.076500 0.174275 0.008500 0.007246
0 0.008625 0.229167 0.008750 0.010507
0 0.018875 0.175362 0.005250 0.008696
0 0.031000 0.149457 0.003000 0.004710
0 0.017375 0.153442 0.004250 0.005435
0 0.321500 0.146558 0.009500 0.017754
0 0.625625 0.004167 0.006750 0.007609
0 0.633500 0.004891 0.007500 0.009058
0 0.675375 0.014130 0.006750 0.009420
0 0.687375 0.016848 0.007250 0.009058
0 0.690375 0.003442 0.005750 0.006159
0 0.724625 0.025362 0.005250 0.010870
0 0.719000 0.023551 0.005500 0.010145
0 0.719625 0.009783 0.005750 0.010145
0 0.725625 0.008514 0.004750 0.008333
0 0.730000 0.003804 0.005500 0.006884
0 0.735000 0.018841 0.006000 0.008696
0 0.757000 0.002536 0.004000 0.004348
0 0.746750 0.006159 0.004500 0.011594
0 0.768625 0.008696 0.003250 0.006522
0 0.778250 0.026630 0.007000 0.006884
0 0.800625 0.019203 0.005250 0.008696
0 0.805250 0.020652 0.004500 0.005797
0 0.839875 0.044565 0.004750 0.006522
0 0.847750 0.046558 0.004500 0.006159
0 0.859000 0.038949 0.004000 0.005435
0 0.859125 0.056522 0.004250 0.007246
0 0.871375 0.048370 0.002750 0.004710
0 0.885875 0.050725 0.002750 0.005797
0 0.892500 0.056522 0.004500 0.006522
0 0.917000 0.057971 0.002500 0.004348
0 0.922625 0.061957 0.002250 0.003623
0 0.998250 0.131884 0.003500 0.005797
