0 0.144625 0.446212 0.026250 0.042424
0 0.149625 0.503030 0.033750 0.046970
0 0.334000 0.039205 0.008000 0.014015
0 0.174750 0.190341 0.013500 0.023864
0 0.042500 0.370455 0.017500 0.025000
0 0.074875 0.471780 0.027250 0.036742
0 0.022000 0.735038 0.030500 0.044318
0 0.389250 0.148106 0.016500 0.028788
0 0.601875 0.054167 0.011250 0.018182
0 0.881125 0.211932 0.014250 0.020076
0 0.115375 0.232008 0.015250 0.024621
0 0.079875 0.295076 0.015250 0.024242
0 0.168875 0.219318 0.015750 0.026515
0 0.882750 0.242235 0.014500 0.020833
0 0.246125 0.259848 0.021750 0.033333
0 0.303625 0.206061 0.020250 0.030303
0 0.377625 0.114962 0.014250 0.020833
0 0.243000 0.141477 0.013000 0.021591
0 0.149375 0.205871 0.013750 0.023106
0 0.170875 0.363826 0.022250 0.039773
0 0.205375 0.183144 0.014750 0.023106
0 0.379625 0.023485 0.012250 0.016667
0 0.859250 0.194318 0.010500 0.018939
0 0.305625 0.071023 0.013250 0.020833
0 0.474250 0.048295 0.012000 0.020076
0 0.293500 0.189205 0.015000 0.023106
0 0.349000 0.168561 0.012500 0.022727
0 0.210875 0.250758 0.019250 0.034091
0 0.230250 0.135417 0.011500 0.019318
0 0.081750 0.607576 0.020500 0.030303
0 0.358375 0.029545 0.008250 0.012879
0 0.046375 0.348295 0.016250 0.026894
0 0.095875 0.309470 0.016250 0.028030
0 0.959000 0.124432 0.008000 0.013258
0 0.686500 0.008712 0.009000 0.015152
0 0.591625 0.071591 0.012750 0.018182
0 0.500750 0.007765 0.009000 0.014773
0 0.445375 0.017235 0.007750 0.013258
0 0.472250 0.037879 0.009500 0.012879
0 0.022875 0.790720 0.034250 0.054167
0 0.057625 0.577083 0.029250 0.041288
0 0.100125 0.264205 0.016750 0.021591
0 0.219750 0.036553 0.006500 0.011742
0 0.240500 0.030682 0.007000 0.009091
0 0.250500 0.026894 0.006500 0.009091
0 0.239875 0.025000 0.004250 0.004545
0 0.441875 0.046780 0.011750 0.021591
0 0.696125 0.023485 0.009250 0.015909
