0 0.269375 0.351326 0.023250 0.051136
0 0.294625 0.408144 0.027250 0.045833
0 0.289875 0.222727 0.024250 0.041667
0 0.468625 0.118750 0.014750 0.026136
0 0.523125 0.104356 0.015750 0.028409
0 0.290875 0.298295 0.025250 0.043561
0 0.506750 0.069697 0.014500 0.025000
0 0.062375 0.738636 0.039750 0.062121
0 0.125375 0.718371 0.034750 0.056439
0 0.127125 0.629924 0.036250 0.069697
0 0.048375 0.632955 0.034250 0.050000
0 0.028500 0.564205 0.029500 0.042803
0 0.010250 0.465530 0.020000 0.042424
0 0.077250 0.490909 0.025500 0.036364
0 0.083750 0.532197 0.031500 0.043182
0 0.125250 0.416667 0.025500 0.043939
0 0.069375 0.394508 0.029750 0.040530
0 0.046250 0.378220 0.018500 0.027652
0 0.197750 0.414015 0.027500 0.046212
0 0.222625 0.488447 0.029250 0.047348
0 0.162125 0.537500 0.030250 0.046212
0 0.143250 0.461174 0.032000 0.046591
0 0.351000 0.321023 0.025500 0.042803
0 0.360375 0.180492 0.015250 0.020833
0 0.367000 0.212879 0.020500 0.036364
0 0.379625 0.188447 0.015250 0.026894
0 0.451500 0.155871 0.020500 0.035227
0 0.491000 0.155114 0.021500 0.039773
0 0.500500 0.096023 0.015500 0.025379
0 0.542875 0.107008 0.015250 0.028409
0 0.578125 0.098106 0.014250 0.029545
0 0.621750 0.102841 0.014000 0.023106
0 0.599375 0.095455 0.012750 0.021970
0 0.581125 0.061932 0.011250 0.020076
0 0.556625 0.074621 0.009250 0.018182
0 0.601250 0.050379 0.012500 0.021212
0 0.620125 0.012879 0.010750 0.018182
0 0.640375 0.021212 0.007750 0.015909
0 0.658250 0.030114 0.012000 0.020076
0 0.660000 0.010795 0.010000 0.015530
0 0.625500 0.037311 0.009500 0.020833
0 0.645375 0.062689 0.013750 0.022348
0 0.691625 0.030303 0.008250 0.015152
0 0.718875 0.007765 0.008250 0.012500
0 0.702125 0.003220 0.005750 0.005682
0 0.773625 0.002462 0.005250 0.004167
0 0.206375 0.082386 0.012250 0.017803
0 0.949125 0.044886 0.003250 0.005682
0 0.933250 0.027841 0.002500 0.004167
0 0.923125 0.019697 0.003250 0.006061
0 0.626250 0.064583 0.012000 0.018561
