0 0.324500 0.073889 0.009500 0.015926
0 0.016500 0.699259 0.022500 0.038519
0 0.004500 0.324444 0.008500 0.017778
0 0.317250 0.135741 0.013000 0.020370
0 0.121250 0.506852 0.023000 0.037407
0 0.496750 0.100185 0.011000 0.021111
0 0.206375 0.135926 0.012250 0.020741
0 0.009375 0.554630 0.018250 0.031481
0 0.433625 0.042222 0.009250 0.015556
0 0.033875 0.740000 0.034250 0.053333
0 0.196250 0.331667 0.020000 0.033704
0 0.429250 0.134074 0.013500 0.022222
0 0.021375 0.469444 0.022750 0.030000
0 0.463875 0.120000 0.013250 0.022963
0 0.144375 0.410741 0.023750 0.034074
0 0.108375 0.405000 0.024250 0.033704
0 0.357500 0.055370 0.011000 0.017407
0 0.220375 0.173889 0.011750 0.020370
0 0.302250 0.202037 0.016000 0.029259
0 0.969500 0.438704 0.017500 0.029259
0 0.062750 0.335926 0.014000 0.025185
0 0.333500 0.181481 0.017000 0.025926
0 0.061875 0.391111 0.019750 0.028148
0 0.377375 0.184444 0.019250 0.028148
0 0.366625 0.141852 0.014250 0.025185
0 0.184250 0.155741 0.011500 0.019630
0 0.486125 0.041852 0.009750 0.018519
0 0.227125 0.136852 0.010750 0.018889
0 0.116375 0.243519 0.013250 0.023333
0 0.172375 0.198519 0.012750 0.020741
0 0.020625 0.322222 0.010750 0.017037
0 0.041250 0.406481 0.021000 0.033704
0 0.194000 0.248148 0.015000 0.028148
0 0.125875 0.213704 0.011250 0.018519
0 0.214750 0.348148 0.025500 0.037037
0 0.192625 0.206852 0.016250 0.027778
0 0.165750 0.157037 0.011000 0.019259
0 0.058500 0.539259 0.022500 0.035556
0 0.514875 0.037963 0.011250 0.018148
0 0.156875 0.370556 0.021250 0.031481
0 0.124625 0.335926 0.021750 0.034074
0 0.291500 0.260556 0.016500 0.030000
0 0.081375 0.447778 0.023750 0.034074
0 0.020500 0.426667 0.019000 0.028889
0 0.199125 0.183519 0.011250 0.018148
0 0.095375 0.224444 0.013750 0.022222
0 0.250125 0.155185 0.013250 0.021481
0 0.048000 0.500556 0.021500 0.034444
0 0.377000 0.044074 0.009000 0.014815
0 0.476875 0.072037 0.009250 0.015185
0 0.523625 0.097963 0.012250 0.021852
0 0.132125 0.260926 0.013250 0.023333
0 0.465625 0.096667 0.011750 0.018519
0 0.267375 0.251296 0.014750 0.027778
0 0.527250 0.065926 0.011000 0.016296
0 0.154000 0.287778 0.016000 0.025185
0 0.228750 0.187222 0.013000 0.020370
0 0.286875 0.211852 0.013750 0.022963
0 0.565625 0.025741 0.009750 0.015185
0 0.307375 0.072593 0.010750 0.016296
0 0.087500 0.330926 0.016000 0.022593
0 0.498000 0.068333 0.009500 0.016667
0 0.020125 0.508333 0.018750 0.030741
0 0.005500 0.439259 0.010500 0.026667
0 0.287250 0.173704 0.016500 0.031852
0 0.418625 0.039259 0.007750 0.014074
0 0.018875 0.345370 0.011750 0.019630
0 0.093125 0.254074 0.011250 0.020741
0 0.072375 0.296481 0.014750 0.020370
0 0.208875 0.271481 0.019750 0.030370
0 0.345250 0.058519 0.011000 0.017037
0 0.284625 0.113889 0.010250 0.017407
0 0.003750 0.370000 0.007000 0.020741
0 0.169125 0.244444 0.013250 0.023704
0 0.027250 0.360741 0.013500 0.018519
0 0.095125 0.371852 0.019250 0.024444
0 0.160250 0.232222 0.013000 0.020741
0 0.106125 0.293704 0.015250 0.022222
0 0.486250 0.085000 0.010000 0.017407
0 0.507375 0.051852 0.008750 0.014074
0 0.299500 0.107037 0.010000 0.017037
0 0.151125 0.225000 0.011250 0.021111
0 0.542625 0.019630 0.007250 0.013333
0 0.432750 0.092222 0.013500 0.023704
0 0.138750 0.123889 0.006500 0.010741
0 0.170375 0.423889 0.028750 0.027778
0 0.250750 0.297407 0.017500 0.026667
0 0.557500 0.042963 0.010500 0.017037
0 0.236125 0.289815 0.015750 0.027778
0 0.045125 0.315556 0.014250 0.022222
0 0.979125 0.123889 0.005250 0.009259
0 0.149875 0.283333 0.017750 0.027407
0 0.137000 0.242407 0.011500 0.018148
0 0.084125 0.359815 0.018750 0.027778
0 0.474750 0.005185 0.009500 0.009630
0 0.395750 0.051852 0.009500 0.014815
0 0.534375 0.047037 0.010250 0.016296
0 0.408250 0.427963 0.033500 0.051481
0 0.673625 0.007222 0.006750 0.010000
0 0.296250 0.101667 0.009000 0.015185
0 0.551000 0.013889 0.008000 0.013704
0 0.992625 0.137778 0.004750 0.012593
0 0.116125 0.119444 0.008750 0.011481
0 0.463750 0.077963 0.014000 0.019630
0 0.255875 0.121481 0.010250 0.015556
0 0.058875 0.276111 0.013750 0.022593
0 0.024625 0.877963 0.031250 0.054444
0 0.260625 0.348889 0.013250 0.022963
0 0.687375 0.007778 0.007250 0.011111
0 0.003125 0.402963 0.005750 0.024444
0 0.102750 0.272222 0.012500 0.019259
0 0.028875 0.381667 0.015250 0.026296
0 0.033750 0.326296 0.015000 0.033333
0 0.073125 0.285185 0.015750 0.011852
0 0.091250 0.276296 0.014500 0.025185
0 0.146250 0.309630 0.014500 0.025926
0 0.167500 0.277778 0.022500 0.032593
0 0.251250 0.130926 0.007000 0.015926
0 0.251125 0.051481 0.007250 0.009630
0 0.187625 0.045926 0.003250 0.008148
0 0.384250 0.134259 0.019000 0.030000
0 0.420375 0.115926 0.013750 0.023704
0 0.316625 0.071296 0.007250 0.017407
0 0.341125 0.069259 0.007750 0.017037
0 0.387500 0.055000 0.012000 0.015926
0 0.439250 0.080556 0.012000 0.014444
0 0.536125 0.033889 0.010250 0.010741
0 0.534125 0.022593 0.009250 0.012593
0 0.556750 0.021852 0.008000 0.014074
0 0.584500 0.010741 0.009500 0.010370
0 0.564875 0.008333 0.009750 0.013704
0 0.569750 0.003148 0.007000 0.005556
0 0.645375 0.008333 0.009250 0.010000
0 0.863750 0.010185 0.002500 0.003333
0 0.833500 0.003333 0.002500 0.003704
