0 0.117125 0.498864 0.029250 0.042424
0 0.151250 0.382765 0.024500 0.035985
0 0.384625 0.043371 0.012750 0.018561
0 0.059250 0.556629 0.021500 0.034470
0 0.398750 0.119508 0.015000 0.023864
0 0.374125 0.147917 0.015250 0.024621
0 0.036625 0.518750 0.025250 0.032955
0 0.261750 0.239962 0.022000 0.032955
0 0.313500 0.209848 0.019500 0.030303
0 0.305875 0.170076 0.020750 0.031061
0 0.373625 0.110417 0.012750 0.020833
0 0.310250 0.061932 0.009500 0.016288
0 0.495250 0.039773 0.011500 0.020455
0 0.154875 0.207008 0.016750 0.023864
0 0.147250 0.343371 0.018000 0.027652
0 0.190250 0.282386 0.016000 0.029167
0 0.231750 0.237311 0.019500 0.032955
0 0.337125 0.043939 0.008250 0.014394
0 0.437500 0.101894 0.014000 0.022727
0 0.245875 0.136553 0.012750 0.020076
0 0.698625 0.022538 0.008750 0.017803
0 0.407125 0.018561 0.009750 0.016667
0 0.454875 0.081629 0.011750 0.020076
0 0.134250 0.226894 0.014500 0.024242
0 0.122000 0.301326 0.017500 0.029167
0 0.514750 0.056250 0.010500 0.017045
0 0.518375 0.015530 0.009750 0.016667
0 0.477375 0.082576 0.013750 0.022727
0 0.184375 0.171023 0.014250 0.023106
0 0.075625 0.295644 0.016750 0.027652
0 0.536250 0.017803 0.011000 0.016667
0 0.463625 0.110606 0.012750 0.021970
0 0.344250 0.167045 0.014500 0.026515
0 0.473750 0.015152 0.010000 0.017424
0 0.223125 0.140152 0.012250 0.023485
0 0.113375 0.400379 0.022750 0.031061
0 0.471750 0.062121 0.012000 0.018939
0 0.246375 0.118561 0.009750 0.015909
0 0.095375 0.277841 0.012750 0.018561
0 0.273875 0.072727 0.009750 0.017424
0 0.504875 0.008333 0.008250 0.014394
0 0.357125 0.043561 0.010750 0.020455
0 0.369625 0.035795 0.010250 0.020833
0 0.055750 0.353030 0.019000 0.032576
0 0.345250 0.055492 0.010000 0.016288
0 0.276625 0.091098 0.011750 0.018561
0 0.264500 0.215720 0.017000 0.021591
0 0.049000 0.341098 0.020500 0.032955
0 0.289375 0.072917 0.010750 0.018561
0 0.261625 0.110606 0.009750 0.017424
0 0.437500 0.139394 0.018000 0.026515
0 0.103500 0.297538 0.017000 0.029167
0 0.222625 0.176894 0.017750 0.025000
0 0.007750 0.439205 0.015000 0.042045
0 0.010125 0.747727 0.019750 0.045455
0 0.532875 0.005303 0.008750 0.009848
0 0.416250 0.036174 0.010000 0.014015
0 0.216125 0.276136 0.024250 0.034091
0 0.180875 0.339773 0.024750 0.035606
0 0.208875 0.157576 0.011750 0.021212
0 0.260625 0.086174 0.010250 0.010227
0 0.221500 0.043750 0.006500 0.013258
0 0.239000 0.037121 0.009500 0.012121
0 0.367750 0.193371 0.022000 0.032955
0 0.686125 0.011174 0.008750 0.014773
0 0.843750 0.006061 0.005000 0.008333
0 0.798875 0.008144 0.004750 0.006439
