0 0.605625 0.061051 0.009250 0.015580
0 0.434625 0.146196 0.012750 0.020652
0 0.621125 0.076268 0.009750 0.017029
0 0.194000 0.356522 0.021000 0.034058
0 0.088250 0.300543 0.013000 0.022826
0 0.326375 0.145290 0.013250 0.019565
0 0.197750 0.321014 0.024000 0.040580
0 0.417500 0.143297 0.014000 0.023551
0 0.323375 0.106522 0.013250 0.020290
0 0.104875 0.406522 0.024750 0.033333
0 0.717750 0.047101 0.008500 0.013768
0 0.499750 0.062319 0.009000 0.015217
0 0.075125 0.320833 0.014250 0.021377
0 0.668125 0.059783 0.009250 0.013768
0 0.566375 0.040399 0.007750 0.012681
0 0.187750 0.181884 0.012500 0.020290
0 0.590625 0.040036 0.009750 0.014855
0 0.559750 0.093659 0.010500 0.019928
0 0.669000 0.074275 0.011000 0.017391
0 0.503625 0.075362 0.010750 0.017391
0 0.586750 0.105072 0.012000 0.021014
0 0.543750 0.107246 0.012500 0.018841
0 0.542125 0.043297 0.008750 0.014855
0 0.613500 0.042029 0.008500 0.013768
0 0.488375 0.022283 0.008250 0.014130
0 0.394750 0.144746 0.011500 0.022826
0 0.213750 0.171558 0.011500 0.019928
0 0.087000 0.222464 0.014000 0.018116
0 0.692625 0.036775 0.009250 0.014855
0 0.442625 0.041667 0.008250 0.013043
0 0.481000 0.035326 0.007500 0.012681
0 0.451875 0.106703 0.011250 0.017754
0 0.470625 0.027174 0.008250 0.013768
0 0.681750 0.021196 0.006000 0.010507
0 0.414375 0.102899 0.010250 0.017391
0 0.460375 0.051812 0.010250 0.015942
0 0.628250 0.056703 0.009000 0.014855
0 0.432250 0.105254 0.012000 0.017754
0 0.518625 0.030797 0.008250 0.013768
0 0.521625 0.069928 0.012750 0.018116
0 0.644625 0.034783 0.007250 0.011594
0 0.724250 0.030254 0.006500 0.010507
0 0.637000 0.055978 0.009000 0.015580
0 0.653000 0.042754 0.008000 0.012319
0 0.605625 0.024457 0.007250 0.011957
0 0.630250 0.038225 0.008000 0.013406
0 0.006625 0.234783 0.007750 0.012319
0 0.594125 0.026993 0.008250 0.013406
0 0.503000 0.004348 0.007500 0.007971
0 0.540375 0.060870 0.008750 0.014493
0 0.550875 0.017029 0.006750 0.011594
0 0.707750 0.049457 0.008500 0.012681
0 0.515750 0.054710 0.009000 0.014493
0 0.505625 0.031703 0.008250 0.012681
0 0.056750 0.175181 0.007000 0.011232
0 0.614875 0.024819 0.007250 0.012681
0 0.756625 0.023007 0.006250 0.009783
0 0.557875 0.014855 0.007250 0.011594
0 0.542625 0.019203 0.008750 0.013043
0 0.509375 0.022645 0.007750 0.012681
0 0.063375 0.180797 0.008250 0.011594
0 0.639000 0.040942 0.008000 0.013043
0 0.037500 0.191304 0.006500 0.009420
0 0.698500 0.024275 0.006500 0.010870
0 0.646000 0.016304 0.006000 0.009420
0 0.265375 0.788406 0.037750 0.058696
0 0.726000 0.040399 0.007500 0.011957
0 0.855000 0.051449 0.005000 0.007246
0 0.002500 0.207790 0.004500 0.009783
0 0.748625 0.029529 0.005750 0.009783
0 0.522125 0.023370 0.008250 0.010507
0 0.129250 0.395109 0.023000 0.032246
0 0.015250 0.235326 0.008000 0.009783
0 0.019250 0.185326 0.005000 0.009058
0 0.012125 0.185688 0.004750 0.006884
0 0.023250 0.167391 0.004000 0.006522
0 0.049875 0.182790 0.005750 0.008333
0 0.022750 0.259239 0.012000 0.014855
0 0.066125 0.161051 0.005750 0.008333
0 0.070875 0.169384 0.006750 0.010507
0 0.035250 0.157609 0.004500 0.005797
0 0.084500 0.153080 0.008000 0.011957
0 0.082500 0.171920 0.008500 0.010507
0 0.138375 0.199457 0.011750 0.019928
0 0.621875 0.098188 0.011250 0.022464
0 0.584375 0.030435 0.005750 0.010145
0 0.622625 0.015036 0.009750 0.014130
0 0.642625 0.023732 0.006750 0.006159
0 0.663625 0.008514 0.006750 0.008333
0 0.648875 0.007790 0.005750 0.009783
0 0.679000 0.001630 0.005000 0.002536
0 0.689125 0.004167 0.006250 0.007609
0 0.719125 0.007609 0.004250 0.006522
0 0.725500 0.008877 0.005500 0.006159
0 0.737125 0.013587 0.004750 0.009058
0 0.741750 0.017391 0.006000 0.008696
0 0.772250 0.025725 0.005000 0.007246
0 0.770500 0.018841 0.004000 0.005797
0 0.777625 0.007246 0.005250 0.005797
0 0.753625 0.002355 0.004250 0.003986
0 0.833000 0.034420 0.005000 0.007246
0 0.872625 0.029529 0.002750 0.004710
0 0.879250 0.034601 0.002000 0.003986
0 0.924000 0.038406 0.002000 0.002899
