0 0.297250 0.243750 0.020500 0.038258
0 0.060125 0.566856 0.032750 0.049621
0 0.222125 0.300758 0.024750 0.043939
0 0.263625 0.235227 0.024750 0.040909
0 0.652000 0.073295 0.013000 0.023864
0 0.503750 0.068561 0.013000 0.022727
0 0.380375 0.176136 0.019250 0.034091
0 0.446000 0.129924 0.016000 0.028030
0 0.221125 0.182955 0.017750 0.028788
0 0.608875 0.026326 0.008250 0.014773
0 0.239875 0.074811 0.009250 0.016288
0 0.283750 0.371780 0.025500 0.039773
0 0.240500 0.148674 0.010500 0.018561
0 0.219375 0.079735 0.008250 0.014773
0 0.475500 0.130492 0.018500 0.032197
0 0.263625 0.172348 0.014750 0.027273
0 0.098000 0.448106 0.031000 0.045455
0 0.600375 0.004167 0.007250 0.007576
0 0.562250 0.014015 0.008500 0.013636
0 0.144375 0.464205 0.025250 0.053409
0 0.585750 0.018182 0.011000 0.021212
0 0.546250 0.048864 0.010000 0.017424
0 0.619375 0.036932 0.008250 0.014773
0 0.325875 0.186742 0.015250 0.031061
0 0.572750 0.051326 0.011500 0.019318
0 0.602375 0.115530 0.015250 0.024242
0 0.067625 0.625379 0.041750 0.061364
0 0.206000 0.097917 0.008000 0.014015
0 0.524000 0.072727 0.012000 0.019697
0 0.548875 0.078788 0.015250 0.028030
0 0.547750 0.008902 0.009000 0.016288
0 0.618750 0.010038 0.013000 0.019318
0 0.231625 0.081250 0.007750 0.016288
0 0.638250 0.011742 0.016500 0.022727
