0 0.494875 0.098864 0.013250 0.024242
0 0.127000 0.382765 0.026500 0.044318
0 0.655375 0.073674 0.014750 0.024621
0 0.157375 0.457008 0.033250 0.041288
0 0.512125 0.054356 0.012250 0.022348
0 0.075250 0.476894 0.024500 0.039394
0 0.267375 0.371591 0.027250 0.038636
0 0.571750 0.022348 0.011500 0.019697
0 0.602875 0.022159 0.011250 0.022348
0 0.575250 0.089962 0.014000 0.021591
0 0.428500 0.193561 0.020000 0.033333
0 0.545375 0.032576 0.008750 0.015909
0 0.557250 0.066856 0.010500 0.018561
0 0.358000 0.251326 0.022500 0.040530
0 0.243875 0.185417 0.015750 0.024621
0 0.594375 0.049621 0.011750 0.019697
0 0.223375 0.164015 0.013250 0.020455
0 0.467000 0.072159 0.012000 0.021591
0 0.509125 0.086174 0.009750 0.017803
0 0.441500 0.105871 0.014000 0.028409
0 0.517875 0.113258 0.013750 0.024242
0 0.409625 0.165530 0.017250 0.038636
0 0.246375 0.356439 0.021250 0.034848
0 0.536875 0.102652 0.014750 0.023485
0 0.531875 0.062689 0.010750 0.017803
0 0.328500 0.226136 0.021000 0.040152
0 0.628125 0.017235 0.008250 0.014773
0 0.486000 0.150189 0.018500 0.028409
0 0.233000 0.077462 0.008500 0.014015
0 0.083625 0.550000 0.030250 0.039394
0 0.239875 0.136174 0.011250 0.019318
0 0.215125 0.083144 0.007750 0.014015
0 0.619375 0.035606 0.012250 0.019697
0 0.610875 0.004924 0.009750 0.009091
0 0.193250 0.100189 0.008500 0.015530
0 0.139750 0.103030 0.008500 0.014394
0 0.451625 0.145455 0.019250 0.034848
0 0.154750 0.085795 0.007000 0.012500
0 0.008000 0.563447 0.015500 0.039773
0 0.222250 0.088826 0.009000 0.014773
0 0.443250 0.003788 0.007500 0.006818
0 0.626125 0.004167 0.009750 0.007576
