0 0.621875 0.014706 0.010750 0.019216
0 0.590125 0.036667 0.011250 0.020000
0 0.311250 0.089412 0.014000 0.023529
0 0.416500 0.030980 0.010500 0.018824
0 0.372625 0.084118 0.014750 0.023922
0 0.284000 0.360980 0.023000 0.041176
0 0.151500 0.641765 0.043000 0.046667
0 0.289625 0.285490 0.021250 0.041569
0 0.006750 0.202745 0.011500 0.018824
0 0.243375 0.618235 0.039750 0.049804
0 0.599625 0.025686 0.012750 0.021569
0 0.574625 0.012353 0.010250 0.016078
0 0.508500 0.006667 0.010000 0.012549
0 0.297000 0.083922 0.012500 0.018824
0 0.555625 0.005882 0.009750 0.010196
0 0.428500 0.024902 0.012000 0.019216
0 0.492375 0.023529 0.011250 0.018039
0 0.611250 0.004118 0.008500 0.006667
0 0.525250 0.006078 0.010500 0.010588
0 0.081750 0.114314 0.007000 0.012157
0 0.074500 0.093137 0.006000 0.011373
0 0.084625 0.053922 0.006250 0.011373
0 0.366250 0.010000 0.011000 0.016863
0 0.068375 0.124510 0.008250 0.013725
0 0.295750 0.878824 0.048500 0.083922
0 0.080625 0.041373 0.003250 0.007451
0 0.077625 0.038627 0.002750 0.007451
0 0.073750 0.065490 0.004500 0.007059
0 0.097000 0.027451 0.004000 0.006275
0 0.100000 0.013333 0.002500 0.005490
0 0.104375 0.007451 0.002750 0.003922
0 0.497500 0.037059 0.013000 0.021569
0 0.536875 0.022549 0.012250 0.020784
0 0.992625 0.104314 0.006750 0.011765
0 0.027625 0.058627 0.002750 0.004314
0 0.020000 0.066275 0.002500 0.003137
0 0.015125 0.071176 0.002250 0.004314
