0 0.608625 0.029545 0.012250 0.021212
0 0.186875 0.347348 0.033250 0.046970
0 0.125250 0.453598 0.026000 0.041288
0 0.485625 0.085795 0.014250 0.026136
0 0.077000 0.567424 0.028500 0.041667
0 0.651375 0.073864 0.013250 0.023485
0 0.036250 0.528977 0.026000 0.034470
0 0.569000 0.041667 0.011500 0.018939
0 0.567625 0.008712 0.008250 0.015909
0 0.231500 0.336364 0.027000 0.043182
0 0.377125 0.158523 0.018250 0.035227
0 0.334250 0.188258 0.021500 0.038636
0 0.071625 0.424432 0.025250 0.041288
0 0.301000 0.274242 0.023500 0.039394
0 0.302250 0.335417 0.025000 0.036742
0 0.538125 0.031629 0.010250 0.019318
0 0.477375 0.036932 0.010250 0.017045
0 0.430750 0.198485 0.017500 0.030303
0 0.543750 0.084470 0.012500 0.024242
0 0.258250 0.277841 0.021000 0.036742
0 0.579750 0.020833 0.011000 0.018939
0 0.561125 0.070833 0.011750 0.019697
0 0.288125 0.235606 0.018750 0.035606
0 0.516875 0.108523 0.016250 0.025379
0 0.263500 0.165530 0.012500 0.023485
0 0.223250 0.170833 0.013000 0.018939
0 0.437250 0.131818 0.014500 0.025758
0 0.474875 0.138636 0.015750 0.028788
0 0.190000 0.100568 0.009500 0.017045
0 0.597750 0.010606 0.010000 0.017424
0 0.520750 0.086553 0.017500 0.027652
0 0.256500 0.131818 0.011000 0.018182
0 0.210250 0.437500 0.033500 0.046212
0 0.224000 0.086932 0.008500 0.015530
0 0.552000 0.027462 0.010000 0.019318
0 0.215500 0.082008 0.009000 0.017045
0 0.486125 0.118182 0.016250 0.025000
0 0.615125 0.009659 0.009750 0.015530
0 0.380250 0.223674 0.024500 0.042045
0 0.011000 0.537121 0.020500 0.036364
0 0.215625 0.093371 0.009250 0.014773
0 0.379375 0.009091 0.009250 0.007576
