0 0.587500 0.351404 0.025000 0.034737
0 0.169250 0.315439 0.019000 0.027368
0 0.653125 0.405789 0.021750 0.034737
0 0.115125 0.408772 0.018250 0.030175
0 0.059750 0.447193 0.022000 0.034737
0 0.520875 0.355614 0.024750 0.034035
0 0.208000 0.325614 0.017500 0.025263
0 0.017625 0.392982 0.014750 0.022456
0 0.088250 0.368947 0.019500 0.027719
0 0.350500 0.232632 0.018000 0.029474
0 0.127375 0.307895 0.014750 0.024912
0 0.396125 0.167193 0.014750 0.023509
0 0.011125 0.240351 0.006250 0.009825
0 0.268750 0.210526 0.014000 0.022456
0 0.621625 0.023860 0.005750 0.011228
0 0.094125 0.687544 0.030250 0.043158
0 0.168500 0.218421 0.013000 0.017895
0 0.555000 0.080175 0.010000 0.016491
0 0.007250 0.522105 0.014000 0.026667
0 0.033875 0.547719 0.027250 0.033684
0 0.125000 0.252281 0.010500 0.018947
0 0.657500 0.117368 0.010000 0.016491
0 0.478875 0.142982 0.012250 0.022807
0 0.686875 0.031754 0.007250 0.008772
0 0.214750 0.186667 0.013500 0.021053
0 0.424875 0.064211 0.008250 0.014737
0 0.443375 0.095965 0.010750 0.015088
0 0.321875 0.247544 0.019250 0.031228
0 0.597875 0.041754 0.006250 0.009123
0 0.541875 0.070526 0.009250 0.012632
0 0.315375 0.285614 0.019750 0.034386
0 0.186250 0.431404 0.020500 0.026316
0 0.066750 0.342281 0.016500 0.023509
0 0.118125 0.516316 0.023250 0.038246
0 0.207625 0.520000 0.031250 0.040702
0 0.189125 0.348772 0.024750 0.036491
0 0.266250 0.129649 0.009000 0.015088
0 0.312750 0.180526 0.010500 0.015088
0 0.490750 0.147895 0.013000 0.022105
0 0.206750 0.106842 0.006500 0.012281
0 0.180500 0.150175 0.006000 0.010526
0 0.214500 0.302456 0.016500 0.025965
0 0.528500 0.118246 0.011000 0.019649
0 0.513750 0.123158 0.013500 0.022456
0 0.360000 0.091228 0.009000 0.014035
0 0.595000 0.026316 0.006500 0.010526
0 0.280125 0.236491 0.015250 0.024561
0 0.103000 0.232982 0.010000 0.015439
0 0.635625 0.038947 0.007250 0.013333
0 0.333500 0.137193 0.012000 0.021754
0 0.173750 0.615088 0.030500 0.035789
0 0.570250 0.094211 0.011500 0.019298
0 0.070125 0.538596 0.029250 0.030877
0 0.652625 0.030526 0.006250 0.010526
0 0.404500 0.111228 0.011000 0.019649
0 0.102125 0.469825 0.022250 0.037193
0 0.110250 0.264211 0.010500 0.018246
0 0.517875 0.058772 0.008250 0.013684
0 0.400375 0.151053 0.015250 0.024912
0 0.604625 0.064035 0.007250 0.011579
0 0.195250 0.202456 0.012500 0.018246
0 0.045375 0.176316 0.005250 0.008772
0 0.009375 0.200351 0.004250 0.006316
0 0.149750 0.415614 0.024000 0.031228
0 0.388000 0.112982 0.011000 0.018947
0 0.669250 0.058246 0.008000 0.014737
0 0.037625 0.414912 0.017250 0.027719
0 0.066625 0.166667 0.005750 0.009123
0 0.266875 0.393333 0.021750 0.029474
0 0.495000 0.074737 0.010500 0.015439
0 0.013250 0.225614 0.006000 0.008421
0 0.459000 0.068246 0.007500 0.011579
0 0.556000 0.136667 0.017000 0.022105
0 0.551500 0.061404 0.007000 0.011930
0 0.544625 0.081404 0.010750 0.015439
0 0.527250 0.062281 0.009500 0.014386
0 0.616000 0.016140 0.005000 0.009123
0 0.018000 0.233158 0.006000 0.009474
0 0.304625 0.247193 0.016750 0.026316
0 0.674375 0.037018 0.007250 0.011579
0 0.400125 0.092982 0.006750 0.011930
0 0.489750 0.094561 0.009500 0.016491
0 0.601125 0.078421 0.009750 0.016491
0 0.441625 0.131404 0.011750 0.019298
0 0.521875 0.144386 0.013750 0.020702
0 0.454500 0.050351 0.007500 0.011579
0 0.118125 0.328947 0.019250 0.023509
0 0.067500 0.226491 0.008000 0.012281
0 0.603625 0.052105 0.008250 0.012982
0 0.201250 0.297895 0.016000 0.024561
0 0.449500 0.059649 0.007500 0.011228
0 0.258625 0.583684 0.045250 0.055789
0 0.461375 0.080526 0.009250 0.014386
0 0.627375 0.042105 0.006750 0.010526
0 0.580000 0.081404 0.007500 0.013333
0 0.516375 0.077544 0.009250 0.016140
0 0.541125 0.048772 0.008250 0.011930
0 0.003750 0.265614 0.007000 0.014035
0 0.728250 0.026491 0.003500 0.005263
0 0.017000 0.195263 0.004000 0.005965
0 0.560125 0.046491 0.008750 0.013684
0 0.024875 0.250526 0.007750 0.011228
0 0.409750 0.071404 0.008000 0.014386
0 0.739375 0.026140 0.004750 0.007368
0 0.679625 0.035789 0.006250 0.009825
0 0.382250 0.083158 0.010500 0.016140
0 0.472250 0.068421 0.008500 0.013333
0 0.075625 0.234912 0.009250 0.014386
0 0.575875 0.064386 0.006750 0.010175
0 0.342250 0.118947 0.008500 0.014035
0 0.665750 0.031404 0.006000 0.010175
0 0.448250 0.072807 0.009000 0.012982
0 0.057625 0.294561 0.016250 0.022105
0 0.331500 0.110702 0.009000 0.013684
0 0.440000 0.065965 0.007500 0.014035
0 0.059500 0.172982 0.003500 0.005614
0 0.161625 0.342105 0.018750 0.031579
0 0.004625 0.247368 0.006250 0.009123
0 0.113875 0.110351 0.003250 0.005263
0 0.059750 0.220877 0.009500 0.015789
0 0.029875 0.196140 0.003750 0.006316
0 0.486250 0.054561 0.007500 0.012982
0 0.559000 0.115614 0.013000 0.020000
0 0.067125 0.209649 0.006250 0.008772
0 0.071625 0.218246 0.007750 0.010526
0 0.042750 0.752456 0.032500 0.046667
0 0.011750 0.364035 0.011500 0.017895
0 0.053750 0.247018 0.008000 0.012632
0 0.006750 0.232105 0.005500 0.008772
0 0.501250 0.186842 0.018000 0.024211
0 0.510500 0.075965 0.010500 0.014386
0 0.273250 0.158947 0.010500 0.014035
0 0.297875 0.135263 0.008250 0.016491
0 0.065500 0.326842 0.014000 0.015088
0 0.192125 0.311053 0.011250 0.014386
0 0.042500 0.241930 0.008500 0.014386
0 0.032000 0.220351 0.006500 0.009123
0 0.077625 0.151754 0.004250 0.006667
0 0.063625 0.175965 0.004750 0.007368
0 0.021375 0.201053 0.003750 0.005614
0 0.488250 0.075088 0.007000 0.011930
0 0.050375 0.183684 0.004250 0.006667
0 0.038625 0.204737 0.005750 0.008070
0 0.004750 0.443860 0.009000 0.025965
0 0.065625 0.675965 0.018250 0.027719
0 0.367625 0.098596 0.008750 0.012632
0 0.312250 0.130702 0.007000 0.009474
0 0.064375 0.202105 0.006750 0.009123
0 0.025750 0.230702 0.006000 0.008070
0 0.059250 0.212281 0.006500 0.009123
0 0.323125 0.100000 0.003750 0.006316
0 0.033000 0.185614 0.004000 0.005614
0 0.074000 0.304561 0.015500 0.023860
0 0.028250 0.237719 0.009000 0.012281
0 0.081125 0.149123 0.004250 0.006316
0 0.135500 0.100000 0.002500 0.004211
0 0.196750 0.390000 0.012000 0.015789
0 0.622750 0.041754 0.004500 0.009123
0 0.126000 0.793860 0.035000 0.041053
0 0.051250 0.853509 0.036000 0.045263
0 0.019000 0.852807 0.027000 0.047368
0 0.015125 0.695088 0.029750 0.046316
0 0.072625 0.371930 0.014250 0.025263
0 0.227500 0.284561 0.013500 0.012632
0 0.196500 0.194737 0.011000 0.007719
0 0.021625 0.268596 0.008750 0.010175
0 0.023250 0.194561 0.003500 0.004561
0 0.028500 0.207018 0.004000 0.006316
0 0.033000 0.213684 0.006000 0.007719
0 0.042375 0.217719 0.008750 0.008772
0 0.047375 0.227193 0.005750 0.007368
0 0.047000 0.233158 0.005000 0.005965
0 0.072000 0.206316 0.007500 0.011228
0 0.053750 0.191404 0.004500 0.009474
0 0.049250 0.191404 0.005500 0.008772
0 0.045000 0.194386 0.005000 0.009123
0 0.059250 0.180877 0.005500 0.007368
0 0.056250 0.177018 0.003000 0.006667
0 0.025500 0.161579 0.003000 0.005263
0 0.040000 0.181579 0.003500 0.005263
0 0.039500 0.187719 0.004500 0.007018
0 0.036750 0.188596 0.003500 0.008070
0 0.467625 0.075439 0.008250 0.013333
0 0.493250 0.056140 0.009500 0.010526
0 0.538625 0.061930 0.007750 0.010175
0 0.568125 0.046491 0.006750 0.011579
0 0.565000 0.020351 0.006000 0.009123
0 0.587375 0.044912 0.009750 0.011228
0 0.581125 0.044912 0.004250 0.009123
0 0.616750 0.059825 0.008000 0.012982
0 0.610875 0.054912 0.004250 0.010175
0 0.617375 0.048070 0.006250 0.010526
0 0.633500 0.061404 0.008500 0.011228
0 0.653750 0.054211 0.009000 0.016491
0 0.698375 0.034211 0.005750 0.008070
0 0.750000 0.007719 0.003500 0.004912
0 0.824375 0.027895 0.002250 0.003860
0 0.535250 0.332105 0.020500 0.034737
