0 0.356750 0.209280 0.021000 0.037500
0 0.335875 0.332576 0.024250 0.044697
0 0.135500 0.425379 0.028500 0.049242
0 0.068375 0.374053 0.029250 0.042803
0 0.052750 0.382955 0.011500 0.018939
0 0.005875 0.483902 0.011250 0.036742
0 0.034000 0.566098 0.029000 0.042803
0 0.044750 0.629167 0.035000 0.042424
0 0.131750 0.630682 0.038000 0.057576
0 0.062000 0.734470 0.040500 0.045455
0 0.116625 0.755682 0.037250 0.053788
0 0.006750 0.707386 0.013000 0.048106
0 0.177375 0.537879 0.031750 0.047727
0 0.098375 0.519129 0.030750 0.046591
0 0.232375 0.468371 0.024750 0.048106
0 0.207500 0.401515 0.027000 0.046212
0 0.256500 0.349242 0.027500 0.047727
0 0.294625 0.386553 0.027250 0.051136
0 0.290500 0.295833 0.021000 0.031818
0 0.288250 0.220644 0.021000 0.040530
0 0.199500 0.075568 0.010500 0.020076
0 0.363375 0.263068 0.029250 0.048864
0 0.372000 0.182386 0.015000 0.029167
0 0.391500 0.188447 0.019500 0.028409
0 0.460750 0.148106 0.021000 0.030303
0 0.512000 0.144129 0.026500 0.035985
0 0.482250 0.118750 0.015500 0.024621
0 0.460875 0.055871 0.013250 0.017803
0 0.527125 0.093561 0.014250 0.025000
0 0.505000 0.092235 0.014000 0.020833
0 0.498125 0.066856 0.012250 0.021591
0 0.513625 0.013447 0.010250 0.019318
0 0.503000 0.003598 0.007000 0.006439
0 0.556000 0.098864 0.014000 0.026515
0 0.561750 0.071591 0.011500 0.020455
0 0.579500 0.053788 0.011500 0.022727
0 0.582750 0.087311 0.013500 0.024621
0 0.600500 0.091667 0.012000 0.022727
0 0.626250 0.096023 0.014000 0.023864
0 0.631375 0.040341 0.012750 0.017045
0 0.607625 0.048674 0.014250 0.020076
0 0.659750 0.058902 0.013500 0.019318
0 0.650125 0.021023 0.009250 0.017045
0 0.628250 0.007386 0.011000 0.014015
0 0.666375 0.026705 0.013250 0.020076
0 0.691625 0.029167 0.011750 0.019697
0 0.721500 0.009470 0.008000 0.015909
0 0.672000 0.011174 0.008000 0.015530
0 0.705250 0.007008 0.008500 0.011742
