0 0.262222 0.617407 0.051111 0.051111
0 0.155139 0.607407 0.044722 0.048148
0 0.059583 0.749259 0.046944 0.050370
0 0.037361 0.678704 0.038056 0.052222
0 0.004722 0.597963 0.008889 0.018148
0 0.005139 0.775185 0.009722 0.020000
0 0.046389 0.483704 0.021667 0.033333
0 0.041528 0.412037 0.020833 0.031481
0 0.112500 0.441296 0.025556 0.036667
0 0.122083 0.392222 0.025833 0.036296
0 0.229028 0.334815 0.026944 0.035556
0 0.247361 0.427778 0.035278 0.042963
0 0.292222 0.382037 0.027222 0.032222
0 0.304861 0.340000 0.030833 0.040000
0 0.364583 0.275185 0.021944 0.035556
0 0.347778 0.190000 0.020000 0.037037
0 0.426806 0.183519 0.019167 0.030741
0 0.478333 0.170926 0.020556 0.030741
0 0.519444 0.190926 0.022778 0.033704
0 0.525694 0.157037 0.020278 0.031852
0 0.563056 0.188333 0.015000 0.030000
0 0.548056 0.255000 0.026667 0.035926
0 0.625833 0.134815 0.020556 0.027407
0 0.587639 0.113889 0.014722 0.022593
0 0.597917 0.084630 0.015833 0.022593
0 0.599028 0.103889 0.013056 0.015926
0 0.668194 0.078148 0.016944 0.022222
0 0.638333 0.083889 0.015556 0.021111
0 0.624583 0.062593 0.012500 0.020741
0 0.670556 0.051481 0.009444 0.015556
0 0.692639 0.057963 0.010278 0.015926
0 0.722639 0.041852 0.010278 0.019259
0 0.691111 0.016667 0.010000 0.016296
0 0.710556 0.012963 0.010556 0.015556
0 0.722639 0.020926 0.009167 0.013704
0 0.731389 0.034815 0.008889 0.015556
0 0.749722 0.035000 0.007222 0.010741
0 0.747639 0.018704 0.008056 0.013704
0 0.726806 0.008519 0.006389 0.011111
0 0.750417 0.005185 0.007500 0.009630
0 0.767222 0.005000 0.007222 0.009259
0 0.772917 0.029815 0.010278 0.015185
0 0.753750 0.048889 0.010833 0.014074
0 0.782639 0.032407 0.007500 0.013704
0 0.804444 0.035370 0.007778 0.012222
0 0.780972 0.013519 0.008611 0.012222
0 0.800694 0.006481 0.008056 0.011481
0 0.807778 0.003519 0.003889 0.006296
0 0.815278 0.004259 0.005000 0.007778
0 0.819861 0.013148 0.006944 0.011481
0 0.828333 0.004630 0.007222 0.008519
0 0.845139 0.003889 0.006389 0.007037
0 0.269583 0.083519 0.010278 0.013704
0 0.235833 0.098704 0.010556 0.012963
0 0.118472 0.155556 0.008056 0.009630
0 0.114306 0.137222 0.007500 0.009259
0 0.102222 0.136111 0.006667 0.009259
0 0.091944 0.126296 0.007222 0.010370
0 0.086111 0.138519 0.006667 0.009630
0 0.094167 0.141667 0.009444 0.010000
0 0.092639 0.166296 0.009722 0.008889
0 0.073611 0.153519 0.008889 0.007778
0 0.067222 0.161296 0.008889 0.007037
0 0.080556 0.188148 0.008333 0.010370
0 0.053750 0.179815 0.009722 0.011481
0 0.059028 0.189074 0.008611 0.007778
0 0.034444 0.189630 0.008889 0.011111
0 0.020833 0.215370 0.007222 0.009259
0 0.013611 0.205370 0.007778 0.009259
0 0.020278 0.199444 0.006667 0.010741
0 0.035833 0.203519 0.006111 0.007037
0 0.031250 0.212037 0.007500 0.007778
0 0.009861 0.221667 0.007500 0.012222
0 0.177778 0.022963 0.002778 0.005185
0 0.162778 0.032407 0.003333 0.004815
