0 0.560500 0.027652 0.010500 0.018939
0 0.137625 0.390530 0.024250 0.037121
0 0.159250 0.454735 0.030000 0.048106
0 0.081500 0.513636 0.025500 0.041667
0 0.408500 0.181818 0.022500 0.034848
0 0.206375 0.318939 0.021750 0.038636
0 0.603500 0.018750 0.010500 0.018561
0 0.029500 0.460038 0.027000 0.043561
0 0.497250 0.078220 0.011500 0.022348
0 0.458500 0.042614 0.011500 0.020076
0 0.059875 0.332008 0.020250 0.031439
0 0.334375 0.227083 0.024250 0.039773
0 0.584500 0.072727 0.014000 0.025758
0 0.198375 0.100758 0.012250 0.020455
0 0.530875 0.100568 0.017750 0.025379
0 0.396625 0.139205 0.019750 0.029924
0 0.428750 0.156818 0.018000 0.031061
0 0.483000 0.154167 0.022500 0.037121
0 0.172500 0.128598 0.009500 0.016288
0 0.090375 0.564773 0.034750 0.044697
0 0.458625 0.114394 0.017250 0.028030
0 0.133875 0.160606 0.014250 0.021212
0 0.287625 0.287879 0.027250 0.039394
0 0.561125 0.060038 0.012250 0.023106
0 0.166375 0.111174 0.007750 0.012500
0 0.192625 0.076705 0.011250 0.017803
0 0.250500 0.247727 0.021000 0.033333
0 0.484125 0.088636 0.013750 0.026515
0 0.591875 0.021023 0.011250 0.019318
0 0.563375 0.010795 0.009250 0.015530
0 0.359500 0.191098 0.020000 0.031439
0 0.580375 0.048295 0.011750 0.019318
0 0.185875 0.100758 0.011750 0.022727
0 0.618875 0.008333 0.011750 0.015909
0 0.235125 0.385038 0.035750 0.052652
0 0.315625 0.239773 0.017750 0.034848
0 0.460125 0.163068 0.019250 0.029924
