0 0.490750 0.090720 0.015000 0.026136
0 0.341125 0.234091 0.017250 0.031818
0 0.594875 0.060606 0.012250 0.021970
0 0.436000 0.150568 0.015500 0.026894
0 0.473125 0.167803 0.016250 0.029545
0 0.433500 0.235606 0.018000 0.033333
0 0.009875 0.467235 0.019250 0.036742
0 0.441250 0.282576 0.025500 0.045455
0 0.617625 0.058902 0.011250 0.020076
0 0.637500 0.026136 0.010500 0.018182
0 0.389875 0.234470 0.025750 0.040909
0 0.527750 0.089773 0.021500 0.027273
0 0.554250 0.082955 0.013000 0.022727
0 0.376750 0.191667 0.020000 0.036364
0 0.117250 0.408902 0.023000 0.039773
0 0.797000 0.646023 0.057000 0.114773
0 0.490250 0.066098 0.014500 0.024621
0 0.718875 0.031439 0.008750 0.018182
0 0.008625 0.710038 0.016750 0.048864
0 0.012125 0.874811 0.023750 0.060227
0 0.053500 0.625568 0.027500 0.045076
0 0.015500 0.565152 0.022500 0.042424
0 0.056625 0.471780 0.027750 0.035985
0 0.065000 0.421591 0.021500 0.040152
0 0.143875 0.450758 0.028750 0.047727
0 0.119625 0.513636 0.032750 0.054545
0 0.193125 0.361742 0.029250 0.037121
0 0.225250 0.360985 0.027500 0.043182
0 0.222375 0.224242 0.024250 0.037879
0 0.291500 0.218561 0.022500 0.040152
0 0.453000 0.140152 0.020000 0.035606
0 0.502250 0.156250 0.020000 0.030682
0 0.524625 0.119886 0.017750 0.031439
0 0.529250 0.071591 0.011500 0.014394
0 0.596500 0.042614 0.012500 0.020833
0 0.608375 0.017045 0.009250 0.017424
0 0.611500 0.004735 0.010000 0.008712
0 0.661000 0.038447 0.010500 0.017803
0 0.658375 0.012500 0.008750 0.015909
0 0.655625 0.003598 0.007750 0.006439
0 0.678000 0.003409 0.006000 0.006061
0 0.683000 0.034091 0.010000 0.017424
0 0.690625 0.026705 0.007750 0.014773
0 0.703375 0.006061 0.008250 0.011364
0 0.720875 0.012689 0.009250 0.016288
0 0.719875 0.001894 0.007250 0.003030
0 0.735125 0.005303 0.008250 0.009848
0 0.745000 0.004167 0.008500 0.007576
0 0.777750 0.003409 0.007000 0.006061
0 0.245000 0.051515 0.009000 0.016667
0 0.260250 0.039583 0.007000 0.010985
0 0.238375 0.044697 0.007250 0.012121
0 0.149625 0.051894 0.005750 0.011364
