0 0.187500 0.626491 0.032500 0.043158
0 0.032750 0.532807 0.024500 0.034035
0 0.249125 0.148421 0.009750 0.016842
0 0.027625 0.317193 0.012750 0.020351
0 0.242875 0.299123 0.018250 0.029123
0 0.009750 0.436842 0.018000 0.025263
0 0.558250 0.356140 0.026500 0.033684
0 0.052250 0.299123 0.013500 0.022105
0 0.290250 0.233684 0.017000 0.025965
0 0.516625 0.113333 0.011250 0.019649
0 0.378500 0.216667 0.018000 0.029825
0 0.008000 0.261579 0.007500 0.011579
0 0.267750 0.154561 0.009500 0.012982
0 0.478000 0.141579 0.014500 0.021404
0 0.018250 0.190702 0.004000 0.006667
0 0.131875 0.450526 0.022250 0.032982
0 0.278875 0.191930 0.012750 0.021053
0 0.659375 0.124561 0.013250 0.021053
0 0.073625 0.543860 0.025750 0.031579
0 0.240250 0.273860 0.016500 0.024211
0 0.164500 0.315088 0.014000 0.025263
0 0.424250 0.091404 0.011500 0.017895
0 0.081875 0.490175 0.027750 0.032982
0 0.135750 0.653333 0.033500 0.043509
0 0.026875 0.221579 0.006250 0.010877
0 0.269125 0.382632 0.020250 0.036140
0 0.026625 0.185439 0.003750 0.005965
0 0.040000 0.409474 0.020500 0.027368
0 0.250875 0.539825 0.030250 0.049474
0 0.091500 0.346140 0.015500 0.021404
0 0.205000 0.286667 0.015500 0.024561
0 0.543625 0.100000 0.011250 0.019649
0 0.354750 0.227368 0.016000 0.025263
0 0.066375 0.195088 0.005250 0.007719
0 0.090750 0.317368 0.014000 0.023509
0 0.571250 0.117368 0.013000 0.020000
0 0.052250 0.348772 0.022000 0.027368
0 0.304250 0.261404 0.020000 0.030877
0 0.009750 0.332982 0.014500 0.023860
0 0.345875 0.113333 0.008750 0.014035
0 0.495000 0.063684 0.009500 0.014386
0 0.454625 0.087719 0.009750 0.016842
0 0.090125 0.731754 0.033750 0.041754
0 0.130250 0.519123 0.032000 0.036842
0 0.130500 0.207719 0.012500 0.020351
0 0.165000 0.220351 0.012000 0.018246
0 0.480125 0.062105 0.008250 0.014737
0 0.177750 0.326842 0.021500 0.034035
0 0.112875 0.230351 0.011250 0.016491
0 0.037750 0.279474 0.010000 0.017895
0 0.409125 0.160175 0.013750 0.023509
0 0.193750 0.141228 0.008500 0.012982
0 0.251500 0.660526 0.043000 0.045263
0 0.065875 0.308421 0.012250 0.016140
0 0.525625 0.051053 0.009750 0.014386
0 0.405250 0.145965 0.014000 0.020351
0 0.543500 0.058246 0.008000 0.012632
0 0.539375 0.026491 0.007250 0.011579
0 0.237500 0.171930 0.012500 0.021053
0 0.033750 0.242632 0.008500 0.012982
0 0.002875 0.233333 0.005250 0.007719
0 0.426750 0.112281 0.009500 0.016842
0 0.533000 0.305088 0.020500 0.041754
0 0.024875 0.264561 0.008750 0.014737
0 0.506625 0.186667 0.016250 0.021754
0 0.531000 0.027544 0.006000 0.010877
0 0.268000 0.671404 0.029500 0.038947
0 0.565250 0.072456 0.009500 0.015789
0 0.065875 0.202807 0.007750 0.014035
0 0.497875 0.146140 0.012250 0.024211
0 0.019500 0.248421 0.008500 0.014035
0 0.331750 0.267544 0.018500 0.020702
0 0.909750 0.087018 0.003000 0.004912
0 0.298125 0.202456 0.014750 0.019649
0 0.691500 0.721228 0.040000 0.053684
0 0.322625 0.114386 0.009250 0.014737
0 0.025875 0.235263 0.006250 0.009474
0 0.070625 0.211930 0.006750 0.010526
0 0.581375 0.081404 0.009750 0.015439
0 0.002000 0.246667 0.003500 0.009123
0 0.041000 0.217719 0.005500 0.008772
0 0.503875 0.134386 0.009750 0.017544
0 0.076750 0.205965 0.006500 0.009825
0 0.074500 0.191404 0.006500 0.008772
0 0.041375 0.184912 0.004250 0.007018
0 0.161250 0.753158 0.039000 0.054386
0 0.087750 0.215789 0.009000 0.011228
0 0.004125 0.582281 0.007750 0.020702
0 0.048875 0.207544 0.005750 0.008070
0 0.003250 0.254737 0.006000 0.009825
0 0.540000 0.068772 0.008000 0.011228
0 0.122500 0.254035 0.010500 0.016842
0 0.074000 0.152807 0.004000 0.006667
0 0.108375 0.841228 0.032750 0.045965
0 0.046250 0.198596 0.004500 0.007018
0 0.015000 0.235088 0.004500 0.007719
0 0.394750 0.088070 0.008500 0.014737
0 0.036875 0.622632 0.028750 0.043158
0 0.019625 0.230702 0.006750 0.011579
0 0.031375 0.193158 0.003750 0.005965
0 0.041250 0.204561 0.004500 0.007018
0 0.036500 0.208421 0.005500 0.007719
0 0.032750 0.219825 0.005500 0.008070
0 0.129500 0.265439 0.011500 0.017193
0 0.063375 0.167895 0.004750 0.007368
0 0.404000 0.094386 0.010000 0.014035
0 0.142625 0.090175 0.003250 0.005614
0 0.011375 0.304386 0.015750 0.012281
0 0.193750 0.776491 0.022500 0.031579
0 0.003125 0.271053 0.005750 0.011579
0 0.546875 0.072807 0.007250 0.012281
0 0.405125 0.088070 0.008750 0.009825
0 0.038375 0.343158 0.014250 0.021754
0 0.031500 0.831053 0.029500 0.038947
0 0.176500 0.982456 0.044000 0.035088
0 0.036500 0.977895 0.043500 0.044211
0 0.027500 0.724912 0.030000 0.045614
0 0.124875 0.479649 0.016250 0.028772
0 0.228000 0.283158 0.015000 0.021754
0 0.193125 0.311404 0.012750 0.015789
0 0.010000 0.356842 0.010000 0.012632
0 0.006625 0.405614 0.012750 0.017544
0 0.051000 0.263158 0.009500 0.013333
0 0.046125 0.224737 0.008750 0.012281
0 0.047125 0.257193 0.007250 0.007719
0 0.044750 0.211228 0.005500 0.007719
0 0.032375 0.202456 0.005750 0.007018
0 0.023500 0.197895 0.004500 0.007018
0 0.034125 0.188421 0.004250 0.006316
0 0.043625 0.195614 0.004750 0.007368
0 0.043500 0.176667 0.004000 0.005965
0 0.055625 0.172807 0.003750 0.005263
0 0.055125 0.168246 0.003750 0.003860
0 0.060250 0.167544 0.002500 0.005263
0 0.038000 0.139825 0.002000 0.002456
0 0.046750 0.134912 0.002500 0.003158
0 0.026000 0.150702 0.001500 0.002456
0 0.063125 0.176491 0.005250 0.007018
0 0.060000 0.178070 0.003500 0.006667
0 0.073000 0.201053 0.005500 0.008421
0 0.052625 0.220351 0.006250 0.007018
0 0.053125 0.214912 0.005250 0.005965
0 0.120625 0.169649 0.006250 0.012281
0 0.149875 0.162281 0.005750 0.010877
0 0.169125 0.215614 0.010250 0.012281
0 0.240875 0.036842 0.003250 0.004912
0 0.146750 0.077544 0.002500 0.004912
0 0.557875 0.018772 0.007250 0.007368
0 0.565875 0.019649 0.004250 0.006316
0 0.570750 0.017895 0.004500 0.006316
0 0.763625 0.015789 0.002750 0.004211
0 0.786500 0.019825 0.002500 0.003860
0 0.781875 0.017719 0.002250 0.003158
0 0.825625 0.021754 0.001250 0.002807
0 0.030750 0.235439 0.005000 0.010526
0 0.050750 0.187018 0.005000 0.008421
0 0.047000 0.174561 0.004500 0.006667
0 0.084375 0.206316 0.007750 0.009825
0 0.107125 0.253860 0.005750 0.012982
0 0.238375 0.058421 0.003750 0.004561
0 0.151125 0.089474 0.002750 0.004912
