0 0.257639 0.611296 0.051389 0.066296
0 0.158889 0.579444 0.040556 0.048519
0 0.110556 0.659444 0.047222 0.048519
0 0.060833 0.626481 0.042222 0.044815
0 0.057222 0.812778 0.037778 0.054444
0 0.020833 0.571296 0.028889 0.034444
0 0.061667 0.446852 0.027222 0.035926
0 0.063750 0.380926 0.024722 0.035926
0 0.116389 0.450000 0.028889 0.037037
0 0.149444 0.384444 0.033889 0.037778
0 0.227083 0.332222 0.026389 0.036296
0 0.258750 0.411852 0.028056 0.047407
0 0.300972 0.347407 0.035833 0.051111
0 0.336389 0.378889 0.028333 0.035556
0 0.394444 0.260926 0.024444 0.035185
0 0.376389 0.245741 0.024444 0.038148
0 0.398750 0.146852 0.025278 0.030000
0 0.467639 0.139444 0.020833 0.034444
0 0.513194 0.176481 0.019167 0.032963
0 0.537083 0.150185 0.018611 0.031481
0 0.572778 0.160926 0.017222 0.028519
0 0.561250 0.123704 0.019167 0.025926
0 0.597639 0.149444 0.020278 0.030741
0 0.600556 0.082407 0.017222 0.024074
0 0.639583 0.101667 0.018611 0.031481
0 0.640556 0.053148 0.015000 0.024074
0 0.650278 0.075556 0.014444 0.022963
0 0.686111 0.068704 0.015000 0.022593
0 0.684444 0.046296 0.008889 0.015556
0 0.703194 0.051296 0.010833 0.015926
0 0.727778 0.028148 0.008889 0.016296
0 0.739306 0.025370 0.006944 0.013704
0 0.754028 0.024630 0.008056 0.013704
0 0.766111 0.039444 0.009444 0.012222
0 0.783611 0.015370 0.008333 0.012963
0 0.123472 0.138704 0.005833 0.010000
0 0.099028 0.133333 0.007500 0.009630
0 0.098889 0.143148 0.008333 0.007778
0 0.105833 0.152407 0.007778 0.010741
0 0.099167 0.168704 0.009444 0.008519
0 0.085972 0.181667 0.009167 0.010000
0 0.068472 0.171667 0.007500 0.013704
0 0.065278 0.162037 0.007222 0.010000
0 0.058750 0.180556 0.009167 0.009259
0 0.065278 0.188333 0.007778 0.011481
0 0.034306 0.190556 0.007500 0.010000
0 0.034861 0.202593 0.008056 0.009630
0 0.016944 0.202778 0.006111 0.010000
0 0.021389 0.199444 0.006111 0.007778
0 0.020417 0.214630 0.008056 0.010741
0 0.009028 0.223148 0.009167 0.012963
0 0.318333 0.068333 0.009444 0.012963
0 0.291389 0.070185 0.011667 0.015926
0 0.285000 0.081296 0.013333 0.016667
0 0.140556 0.035185 0.003333 0.005185
0 0.133194 0.039074 0.003611 0.003333
