0 0.794375 0.646970 0.059750 0.111364
0 0.553125 0.071212 0.014750 0.025000
0 0.481000 0.117424 0.015000 0.026515
0 0.604125 0.050568 0.012250 0.021591
0 0.506250 0.070455 0.014000 0.024242
0 0.521750 0.097348 0.015500 0.027273
0 0.453125 0.150758 0.018250 0.032576
0 0.624000 0.008902 0.010500 0.017045
0 0.499625 0.143182 0.017250 0.032576
0 0.292125 0.388258 0.031250 0.050000
0 0.689000 0.027273 0.009500 0.016667
0 0.234375 0.458523 0.032250 0.055682
0 0.127250 0.719318 0.035500 0.056818
0 0.064500 0.739394 0.040500 0.052273
0 0.133125 0.638447 0.039750 0.065530
0 0.005875 0.702841 0.011250 0.035985
0 0.050000 0.621402 0.039000 0.053409
0 0.034750 0.567614 0.040500 0.045833
0 0.009125 0.479735 0.017750 0.037500
0 0.081375 0.492803 0.026250 0.043939
0 0.100500 0.535417 0.031500 0.041288
0 0.175125 0.533144 0.028750 0.052652
0 0.160125 0.460038 0.028750 0.041288
0 0.136375 0.433333 0.025750 0.037879
0 0.076000 0.370265 0.028500 0.042045
0 0.193000 0.385227 0.025000 0.037879
0 0.255750 0.343561 0.028000 0.046212
0 0.298250 0.335606 0.025000 0.034848
0 0.339875 0.339583 0.025250 0.041288
0 0.302625 0.220076 0.020750 0.039394
0 0.367250 0.215909 0.022000 0.034848
0 0.377500 0.249621 0.021500 0.034091
0 0.374500 0.178598 0.016000 0.024621
0 0.389375 0.195455 0.020750 0.032576
0 0.542375 0.095265 0.013750 0.021591
0 0.601000 0.096591 0.013500 0.022727
0 0.624750 0.100000 0.014500 0.023485
0 0.578750 0.089583 0.018500 0.027652
0 0.579625 0.060038 0.012750 0.018561
0 0.551000 0.004167 0.013000 0.007576
0 0.618250 0.031439 0.010500 0.018939
0 0.628000 0.039205 0.009000 0.019318
0 0.657250 0.028220 0.013000 0.020076
0 0.667750 0.011553 0.008500 0.016288
0 0.657375 0.007576 0.011750 0.014394
0 0.647750 0.019129 0.007000 0.012500
0 0.681125 0.067614 0.011250 0.016288
0 0.721125 0.012689 0.012250 0.014015
0 0.200625 0.075000 0.012750 0.019697
