0 0.133375 0.438447 0.031250 0.048106
0 0.023000 0.556250 0.026000 0.045833
0 0.120875 0.382955 0.024250 0.040152
0 0.076500 0.493750 0.027500 0.043561
0 0.632625 0.039015 0.010750 0.018182
0 0.198250 0.385417 0.030500 0.042803
0 0.300375 0.250568 0.024250 0.039015
0 0.552750 0.032765 0.011500 0.019318
0 0.370750 0.175568 0.017500 0.032197
0 0.373000 0.221402 0.021000 0.032197
0 0.440000 0.140152 0.015500 0.029545
0 0.254125 0.330492 0.024750 0.042045
0 0.566375 0.050000 0.010750 0.018939
0 0.584625 0.060985 0.011250 0.019697
0 0.163750 0.363258 0.025500 0.039394
0 0.509375 0.109091 0.018250 0.028788
0 0.555375 0.098106 0.014250 0.027273
0 0.501750 0.083712 0.012000 0.021970
0 0.277125 0.235417 0.021750 0.037500
0 0.613750 0.043182 0.011500 0.020455
0 0.083000 0.565720 0.029500 0.042045
0 0.459625 0.186932 0.020250 0.028409
0 0.399500 0.137500 0.016500 0.033333
0 0.485125 0.099432 0.013250 0.023106
0 0.661125 0.009848 0.009250 0.016667
0 0.610125 0.021591 0.009750 0.016667
0 0.542000 0.051894 0.011000 0.019697
0 0.457625 0.108712 0.017750 0.030303
0 0.637625 0.011174 0.009250 0.015530
0 0.537875 0.075000 0.011750 0.019697
0 0.490000 0.123106 0.016500 0.027273
0 0.712875 0.004356 0.007750 0.007955
0 0.201125 0.071023 0.009750 0.017045
0 0.587375 0.033712 0.010250 0.018182
0 0.415000 0.185606 0.020000 0.029545
0 0.603500 0.049432 0.011500 0.021591
0 0.571000 0.026515 0.013000 0.019697
0 0.177625 0.110795 0.010750 0.017803
0 0.351750 0.228030 0.016000 0.028030
0 0.628500 0.004356 0.009000 0.007955
0 0.535125 0.097538 0.014750 0.027652
0 0.814000 0.911364 0.059500 0.095455
0 0.563250 0.035038 0.010000 0.014015
0 0.607500 0.010606 0.009500 0.012879
0 0.611000 0.003598 0.009000 0.006439
0 0.644625 0.003409 0.006250 0.006061
