0 0.297375 0.389583 0.026750 0.048106
0 0.482750 0.117424 0.017000 0.029545
0 0.640250 0.105114 0.013500 0.023864
0 0.328125 0.203977 0.020250 0.035985
0 0.509625 0.066288 0.014250 0.025758
0 0.144000 0.399242 0.024500 0.031818
0 0.074000 0.368561 0.026500 0.033333
0 0.067625 0.736742 0.042250 0.053788
0 0.123125 0.717614 0.041250 0.055682
0 0.135375 0.632008 0.041750 0.060227
0 0.058625 0.625000 0.041750 0.053030
0 0.037500 0.565909 0.043500 0.049242
0 0.101625 0.502652 0.035250 0.062879
0 0.012375 0.478977 0.019750 0.032955
0 0.178375 0.545833 0.040750 0.051515
0 0.159750 0.456439 0.037000 0.047727
0 0.236125 0.457765 0.033250 0.053409
0 0.207375 0.394129 0.026750 0.042045
0 0.265000 0.338447 0.030500 0.044318
0 0.300500 0.289205 0.029500 0.047348
0 0.358125 0.338636 0.026750 0.042424
0 0.378125 0.204545 0.024250 0.041667
0 0.374375 0.173674 0.014750 0.023106
0 0.406875 0.178030 0.021250 0.033333
0 0.468375 0.151136 0.019750 0.037879
0 0.507500 0.133523 0.022500 0.035985
0 0.525875 0.093371 0.023750 0.029924
0 0.558125 0.088258 0.012250 0.023485
0 0.585125 0.090341 0.018250 0.027652
0 0.562875 0.064394 0.011250 0.018939
0 0.586250 0.051515 0.012500 0.020455
0 0.611500 0.088068 0.012500 0.023106
0 0.609250 0.049053 0.012500 0.023864
0 0.632625 0.037689 0.011750 0.019318
0 0.625875 0.009659 0.009250 0.017045
0 0.654000 0.050000 0.012000 0.018939
0 0.666625 0.022917 0.012250 0.017803
0 0.671125 0.008333 0.008250 0.014394
0 0.651375 0.017803 0.009250 0.013636
0 0.693875 0.028788 0.011250 0.018182
0 0.729375 0.007197 0.010250 0.013636
