0 0.554875 0.447018 0.024750 0.038596
0 0.574000 0.343333 0.019500 0.031930
0 0.017125 0.550877 0.024250 0.029474
0 0.226625 0.317368 0.017750 0.027018
0 0.480625 0.138596 0.013750 0.022456
0 0.133000 0.455263 0.029000 0.036140
0 0.264875 0.155439 0.008750 0.012632
0 0.077625 0.553860 0.025250 0.032632
0 0.037750 0.410175 0.017000 0.025263
0 0.327250 0.281404 0.019500 0.026667
0 0.083500 0.486842 0.024500 0.034035
0 0.250625 0.145614 0.009750 0.018947
0 0.026125 0.315088 0.012250 0.018246
0 0.128125 0.209825 0.012750 0.018947
0 0.161375 0.755789 0.037250 0.046316
0 0.037125 0.936316 0.036250 0.037544
0 0.068125 0.741579 0.034250 0.041754
0 0.092375 0.322807 0.016250 0.024561
0 0.182500 0.622456 0.032000 0.040000
0 0.375750 0.218947 0.020000 0.029474
0 0.658625 0.121228 0.010250 0.016491
0 0.582875 0.322281 0.021750 0.032632
0 0.566375 0.017895 0.006250 0.009825
0 0.399375 0.144386 0.014250 0.021404
0 0.122000 0.270000 0.014500 0.020000
0 0.562750 0.123509 0.011000 0.017544
0 0.116500 0.667544 0.035000 0.043158
0 0.053625 0.301053 0.013750 0.020351
0 0.206125 0.285263 0.016750 0.025965
0 0.112875 0.230526 0.011750 0.017544
0 0.009125 0.436842 0.017750 0.025263
0 0.265125 0.391053 0.021250 0.036140
0 0.039000 0.278421 0.012000 0.018596
0 0.178250 0.329825 0.020000 0.033684
0 0.404500 0.161053 0.014000 0.022456
0 0.450750 0.089649 0.009500 0.017193
0 0.101875 0.274211 0.012750 0.017895
0 0.418375 0.092632 0.010750 0.016140
0 0.507250 0.187719 0.017000 0.023860
0 0.636625 0.047895 0.009250 0.013684
0 0.238875 0.170702 0.011250 0.019298
0 0.585250 0.083684 0.010000 0.015789
0 0.288500 0.234737 0.013500 0.023860
0 0.347500 0.231930 0.016000 0.027368
0 0.302625 0.255965 0.018250 0.029123
0 0.279000 0.190526 0.011500 0.020351
0 0.530250 0.052982 0.009500 0.012632
0 0.192625 0.312105 0.012250 0.019298
0 0.051125 0.347895 0.020250 0.025614
0 0.194250 0.140877 0.008500 0.012982
0 0.342750 0.114737 0.008000 0.014035
0 0.032000 0.234737 0.006500 0.011228
0 0.426000 0.113509 0.009500 0.015789
0 0.514125 0.112807 0.011750 0.021404
0 0.640875 0.089123 0.010750 0.016842
0 0.037000 0.344035 0.013000 0.022807
0 0.236750 0.277544 0.017500 0.028070
0 0.156875 0.151930 0.007250 0.012632
0 0.025750 0.250351 0.007000 0.010175
0 0.259000 0.601754 0.033500 0.042807
0 0.230375 0.541754 0.030750 0.043509
0 0.064500 0.205614 0.006500 0.011228
0 0.165500 0.219298 0.013000 0.017544
0 0.027250 0.222281 0.005000 0.008070
0 0.541500 0.306491 0.023000 0.035439
0 0.042875 0.177544 0.003750 0.005614
0 0.479625 0.061754 0.007750 0.012632
0 0.326375 0.111754 0.011750 0.015789
0 0.230250 0.189649 0.011500 0.016491
0 0.500250 0.146491 0.014500 0.023509
0 0.538250 0.069298 0.008500 0.010877
0 0.004375 0.341228 0.008250 0.022807
0 0.563125 0.075088 0.008750 0.015439
0 0.542500 0.058070 0.008500 0.012281
0 0.032125 0.623860 0.025750 0.036491
0 0.491625 0.064211 0.009750 0.014035
0 0.019250 0.230702 0.007000 0.010175
0 0.025625 0.262281 0.008750 0.014386
0 0.617375 0.042281 0.006750 0.010175
0 0.555250 0.050000 0.009500 0.015088
0 0.065875 0.309123 0.012250 0.017544
0 0.084500 0.204211 0.008000 0.013333
0 0.050500 0.220877 0.006500 0.009474
0 0.088125 0.215614 0.008750 0.010877
0 0.073250 0.211053 0.010500 0.015088
0 0.037500 0.208246 0.005500 0.007368
0 0.168750 0.312632 0.016500 0.027368
0 0.038875 0.218421 0.007250 0.008772
0 0.018875 0.219123 0.005250 0.008070
0 0.394125 0.086667 0.007250 0.012632
0 0.019250 0.193860 0.004500 0.005965
0 0.034125 0.187544 0.003750 0.005965
0 0.041125 0.185088 0.003750 0.005965
0 0.063500 0.195965 0.005000 0.007368
0 0.025125 0.197018 0.004250 0.005965
0 0.050750 0.171053 0.003500 0.005965
0 0.536250 0.043158 0.006500 0.010526
0 0.082750 0.851053 0.027500 0.043860
0 0.061750 0.162105 0.003000 0.004912
0 0.043125 0.194035 0.003750 0.005614
0 0.048875 0.208421 0.005250 0.007719
0 0.045875 0.212105 0.005250 0.008070
0 0.265375 0.104035 0.006250 0.009474
0 0.131250 0.531404 0.027500 0.035439
0 0.510125 0.587544 0.034250 0.056491
0 0.027750 0.206140 0.005500 0.006667
0 0.034250 0.214737 0.005000 0.007018
0 0.003250 0.414561 0.006000 0.019298
0 0.074125 0.152982 0.003750 0.006316
0 0.013375 0.255088 0.007250 0.009825
0 0.054250 0.175088 0.004000 0.005614
0 0.044125 0.224912 0.007250 0.011228
0 0.738750 0.017368 0.003500 0.005263
0 0.044625 0.201754 0.005250 0.007719
0 0.597500 0.022807 0.005000 0.008421
0 0.204750 0.987368 0.051000 0.025263
0 0.033625 0.826140 0.026750 0.037544
0 0.036000 0.764211 0.023500 0.035088
0 0.027375 0.667719 0.029750 0.036491
0 0.093375 0.347018 0.016750 0.025263
0 0.003875 0.396491 0.007250 0.015439
0 0.047000 0.262105 0.006000 0.015439
0 0.053875 0.264035 0.010250 0.017193
0 0.034875 0.263509 0.008250 0.009825
0 0.003000 0.273684 0.005500 0.016140
0 0.006375 0.263509 0.007750 0.011228
0 0.005875 0.250351 0.007250 0.012281
0 0.014125 0.236842 0.004750 0.008421
0 0.023625 0.189825 0.004750 0.005614
0 0.023625 0.205439 0.003250 0.005965
0 0.033125 0.193509 0.004250 0.006667
0 0.047500 0.184386 0.004000 0.006667
0 0.064125 0.175088 0.004750 0.006316
0 0.061500 0.170351 0.005500 0.005263
0 0.057875 0.169825 0.002750 0.004912
0 0.054875 0.169474 0.002750 0.004912
0 0.047750 0.190351 0.004000 0.007368
0 0.076625 0.192105 0.007250 0.009474
0 0.072625 0.201053 0.006250 0.007719
0 0.088000 0.148772 0.004500 0.006316
0 0.150500 0.089123 0.003000 0.003509
0 0.142875 0.091404 0.002250 0.005263
0 0.153750 0.058947 0.002500 0.004211
0 0.149500 0.060877 0.001500 0.001754
0 0.242125 0.036140 0.002750 0.004211
0 0.251250 0.050877 0.004000 0.004912
0 0.258750 0.022632 0.002500 0.004561
0 0.290750 0.208596 0.015500 0.017193
0 0.403000 0.095263 0.011000 0.012982
0 0.503250 0.131228 0.011500 0.014035
0 0.556375 0.018947 0.004750 0.008421
0 0.778625 0.015965 0.002750 0.005263
0 0.826500 0.021053 0.001500 0.002105
0 0.823875 0.028421 0.001750 0.002807
0 0.808625 0.021579 0.002250 0.003158
0 0.803875 0.029298 0.002750 0.003860
