0 0.298056 0.603704 0.060000 0.061481
0 0.214306 0.705370 0.048611 0.062593
0 0.094444 0.658889 0.039444 0.055556
0 0.054167 0.630926 0.044444 0.048519
0 0.064583 0.821852 0.038611 0.049630
0 0.006389 0.850370 0.012222 0.037037
0 0.010694 0.740185 0.020833 0.040370
0 0.031806 0.562407 0.026389 0.040370
0 0.117500 0.444815 0.025000 0.035556
0 0.065278 0.444259 0.022222 0.029259
0 0.063056 0.379444 0.020000 0.030741
0 0.150972 0.380741 0.026389 0.040741
0 0.248056 0.326111 0.026667 0.038148
0 0.280556 0.391481 0.031667 0.041481
0 0.293333 0.329630 0.032222 0.044444
0 0.352778 0.343333 0.023889 0.034074
0 0.416806 0.253889 0.027500 0.037407
0 0.402083 0.245370 0.019722 0.028519
0 0.411528 0.143333 0.022500 0.032593
0 0.456111 0.147963 0.018333 0.035185
0 0.547778 0.170185 0.021111 0.035926
0 0.551667 0.136111 0.018333 0.029259
0 0.587083 0.141852 0.018611 0.029630
0 0.581528 0.109630 0.018056 0.031111
0 0.610000 0.075556 0.016667 0.025926
0 0.613750 0.139815 0.024167 0.030000
0 0.655556 0.093148 0.016667 0.028519
0 0.647361 0.049259 0.016944 0.027407
0 0.706667 0.052963 0.017222 0.025926
0 0.740278 0.018333 0.010556 0.017407
0 0.771806 0.028704 0.011389 0.019630
0 0.320278 0.070185 0.011111 0.015926
0 0.305139 0.067037 0.008056 0.017037
0 0.290278 0.081481 0.010000 0.020000
0 0.218056 0.049074 0.007778 0.009259
0 0.183056 0.056667 0.005556 0.008148
0 0.199722 0.034444 0.005000 0.005926
0 0.232639 0.014630 0.004722 0.007037
0 0.099722 0.133333 0.007222 0.009630
0 0.092917 0.156111 0.006944 0.012963
0 0.098611 0.157222 0.008333 0.009259
0 0.110417 0.166667 0.009167 0.011852
0 0.098056 0.172778 0.010000 0.009259
0 0.085417 0.181111 0.010278 0.011852
0 0.069722 0.170556 0.007778 0.010741
0 0.063611 0.164074 0.007778 0.011111
0 0.065694 0.186667 0.008056 0.010370
0 0.062639 0.175926 0.005833 0.009630
0 0.038750 0.187963 0.009722 0.012963
0 0.034722 0.203148 0.007778 0.010000
0 0.021250 0.198704 0.006389 0.010000
0 0.015417 0.201852 0.008056 0.009630
0 0.018750 0.216667 0.009722 0.011111
0 0.010278 0.222778 0.008889 0.015185
