0 0.116750 0.463636 0.027000 0.043939
0 0.651500 0.007576 0.008500 0.014394
0 0.163875 0.429545 0.032750 0.048485
0 0.592875 0.113826 0.014250 0.023106
0 0.017000 0.594129 0.026500 0.043561
0 0.167000 0.527841 0.028000 0.047348
0 0.601875 0.065152 0.009750 0.018939
0 0.235250 0.296591 0.027000 0.042424
0 0.285500 0.330492 0.031000 0.051136
0 0.591500 0.028788 0.012500 0.021970
0 0.475750 0.136553 0.018500 0.033712
0 0.087625 0.641098 0.030250 0.052652
0 0.406000 0.179545 0.023500 0.041667
0 0.416625 0.146023 0.016250 0.030682
0 0.805125 0.364394 0.024250 0.040152
0 0.456250 0.096212 0.015000 0.024242
0 0.531375 0.110227 0.015750 0.028030
0 0.358000 0.211174 0.019000 0.035227
0 0.229125 0.405682 0.024750 0.037879
0 0.540750 0.073674 0.013000 0.023106
0 0.631125 0.048674 0.010250 0.019318
0 0.680875 0.004545 0.006750 0.008333
0 0.445625 0.179356 0.015750 0.029924
0 0.629250 0.075189 0.012000 0.023106
0 0.504250 0.125189 0.017000 0.029924
0 0.620000 0.009659 0.010500 0.017803
0 0.632250 0.023295 0.010500 0.018561
0 0.569500 0.109659 0.011500 0.021591
0 0.105500 0.535417 0.033500 0.050379
0 0.708500 0.006629 0.008000 0.012500
0 0.578000 0.065909 0.010500 0.017424
0 0.289875 0.267424 0.032250 0.053030
0 0.666500 0.024811 0.010000 0.016288
0 0.375000 0.272348 0.028000 0.043182
0 0.335000 0.207008 0.014000 0.026136
0 0.234375 0.470644 0.032250 0.042045
0 0.581000 0.051515 0.013000 0.018939
0 0.729125 0.005114 0.008750 0.009470
0 0.621875 0.041667 0.008250 0.015152
0 0.670000 0.047159 0.014500 0.021591
0 0.695625 0.003409 0.006750 0.006061
0 0.198625 0.070644 0.010750 0.017803
0 0.032625 0.835227 0.044750 0.055303
0 0.017125 0.664394 0.028250 0.037121
0 0.069750 0.776136 0.044000 0.060606
0 0.321625 0.227841 0.022250 0.036742
0 0.456875 0.134280 0.016750 0.034470
0 0.614500 0.039962 0.008500 0.017803
0 0.694875 0.015720 0.008750 0.016288
0 0.720000 0.003220 0.008000 0.005682
0 0.741250 0.005871 0.006000 0.009470
0 0.751875 0.002652 0.007250 0.004545
0 0.008250 0.488258 0.016000 0.043182
0 0.056125 0.596402 0.027750 0.045076
