0 0.335375 0.038636 0.007250 0.012879
0 0.141750 0.576136 0.040000 0.055303
0 0.059250 0.515720 0.028500 0.040530
0 0.118125 0.478788 0.026250 0.046212
0 0.134125 0.228409 0.013750 0.021970
0 0.222125 0.284848 0.019250 0.033333
0 0.390000 0.130871 0.014000 0.026894
0 0.270000 0.103220 0.011000 0.019318
0 0.300750 0.220265 0.019000 0.030682
0 0.321125 0.157955 0.014250 0.025000
0 0.502500 0.029356 0.008500 0.015530
0 0.182875 0.357008 0.023250 0.032955
0 0.697125 0.019886 0.008750 0.014773
0 0.354000 0.151894 0.017000 0.028788
0 0.064375 0.656439 0.023250 0.035606
0 0.602250 0.055303 0.012000 0.019697
0 0.857125 0.192235 0.010250 0.017803
0 0.241750 0.112121 0.011000 0.018939
0 0.481750 0.018182 0.011000 0.017424
0 0.886125 0.212311 0.013250 0.022348
0 0.270000 0.224621 0.016000 0.028030
0 0.148250 0.424811 0.021000 0.036742
0 0.243250 0.272727 0.021500 0.039394
0 0.148125 0.336553 0.021250 0.039015
0 0.163875 0.190909 0.010750 0.021970
0 0.370250 0.112879 0.014500 0.021970
0 0.584000 0.064583 0.013500 0.020833
0 0.128125 0.252841 0.012750 0.023106
0 0.033750 0.346402 0.017000 0.023106
0 0.187500 0.194508 0.014000 0.022348
0 0.038000 0.372538 0.016000 0.023864
0 0.439625 0.074811 0.013250 0.021591
0 0.465875 0.085795 0.014250 0.020833
0 0.306625 0.069318 0.012250 0.018182
0 0.098250 0.252462 0.013500 0.020833
0 0.077250 0.292614 0.016000 0.020833
0 0.449125 0.066477 0.009250 0.014773
0 0.467250 0.062121 0.012500 0.022727
0 0.684750 0.013826 0.009000 0.012500
0 0.872000 0.245644 0.019500 0.029167
0 0.375000 0.023864 0.007500 0.013636
0 0.002875 0.418750 0.005250 0.032197
0 0.031500 0.636364 0.024500 0.041667
0 0.014375 0.782765 0.027250 0.050379
0 0.013500 0.748674 0.025500 0.032955
0 0.067750 0.312689 0.015000 0.026894
0 0.163125 0.226705 0.013750 0.025379
0 0.224125 0.035606 0.005750 0.009848
0 0.240875 0.029735 0.005250 0.007955
0 0.242125 0.024242 0.004750 0.008333
0 0.251125 0.026326 0.006750 0.010227
0 0.214750 0.152083 0.015000 0.020076
0 0.207750 0.159091 0.009500 0.020455
0 0.356125 0.029924 0.008250 0.011364
0 0.362375 0.030114 0.007750 0.012500
0 0.416750 0.111742 0.011500 0.021212
0 0.417750 0.134091 0.020500 0.026515
0 0.492625 0.006439 0.008250 0.012121
0 0.521125 0.002652 0.006250 0.004545
0 0.948375 0.052652 0.003250 0.006061
0 0.886000 0.011932 0.003500 0.005682
0 0.876000 0.008333 0.004500 0.006818
0 0.933500 0.012500 0.002500 0.004545
0 0.962500 0.037500 0.002500 0.004545
