0 0.092250 0.546780 0.029500 0.045076
0 0.222000 0.384848 0.026000 0.042424
0 0.595250 0.032765 0.009000 0.016288
0 0.364125 0.162311 0.017750 0.029924
0 0.009750 0.394886 0.016000 0.026894
0 0.088125 0.444886 0.030750 0.048864
0 0.268500 0.339015 0.033000 0.049242
0 0.085250 0.654356 0.031000 0.045076
0 0.542250 0.096023 0.017000 0.028409
0 0.320500 0.297159 0.024000 0.039773
0 0.470375 0.131818 0.016750 0.028788
0 0.576250 0.062500 0.012500 0.021970
0 0.165500 0.455492 0.033000 0.051894
0 0.276375 0.270265 0.020250 0.033712
0 0.417625 0.179924 0.017250 0.030303
0 0.200875 0.069508 0.011250 0.018561
0 0.568250 0.042424 0.012000 0.018939
0 0.444250 0.134470 0.014000 0.025000
0 0.492250 0.115909 0.013500 0.025000
0 0.523625 0.124242 0.017750 0.030303
0 0.342750 0.241288 0.022500 0.035606
0 0.597500 0.092235 0.014000 0.021591
0 0.483375 0.190530 0.018750 0.030303
0 0.680250 0.017614 0.010500 0.017803
0 0.467625 0.185985 0.014250 0.028030
0 0.618250 0.022159 0.011000 0.018561
0 0.555500 0.059091 0.010500 0.019697
0 0.513250 0.095265 0.017000 0.028409
0 0.207500 0.362500 0.018000 0.029545
0 0.460875 0.051705 0.010250 0.015530
0 0.398750 0.226705 0.024000 0.032197
0 0.644875 0.040341 0.009250 0.016288
0 0.629000 0.027083 0.009000 0.017045
0 0.781500 0.032197 0.008500 0.013636
0 0.393250 0.209091 0.014500 0.020455
0 0.329250 0.215530 0.021000 0.031818
0 0.643250 0.017803 0.009500 0.015152
0 0.556375 0.089773 0.014250 0.022727
0 0.627625 0.010227 0.007750 0.013636
0 0.671875 0.005871 0.008250 0.010985
0 0.663375 0.005492 0.008250 0.010227
0 0.709375 0.004924 0.009250 0.009091
0 0.689125 0.009470 0.008250 0.013636
0 0.064250 0.554924 0.023500 0.042424
0 0.614125 0.055492 0.014750 0.022348
0 0.659625 0.029356 0.013250 0.018561
0 0.720875 0.004924 0.005750 0.009091
