0 0.096375 0.476705 0.028750 0.048864
0 0.114125 0.570455 0.032750 0.043939
0 0.053000 0.627273 0.033000 0.050758
0 0.282000 0.291477 0.023000 0.039773
0 0.053750 0.481061 0.028000 0.040909
0 0.544750 0.089583 0.013500 0.025379
0 0.372000 0.183712 0.018000 0.032576
0 0.181500 0.113826 0.014000 0.021591
0 0.479250 0.098106 0.015000 0.026515
0 0.614500 0.017424 0.012000 0.021970
0 0.434000 0.187689 0.023000 0.035985
0 0.288250 0.207197 0.025500 0.040152
0 0.243250 0.307008 0.018000 0.033712
0 0.630750 0.004356 0.008000 0.007955
0 0.157375 0.448674 0.027250 0.042803
0 0.643375 0.027083 0.010250 0.018561
0 0.322625 0.259091 0.016250 0.030303
0 0.494625 0.148295 0.012750 0.021591
0 0.656750 0.074053 0.015500 0.024621
0 0.584875 0.057386 0.012250 0.021591
0 0.160500 0.137311 0.010000 0.017045
0 0.554500 0.064205 0.011000 0.018561
0 0.387250 0.162311 0.019000 0.033712
0 0.463500 0.124053 0.015000 0.029167
0 0.570875 0.084280 0.013750 0.022348
0 0.133875 0.378030 0.024750 0.040909
0 0.358500 0.258333 0.024000 0.037879
0 0.447125 0.147348 0.016250 0.031061
0 0.591625 0.033144 0.008750 0.014773
0 0.401875 0.214015 0.018250 0.036364
0 0.527250 0.066098 0.013500 0.021591
0 0.206375 0.068182 0.010750 0.015909
0 0.622125 0.043371 0.009750 0.016288
0 0.099500 0.295644 0.020500 0.026894
0 0.045125 0.571402 0.033250 0.047348
0 0.323500 0.007576 0.009000 0.012879
0 0.516375 0.103977 0.012750 0.022348
0 0.530625 0.136174 0.012250 0.019318
0 0.562250 0.050379 0.013500 0.026515
0 0.586125 0.018939 0.012750 0.021212
0 0.316500 0.351326 0.033000 0.051894
0 0.253750 0.043182 0.012500 0.018182
0 0.601500 0.005303 0.009000 0.009848
