0 0.159625 0.328977 0.022250 0.036742
0 0.193375 0.404924 0.027750 0.044697
0 0.488000 0.111174 0.016000 0.027652
0 0.062375 0.313258 0.018750 0.029545
0 0.095000 0.572348 0.032500 0.047727
0 0.302875 0.293561 0.028750 0.043939
0 0.102125 0.406250 0.019250 0.032955
0 0.419375 0.136553 0.018750 0.028409
0 0.360625 0.170076 0.022250 0.032576
0 0.360250 0.246591 0.024500 0.034848
0 0.494500 0.085606 0.012500 0.022727
0 0.550500 0.041288 0.014000 0.024242
0 0.649000 0.074811 0.014500 0.023864
0 0.069250 0.472727 0.024500 0.038636
0 0.452250 0.054167 0.011500 0.018939
0 0.203875 0.089015 0.008750 0.014394
0 0.146750 0.396780 0.028000 0.048106
0 0.585375 0.027083 0.010750 0.018561
0 0.476000 0.181439 0.017500 0.030303
0 0.224625 0.157955 0.014750 0.022727
0 0.324250 0.230303 0.016500 0.029545
0 0.260125 0.269886 0.021250 0.033712
0 0.535000 0.047917 0.011000 0.022348
0 0.421625 0.180682 0.020250 0.034848
0 0.253250 0.049432 0.008500 0.014015
0 0.249500 0.134280 0.011500 0.020076
0 0.258125 0.167235 0.013750 0.023864
0 0.221500 0.074053 0.008000 0.012500
0 0.460000 0.145833 0.019500 0.030303
0 0.643750 0.006439 0.009000 0.012121
0 0.467750 0.109659 0.016500 0.026136
0 0.507375 0.019318 0.009250 0.014394
0 0.595000 0.052083 0.015000 0.020833
0 0.541625 0.112879 0.017750 0.034091
0 0.613250 0.008523 0.011500 0.016288
0 0.555750 0.006629 0.010000 0.012500
0 0.580500 0.010038 0.010000 0.015530
0 0.364375 0.211742 0.019250 0.030303
0 0.005500 0.621212 0.010500 0.050758
0 0.243625 0.067424 0.010250 0.017424
0 0.140625 0.503977 0.032750 0.042803
0 0.622625 0.003409 0.005750 0.006061
