0 0.601125 0.027462 0.010250 0.018561
0 0.103375 0.556061 0.032250 0.040152
0 0.284250 0.442235 0.037000 0.058712
0 0.382625 0.158333 0.016250 0.028788
0 0.163250 0.398485 0.025000 0.040152
0 0.219000 0.385985 0.027500 0.048485
0 0.652875 0.073485 0.013250 0.024242
0 0.323875 0.290341 0.025750 0.042803
0 0.060875 0.518371 0.027250 0.047348
0 0.549750 0.039583 0.012000 0.019318
0 0.496750 0.108333 0.017000 0.028788
0 0.475500 0.152462 0.019000 0.032955
0 0.522250 0.063826 0.013000 0.020833
0 0.268250 0.171023 0.018500 0.025379
0 0.220500 0.079356 0.007500 0.014015
0 0.475750 0.087311 0.014000 0.023864
0 0.180125 0.501705 0.035250 0.058712
0 0.528500 0.085795 0.014000 0.025379
0 0.580375 0.016288 0.009750 0.017424
0 0.464250 0.110985 0.012000 0.021212
0 0.220250 0.188826 0.018000 0.027652
0 0.442750 0.133333 0.017000 0.031818
0 0.297625 0.259280 0.021750 0.041288
0 0.023375 0.353220 0.017750 0.025379
0 0.199250 0.094129 0.007500 0.012500
0 0.223500 0.155492 0.014500 0.023864
0 0.557125 0.076515 0.015250 0.028030
0 0.594250 0.007197 0.010500 0.013636
0 0.621875 0.011553 0.013250 0.020833
0 0.243750 0.069129 0.009000 0.014015
0 0.526375 0.043750 0.011250 0.018561
0 0.579125 0.142803 0.013250 0.023485
0 0.397500 0.210038 0.023500 0.040530
0 0.574625 0.058712 0.009250 0.014394
0 0.017875 0.642992 0.033750 0.045833
0 0.248250 0.072159 0.008500 0.014773
0 0.012625 0.694508 0.024750 0.057955
0 0.637750 0.002273 0.007000 0.003788
