0 0.071875 0.487311 0.024250 0.036742
0 0.222625 0.480114 0.024750 0.041288
0 0.251875 0.383902 0.024250 0.045076
0 0.546375 0.100568 0.012750 0.024621
0 0.235000 0.328409 0.023000 0.032576
0 0.247750 0.290909 0.020500 0.036364
0 0.567000 0.043182 0.011000 0.020455
0 0.064125 0.663068 0.035250 0.057197
0 0.288875 0.237689 0.020250 0.033712
0 0.075625 0.543561 0.026750 0.033333
0 0.431375 0.132386 0.019250 0.031439
0 0.521750 0.102652 0.012500 0.022727
0 0.278750 0.297159 0.023000 0.042045
0 0.106500 0.414015 0.024500 0.044697
0 0.535250 0.125000 0.014000 0.025758
0 0.454625 0.096780 0.012750 0.023106
0 0.620250 0.095833 0.014000 0.025000
0 0.549375 0.067045 0.011750 0.021970
0 0.431750 0.184470 0.019000 0.033333
0 0.340875 0.206818 0.016750 0.033333
0 0.599250 0.020644 0.012500 0.020833
0 0.526500 0.058333 0.012500 0.022727
0 0.644500 0.016288 0.010500 0.018182
0 0.381750 0.164394 0.016500 0.030303
0 0.174250 0.372727 0.030500 0.041667
0 0.148250 0.505303 0.038000 0.050758
0 0.401875 0.260227 0.016250 0.028788
0 0.601125 0.060417 0.015250 0.020833
0 0.485750 0.093750 0.012500 0.023864
0 0.338250 0.267614 0.021500 0.037500
0 0.231750 0.075947 0.008500 0.015530
0 0.483500 0.144886 0.019000 0.031439
0 0.627500 0.039773 0.012500 0.020455
0 0.401250 0.197727 0.025000 0.038636
0 0.651000 0.004924 0.007500 0.009091
0 0.661500 0.007576 0.010500 0.014394
0 0.378625 0.200189 0.016250 0.029924
0 0.615125 0.008144 0.009750 0.015530
0 0.210125 0.082765 0.008750 0.015530
0 0.476750 0.127273 0.016000 0.028788
0 0.374500 0.633902 0.051500 0.067045
0 0.003375 0.554167 0.006250 0.039394
0 0.684250 0.003220 0.007000 0.005682
0 0.751250 0.005682 0.008000 0.007576
