0 0.593750 0.027083 0.010000 0.017045
0 0.241250 0.304167 0.025000 0.040152
0 0.085500 0.544697 0.035500 0.048485
0 0.143125 0.486174 0.026750 0.042803
0 0.394000 0.169508 0.018500 0.034470
0 0.275875 0.268939 0.019750 0.034091
0 0.608000 0.115720 0.013000 0.021591
0 0.158125 0.420455 0.027750 0.042424
0 0.116750 0.439583 0.024500 0.042045
0 0.418500 0.216098 0.024500 0.043561
0 0.651750 0.072727 0.014000 0.023485
0 0.434125 0.114394 0.014750 0.027273
0 0.309500 0.290720 0.023000 0.034470
0 0.327750 0.228788 0.022000 0.036364
0 0.544500 0.027273 0.011000 0.018939
0 0.658750 0.038068 0.011000 0.018561
0 0.199125 0.325000 0.025250 0.043182
0 0.517000 0.095833 0.017000 0.028030
0 0.545125 0.082955 0.013750 0.025758
0 0.195375 0.667045 0.049250 0.071970
0 0.566125 0.041667 0.010250 0.015909
0 0.225250 0.171023 0.015000 0.025379
0 0.427625 0.172348 0.021750 0.034091
0 0.266125 0.162879 0.013750 0.025758
0 0.338000 0.196023 0.019500 0.030682
0 0.235375 0.077083 0.009250 0.014015
0 0.463500 0.123864 0.015000 0.027273
0 0.239875 0.145455 0.010250 0.018939
0 0.523000 0.034659 0.010500 0.019318
0 0.012625 0.581250 0.024250 0.033712
0 0.507500 0.081061 0.012500 0.021970
0 0.564625 0.058144 0.013750 0.022348
0 0.561500 0.021023 0.008500 0.014015
0 0.195750 0.094318 0.009000 0.013636
0 0.477875 0.105871 0.017750 0.035985
0 0.219000 0.080871 0.008000 0.014015
0 0.586500 0.004545 0.008500 0.008333
0 0.224125 0.388068 0.030250 0.045076
0 0.487375 0.147159 0.015750 0.031439
0 0.737375 0.012879 0.008250 0.012121
0 0.530250 0.051894 0.010500 0.018939
0 0.227500 0.089773 0.009000 0.014394
