0 0.432000 0.148106 0.018500 0.031818
0 0.517625 0.096970 0.013750 0.023485
0 0.478375 0.095076 0.015250 0.026515
0 0.368875 0.255682 0.023250 0.047727
0 0.472000 0.166098 0.020000 0.034470
0 0.291500 0.214015 0.021000 0.043939
0 0.632125 0.030871 0.009750 0.017045
0 0.387125 0.200758 0.018250 0.038636
0 0.055625 0.624811 0.026750 0.040530
0 0.114875 0.443939 0.020750 0.036364
0 0.439625 0.283523 0.021750 0.047348
0 0.596250 0.061742 0.013000 0.021970
0 0.332000 0.247159 0.022500 0.042045
0 0.449375 0.143182 0.017250 0.034091
0 0.594750 0.042424 0.010500 0.020455
0 0.630500 0.010985 0.010000 0.016667
0 0.477875 0.009280 0.012750 0.017803
0 0.411875 0.232765 0.015250 0.027652
0 0.563625 0.029735 0.013750 0.021591
0 0.717750 0.032576 0.010000 0.016667
0 0.609625 0.020265 0.012250 0.020076
0 0.689500 0.025947 0.008500 0.015530
0 0.519875 0.005871 0.009250 0.010985
0 0.011500 0.698864 0.022500 0.042424
0 0.018500 0.556818 0.023500 0.031818
0 0.007125 0.471212 0.013750 0.037121
0 0.056625 0.467803 0.028250 0.037121
0 0.060250 0.432386 0.024500 0.035985
0 0.143875 0.463826 0.030750 0.045833
0 0.125500 0.540530 0.027000 0.041667
0 0.221750 0.366667 0.027500 0.047727
0 0.246250 0.335985 0.016500 0.031818
0 0.215375 0.223864 0.021750 0.033333
0 0.525500 0.074432 0.011000 0.017803
0 0.521750 0.127273 0.015000 0.031061
0 0.555125 0.079167 0.016250 0.023485
0 0.502750 0.007955 0.011500 0.015152
0 0.613125 0.061364 0.015750 0.026515
0 0.644375 0.035795 0.012250 0.020833
0 0.675375 0.023106 0.010750 0.019697
0 0.656375 0.011174 0.010750 0.014773
0 0.653125 0.003977 0.010750 0.007197
0 0.676875 0.003409 0.008750 0.006061
0 0.701250 0.006061 0.008500 0.011364
0 0.717625 0.014773 0.007750 0.017424
0 0.743125 0.004167 0.007250 0.007576
0 0.710500 0.002841 0.005000 0.004924
0 0.718500 0.002083 0.005000 0.003409
0 0.340750 0.022917 0.006500 0.010985
0 0.263250 0.033523 0.010000 0.016288
0 0.239500 0.043561 0.006500 0.012121
0 0.231250 0.052273 0.008500 0.014394
