0 0.446875 0.092424 0.014750 0.022727
0 0.031250 0.399053 0.021500 0.032955
0 0.541625 0.027841 0.010750 0.017803
0 0.214000 0.369129 0.026000 0.038258
0 0.185875 0.366667 0.020750 0.036364
0 0.295750 0.244318 0.024000 0.036364
0 0.504750 0.042424 0.010500 0.018182
0 0.472000 0.025568 0.011500 0.017803
0 0.696625 0.020455 0.009250 0.015152
0 0.145500 0.204545 0.014000 0.026515
0 0.006625 0.389394 0.012750 0.025758
0 0.057125 0.554924 0.032250 0.048485
0 0.449875 0.044508 0.011750 0.021591
0 0.465500 0.057955 0.010000 0.017424
0 0.216875 0.303598 0.024750 0.029167
0 0.243875 0.264394 0.021750 0.041667
0 0.035625 0.364962 0.018250 0.031439
0 0.122375 0.256439 0.016750 0.023485
0 0.324500 0.042424 0.008500 0.015152
0 0.046500 0.331250 0.016000 0.032955
0 0.149875 0.433523 0.024250 0.038258
0 0.439750 0.107008 0.015000 0.025379
0 0.252250 0.230303 0.018500 0.028788
0 0.169375 0.186174 0.013250 0.022348
0 0.371125 0.115530 0.014250 0.021970
0 0.429750 0.072727 0.012500 0.021970
0 0.089625 0.276515 0.014250 0.028030
0 0.163125 0.214583 0.014750 0.020833
0 0.204500 0.163826 0.013000 0.021591
0 0.485750 0.072348 0.012000 0.020455
0 0.224875 0.132955 0.014250 0.023485
0 0.197000 0.149053 0.012000 0.022348
0 0.336750 0.034470 0.009500 0.015152
0 0.682750 0.011174 0.009500 0.015530
0 0.510125 0.013447 0.010250 0.018561
0 0.291375 0.222159 0.016750 0.020833
0 0.540625 0.006629 0.010750 0.012500
0 0.145875 0.240720 0.016750 0.025379
0 0.488250 0.019886 0.009500 0.016288
0 0.074750 0.339015 0.017500 0.028030
0 0.519875 0.009470 0.008250 0.012879
0 0.164625 0.493371 0.020750 0.029924
0 0.094375 0.581818 0.024750 0.047727
0 0.112625 0.295644 0.015250 0.019318
0 0.244000 0.032765 0.007500 0.011742
0 0.232000 0.031439 0.006000 0.009848
0 0.185750 0.010985 0.004000 0.006061
0 0.095375 0.130682 0.008750 0.012879
0 0.371125 0.385606 0.024250 0.041667
0 0.348000 0.036364 0.011000 0.017424
0 0.298625 0.070833 0.014250 0.018939
0 0.370875 0.025189 0.012250 0.018561
0 0.488875 0.004735 0.009250 0.008712
0 0.572375 0.004356 0.009250 0.007955
0 0.804250 0.002273 0.006500 0.003788
0 0.843875 0.002462 0.005750 0.004167
0 0.900375 0.013636 0.002750 0.005303
0 0.939000 0.044886 0.004000 0.007197
0 0.928375 0.011364 0.002250 0.004545
0 0.955250 0.021212 0.003000 0.004545
0 0.947875 0.016477 0.002250 0.004167
