0 0.275000 0.208333 0.019500 0.034091
0 0.599875 0.050379 0.011750 0.018939
0 0.650000 0.075758 0.015000 0.024242
0 0.190750 0.358144 0.027500 0.048864
0 0.361000 0.150947 0.019500 0.032955
0 0.374375 0.233144 0.021750 0.035227
0 0.276625 0.320455 0.024750 0.040909
0 0.578875 0.041667 0.009250 0.015909
0 0.417875 0.152652 0.023750 0.035606
0 0.317875 0.230492 0.024750 0.043561
0 0.617500 0.005303 0.008500 0.009848
0 0.083750 0.314583 0.020500 0.032197
0 0.118375 0.485795 0.026750 0.036742
0 0.575750 0.063447 0.013000 0.022348
0 0.252750 0.284848 0.020000 0.037879
0 0.512375 0.086742 0.015250 0.027273
0 0.251125 0.070833 0.011250 0.018939
0 0.479875 0.101705 0.013750 0.024621
0 0.631750 0.004167 0.008000 0.007576
0 0.557250 0.078598 0.013500 0.023864
0 0.469375 0.118750 0.014250 0.024621
0 0.478375 0.144508 0.017250 0.029924
0 0.134000 0.452083 0.028000 0.039773
0 0.615250 0.035985 0.010000 0.018182
0 0.533250 0.070644 0.014500 0.024621
0 0.596500 0.024053 0.009000 0.017045
0 0.376375 0.181061 0.018250 0.033333
0 0.225000 0.088447 0.013000 0.019318
0 0.544250 0.057008 0.013500 0.023106
0 0.988625 0.628220 0.022750 0.053409
0 0.223250 0.077273 0.008500 0.011364
0 0.418375 0.197727 0.019250 0.035606
0 0.733500 0.317235 0.025500 0.040530
0 0.230500 0.064205 0.008000 0.012500
0 0.545125 0.060038 0.014750 0.026136
0 0.102625 0.475189 0.024750 0.036742
0 0.249875 0.095455 0.016750 0.025000
0 0.462500 0.155303 0.018000 0.033333
0 0.145375 0.041856 0.004750 0.007197
