0 0.013000 0.714962 0.025500 0.037500
0 0.119625 0.531250 0.026750 0.042803
0 0.122000 0.477273 0.026500 0.036364
0 0.318375 0.180682 0.017750 0.031818
0 0.206750 0.153030 0.012000 0.021212
0 0.438375 0.066477 0.012250 0.023106
0 0.487625 0.161174 0.016750 0.026894
0 0.115875 0.357008 0.020750 0.035985
0 0.141375 0.253598 0.015250 0.026894
0 0.342625 0.051515 0.010250 0.018939
0 0.295000 0.234659 0.021000 0.033712
0 0.050500 0.601136 0.036000 0.043939
0 0.175375 0.171970 0.013750 0.025000
0 0.150500 0.397348 0.025500 0.036364
0 0.234000 0.331629 0.026500 0.034470
0 0.065375 0.338258 0.017750 0.028788
0 0.126250 0.101515 0.006500 0.010606
0 0.112125 0.242424 0.016750 0.028788
0 0.294750 0.085038 0.010500 0.018561
0 0.085625 0.457197 0.025750 0.037121
0 0.602250 0.110606 0.015000 0.025758
0 0.248500 0.145076 0.012000 0.020455
0 0.224375 0.133333 0.012750 0.023485
0 0.043375 0.556061 0.025750 0.037121
0 0.656500 0.095644 0.014500 0.020833
0 0.250625 0.248106 0.019250 0.032576
0 0.031500 0.348485 0.016500 0.025758
0 0.524625 0.050568 0.013250 0.023106
0 0.037875 0.440341 0.019250 0.026136
0 0.963125 0.143750 0.007250 0.011742
0 0.483875 0.087311 0.015250 0.023864
0 0.377500 0.110038 0.012000 0.020833
0 0.921500 0.054545 0.005000 0.008333
0 0.299250 0.176515 0.014500 0.026515
0 0.268125 0.097917 0.010250 0.018561
0 0.277250 0.091477 0.009000 0.017045
0 0.246375 0.108523 0.011250 0.017803
0 0.199750 0.192614 0.014500 0.023864
0 0.449250 0.019697 0.010000 0.018182
0 0.194375 0.281439 0.018250 0.033333
0 0.501250 0.034848 0.010000 0.020455
0 0.005875 0.591098 0.011250 0.034470
0 0.319875 0.017614 0.007250 0.011742
0 0.205500 0.199053 0.014000 0.020833
0 0.330875 0.054924 0.012250 0.020455
0 0.017000 0.394697 0.018500 0.028030
0 0.792125 0.645455 0.035250 0.048485
0 0.989375 0.115909 0.004750 0.007576
0 0.258125 0.122727 0.014250 0.020455
0 0.158625 0.216098 0.017250 0.024621
0 0.066125 0.375189 0.017750 0.023864
0 0.564250 0.004545 0.009500 0.008333
0 0.080375 0.309091 0.014250 0.023485
0 0.347875 0.015909 0.009250 0.015152
0 0.987750 0.166288 0.010000 0.015909
0 0.293000 0.141667 0.009000 0.018939
0 0.418500 0.024242 0.010000 0.016667
0 0.154500 0.207008 0.015500 0.021591
0 0.156000 0.209659 0.018000 0.024621
0 0.097250 0.308144 0.019000 0.026136
0 0.124875 0.233712 0.013750 0.023485
0 0.150625 0.372348 0.022750 0.021970
0 0.249375 0.038258 0.008750 0.012121
0 0.240000 0.035417 0.005000 0.011742
0 0.504000 0.007386 0.009000 0.014015
0 0.523250 0.004924 0.011500 0.009091
0 0.910625 0.051894 0.004250 0.007576
0 0.905375 0.022917 0.003250 0.007955
0 0.944000 0.019318 0.002500 0.003788
