0 0.560500 0.006439 0.009000 0.012121
0 0.099750 0.441667 0.024500 0.043182
0 0.059625 0.584280 0.034250 0.051136
0 0.652500 0.072538 0.013000 0.023864
0 0.255625 0.249432 0.020750 0.029167
0 0.509500 0.075758 0.011500 0.021212
0 0.380500 0.247538 0.027500 0.045833
0 0.206875 0.314583 0.025250 0.042803
0 0.191375 0.101705 0.008250 0.014773
0 0.374500 0.181629 0.018000 0.029167
0 0.565875 0.060417 0.012250 0.022348
0 0.578375 0.084470 0.014750 0.024242
0 0.443125 0.166477 0.015750 0.031439
0 0.147125 0.292803 0.020250 0.034091
0 0.532250 0.089015 0.016000 0.025758
0 0.532750 0.052652 0.013500 0.025758
0 0.303250 0.263826 0.022500 0.039015
0 0.216000 0.082008 0.009000 0.015530
0 0.272125 0.187121 0.018250 0.029545
0 0.501875 0.126705 0.017250 0.029167
0 0.218750 0.372538 0.031500 0.048106
0 0.221875 0.163826 0.013750 0.020076
0 0.250250 0.133144 0.011500 0.020076
0 0.466375 0.122348 0.013250 0.024242
0 0.582500 0.028977 0.013000 0.021591
0 0.623250 0.011932 0.008000 0.013258
0 0.365875 0.219318 0.016250 0.030303
0 0.594125 0.003409 0.008250 0.006061
0 0.526375 0.076136 0.013750 0.021970
0 0.132125 0.487689 0.037750 0.051136
0 0.229125 0.086742 0.011750 0.016667
0 0.089250 0.527841 0.030000 0.047348
0 0.258625 0.176894 0.016750 0.036364
0 0.232000 0.079735 0.008000 0.012500
0 0.452000 0.194129 0.024000 0.032955
0 0.486375 0.169318 0.022750 0.028788
