0 0.562750 0.042992 0.013000 0.021591
0 0.470500 0.089773 0.014500 0.022727
0 0.058000 0.533144 0.026000 0.043561
0 0.392750 0.189394 0.019500 0.035606
0 0.351000 0.178977 0.019500 0.034470
0 0.173875 0.332008 0.024750 0.044318
0 0.544250 0.031061 0.010000 0.018939
0 0.495625 0.042424 0.009750 0.017424
0 0.293500 0.261932 0.020000 0.036742
0 0.585000 0.017424 0.008500 0.014394
0 0.245250 0.271591 0.021000 0.037879
0 0.473000 0.157197 0.025500 0.035606
0 0.136375 0.152841 0.011250 0.018561
0 0.607125 0.015341 0.009750 0.016288
0 0.306750 0.233523 0.020500 0.033712
0 0.600125 0.026326 0.012250 0.017045
0 0.510875 0.091288 0.015250 0.025000
0 0.508625 0.057386 0.012250 0.026136
0 0.465625 0.121023 0.014750 0.023864
0 0.235250 0.353030 0.023000 0.032576
0 0.433750 0.142045 0.018000 0.028788
0 0.548500 0.062500 0.010500 0.018182
0 0.193750 0.076705 0.011500 0.017803
0 0.178000 0.105114 0.008500 0.014015
0 0.548000 0.089583 0.018000 0.023106
0 0.546750 0.007765 0.008000 0.014015
0 0.489125 0.121023 0.017250 0.030682
0 0.313375 0.292614 0.026750 0.045076
0 0.382625 0.175568 0.014750 0.023864
0 0.009125 0.697348 0.017750 0.051515
0 0.514875 0.130114 0.015250 0.026894
0 0.168750 0.463447 0.031000 0.043561
0 0.068250 0.600189 0.032000 0.040530
0 0.136750 0.431061 0.033500 0.042424
0 0.224250 0.413636 0.025000 0.034091
0 0.345375 0.229167 0.022750 0.037121
0 0.399625 0.172159 0.017250 0.020833
0 0.590375 0.004167 0.007250 0.007576
