0 0.178875 0.138636 0.010750 0.018939
0 0.024625 0.542992 0.031750 0.048864
0 0.015875 0.698106 0.028750 0.043939
0 0.267000 0.101705 0.010500 0.019318
0 0.287000 0.201894 0.017000 0.032576
0 0.139625 0.352652 0.022250 0.038636
0 0.429250 0.124811 0.015000 0.024621
0 0.174875 0.294318 0.020250 0.037121
0 0.221375 0.285038 0.022750 0.040530
0 0.428375 0.094508 0.017250 0.026894
0 0.089750 0.387500 0.024500 0.037879
0 0.941750 0.692235 0.038500 0.042045
0 0.246500 0.113826 0.009500 0.017045
0 0.591875 0.067614 0.011250 0.016288
0 0.197125 0.136174 0.008250 0.014773
0 0.114625 0.535038 0.045750 0.050379
0 0.518375 0.009091 0.008750 0.017424
0 0.148875 0.159659 0.013250 0.021591
0 0.224500 0.253598 0.018500 0.026136
0 0.162750 0.145455 0.013500 0.018182
0 0.943250 0.602083 0.032000 0.034470
0 0.496875 0.034848 0.011250 0.018182
0 0.326625 0.032576 0.009750 0.015909
0 0.342500 0.056061 0.012500 0.018939
0 0.372125 0.115720 0.014750 0.022348
0 0.056250 0.594318 0.038500 0.046970
0 0.355375 0.030871 0.008750 0.016288
0 0.369000 0.027841 0.011500 0.018561
0 0.245375 0.094318 0.009250 0.015152
0 0.103375 0.180114 0.007750 0.014015
0 0.594125 0.050379 0.013250 0.019697
0 0.133125 0.159470 0.009250 0.017424
0 0.122125 0.187879 0.010250 0.017424
0 0.136250 0.619886 0.033500 0.054924
0 0.491625 0.007955 0.009250 0.015152
0 0.336500 0.044508 0.010500 0.019318
0 0.100000 0.190720 0.010000 0.015530
0 0.697500 0.023674 0.009000 0.017045
0 0.223125 0.035985 0.006250 0.011364
0 0.921500 0.526136 0.026000 0.033333
0 0.243000 0.026515 0.006000 0.009848
0 0.686000 0.011553 0.009500 0.014015
0 0.089125 0.832765 0.041750 0.051894
0 0.135000 0.418561 0.029000 0.045455
0 0.120625 0.432197 0.013250 0.034091
0 0.116250 0.170265 0.009000 0.013258
0 0.255500 0.023485 0.005000 0.009091
0 0.259625 0.022159 0.004750 0.009470
0 0.145750 0.032765 0.004500 0.007955
0 0.357875 0.059091 0.012750 0.018939
