0 0.509625 0.398070 0.022250 0.037544
0 0.194625 0.619649 0.032750 0.042105
0 0.288750 0.273158 0.019000 0.029123
0 0.222250 0.301053 0.017000 0.024561
0 0.654125 0.129298 0.013250 0.020702
0 0.363500 0.225263 0.016000 0.027368
0 0.207250 0.283158 0.018000 0.025263
0 0.245250 0.148947 0.009500 0.015789
0 0.029375 0.542982 0.024250 0.033333
0 0.323375 0.319649 0.017750 0.028070
0 0.021250 0.317719 0.013000 0.019298
0 0.336625 0.270000 0.019750 0.029123
0 0.510875 0.109825 0.011250 0.021053
0 0.381125 0.213684 0.018250 0.028070
0 0.437625 0.083333 0.011250 0.016491
0 0.769125 0.034912 0.004750 0.006667
0 0.505125 0.187719 0.015750 0.021754
0 0.055250 0.345439 0.019000 0.026316
0 0.242750 0.272281 0.018000 0.027368
0 0.116500 0.430702 0.024500 0.027719
0 0.129375 0.208421 0.010750 0.018246
0 0.043750 0.277895 0.010500 0.018246
0 0.141625 0.391404 0.017750 0.026316
0 0.297250 0.232632 0.017000 0.025263
0 0.468375 0.338772 0.022250 0.045263
0 0.104375 0.534386 0.020250 0.024561
0 0.262500 0.549825 0.030500 0.049123
0 0.018750 0.218947 0.005500 0.009123
0 0.042125 0.409123 0.020250 0.028070
0 0.616875 0.374912 0.028250 0.035439
0 0.415375 0.154211 0.012750 0.021404
0 0.089875 0.315789 0.013750 0.024561
0 0.010750 0.331930 0.014500 0.023158
0 0.312625 0.087193 0.006750 0.010175
0 0.057875 0.294737 0.012750 0.019649
0 0.187625 0.324035 0.021250 0.035439
0 0.476750 0.144035 0.012500 0.022105
0 0.131750 0.640175 0.032000 0.043860
0 0.511750 0.137719 0.012000 0.020702
0 0.258125 0.160877 0.009750 0.016491
0 0.008625 0.403860 0.016750 0.028070
0 0.011375 0.436667 0.022250 0.027018
0 0.068750 0.306667 0.012500 0.018947
0 0.323125 0.113333 0.010250 0.014737
0 0.494000 0.063509 0.010000 0.015439
0 0.263000 0.656842 0.046000 0.055439
0 0.340750 0.112632 0.008500 0.014035
0 0.498875 0.144737 0.013250 0.024211
0 0.463375 0.084561 0.010750 0.015439
0 0.425625 0.138070 0.013250 0.020702
0 0.584500 0.082105 0.009500 0.014737
0 0.482375 0.059298 0.009250 0.014035
0 0.545125 0.049298 0.010750 0.011579
0 0.089125 0.345614 0.014250 0.022456
0 0.120000 0.169298 0.007500 0.010877
0 0.555125 0.057719 0.008250 0.012281
0 0.190875 0.141579 0.008750 0.013684
0 0.987375 0.228246 0.009250 0.015789
0 0.565375 0.096667 0.011250 0.017193
0 0.169125 0.365965 0.018250 0.026667
0 0.546875 0.028772 0.006750 0.011228
0 0.161000 0.432456 0.030500 0.034737
0 0.437375 0.103860 0.010750 0.016842
0 0.131750 0.265088 0.012000 0.017895
0 0.035375 0.763509 0.018250 0.025965
0 0.563000 0.070702 0.008000 0.013684
0 0.175250 0.310175 0.015500 0.024561
0 0.062000 0.164035 0.005500 0.008772
0 0.064125 0.204386 0.006250 0.009474
0 0.021125 0.187368 0.004250 0.006316
0 0.090750 0.212807 0.007500 0.010877
0 0.030625 0.244912 0.006250 0.008421
0 0.564250 0.039474 0.006500 0.010877
0 0.007875 0.261930 0.007750 0.011579
0 0.403125 0.095439 0.010750 0.015439
0 0.039500 0.185088 0.005000 0.007368
0 0.026000 0.262105 0.008500 0.014035
0 0.547125 0.066842 0.008750 0.014386
0 0.017250 0.234211 0.007000 0.010877
0 0.162375 0.220000 0.011750 0.016140
0 0.037750 0.346316 0.013500 0.021754
0 0.045625 0.175439 0.005250 0.008421
0 0.030000 0.236667 0.007000 0.011579
0 0.125375 0.253684 0.010250 0.015439
0 0.071500 0.202632 0.006000 0.009474
0 0.575875 0.115614 0.011750 0.017895
0 0.168625 0.217018 0.009250 0.016491
0 0.029500 0.181754 0.004000 0.006316
0 0.204375 0.982807 0.040750 0.033684
0 0.242250 0.165439 0.011000 0.017193
0 0.073500 0.192281 0.006000 0.009123
0 0.004500 0.251754 0.006500 0.010877
0 0.044000 0.210702 0.007500 0.010877
0 0.564125 0.016667 0.005250 0.007368
0 0.032500 0.620702 0.030500 0.028772
0 0.086875 0.155614 0.004750 0.007368
0 0.106250 0.126667 0.003500 0.005614
0 0.098750 0.838421 0.033500 0.048070
0 0.056125 0.173158 0.003750 0.005965
0 0.046000 0.222105 0.008000 0.011930
0 0.164500 0.760526 0.039500 0.046667
0 0.063750 0.196140 0.005000 0.007018
0 0.048750 0.184561 0.005000 0.007719
0 0.394125 0.088947 0.008250 0.014386
0 0.031625 0.203684 0.005250 0.007368
0 0.037125 0.210175 0.005750 0.009123
0 0.075875 0.151053 0.003250 0.005263
0 0.015375 0.255965 0.007250 0.010175
0 0.042500 0.201579 0.005500 0.007368
0 0.002625 0.587544 0.004750 0.022105
0 0.034125 0.824035 0.027750 0.044561
0 0.028625 0.230175 0.005750 0.008421
0 0.577250 0.073684 0.009500 0.012632
0 0.559875 0.097719 0.008750 0.013684
0 0.050875 0.987018 0.032250 0.025965
0 0.029125 0.691053 0.033750 0.045965
0 0.087625 0.732807 0.037750 0.047368
0 0.010625 0.354912 0.011250 0.010175
0 0.011875 0.368772 0.011750 0.014035
0 0.051625 0.264561 0.009750 0.011930
0 0.047375 0.259298 0.006750 0.009123
0 0.002125 0.243860 0.003750 0.007018
0 0.003375 0.274561 0.006250 0.010877
0 0.031250 0.222105 0.008500 0.009825
0 0.051000 0.217193 0.006000 0.009123
0 0.024000 0.191930 0.004000 0.004211
0 0.024375 0.197368 0.004750 0.006667
0 0.032875 0.192105 0.004250 0.006667
0 0.034875 0.186140 0.003750 0.005263
0 0.044000 0.194211 0.005000 0.006667
0 0.047125 0.191930 0.004750 0.006316
0 0.052000 0.167193 0.003500 0.005965
0 0.064125 0.175263 0.004750 0.008070
0 0.078625 0.202982 0.006250 0.012982
0 0.084250 0.205614 0.007500 0.011228
0 0.080750 0.145789 0.004000 0.005263
0 0.108250 0.255614 0.006500 0.011579
0 0.112500 0.230526 0.010000 0.014737
0 0.228250 0.280877 0.011500 0.015789
0 0.235125 0.187193 0.008250 0.015789
0 0.292750 0.184912 0.011500 0.018246
0 0.300125 0.199123 0.017250 0.018596
0 0.562125 0.018772 0.004250 0.005263
0 0.934875 0.083860 0.002750 0.004211
0 0.942875 0.081930 0.002250 0.003158
0 0.245750 0.027544 0.002000 0.003158
0 0.240375 0.038947 0.002750 0.003509
