0 0.011750 0.453977 0.023000 0.035227
0 0.455875 0.121591 0.014250 0.025758
0 0.609000 0.034470 0.012000 0.019697
0 0.562000 0.025379 0.010000 0.018939
0 0.348250 0.180492 0.015000 0.026894
0 0.591250 0.070265 0.012000 0.023106
0 0.965375 0.495455 0.024250 0.031818
0 0.952500 0.667803 0.035000 0.040152
0 0.960375 0.594129 0.028250 0.035985
0 0.528625 0.011364 0.010750 0.015909
0 0.374125 0.113636 0.013750 0.021970
0 0.302500 0.074053 0.012000 0.020833
0 0.099750 0.436174 0.025000 0.041288
0 0.253125 0.253220 0.021750 0.032197
0 0.418125 0.122727 0.014250 0.027273
0 0.626000 0.013636 0.009000 0.016667
0 0.102750 0.185038 0.010000 0.017803
0 0.034750 0.579167 0.028000 0.033333
0 0.257250 0.227841 0.021000 0.026136
0 0.470500 0.061174 0.012000 0.022348
0 0.505750 0.036742 0.010000 0.017424
0 0.496500 0.079545 0.014000 0.023485
0 0.321625 0.039962 0.011750 0.014015
0 0.697500 0.024242 0.009500 0.015152
0 0.464750 0.010038 0.008000 0.014015
0 0.509375 0.006818 0.009750 0.012879
0 0.599000 0.053788 0.012500 0.019697
0 0.339125 0.035795 0.009250 0.016288
0 0.466750 0.038068 0.010000 0.017045
0 0.221000 0.048864 0.006500 0.008333
0 0.226000 0.034091 0.005000 0.008333
0 0.224000 0.027652 0.004000 0.008333
0 0.231750 0.022917 0.003500 0.006439
0 0.238125 0.025189 0.006750 0.008712
0 0.235125 0.035417 0.006250 0.011742
0 0.241875 0.034091 0.006750 0.009848
0 0.349000 0.033902 0.003500 0.012500
0 0.356250 0.033144 0.013000 0.017803
0 0.680875 0.070455 0.010250 0.013636
