0 0.247875 0.391098 0.025250 0.041288
0 0.059000 0.306439 0.020000 0.029545
0 0.518750 0.030682 0.011000 0.019697
0 0.102625 0.451326 0.025750 0.041288
0 0.046875 0.491477 0.026250 0.039773
0 0.013125 0.660795 0.025750 0.041288
0 0.624250 0.018750 0.009000 0.014773
0 0.543750 0.075000 0.015000 0.025000
0 0.087750 0.563636 0.035500 0.049242
0 0.486250 0.159091 0.018500 0.031818
0 0.463875 0.120644 0.015750 0.026894
0 0.337125 0.208523 0.018750 0.032955
0 0.607250 0.004735 0.007000 0.008712
0 0.166000 0.333333 0.023000 0.042424
0 0.349625 0.235795 0.024250 0.036742
0 0.367375 0.159848 0.018750 0.034091
0 0.291875 0.309848 0.022750 0.039394
0 0.544500 0.051136 0.012000 0.018182
0 0.261375 0.243182 0.022250 0.035606
0 0.397625 0.214205 0.019250 0.032955
0 0.568000 0.038068 0.010500 0.019318
0 0.469125 0.093939 0.015750 0.025758
0 0.228375 0.311553 0.021250 0.044318
0 0.242375 0.139015 0.012750 0.022727
0 0.558125 0.060985 0.014250 0.021970
0 0.653250 0.071780 0.013000 0.022348
0 0.506875 0.116856 0.015250 0.027652
0 0.588000 0.036742 0.009500 0.016667
0 0.224250 0.166288 0.014000 0.021970
0 0.263375 0.173674 0.014750 0.024621
0 0.428250 0.149811 0.019500 0.031439
0 0.527250 0.042614 0.011500 0.022348
0 0.193125 0.098864 0.009250 0.015909
0 0.006000 0.590530 0.011500 0.044697
0 0.547750 0.112689 0.020000 0.029167
0 0.216125 0.083333 0.008250 0.014394
0 0.233000 0.078220 0.009000 0.014015
0 0.127250 0.460417 0.025500 0.039015
0 0.586125 0.004167 0.007750 0.007576
0 0.182875 0.435795 0.029750 0.042045
0 0.225250 0.086932 0.011000 0.014015
0 0.519250 0.114583 0.008000 0.018561
0 0.527125 0.075000 0.014250 0.026515
0 0.565000 0.023864 0.011500 0.014394
0 0.568000 0.010985 0.010500 0.017424
0 0.594750 0.028977 0.011000 0.019318
0 0.641500 0.014583 0.013000 0.020076
0 0.643000 0.036553 0.011000 0.020076
0 0.579250 0.010038 0.009000 0.013258
