0 0.080875 0.276812 0.015250 0.024638
0 0.037875 0.362138 0.017750 0.030797
0 0.211000 0.515036 0.036000 0.043116
0 0.376250 0.149094 0.014000 0.021377
0 0.022750 0.345833 0.015000 0.025000
0 0.577375 0.090580 0.013250 0.020290
0 0.269750 0.125181 0.011500 0.019928
0 0.610250 0.101087 0.012500 0.021014
0 0.324875 0.098732 0.013250 0.019203
0 0.540500 0.046920 0.009000 0.014855
0 0.110875 0.200906 0.011250 0.017029
0 0.627500 0.032428 0.009000 0.014130
0 0.090125 0.220471 0.008750 0.014855
0 0.340750 0.071739 0.010500 0.015217
0 0.075250 0.233152 0.010000 0.015580
0 0.037750 0.183152 0.007500 0.011957
0 0.063250 0.208514 0.007500 0.012681
0 0.312875 0.111051 0.010750 0.017029
0 0.609125 0.029710 0.008250 0.013768
0 0.497125 0.049457 0.008250 0.013406
0 0.023500 0.201812 0.006500 0.010870
0 0.070375 0.203986 0.008250 0.013043
0 0.459250 0.038225 0.007500 0.012681
0 0.368375 0.070833 0.008750 0.014130
0 0.085125 0.186775 0.008250 0.013406
0 0.003750 0.303442 0.007000 0.017029
0 0.703250 0.007065 0.006000 0.009783
0 0.732000 0.031522 0.005500 0.009420
0 0.020250 0.179891 0.005000 0.008333
0 0.182750 0.092754 0.006000 0.009420
0 0.013375 0.179891 0.005250 0.008333
0 0.363875 0.068659 0.008250 0.014130
0 0.713250 0.023188 0.007500 0.009420
0 0.770500 0.007971 0.005000 0.007971
0 0.721500 0.014674 0.006000 0.009783
0 0.073500 0.268478 0.009500 0.016667
0 0.032250 0.273188 0.013500 0.018116
0 0.035750 0.198913 0.010000 0.010870
0 0.017625 0.219203 0.007250 0.008696
0 0.032000 0.173188 0.004000 0.007246
0 0.021000 0.185507 0.005500 0.007246
0 0.002000 0.190036 0.003500 0.006884
0 0.023625 0.151087 0.003750 0.005072
0 0.006000 0.163225 0.003000 0.004710
0 0.057750 0.152174 0.005000 0.007246
0 0.178875 0.093478 0.003250 0.006522
0 0.524375 0.008152 0.006750 0.012681
0 0.545000 0.007065 0.005500 0.009058
0 0.539625 0.013768 0.007750 0.010870
0 0.652375 0.003080 0.005250 0.005435
0 0.644250 0.004710 0.007000 0.008696
0 0.667125 0.003442 0.006750 0.006159
0 0.737625 0.036413 0.006250 0.010507
0 0.727875 0.007065 0.004750 0.007609
0 0.733625 0.012500 0.004250 0.009058
0 0.742125 0.011957 0.002750 0.008696
0 0.746500 0.014493 0.004500 0.006522
0 0.775625 0.001630 0.004750 0.002536
0 0.915000 0.042029 0.002000 0.003623
0 0.916625 0.046196 0.001750 0.003986
0 0.908625 0.041848 0.002750 0.003986
