0 0.192250 0.433523 0.032000 0.054167
0 0.133000 0.510417 0.030000 0.042045
0 0.029625 0.547917 0.026750 0.042045
0 0.129750 0.425000 0.024500 0.043182
0 0.195250 0.330682 0.023000 0.038636
0 0.272125 0.290909 0.021250 0.034848
0 0.342500 0.254167 0.021500 0.035606
0 0.553500 0.108333 0.014500 0.028788
0 0.260000 0.269508 0.020500 0.034470
0 0.565125 0.062879 0.012250 0.022727
0 0.316875 0.233523 0.017750 0.032197
0 0.444625 0.170644 0.020750 0.034470
0 0.648375 0.075000 0.015250 0.024242
0 0.450625 0.130492 0.015250 0.026894
0 0.231875 0.373295 0.028750 0.041288
0 0.159875 0.139583 0.009750 0.016288
0 0.472875 0.093182 0.014750 0.027273
0 0.470625 0.006629 0.010250 0.012500
0 0.582250 0.028598 0.008500 0.014773
0 0.505625 0.093182 0.012750 0.023485
0 0.527000 0.048485 0.011000 0.020455
0 0.508500 0.120076 0.017000 0.033333
0 0.394875 0.172348 0.014750 0.029545
0 0.609875 0.016288 0.009250 0.016667
0 0.594250 0.016098 0.009500 0.015530
0 0.609375 0.045455 0.011250 0.021970
0 0.198000 0.069697 0.009000 0.015152
0 0.177500 0.115720 0.011500 0.017803
0 0.549125 0.037500 0.010250 0.020455
0 0.176375 0.446023 0.025750 0.048106
0 0.264375 0.037121 0.014250 0.021970
0 0.629750 0.003220 0.005500 0.005682
0 0.650625 0.005492 0.012250 0.010227
