0 0.609000 0.015909 0.009500 0.018182
0 0.051250 0.512311 0.027500 0.044318
0 0.089250 0.512689 0.028500 0.043561
0 0.074375 0.304545 0.020750 0.031818
0 0.232250 0.290152 0.024000 0.039394
0 0.382500 0.217992 0.022500 0.036742
0 0.465000 0.168182 0.018500 0.034848
0 0.171125 0.395455 0.026250 0.034848
0 0.597125 0.034470 0.010750 0.019697
0 0.570000 0.029167 0.009500 0.018182
0 0.148125 0.356629 0.026250 0.039015
0 0.547375 0.084280 0.014250 0.025379
0 0.413125 0.154735 0.013750 0.023106
0 0.475125 0.096402 0.014750 0.026136
0 0.178125 0.112879 0.012250 0.020455
0 0.511750 0.073864 0.012000 0.023485
0 0.650125 0.071402 0.016250 0.024621
0 0.524750 0.047917 0.011500 0.020833
0 0.153625 0.140530 0.012250 0.023485
0 0.575125 0.052652 0.011250 0.020455
0 0.178375 0.094318 0.010250 0.015909
0 0.630625 0.004924 0.007750 0.009091
0 0.443125 0.044508 0.014250 0.019318
0 0.581750 0.010795 0.012500 0.017045
0 0.194875 0.073864 0.010250 0.017424
0 0.359375 0.200379 0.019250 0.034091
0 0.617375 0.026705 0.009250 0.015530
0 0.034125 0.623295 0.036750 0.054924
0 0.157625 0.460985 0.028750 0.054545
0 0.261750 0.351136 0.029500 0.060606
0 0.477000 0.132955 0.020000 0.031818
0 0.539125 0.087500 0.013250 0.018182
0 0.557000 0.170076 0.021500 0.030303
0 0.597250 0.002841 0.005000 0.004924
