0 0.382250 0.209848 0.017500 0.031818
0 0.482375 0.105492 0.017250 0.031439
0 0.327375 0.260795 0.019250 0.047348
0 0.430500 0.232386 0.022000 0.045076
0 0.534000 0.119697 0.013500 0.026515
0 0.585750 0.060606 0.012000 0.023485
0 0.476125 0.190152 0.016750 0.031061
0 0.430000 0.180492 0.019500 0.035985
0 0.346375 0.374621 0.022750 0.054545
0 0.354375 0.302652 0.021750 0.035606
0 0.044375 0.632955 0.027750 0.046212
0 0.610000 0.029735 0.011000 0.020076
0 0.588875 0.028788 0.008250 0.018939
0 0.519375 0.081061 0.012750 0.022727
0 0.497125 0.146970 0.018750 0.032576
0 0.725500 0.006439 0.008000 0.012121
0 0.610250 0.066098 0.012500 0.023106
0 0.252750 0.665341 0.041000 0.051136
0 0.204125 0.761553 0.045750 0.068561
0 0.006750 0.725379 0.013000 0.038636
0 0.014875 0.907576 0.029250 0.065152
0 0.051750 0.579356 0.034500 0.053409
0 0.087000 0.506061 0.025500 0.039394
0 0.107500 0.552462 0.034000 0.047348
0 0.037750 0.468371 0.021000 0.039773
0 0.036625 0.434659 0.023250 0.029924
0 0.007000 0.568182 0.013500 0.034848
0 0.265375 0.497159 0.030250 0.054924
0 0.188250 0.411932 0.029500 0.050379
0 0.185500 0.371780 0.021500 0.035985
0 0.177375 0.291477 0.029250 0.036742
0 0.254750 0.235227 0.020000 0.040909
0 0.265750 0.301515 0.023500 0.041667
0 0.302125 0.318371 0.022750 0.045076
0 0.538750 0.086932 0.017000 0.024621
0 0.611375 0.013636 0.012750 0.013636
0 0.643500 0.042045 0.009000 0.016667
0 0.644875 0.020265 0.007750 0.014015
0 0.648125 0.007386 0.009250 0.014015
0 0.670250 0.006250 0.011500 0.011742
0 0.661000 0.035985 0.009500 0.020455
0 0.670500 0.034848 0.007500 0.015909
0 0.702125 0.052273 0.010250 0.015909
0 0.692000 0.008144 0.008000 0.014773
0 0.715375 0.024621 0.008750 0.015909
0 0.717125 0.005682 0.005750 0.010606
0 0.951875 0.071212 0.003250 0.006061
0 0.272500 0.037311 0.008500 0.010985
0 0.266375 0.037879 0.004750 0.009848
0 0.249125 0.057765 0.009250 0.012500
0 0.241500 0.050000 0.007000 0.009848
0 0.233000 0.059470 0.006000 0.008333
