0 0.169750 0.165490 0.013500 0.023529
0 0.162250 0.337647 0.023500 0.036078
0 0.250000 0.288824 0.023000 0.043529
0 0.146750 0.271961 0.023000 0.038824
0 0.264375 0.339412 0.025250 0.038824
0 0.595000 0.041765 0.012000 0.021569
0 0.015250 0.577059 0.029500 0.051373
0 0.126375 0.558235 0.032250 0.049804
0 0.294000 0.083529 0.014000 0.024314
0 0.503000 0.029804 0.011000 0.021176
0 0.318750 0.025686 0.011500 0.019216
0 0.203750 0.121373 0.012000 0.023137
0 0.012875 0.201373 0.010750 0.017647
0 0.515625 0.021176 0.011250 0.019608
0 0.367125 0.086471 0.014750 0.023922
0 0.005375 0.214706 0.008750 0.016078
0 0.188500 0.100000 0.010500 0.018824
0 0.034750 0.700588 0.030500 0.045882
0 0.306125 0.091373 0.013750 0.024314
0 0.625000 0.021373 0.010500 0.018431
0 0.623875 0.006863 0.009750 0.012941
0 0.243750 0.102157 0.012500 0.020784
0 0.609500 0.034706 0.010000 0.020000
0 0.252875 0.133529 0.012250 0.022353
0 0.458750 0.007451 0.012500 0.014118
0 0.414500 0.034706 0.010500 0.019216
0 0.305250 0.143725 0.014000 0.023137
0 0.294625 0.033529 0.010750 0.020000
0 0.207625 0.094902 0.011250 0.019608
0 0.596625 0.005294 0.010250 0.009804
0 0.137375 0.764314 0.043750 0.087843
0 0.478500 0.003725 0.009500 0.005882
0 0.418500 0.053922 0.016000 0.024706
0 0.289875 0.892549 0.049250 0.086275
0 0.079500 0.128627 0.008500 0.010980
0 0.078250 0.085882 0.008000 0.012549
0 0.003500 0.127255 0.006500 0.008235
0 0.212375 0.079020 0.011750 0.020000
0 0.274250 0.113333 0.015500 0.021176
0 0.272000 0.097059 0.011000 0.014510
0 0.371000 0.088431 0.000000 0.000392
0 0.956000 0.019020 0.003000 0.004314
0 0.988500 0.038235 0.004000 0.005882
