0 0.334500 0.041477 0.011000 0.016288
0 0.012875 0.401136 0.018750 0.031818
0 0.070875 0.667992 0.030250 0.043561
0 0.306750 0.159091 0.015000 0.025758
0 0.061375 0.591856 0.026250 0.040530
0 0.134625 0.492803 0.028750 0.043939
0 0.187875 0.356250 0.018250 0.031439
0 0.394125 0.133902 0.016250 0.026136
0 0.098250 0.435795 0.033000 0.045076
0 0.250250 0.271591 0.022500 0.035606
0 0.245125 0.327841 0.023750 0.039773
0 0.282250 0.229924 0.021500 0.032576
0 0.571750 0.058523 0.013000 0.021591
0 0.005500 0.374811 0.010500 0.020833
0 0.856375 0.191477 0.010750 0.018561
0 0.216125 0.274242 0.019250 0.037121
0 0.311375 0.230114 0.016250 0.025379
0 0.365625 0.111742 0.015250 0.022727
0 0.455125 0.071970 0.013750 0.021970
0 0.142750 0.212311 0.012000 0.020833
0 0.361375 0.178409 0.019750 0.030303
0 0.427375 0.117045 0.014750 0.025758
0 0.476625 0.053030 0.012250 0.020455
0 0.109625 0.273485 0.015250 0.026515
0 0.697625 0.021023 0.008750 0.014773
0 0.162000 0.218939 0.014000 0.025000
0 0.880125 0.212121 0.015750 0.022727
0 0.350625 0.154356 0.015250 0.029924
0 0.308125 0.065909 0.012750 0.017424
0 0.356125 0.030114 0.010250 0.015530
0 0.044750 0.362689 0.019500 0.029924
0 0.603875 0.053977 0.012250 0.019318
0 0.883375 0.244508 0.015250 0.022348
0 0.420250 0.091288 0.013000 0.025758
0 0.439250 0.079167 0.013500 0.021970
0 0.098000 0.260795 0.011500 0.020833
0 0.546750 0.004356 0.007500 0.007955
0 0.506125 0.007386 0.009750 0.014015
0 0.688250 0.011742 0.007500 0.012879
0 0.038000 0.352083 0.012500 0.020076
0 0.491625 0.006818 0.009250 0.012879
0 0.022500 0.595833 0.027000 0.037121
0 0.517625 0.005682 0.008750 0.010606
0 0.687875 0.010038 0.007250 0.013258
0 0.447500 0.017045 0.009000 0.014394
0 0.220500 0.036174 0.006500 0.010227
0 0.235500 0.033333 0.006500 0.011364
0 0.251125 0.025758 0.006250 0.010606
0 0.241625 0.025758 0.005250 0.010606
0 0.373750 0.027462 0.012000 0.014773
0 0.447500 0.060038 0.010000 0.017045
