0 0.073125 0.595265 0.026750 0.037500
0 0.466375 0.032765 0.010750 0.018561
0 0.249500 0.228598 0.019500 0.033712
0 0.067125 0.341098 0.017750 0.032197
0 0.110250 0.402841 0.021000 0.033712
0 0.187500 0.173295 0.014000 0.021591
0 0.278375 0.258333 0.022250 0.034091
0 0.173750 0.401705 0.024500 0.033712
0 0.123000 0.436174 0.026000 0.035227
0 0.080875 0.302083 0.016250 0.026894
0 0.333875 0.037879 0.008250 0.014394
0 0.019750 0.401705 0.019000 0.029924
0 0.387750 0.157008 0.017500 0.029167
0 0.055125 0.462121 0.024250 0.031818
0 0.442625 0.071212 0.011750 0.021212
0 0.186750 0.315152 0.025500 0.037879
0 0.103250 0.283523 0.018000 0.026894
0 0.305375 0.191477 0.017250 0.031439
0 0.213125 0.271780 0.020250 0.029924
0 0.460000 0.081061 0.013000 0.021212
0 0.447750 0.101515 0.014500 0.023485
0 0.522125 0.028409 0.010250 0.018182
0 0.149125 0.373864 0.021250 0.037879
0 0.034875 0.336364 0.018250 0.031818
0 0.422625 0.110038 0.010750 0.020076
0 0.035750 0.387879 0.021500 0.031818
0 0.698500 0.020265 0.009500 0.017045
0 0.013875 0.600000 0.026250 0.043182
0 0.115625 0.254167 0.013750 0.026515
0 0.131500 0.216667 0.014000 0.020455
0 0.381375 0.128409 0.017250 0.028030
0 0.057250 0.661174 0.035500 0.045833
0 0.489500 0.011742 0.008000 0.018182
0 0.555500 0.006061 0.010000 0.011364
0 0.503000 0.037500 0.011500 0.018939
0 0.331250 0.195833 0.019000 0.028030
0 0.164875 0.193939 0.012750 0.019697
0 0.522500 0.006629 0.010500 0.012500
0 0.163000 0.220265 0.016000 0.023106
0 0.586250 0.004735 0.007000 0.008712
0 0.684250 0.010038 0.009000 0.013258
0 0.485750 0.033902 0.010500 0.018561
0 0.372375 0.109280 0.012250 0.018561
0 0.244750 0.028598 0.006500 0.010227
0 0.369125 0.024242 0.009750 0.015909
0 0.354000 0.030871 0.009000 0.014015
0 0.131000 0.250379 0.016500 0.027273
0 0.267625 0.196212 0.016750 0.029545
0 0.305250 0.071212 0.013500 0.019697
0 0.346125 0.033144 0.006750 0.011742
0 0.569375 0.002462 0.006750 0.004167
0 0.806625 0.002841 0.005250 0.004924
0 0.909750 0.024621 0.002500 0.006818
0 0.916750 0.028409 0.005000 0.006818
0 0.887625 0.002083 0.002750 0.003409
0 0.089250 0.118182 0.004500 0.012121
0 0.230375 0.035985 0.005750 0.010606
0 0.235250 0.029545 0.007500 0.012121
0 0.174500 0.022727 0.003000 0.005303
