0 0.396625 0.348148 0.028250 0.047407
0 0.068000 0.323704 0.014000 0.024444
0 0.023375 0.635185 0.023750 0.037778
0 0.471875 0.049259 0.010750 0.017778
0 0.146250 0.438889 0.024000 0.039259
0 0.132250 0.230556 0.013000 0.021852
0 0.014875 0.578704 0.028250 0.041111
0 0.074375 0.278704 0.016250 0.022593
0 0.260125 0.099444 0.012250 0.018889
0 0.147500 0.192778 0.012000 0.020370
0 0.114750 0.456481 0.026000 0.045556
0 0.313000 0.222407 0.017000 0.029259
0 0.248750 0.309444 0.017500 0.032963
0 0.035625 0.347593 0.017750 0.028519
0 0.014375 0.465370 0.023250 0.030741
0 0.313625 0.135741 0.012250 0.020370
0 0.278250 0.217222 0.016000 0.027037
0 0.115750 0.310370 0.015500 0.026667
0 0.219000 0.197593 0.014000 0.023333
0 0.520000 0.063889 0.010500 0.018148
0 0.194875 0.231852 0.013250 0.023704
0 0.403875 0.153889 0.013750 0.023333
0 0.310375 0.172037 0.014250 0.026296
0 0.391500 0.138704 0.012000 0.021852
0 0.237500 0.216481 0.016000 0.029259
0 0.095375 0.265185 0.013250 0.023704
0 0.253750 0.137222 0.012000 0.019630
0 0.458750 0.101296 0.011000 0.021852
0 0.021250 0.402222 0.018000 0.025185
0 0.507750 0.109630 0.013500 0.022963
0 0.447250 0.090926 0.013000 0.020370
0 0.534125 0.044074 0.009750 0.017037
0 0.198375 0.255000 0.015750 0.024074
0 0.434750 0.130000 0.015000 0.026667
0 0.223500 0.302222 0.015500 0.030370
0 0.314250 0.073704 0.011000 0.018519
0 0.101375 0.357963 0.018750 0.032963
0 0.248250 0.250741 0.017500 0.031852
0 0.192625 0.369259 0.021750 0.037778
0 0.185375 0.339815 0.017250 0.023333
0 0.072250 0.367407 0.015500 0.028889
0 0.101750 0.236852 0.009500 0.016667
0 0.139125 0.303519 0.018750 0.033704
0 0.154125 0.256296 0.015750 0.028148
0 0.509000 0.047963 0.010500 0.018889
0 0.116625 0.271296 0.013250 0.018889
0 0.294250 0.111667 0.012500 0.021111
0 0.140625 0.405000 0.022750 0.032963
0 0.179500 0.164630 0.011500 0.021852
0 0.041250 0.310556 0.014500 0.020370
0 0.263625 0.240185 0.017250 0.033704
0 0.515500 0.084630 0.011500 0.020370
0 0.954375 0.321667 0.014250 0.020370
0 0.485875 0.111481 0.011750 0.019259
0 0.094625 0.302407 0.014250 0.022593
0 0.192500 0.171667 0.013000 0.021852
0 0.272625 0.094815 0.009750 0.015556
0 0.295875 0.082222 0.010250 0.016296
0 0.525875 0.032963 0.010250 0.015556
0 0.277875 0.038333 0.006750 0.010741
0 0.132500 0.186852 0.011500 0.018148
0 0.609625 0.005926 0.007750 0.011111
0 0.480625 0.084444 0.013750 0.021481
0 0.041375 0.285185 0.014250 0.020000
0 0.491250 0.059630 0.012000 0.019259
0 0.404250 0.107407 0.013000 0.029630
0 0.559375 0.054630 0.011750 0.018889
0 0.350875 0.070926 0.010250 0.015185
0 0.349000 0.165185 0.018000 0.026667
0 0.178625 0.434444 0.025250 0.037778
0 0.446500 0.115000 0.014500 0.025556
0 0.063500 0.510185 0.020500 0.034444
0 0.008750 0.380370 0.017000 0.028889
0 0.043875 0.406481 0.016250 0.024074
0 0.396000 0.059074 0.009500 0.015926
0 0.345250 0.058333 0.008500 0.013704
0 0.122625 0.283519 0.013750 0.020370
0 0.363625 0.067407 0.010250 0.014074
0 0.161375 0.239630 0.013750 0.020741
0 0.426125 0.092222 0.013250 0.022222
0 0.576500 0.014630 0.008000 0.012963
0 0.417625 0.107593 0.012750 0.020370
0 0.299125 0.058333 0.008250 0.014444
0 0.120250 0.385000 0.023000 0.027778
0 0.259375 0.044444 0.007750 0.011111
0 0.625500 0.003333 0.006500 0.005926
0 0.283500 0.099444 0.010000 0.013704
0 0.472500 0.082593 0.010000 0.019259
0 0.095500 0.299259 0.016500 0.028148
0 0.105125 0.127593 0.007250 0.010741
0 0.056625 0.353148 0.016750 0.025556
0 0.558500 0.015556 0.007500 0.014074
0 0.118125 0.250926 0.012750 0.018148
0 0.556750 0.032407 0.010500 0.015926
0 0.305375 0.083704 0.009250 0.016296
0 0.542125 0.020370 0.007750 0.013333
0 0.077375 0.560185 0.034250 0.045556
0 0.018750 0.445185 0.020500 0.030370
0 0.056000 0.430000 0.019000 0.034815
0 0.030375 0.332222 0.012750 0.018519
0 0.071750 0.306852 0.016000 0.015926
0 0.223750 0.160185 0.009500 0.015926
0 0.229875 0.152407 0.011250 0.018889
0 0.236000 0.146667 0.006000 0.011111
0 0.387750 0.051667 0.008500 0.018889
0 0.502750 0.002222 0.008000 0.003704
0 0.523000 0.027593 0.010000 0.010741
0 0.551375 0.010370 0.008250 0.013333
0 0.562375 0.002778 0.006750 0.004815
0 0.580875 0.003148 0.007250 0.005556
0 0.586000 0.009630 0.008000 0.011852
0 0.708000 0.016111 0.010000 0.012963
0 0.955125 0.074074 0.003250 0.005185
0 0.947875 0.067778 0.003250 0.005185
0 0.941125 0.064259 0.003750 0.005556
0 0.926000 0.045000 0.003000 0.004815
0 0.916875 0.036667 0.002750 0.003704
0 0.909875 0.019074 0.002250 0.003333
0 0.904875 0.014259 0.001750 0.002593
0 0.563750 0.028519 0.007500 0.016296
