0 0.201875 0.368750 0.029750 0.047348
0 0.226000 0.408712 0.028000 0.046970
0 0.266000 0.331061 0.022000 0.040909
0 0.149500 0.440909 0.030000 0.043939
0 0.077625 0.495644 0.025750 0.039773
0 0.176875 0.500000 0.032250 0.044697
0 0.351875 0.216477 0.020750 0.035985
0 0.681250 0.005492 0.007500 0.010227
0 0.312250 0.364394 0.023000 0.041667
0 0.593375 0.027841 0.008750 0.014773
0 0.601500 0.063826 0.012000 0.020833
0 0.616125 0.040909 0.010250 0.017424
0 0.415375 0.176326 0.021250 0.036742
0 0.457375 0.168750 0.019750 0.032197
0 0.574625 0.071023 0.011750 0.021591
0 0.631250 0.043371 0.010000 0.018561
0 0.267750 0.250379 0.022000 0.040909
0 0.635875 0.024621 0.009750 0.015909
0 0.665000 0.021402 0.010000 0.016288
0 0.043750 0.576136 0.032500 0.049242
0 0.427250 0.135227 0.017500 0.034091
0 0.530250 0.115530 0.015500 0.024242
0 0.468875 0.092614 0.017250 0.026136
0 0.328750 0.236742 0.023500 0.043939
0 0.541500 0.073674 0.013000 0.020833
0 0.507000 0.112879 0.015000 0.024242
0 0.643125 0.004545 0.007250 0.008333
0 0.695750 0.012311 0.007500 0.014015
0 0.589875 0.112500 0.014750 0.022727
0 0.492125 0.131818 0.018750 0.030303
0 0.567875 0.111364 0.012250 0.021970
0 0.628750 0.079924 0.014000 0.021212
0 0.199250 0.072348 0.011000 0.017424
0 0.531750 0.092424 0.011500 0.019697
0 0.646500 0.047159 0.010500 0.018561
0 0.624750 0.012121 0.009000 0.015152
0 0.093875 0.538068 0.033250 0.045833
0 0.815875 0.022348 0.007250 0.012121
0 0.475375 0.124053 0.015250 0.025379
0 0.328500 0.290152 0.025500 0.043182
0 0.665125 0.045833 0.009250 0.015909
0 0.100875 0.642614 0.031750 0.059470
0 0.083875 0.773674 0.036750 0.053409
0 0.031000 0.820265 0.039500 0.062500
0 0.052500 0.529167 0.026500 0.046212
0 0.331000 0.205492 0.016500 0.023864
0 0.706750 0.005114 0.007500 0.009470
