0 0.222125 0.402841 0.023750 0.040530
0 0.032625 0.473106 0.025750 0.044697
0 0.448125 0.156629 0.019250 0.033712
0 0.248375 0.303977 0.021750 0.039773
0 0.049125 0.370076 0.023250 0.037121
0 0.069750 0.647159 0.025000 0.039015
0 0.407500 0.189394 0.025000 0.040152
0 0.594875 0.019508 0.009750 0.017803
0 0.143625 0.327841 0.017750 0.028409
0 0.250500 0.125189 0.011500 0.019318
0 0.343625 0.256439 0.023750 0.038636
0 0.470625 0.069318 0.011750 0.019697
0 0.095125 0.518939 0.027250 0.040909
0 0.653375 0.072538 0.012250 0.022348
0 0.554875 0.040530 0.009250 0.018182
0 0.257500 0.174811 0.012500 0.023106
0 0.377125 0.159659 0.015750 0.032955
0 0.580000 0.051705 0.011500 0.020076
0 0.222000 0.165341 0.014500 0.022348
0 0.191375 0.347538 0.023750 0.033712
0 0.497000 0.137121 0.014500 0.027273
0 0.466500 0.130303 0.011500 0.021970
0 0.525250 0.109280 0.012000 0.023864
0 0.597375 0.041477 0.011250 0.020833
0 0.560625 0.108144 0.014750 0.026136
0 0.232125 0.079924 0.008250 0.014394
0 0.461000 0.096591 0.012500 0.021970
0 0.264125 0.351515 0.027750 0.045455
0 0.574125 0.021023 0.010250 0.018561
0 0.570375 0.081439 0.008750 0.017424
0 0.602375 0.004924 0.007750 0.009091
0 0.193875 0.097727 0.010250 0.016667
0 0.213000 0.083712 0.008000 0.013636
0 0.546250 0.087879 0.010500 0.018182
0 0.534375 0.131439 0.013250 0.019697
0 0.562250 0.039583 0.009500 0.020076
0 0.225750 0.087879 0.008500 0.015152
