0 0.211000 0.402083 0.024000 0.042045
0 0.574750 0.051894 0.014000 0.023485
0 0.330250 0.313068 0.028500 0.043561
0 0.246875 0.313826 0.024250 0.043561
0 0.279375 0.261932 0.022750 0.035227
0 0.561000 0.026894 0.009000 0.016667
0 0.318375 0.264394 0.021250 0.033333
0 0.433875 0.204735 0.019750 0.037500
0 0.091875 0.450189 0.028250 0.039773
0 0.551250 0.050947 0.011500 0.022348
0 0.192125 0.355871 0.026250 0.039773
0 0.401000 0.186742 0.019000 0.036364
0 0.013875 0.513258 0.025750 0.049242
0 0.109125 0.409091 0.025750 0.043939
0 0.454500 0.153598 0.015500 0.028409
0 0.535250 0.089773 0.016500 0.028030
0 0.033750 0.322727 0.018500 0.025000
0 0.416375 0.142992 0.016250 0.032955
0 0.481875 0.113258 0.014750 0.025758
0 0.471625 0.086553 0.013750 0.025379
0 0.196000 0.081818 0.009500 0.017424
0 0.521250 0.136742 0.013500 0.025758
0 0.562125 0.074621 0.013250 0.025758
0 0.512750 0.061932 0.012500 0.019318
0 0.601125 0.066098 0.009750 0.017045
0 0.144000 0.145076 0.010500 0.018939
0 0.482000 0.146780 0.019000 0.029167
0 0.170000 0.128030 0.010000 0.016667
0 0.046750 0.569508 0.035000 0.048864
0 0.611000 0.023864 0.011000 0.015909
0 0.193250 0.102083 0.010000 0.017803
0 0.583250 0.026894 0.011000 0.016667
0 0.513000 0.083144 0.014500 0.024621
0 0.574000 0.005492 0.010500 0.010227
0 0.101250 0.593371 0.030500 0.039015
0 0.169125 0.496780 0.024250 0.030682
0 0.167625 0.108712 0.009750 0.015152
0 0.625625 0.006061 0.013750 0.011364
0 0.184750 0.091477 0.008500 0.014773
0 0.591875 0.045833 0.013250 0.021212
0 0.592875 0.010795 0.008750 0.018561
0 0.605875 0.007765 0.011750 0.014773
0 0.637625 0.005492 0.009250 0.010227
