0 0.091625 0.535795 0.027750 0.039773
0 0.160625 0.434470 0.027250 0.046212
0 0.326375 0.271970 0.024250 0.040152
0 0.109500 0.440152 0.026000 0.038636
0 0.208000 0.774621 0.057000 0.068182
0 0.602250 0.020455 0.011500 0.017424
0 0.229375 0.268750 0.021250 0.036742
0 0.012000 0.510227 0.023500 0.043182
0 0.222875 0.077462 0.007750 0.013258
0 0.366375 0.181818 0.020750 0.034848
0 0.405125 0.161364 0.019250 0.036364
0 0.236250 0.314394 0.026000 0.043939
0 0.438000 0.197348 0.021500 0.033333
0 0.492750 0.110606 0.016000 0.027273
0 0.307125 0.222538 0.019750 0.034470
0 0.586000 0.025758 0.011500 0.019697
0 0.511875 0.093939 0.013250 0.024242
0 0.651625 0.075568 0.014250 0.024621
0 0.521000 0.060795 0.013000 0.023864
0 0.587625 0.064205 0.010250 0.018561
0 0.554375 0.096970 0.013250 0.022727
0 0.395625 0.241477 0.024750 0.035227
0 0.581125 0.007955 0.010250 0.015152
0 0.198250 0.092235 0.007500 0.012500
0 0.615750 0.044697 0.010000 0.018182
0 0.462250 0.122917 0.016500 0.027652
0 0.569500 0.049811 0.011000 0.017045
0 0.657000 0.010985 0.012000 0.018939
0 0.584625 0.143939 0.016250 0.027273
0 0.292750 0.221212 0.016000 0.036364
0 0.629125 0.005114 0.010250 0.009470
0 0.244375 0.074053 0.008250 0.014015
0 0.015875 0.740909 0.031250 0.054545
0 0.160750 0.034848 0.006500 0.010606
0 0.172625 0.028030 0.005250 0.010606
0 0.474250 0.131061 0.015500 0.025000
