0 0.591875 0.039020 0.012250 0.020784
0 0.047500 0.344314 0.020500 0.032941
0 0.071500 0.334706 0.021000 0.032549
0 0.077500 0.175294 0.011500 0.019608
0 0.104500 0.142745 0.010500 0.016471
0 0.190625 0.101373 0.012250 0.021569
0 0.229875 0.312745 0.024250 0.038039
0 0.301500 0.054510 0.011500 0.020392
0 0.153375 0.158235 0.010250 0.016863
0 0.608500 0.030000 0.011500 0.020784
0 0.387250 0.025686 0.010500 0.017647
0 0.263000 0.347843 0.023500 0.038431
0 0.625625 0.022745 0.010250 0.019608
0 0.302625 0.008627 0.009250 0.016471
0 0.323125 0.079804 0.012750 0.020784
0 0.366250 0.083725 0.012000 0.021569
0 0.358000 0.042941 0.009500 0.018431
0 0.013125 0.211176 0.010750 0.016863
0 0.396125 0.037843 0.011750 0.017647
0 0.618375 0.005098 0.008750 0.009412
0 0.182375 0.043725 0.007750 0.012157
0 0.412875 0.010196 0.010750 0.016471
0 0.413250 0.033922 0.010000 0.018431
0 0.062000 0.158824 0.010000 0.014902
0 0.349875 0.013529 0.011250 0.019216
0 0.319875 0.020392 0.008250 0.015686
0 0.479000 0.003333 0.009500 0.005882
0 0.297750 0.896471 0.062500 0.091765
0 0.053750 0.980980 0.034000 0.038039
0 0.030125 0.957843 0.043750 0.049020
0 0.006500 0.975882 0.012000 0.037255
0 0.012375 0.183725 0.007250 0.012941
0 0.006375 0.140980 0.005250 0.011373
0 0.078125 0.085294 0.006750 0.011373
0 0.032250 0.056471 0.003000 0.003922
0 0.026750 0.060588 0.003000 0.003529
0 0.315875 0.070392 0.008250 0.013725
0 0.325250 0.025098 0.009500 0.015686
0 0.427625 0.023922 0.013750 0.016471
0 0.456250 0.006275 0.006500 0.011765
