0 0.619375 0.080072 0.010250 0.017391
0 0.082250 0.324094 0.017500 0.024275
0 0.498500 0.027355 0.008000 0.014130
0 0.514625 0.031884 0.008750 0.014493
0 0.201375 0.161232 0.011250 0.019565
0 0.503500 0.105435 0.013000 0.020290
0 0.057500 0.460870 0.024500 0.039855
0 0.466250 0.045290 0.009500 0.015217
0 0.095500 0.301268 0.015000 0.025000
0 0.583500 0.029529 0.008000 0.014130
0 0.168375 0.200725 0.010750 0.018116
0 0.882250 0.484058 0.026000 0.042754
0 0.030625 0.562681 0.030750 0.047101
0 0.185000 0.170471 0.011000 0.018478
0 0.538000 0.022464 0.009000 0.014493
0 0.328250 0.099819 0.012000 0.019928
0 0.462250 0.118478 0.012500 0.021014
0 0.385875 0.149819 0.014250 0.021377
0 0.403375 0.071014 0.010750 0.017391
0 0.068125 0.693841 0.033250 0.053623
0 0.950000 0.616667 0.031000 0.042754
0 0.410750 0.103080 0.012000 0.018478
0 0.289125 0.118116 0.012250 0.019565
0 0.492750 0.123007 0.014500 0.025000
0 0.456375 0.101087 0.012750 0.018116
0 0.447875 0.036051 0.008750 0.014855
0 0.435500 0.032428 0.008500 0.014130
0 0.594500 0.029167 0.008500 0.014130
0 0.417625 0.042029 0.009250 0.014493
0 0.598500 0.015036 0.007000 0.011957
0 0.637875 0.046014 0.009250 0.015942
0 0.550375 0.036957 0.010250 0.016667
0 0.488875 0.090036 0.010750 0.020652
0 0.230875 0.136957 0.010750 0.016667
0 0.236250 0.150725 0.012500 0.020290
0 0.574625 0.076268 0.009250 0.014855
0 0.714375 0.041486 0.007750 0.012681
0 0.260500 0.868841 0.044500 0.053623
0 0.674375 0.040217 0.009250 0.014493
0 0.621500 0.098913 0.010000 0.017391
0 0.689375 0.011232 0.005750 0.010145
0 0.647125 0.040036 0.008250 0.014130
0 0.058750 0.203080 0.008000 0.011232
0 0.659375 0.035688 0.007750 0.012681
0 0.076625 0.214855 0.009250 0.014493
0 0.290875 0.107790 0.011250 0.014855
0 0.737125 0.030797 0.007750 0.013043
0 0.700875 0.039493 0.009250 0.013043
0 0.052000 0.184601 0.007500 0.011232
0 0.506750 0.007428 0.007000 0.014130
0 0.427750 0.102355 0.012000 0.019928
0 0.436125 0.098913 0.012750 0.018841
0 0.544375 0.012138 0.007750 0.011232
0 0.323375 0.146558 0.011750 0.018478
0 0.040125 0.217391 0.008250 0.012319
0 0.613375 0.005616 0.006250 0.007609
0 0.013625 0.194746 0.006250 0.009783
0 0.021500 0.181341 0.005500 0.008333
0 0.007875 0.250362 0.009250 0.013768
0 0.082750 0.155797 0.006500 0.010870
0 0.657125 0.008877 0.006250 0.009783
0 0.313125 0.146014 0.012750 0.021014
0 0.683750 0.021920 0.006500 0.010507
0 0.941875 0.128986 0.005750 0.009420
0 0.520125 0.003986 0.007250 0.007246
0 0.736250 0.013949 0.005500 0.009783
0 0.771250 0.021377 0.005500 0.008696
0 0.672625 0.018841 0.007250 0.014493
0 0.006750 0.239493 0.007500 0.009420
0 0.068625 0.195652 0.007250 0.012319
0 0.077875 0.172283 0.006750 0.010507
0 0.076625 0.156522 0.003750 0.008696
0 0.061375 0.161957 0.004750 0.008696
0 0.015875 0.185326 0.004250 0.007609
0 0.024750 0.175725 0.004000 0.006522
0 0.003875 0.229348 0.007250 0.013768
0 0.562875 0.009601 0.006250 0.011232
0 0.576625 0.061775 0.007750 0.011957
0 0.662625 0.071739 0.013250 0.018841
0 0.624750 0.011413 0.007000 0.009783
0 0.638625 0.008696 0.007250 0.008696
0 0.650125 0.006341 0.005750 0.010507
0 0.665625 0.005435 0.005250 0.010145
0 0.681125 0.011957 0.005250 0.008696
0 0.718875 0.023188 0.006250 0.010870
0 0.726375 0.014130 0.006750 0.009420
0 0.740250 0.016848 0.004000 0.008333
0 0.746875 0.024819 0.006750 0.009058
0 0.778000 0.026812 0.005000 0.007971
0 0.784000 0.027536 0.004500 0.008696
0 0.779000 0.008514 0.003500 0.006159
0 0.723625 0.008333 0.003250 0.005072
0 0.788625 0.010870 0.006250 0.005072
0 0.801875 0.001993 0.003250 0.003261
0 0.843875 0.041667 0.005250 0.007246
0 0.848625 0.046558 0.003750 0.006884
0 0.859250 0.055435 0.004500 0.006522
0 0.934375 0.109058 0.005250 0.007246
