0 0.276627 0.222129 0.021450 0.035294
0 0.665865 0.277311 0.018861 0.033613
0 0.981694 0.430812 0.019601 0.031373
0 0.608728 0.179832 0.019970 0.033613
0 0.776257 0.227731 0.019231 0.035294
0 0.468935 0.173669 0.014793 0.030252
0 0.254623 0.077871 0.013683 0.024650
0 0.282175 0.046779 0.008876 0.017367
0 0.878883 0.237535 0.018121 0.035854
0 0.177330 0.188515 0.013683 0.025210
0 0.392567 0.286835 0.025518 0.045938
0 0.540496 0.199720 0.018121 0.039776
0 0.319527 0.131653 0.013314 0.023529
0 0.203587 0.196639 0.015163 0.030252
0 0.289201 0.071709 0.011095 0.020168
0 0.303439 0.154342 0.015163 0.028571
0 0.734837 0.292437 0.019231 0.030252
0 0.336538 0.064426 0.011834 0.022409
0 0.144416 0.164146 0.013683 0.025770
0 0.206176 0.074230 0.012204 0.024090
0 0.184726 0.158543 0.012944 0.023529
0 0.755732 0.413445 0.026257 0.050420
0 0.228920 0.135294 0.019231 0.026331
0 0.350222 0.210084 0.019231 0.036975
0 0.220044 0.106723 0.016272 0.026331
0 0.156620 0.186835 0.015902 0.031933
0 0.312500 0.051821 0.012574 0.022969
0 0.307138 0.031373 0.008506 0.015686
0 0.350222 0.372269 0.031065 0.054342
0 0.607064 0.218768 0.015902 0.030812
0 0.265902 0.151821 0.016272 0.025770
0 0.210059 0.533333 0.030325 0.052661
0 0.964312 0.509524 0.025518 0.033053
0 0.430843 0.349580 0.028846 0.049300
0 0.553439 0.353782 0.027737 0.050980
0 0.107988 0.292717 0.021450 0.036415
0 0.098558 0.266106 0.020340 0.031373
0 0.171598 0.137535 0.014053 0.024090
0 0.234837 0.052381 0.011834 0.021849
0 0.250925 0.173109 0.024778 0.025770
0 0.370007 0.147339 0.024038 0.035854
0 0.423262 0.192997 0.021080 0.034174
0 0.410688 0.243137 0.023299 0.047059
0 0.290496 0.427731 0.038831 0.061064
0 0.220969 0.431933 0.026997 0.051541
0 0.117788 0.481793 0.035873 0.053782
0 0.147744 0.574510 0.033654 0.056583
0 0.307138 0.608123 0.035873 0.059944
0 0.401072 0.564146 0.041790 0.056022
0 0.444157 0.468347 0.032544 0.048179
0 0.482249 0.308403 0.035503 0.042017
0 0.479290 0.229412 0.025888 0.040896
0 0.541050 0.196359 0.000000 0.000560
0 0.679919 0.225210 0.026257 0.041457
0 0.668084 0.213165 0.012204 0.017367
0 0.622596 0.292717 0.024038 0.045378
0 0.581731 0.305322 0.025888 0.050420
0 0.574519 0.420448 0.027737 0.040896
0 0.690643 0.559384 0.038092 0.061064
0 0.778291 0.497479 0.032175 0.047059
0 0.837093 0.396639 0.030695 0.038095
0 0.788092 0.341737 0.023669 0.038095
0 0.776072 0.299160 0.020340 0.031373
0 0.797707 0.236415 0.024408 0.035854
0 0.842456 0.249860 0.019970 0.029132
0 0.906065 0.293557 0.016272 0.019048
0 0.899593 0.319608 0.019601 0.033053
0 0.846893 0.296919 0.022189 0.035854
0 0.821930 0.319048 0.024778 0.037535
0 0.897559 0.407283 0.023669 0.032493
0 0.909024 0.444538 0.025148 0.035294
0 0.952478 0.441176 0.021820 0.030812
0 0.997041 0.352101 0.005917 0.031933
0 0.972633 0.318207 0.017751 0.036975
0 0.938425 0.330812 0.018861 0.022969
0 0.988166 0.147339 0.005917 0.010084
0 0.966901 0.122689 0.005547 0.010084
0 0.931398 0.394398 0.019601 0.031373
