0 0.759412 0.491833 0.023529 0.030333
0 0.688235 0.430333 0.019412 0.026000
0 0.370735 0.775500 0.042647 0.045000
0 0.813235 0.420333 0.016471 0.022667
0 0.752647 0.426500 0.018824 0.021667
0 0.847206 0.361667 0.013235 0.019333
0 0.471029 0.526167 0.020882 0.027667
0 0.738529 0.383500 0.014706 0.020333
0 0.847500 0.437833 0.019118 0.027000
0 0.811029 0.468000 0.019118 0.024000
0 0.696765 0.472333 0.021765 0.028667
0 0.267794 0.616000 0.026176 0.031333
0 0.644559 0.413333 0.017941 0.024667
0 0.863529 0.395833 0.014118 0.017000
0 0.841618 0.342833 0.012647 0.015667
0 0.871029 0.327333 0.010882 0.015333
0 0.565441 0.437333 0.016765 0.024667
0 0.688971 0.614333 0.021471 0.028667
0 0.900147 0.353333 0.010882 0.014667
0 0.819853 0.320500 0.012059 0.017667
0 0.501912 0.592667 0.028529 0.037333
0 0.796324 0.338000 0.012059 0.016000
0 0.438235 0.587500 0.029412 0.034333
0 0.502059 0.466000 0.020588 0.027333
0 0.138971 0.715167 0.029118 0.037000
0 0.616471 0.515667 0.032353 0.038667
0 0.797941 0.367833 0.014118 0.019667
0 0.845000 0.382667 0.017059 0.020667
0 0.662647 0.486833 0.028824 0.043667
0 0.225882 0.675667 0.037647 0.045333
0 0.669706 0.373500 0.015294 0.021667
0 0.075000 0.703667 0.034706 0.040667
0 0.533676 0.526000 0.023824 0.036667
0 0.144706 0.406167 0.010000 0.013000
0 0.862059 0.423500 0.017647 0.022333
0 0.919265 0.382000 0.015588 0.020667
0 0.802059 0.448833 0.016471 0.029667
0 0.594706 0.437000 0.018235 0.025333
0 0.334706 0.548167 0.025294 0.032333
0 0.305441 0.428333 0.013235 0.016667
0 0.160147 0.660000 0.032059 0.038667
0 0.940294 0.325667 0.010588 0.013333
0 0.710147 0.381500 0.013235 0.018333
0 0.949559 0.317333 0.009706 0.012000
0 0.569118 0.577833 0.030588 0.035667
0 0.555735 0.284500 0.007941 0.010333
0 0.788382 0.313333 0.011471 0.015333
0 0.351029 0.583333 0.027353 0.036000
0 0.813235 0.342000 0.013529 0.017333
0 0.091176 0.417500 0.008235 0.010333
0 0.895441 0.336167 0.010882 0.016333
0 0.262500 0.386167 0.011471 0.013667
0 0.693382 0.402833 0.016176 0.022333
0 0.963529 0.370500 0.011765 0.015000
0 0.196176 0.830333 0.042353 0.045333
0 0.078088 0.414667 0.009706 0.012000
0 0.927059 0.288000 0.008824 0.013333
0 0.495441 0.548833 0.032059 0.029667
0 0.761471 0.365667 0.012941 0.020667
0 0.852059 0.314167 0.010000 0.013667
0 0.159853 0.387333 0.007353 0.009333
0 0.102794 0.420167 0.009118 0.011000
0 0.956471 0.339667 0.011176 0.015333
0 0.891765 0.297333 0.008824 0.010667
0 0.402647 0.313500 0.008235 0.012333
0 0.776029 0.348333 0.012647 0.018000
0 0.168824 0.399000 0.008824 0.010000
0 0.840294 0.304333 0.009412 0.012667
0 0.898382 0.321000 0.009706 0.012667
0 0.922059 0.343000 0.012941 0.016667
0 0.996471 0.307167 0.007059 0.011000
0 0.089706 0.408333 0.007059 0.008000
0 0.931618 0.308000 0.009118 0.010667
0 0.940441 0.307167 0.009118 0.011667
0 0.987500 0.273833 0.005588 0.007000
0 0.864559 0.351167 0.011471 0.015000
0 0.128382 0.412500 0.009118 0.011000
0 0.997353 0.347500 0.005294 0.015000
0 0.898676 0.307833 0.008529 0.011667
0 0.990441 0.298000 0.009118 0.011333
0 0.928382 0.375000 0.015000 0.020000
0 0.863235 0.308500 0.008824 0.011667
0 0.118088 0.407333 0.008529 0.010667
0 0.920588 0.298833 0.009412 0.011667
0 0.040294 0.814333 0.035882 0.042667
0 0.168971 0.380000 0.007353 0.008667
0 0.706324 0.241500 0.005588 0.007000
0 0.968971 0.306167 0.009118 0.011667
0 0.300000 0.374167 0.010588 0.015000
0 0.076912 0.430500 0.009706 0.011000
0 0.067059 0.419000 0.009412 0.011333
0 0.961618 0.290333 0.008529 0.010667
0 0.136765 0.388500 0.007059 0.008333
0 0.961324 0.276833 0.007941 0.010333
0 0.985588 0.284000 0.007647 0.009333
0 0.996765 0.282500 0.005882 0.007667
0 0.954853 0.301000 0.007941 0.010667
0 0.247941 0.737167 0.047059 0.047667
0 0.720000 0.237167 0.004118 0.006333
0 0.874706 0.294667 0.008235 0.011333
0 0.972206 0.287167 0.006765 0.009000
0 0.412059 0.279833 0.007059 0.008333
0 0.922353 0.318000 0.009412 0.011333
0 0.165000 0.373500 0.007059 0.007667
0 0.992941 0.316667 0.008824 0.012000
0 0.184853 0.384167 0.008529 0.009000
0 0.147353 0.386167 0.008824 0.009667
0 0.931176 0.319833 0.010000 0.019000
0 0.240882 0.991000 0.050588 0.018000
0 0.078676 0.983500 0.040882 0.033000
0 0.981324 0.280667 0.006176 0.008000
0 0.957206 0.287333 0.006176 0.008000
0 0.930441 0.271833 0.007941 0.007667
0 0.724706 0.243000 0.005882 0.006667
0 0.269118 0.385667 0.006471 0.016000
0 0.228235 0.372333 0.010588 0.010000
0 0.215000 0.369000 0.006471 0.003333
0 0.190000 0.376500 0.006471 0.009000
0 0.194559 0.373000 0.008529 0.010667
0 0.181912 0.372833 0.007353 0.009667
0 0.109265 0.405000 0.008529 0.009333
0 0.117206 0.394000 0.006765 0.009333
0 0.116765 0.386000 0.006471 0.008000
0 0.131765 0.390333 0.006471 0.011333
0 0.138529 0.373667 0.007059 0.010000
0 0.149706 0.370167 0.007059 0.006333
0 0.097059 0.402333 0.008235 0.010000
0 0.049706 0.434333 0.010588 0.012000
