0 0.842059 0.362833 0.012941 0.017000
0 0.881029 0.336333 0.011471 0.015333
0 0.550882 0.446667 0.016471 0.024667
0 0.421324 0.548167 0.024412 0.030333
0 0.749706 0.501500 0.025294 0.031667
0 0.787059 0.449833 0.018824 0.029000
0 0.614559 0.421500 0.018529 0.025000
0 0.475882 0.551667 0.023529 0.029333
0 0.690588 0.391167 0.012941 0.017667
0 0.790882 0.317500 0.010588 0.015000
0 0.501324 0.515333 0.025000 0.033333
0 0.792794 0.352500 0.010882 0.015000
0 0.945588 0.372833 0.014706 0.019000
0 0.654706 0.442833 0.020588 0.027000
0 0.901324 0.387833 0.014412 0.018333
0 0.447206 0.624833 0.037353 0.043667
0 0.200441 0.693333 0.034412 0.036667
0 0.267941 0.617667 0.027647 0.033333
0 0.809853 0.491167 0.018529 0.025000
0 0.635147 0.494000 0.028529 0.036000
0 0.057941 0.810333 0.035882 0.042000
0 0.695735 0.616333 0.030294 0.030667
0 0.741912 0.426667 0.017353 0.022000
0 0.861618 0.357667 0.012647 0.016000
0 0.684706 0.411167 0.019412 0.023667
0 0.963382 0.375000 0.010882 0.014667
0 0.749853 0.393500 0.015588 0.021000
0 0.831324 0.444000 0.021471 0.028000
0 0.580294 0.441000 0.020000 0.025333
0 0.719118 0.396333 0.015294 0.020000
0 0.080588 0.426833 0.010000 0.012333
0 0.604412 0.511167 0.027647 0.036333
0 0.527500 0.626000 0.031471 0.036000
0 0.346765 0.594667 0.024706 0.030667
0 0.338824 0.550000 0.025294 0.033333
0 0.653971 0.382667 0.015588 0.021333
0 0.099118 0.422500 0.008824 0.011667
0 0.480735 0.468000 0.020882 0.026667
0 0.151176 0.658500 0.030000 0.033667
0 0.694118 0.477833 0.019412 0.028333
0 0.960441 0.341333 0.012059 0.017333
0 0.062353 0.718000 0.032353 0.046667
0 0.354412 0.792500 0.045294 0.043667
0 0.744853 0.367500 0.013824 0.020333
0 0.090294 0.407167 0.008235 0.010333
0 0.828971 0.303667 0.009118 0.012667
0 0.831765 0.347500 0.012941 0.017000
0 0.802794 0.425167 0.016176 0.023667
0 0.786471 0.385500 0.017059 0.019000
0 0.774853 0.353333 0.012059 0.014667
0 0.123088 0.413000 0.009118 0.011333
0 0.778676 0.367333 0.014412 0.018667
0 0.246029 0.379833 0.010294 0.012333
0 0.141912 0.400667 0.007941 0.009333
0 0.887353 0.300667 0.008824 0.012000
0 0.847794 0.315500 0.009706 0.012333
0 0.789559 0.337333 0.011471 0.014000
0 0.903088 0.296167 0.009706 0.011667
0 0.820294 0.322500 0.010000 0.013667
0 0.120588 0.709167 0.035882 0.043000
0 0.868529 0.298167 0.008824 0.011667
0 0.828529 0.400000 0.012353 0.015333
0 0.909412 0.364500 0.013529 0.015667
0 0.989412 0.274833 0.006471 0.008333
0 0.963529 0.278000 0.007059 0.009333
0 0.936618 0.315500 0.009118 0.011000
0 0.058235 0.428833 0.009412 0.011667
0 0.859118 0.321667 0.009412 0.012667
0 0.536765 0.594500 0.028824 0.032333
0 0.905735 0.312167 0.010294 0.012333
0 0.238824 0.390167 0.013529 0.016333
0 0.983824 0.296000 0.008235 0.011333
0 0.947353 0.285833 0.008824 0.011667
0 0.173529 0.823667 0.044706 0.044667
0 0.964559 0.308000 0.009118 0.012667
0 0.075147 0.948667 0.027353 0.028667
0 0.914412 0.381167 0.012941 0.019667
0 0.996324 0.308500 0.007353 0.010333
0 0.918971 0.342500 0.014412 0.015667
0 0.892353 0.338500 0.010588 0.015667
0 0.076765 0.412333 0.008824 0.010000
0 0.991471 0.321500 0.009412 0.011000
0 0.705882 0.240000 0.004706 0.006000
0 0.699853 0.240833 0.005000 0.006333
0 0.949559 0.300167 0.007941 0.011000
0 0.894853 0.321333 0.009706 0.012667
0 0.161765 0.380000 0.008235 0.012667
0 0.166471 0.396500 0.008235 0.009000
0 0.930882 0.309500 0.008824 0.011667
0 0.993971 0.297500 0.007941 0.010333
0 0.066176 0.420667 0.009412 0.010667
0 0.935147 0.329500 0.010882 0.011000
0 0.921912 0.285500 0.008529 0.011667
0 0.188971 0.381833 0.007941 0.009667
0 0.225147 0.372167 0.008529 0.008333
0 0.969853 0.280667 0.006765 0.008667
0 0.146618 0.382667 0.006176 0.007333
0 0.785441 0.231000 0.004412 0.005333
0 0.985147 0.283167 0.007353 0.009000
0 0.191471 0.801833 0.047647 0.035667
0 0.923676 0.324500 0.012059 0.017000
0 0.919412 0.318333 0.005882 0.008667
0 0.928382 0.301833 0.009118 0.009667
0 0.952647 0.316833 0.008235 0.011667
0 0.998235 0.299000 0.003529 0.008667
0 0.970147 0.289167 0.008529 0.011000
0 0.850147 0.306833 0.009706 0.007667
0 0.720588 0.243167 0.005882 0.006333
0 0.724559 0.235500 0.003235 0.006333
0 0.935882 0.243833 0.005294 0.007000
0 0.313382 0.274500 0.003824 0.003667
0 0.305441 0.275833 0.003235 0.004333
0 0.182941 0.380833 0.007059 0.012333
0 0.191324 0.374833 0.009118 0.008333
0 0.196176 0.371667 0.010000 0.010000
0 0.155441 0.390667 0.007941 0.012667
0 0.148088 0.370667 0.007353 0.007333
0 0.136471 0.388167 0.010000 0.011000
0 0.130441 0.389667 0.006176 0.010000
0 0.124706 0.393833 0.006471 0.007667
0 0.119265 0.401167 0.008529 0.012333
0 0.115000 0.394833 0.008235 0.007667
0 0.110147 0.400500 0.007941 0.010333
0 0.080882 0.420333 0.017647 0.008000
