0 0.290311 0.584874 0.021450 0.039216
0 0.635725 0.528571 0.024408 0.047619
0 0.572855 0.559104 0.025888 0.045938
0 0.737611 0.253221 0.020340 0.036975
0 0.370747 0.592997 0.021080 0.038655
0 0.122966 0.194398 0.015902 0.029132
0 0.813979 0.270308 0.017012 0.031933
0 0.275333 0.109524 0.017382 0.030812
0 0.203217 0.091597 0.015902 0.027451
0 0.163462 0.156022 0.014053 0.025210
0 0.981139 0.408964 0.013314 0.024650
0 0.296228 0.046779 0.011095 0.020728
0 0.117049 0.239216 0.021080 0.032493
0 0.144786 0.261064 0.019601 0.031373
0 0.312500 0.039216 0.013314 0.019048
0 0.313240 0.070028 0.016272 0.026891
0 0.349112 0.092437 0.014053 0.025770
0 0.827478 0.111765 0.008506 0.012885
0 0.876479 0.140896 0.008876 0.016246
0 0.812685 0.022689 0.007766 0.011765
0 0.872781 0.625490 0.027367 0.044258
0 0.828033 0.566947 0.028107 0.039216
0 0.954327 0.621569 0.022559 0.033053
0 0.980030 0.459664 0.013314 0.018487
0 0.994822 0.400280 0.010355 0.022969
0 0.995932 0.278151 0.008136 0.027451
