0 0.619822 0.400560 0.025148 0.048179
0 0.322855 0.182913 0.018491 0.035294
0 0.426220 0.393277 0.029956 0.053782
0 0.829142 0.247619 0.016272 0.031373
0 0.154401 0.166947 0.018121 0.031373
0 0.382212 0.193838 0.019601 0.035854
0 0.651442 0.188235 0.018861 0.034734
0 0.736132 0.282073 0.019601 0.037535
0 0.629438 0.255182 0.027367 0.053221
0 0.309172 0.169748 0.018491 0.034734
0 0.910873 0.390476 0.019970 0.035854
0 0.449334 0.216246 0.023669 0.040336
0 0.262574 0.212605 0.019231 0.034174
0 0.510725 0.223249 0.024408 0.037535
0 0.914201 0.320448 0.019231 0.031373
0 0.786428 0.317087 0.019601 0.035854
0 0.712278 0.177591 0.018491 0.032493
0 0.228180 0.127451 0.017751 0.029692
0 0.853365 0.232773 0.017382 0.033053
0 0.313055 0.098039 0.016642 0.031373
0 0.297337 0.102801 0.017012 0.029692
0 0.389053 0.157703 0.019231 0.036415
0 0.171413 0.194118 0.017382 0.031933
0 0.730584 0.142297 0.015163 0.028011
0 0.762759 0.210644 0.018121 0.033613
0 0.880732 0.292997 0.015163 0.028011
0 0.922892 0.282353 0.016642 0.035854
0 0.793269 0.236975 0.022929 0.036975
0 0.711908 0.246779 0.016272 0.033053
0 0.826183 0.311485 0.018491 0.033613
0 0.187870 0.329972 0.022189 0.041457
0 0.947115 0.312045 0.017012 0.032493
0 0.071191 0.145938 0.011464 0.026331
0 0.865939 0.408683 0.026257 0.039776
0 0.743158 0.319608 0.021080 0.037535
0 0.254993 0.161064 0.021080 0.034174
0 0.121672 0.252941 0.019970 0.035294
0 0.189904 0.194678 0.019601 0.031933
0 0.226331 0.100000 0.017012 0.028571
0 0.988166 0.305322 0.017012 0.030252
0 0.069342 0.117927 0.010725 0.017367
0 0.116494 0.142297 0.017751 0.029132
0 0.098928 0.089636 0.006287 0.012325
0 0.147744 0.057423 0.009246 0.017367
0 0.190089 0.077031 0.013314 0.024090
0 0.170673 0.116807 0.015902 0.022969
0 0.181028 0.130252 0.015163 0.021849
0 0.230584 0.068067 0.016642 0.027451
0 0.242234 0.056863 0.011095 0.019608
0 0.249260 0.045098 0.012574 0.018487
0 0.260725 0.080392 0.011834 0.022969
0 0.270525 0.083193 0.017382 0.025210
0 0.284209 0.050140 0.009985 0.021849
0 0.285688 0.037255 0.009985 0.008403
0 0.311206 0.044258 0.015163 0.021289
0 0.310651 0.064706 0.012574 0.021849
0 0.335984 0.124650 0.019601 0.028571
0 0.211354 0.142017 0.012944 0.019608
0 0.205436 0.176471 0.016642 0.026891
0 0.221709 0.187675 0.018861 0.029132
0 0.176960 0.169188 0.018861 0.021289
0 0.142012 0.208683 0.020710 0.031933
0 0.257396 0.260784 0.025888 0.040896
0 0.303439 0.225490 0.024038 0.038655
0 0.192308 0.299440 0.023669 0.021849
0 0.217271 0.333333 0.030695 0.052661
0 0.152367 0.362465 0.023669 0.041457
0 0.123521 0.342857 0.024408 0.042577
0 0.346339 0.278992 0.033654 0.041457
0 0.317862 0.355742 0.035133 0.052661
0 0.277737 0.353501 0.025888 0.049300
0 0.297152 0.456303 0.033654 0.056583
0 0.187130 0.536975 0.027367 0.049860
0 0.230769 0.622129 0.033284 0.048739
0 0.493528 0.430252 0.029216 0.061625
0 0.529956 0.172549 0.022189 0.036975
0 0.576738 0.294958 0.024038 0.038655
0 0.590237 0.263866 0.018491 0.043697
0 0.622411 0.194958 0.027367 0.035854
0 0.650333 0.482353 0.033654 0.068347
0 0.689349 0.370588 0.033284 0.044258
0 0.786428 0.377871 0.031435 0.037535
0 0.879068 0.496919 0.028846 0.041457
0 0.877959 0.319888 0.020710 0.024650
0 0.960059 0.307283 0.008876 0.029692
0 0.976886 0.392157 0.018861 0.028011
0 0.930843 0.444258 0.023669 0.033613
0 0.935096 0.514566 0.021820 0.036415
0 0.973003 0.477871 0.018491 0.035854
0 0.976331 0.655742 0.022929 0.043137
0 0.815089 0.055462 0.010355 0.019048
