0 0.607988 0.187115 0.014053 0.025770
0 0.369453 0.278711 0.017751 0.034174
0 0.991309 0.345938 0.012944 0.024090
0 0.447485 0.243978 0.025148 0.050980
0 0.312500 0.044258 0.011095 0.021289
0 0.324519 0.121849 0.016642 0.027451
0 0.255732 0.073669 0.011464 0.020728
0 0.215791 0.071148 0.012204 0.021289
0 0.467086 0.165546 0.017751 0.036415
0 0.966346 0.200560 0.009615 0.015686
0 0.305843 0.032493 0.009615 0.021289
0 0.895710 0.410924 0.014793 0.028571
0 0.732803 0.202241 0.017382 0.038095
0 0.310281 0.073669 0.011095 0.019608
0 0.205436 0.194678 0.015163 0.029692
0 0.289201 0.210364 0.017012 0.042017
0 0.289756 0.038936 0.009985 0.017367
0 0.542714 0.197759 0.019601 0.032493
0 0.600777 0.217927 0.017382 0.033613
0 0.271450 0.077871 0.017751 0.029132
0 0.218935 0.104762 0.014793 0.023529
0 0.179364 0.189636 0.017012 0.030812
0 0.787537 0.346499 0.026257 0.053221
0 0.207101 0.136134 0.017012 0.025770
0 0.771265 0.312045 0.015902 0.029132
0 0.780880 0.234454 0.015902 0.028571
0 0.926775 0.396359 0.015533 0.030812
0 0.807138 0.245658 0.015902 0.029692
0 0.604475 0.343417 0.020340 0.035854
0 0.775148 0.526891 0.020710 0.036415
0 0.235392 0.133053 0.018861 0.028571
0 0.431398 0.196359 0.022559 0.037535
0 0.995007 0.390756 0.009985 0.027451
0 0.900148 0.473389 0.019231 0.036975
0 0.725407 0.247339 0.015163 0.025210
0 0.730769 0.393277 0.028846 0.050420
0 0.122781 0.433333 0.023669 0.046499
0 0.484098 0.297199 0.025888 0.043137
0 0.833210 0.248459 0.012574 0.025210
0 0.830806 0.255182 0.015902 0.031933
0 0.825629 0.319048 0.024038 0.036415
0 0.104660 0.292437 0.026627 0.031373
0 0.106694 0.259664 0.025518 0.033053
0 0.150148 0.159664 0.014793 0.023529
0 0.160503 0.183754 0.017012 0.031373
0 0.176405 0.127731 0.014053 0.023529
0 0.188794 0.152661 0.019601 0.021849
0 0.233173 0.047619 0.012204 0.024650
0 0.316938 0.145098 0.019970 0.026891
0 0.273854 0.146499 0.019601 0.031933
0 0.260170 0.160504 0.019601 0.029692
0 0.341161 0.212325 0.021820 0.038095
0 0.374075 0.146499 0.020340 0.037535
0 0.163092 0.564706 0.035503 0.053782
0 0.221154 0.525770 0.032544 0.053221
0 0.226886 0.432773 0.030695 0.039776
0 0.290126 0.425490 0.038831 0.061064
0 0.349852 0.368908 0.025888 0.049860
0 0.410318 0.366667 0.028476 0.045378
0 0.506472 0.217927 0.024038 0.041457
0 0.535318 0.315686 0.027737 0.049860
0 0.452293 0.478151 0.032544 0.046499
0 0.412907 0.550140 0.035873 0.056022
0 0.324519 0.592437 0.034393 0.058824
0 0.567308 0.444538 0.030325 0.057703
0 0.624815 0.287955 0.021080 0.041457
0 0.661797 0.216527 0.020340 0.037535
0 0.682507 0.232213 0.020340 0.039776
0 0.685466 0.290196 0.023299 0.040336
0 0.671413 0.418207 0.029956 0.048739
0 0.737796 0.271148 0.022189 0.030252
0 0.835059 0.400280 0.029586 0.039776
0 0.857249 0.315406 0.021450 0.028011
0 0.875555 0.243137 0.016642 0.035854
0 0.901997 0.293838 0.014793 0.027451
0 0.895710 0.326891 0.020710 0.030812
0 0.932877 0.331373 0.015902 0.026331
0 0.958580 0.422689 0.021450 0.033053
0 0.989460 0.428852 0.020340 0.030812
0 0.960059 0.506443 0.022929 0.033613
0 0.995192 0.484874 0.009615 0.025210
0 0.960429 0.310084 0.018491 0.026331
