0 0.800441 0.420167 0.016176 0.023000
0 0.334853 0.554333 0.026176 0.032000
0 0.841765 0.365333 0.012941 0.018000
0 0.736471 0.492167 0.024118 0.031000
0 0.738529 0.429000 0.018824 0.022667
0 0.146618 0.661500 0.028529 0.034333
0 0.688235 0.616333 0.020588 0.026000
0 0.437647 0.598000 0.030000 0.036667
0 0.878676 0.333667 0.011471 0.014667
0 0.273382 0.624667 0.033824 0.031333
0 0.521765 0.605333 0.028824 0.038667
0 0.813529 0.385500 0.017647 0.021667
0 0.514706 0.527667 0.025882 0.039333
0 0.131912 0.700667 0.032059 0.036000
0 0.554853 0.446833 0.017353 0.024333
0 0.729559 0.392500 0.015588 0.021000
0 0.690294 0.480167 0.021176 0.031667
0 0.481912 0.465333 0.017941 0.024667
0 0.341324 0.595333 0.025588 0.031333
0 0.760000 0.393833 0.015882 0.021667
0 0.626765 0.419667 0.017059 0.026667
0 0.644706 0.499833 0.027059 0.035000
0 0.322353 0.415667 0.013529 0.016667
0 0.744265 0.370833 0.015000 0.019667
0 0.646618 0.377333 0.015588 0.021333
0 0.962794 0.374667 0.011471 0.015333
0 0.784559 0.450333 0.019118 0.028667
0 0.861029 0.354000 0.012059 0.016000
0 0.420735 0.548167 0.029118 0.028333
0 0.667647 0.440833 0.019412 0.026333
0 0.204706 0.695167 0.034118 0.039667
0 0.787794 0.314167 0.010882 0.015000
0 0.940735 0.372500 0.013824 0.017000
0 0.904706 0.383833 0.017059 0.024333
0 0.607500 0.530500 0.026765 0.034333
0 0.782059 0.365667 0.014706 0.020667
0 0.589412 0.449667 0.022353 0.031333
0 0.692794 0.392000 0.013235 0.018667
0 0.062941 0.714167 0.031176 0.039000
0 0.089265 0.409000 0.007353 0.009333
0 0.835294 0.347333 0.012353 0.015333
0 0.834706 0.305000 0.010000 0.013333
0 0.062794 0.805667 0.037941 0.040667
0 0.938382 0.329333 0.009706 0.012667
0 0.817500 0.320833 0.009706 0.014333
0 0.959412 0.340667 0.010588 0.014667
0 0.466618 0.556667 0.028529 0.034000
0 0.354853 0.774333 0.046765 0.044000
0 0.798971 0.489333 0.022647 0.030667
0 0.676029 0.410833 0.017941 0.020333
0 0.798824 0.342333 0.011765 0.016667
0 0.081471 0.426167 0.008235 0.011000
0 0.891618 0.295667 0.007941 0.012667
0 0.849853 0.318667 0.010882 0.013333
0 0.899118 0.308667 0.008235 0.011333
0 0.242059 0.742000 0.037059 0.037333
0 0.120000 0.412833 0.009412 0.011667
0 0.786618 0.337000 0.011471 0.014667
0 0.920588 0.340333 0.011765 0.013333
0 0.835294 0.438167 0.016471 0.025667
0 0.074118 0.422333 0.008235 0.010000
0 0.964559 0.305833 0.009118 0.011667
0 0.948088 0.318333 0.009706 0.012667
0 0.858971 0.298000 0.010882 0.013333
0 0.259853 0.373000 0.009118 0.010667
0 0.897500 0.322333 0.010294 0.012667
0 0.995735 0.308667 0.008529 0.010667
0 0.148088 0.398833 0.008529 0.011000
0 0.978529 0.295333 0.008235 0.010667
0 0.924559 0.320500 0.010882 0.015667
0 0.827353 0.396000 0.013529 0.018000
0 0.114853 0.403500 0.007941 0.009667
0 0.989412 0.273000 0.005882 0.008000
0 0.063676 0.429000 0.007353 0.014000
0 0.278824 0.395167 0.011176 0.016333
0 0.077500 0.414167 0.007941 0.009667
0 0.992941 0.296667 0.008235 0.010667
0 0.992941 0.320833 0.008824 0.011667
0 0.928824 0.286333 0.007647 0.011333
0 0.954118 0.301500 0.009412 0.011667
0 0.986176 0.282167 0.007647 0.009000
0 0.190588 0.382167 0.008235 0.010333
0 0.935294 0.301500 0.007059 0.009000
0 0.138382 0.372833 0.005588 0.007000
0 0.165441 0.397833 0.008529 0.009667
0 0.906618 0.295000 0.007941 0.011333
0 0.966618 0.288167 0.007353 0.010333
0 0.100735 0.423000 0.009118 0.010000
0 0.065000 0.417667 0.007647 0.010667
0 0.931471 0.309000 0.008235 0.010000
0 0.146029 0.381667 0.006765 0.009333
0 0.140000 0.390667 0.007647 0.012000
0 0.174265 0.816000 0.040294 0.042000
0 0.158529 0.385833 0.008235 0.011667
0 0.181912 0.382500 0.006765 0.009000
0 0.849412 0.307833 0.010588 0.012333
0 0.948824 0.286167 0.007647 0.009667
0 0.119265 0.400667 0.006765 0.008667
0 0.174853 0.374333 0.006765 0.008667
0 0.224559 0.372667 0.009118 0.009333
0 0.194853 0.373167 0.007941 0.008333
0 0.706029 0.242000 0.005588 0.007333
0 0.119706 0.384333 0.005882 0.008000
0 0.111029 0.400333 0.006176 0.010667
0 0.943824 0.282667 0.005882 0.008000
0 0.979412 0.296333 0.008235 0.010667
0 0.782500 0.351000 0.012647 0.011333
0 0.181176 0.958667 0.046471 0.060667
0 0.077647 0.977167 0.046471 0.045667
0 0.892500 0.338833 0.012059 0.015667
0 0.916324 0.366500 0.013824 0.019000
0 0.964118 0.279167 0.007647 0.008333
0 0.974412 0.279000 0.006471 0.008000
0 0.972500 0.251500 0.005588 0.007000
0 0.724412 0.235500 0.003529 0.005667
0 0.719118 0.242500 0.004118 0.004333
0 0.712500 0.235667 0.003235 0.006000
0 0.311765 0.276500 0.002941 0.005000
0 0.316618 0.260000 0.002059 0.002667
0 0.321912 0.257833 0.002059 0.003000
0 0.325588 0.256833 0.001765 0.002333
0 0.212500 0.369333 0.004412 0.004667
0 0.164118 0.375667 0.006471 0.008667
0 0.187647 0.373833 0.006471 0.005000
0 0.132353 0.390333 0.004706 0.009333
0 0.124559 0.392167 0.007353 0.007667
0 0.102059 0.399167 0.007059 0.008333
0 0.085147 0.418667 0.009118 0.008667
0 0.095588 0.404667 0.004706 0.007333
