0 0.833382 0.363333 0.013235 0.017333
0 0.870882 0.399500 0.013529 0.017000
0 0.714412 0.440000 0.017059 0.022667
0 0.737647 0.498833 0.024118 0.031000
0 0.682794 0.482500 0.023235 0.030333
0 0.801765 0.435167 0.017647 0.024333
0 0.462941 0.715667 0.039412 0.042000
0 0.898971 0.436167 0.018529 0.025000
0 0.626912 0.449333 0.020882 0.027333
0 0.687794 0.614833 0.023235 0.027667
0 0.775735 0.319000 0.012647 0.016000
0 0.692794 0.397333 0.016176 0.021333
0 0.242941 0.625333 0.031176 0.030667
0 0.751324 0.443500 0.018529 0.026333
0 0.824559 0.453000 0.022059 0.032000
0 0.358676 0.645333 0.030882 0.042000
0 0.412941 0.568500 0.026471 0.034333
0 0.472794 0.596500 0.029118 0.039000
0 0.788088 0.487500 0.022059 0.029667
0 0.771176 0.389333 0.017059 0.022000
0 0.277206 0.754333 0.040294 0.046000
0 0.206176 0.695000 0.034118 0.040667
0 0.646324 0.418667 0.018529 0.022000
0 0.141618 0.707500 0.035588 0.037667
0 0.569118 0.444833 0.020588 0.028333
0 0.554412 0.624667 0.035294 0.040667
0 0.538676 0.595000 0.027353 0.032667
0 0.838235 0.326500 0.011765 0.015000
0 0.472059 0.502833 0.020000 0.026333
0 0.617500 0.387000 0.015000 0.022667
0 0.812500 0.370833 0.012647 0.018333
0 0.520441 0.456333 0.017353 0.024667
0 0.144265 0.658333 0.030294 0.033333
0 0.321618 0.567500 0.026765 0.035667
0 0.913529 0.398167 0.014706 0.019667
0 0.773382 0.413500 0.016765 0.022333
0 0.847206 0.398167 0.015588 0.022333
0 0.841471 0.301500 0.009412 0.013000
0 0.497059 0.488167 0.020000 0.028333
0 0.741176 0.343667 0.013529 0.018667
0 0.594559 0.423667 0.016765 0.026000
0 0.531618 0.516333 0.026765 0.031333
0 0.735147 0.314833 0.010882 0.015000
0 0.658382 0.398500 0.013824 0.019000
0 0.807794 0.354000 0.012647 0.016667
0 0.938824 0.347000 0.012941 0.016667
0 0.309559 0.612500 0.028529 0.035000
0 0.451324 0.623333 0.034412 0.039333
0 0.377941 0.535833 0.027059 0.037000
0 0.039853 0.731667 0.029118 0.034667
0 0.699853 0.374167 0.015000 0.022333
0 0.882353 0.359167 0.014118 0.017667
0 0.239412 0.382000 0.008824 0.010667
0 0.947647 0.385667 0.011176 0.013333
0 0.077353 0.766500 0.035882 0.041000
0 0.751618 0.371000 0.015000 0.020000
0 0.604559 0.521333 0.026176 0.030000
0 0.088676 0.809667 0.040294 0.038000
0 0.078971 0.426500 0.009706 0.011000
0 0.916912 0.304833 0.009118 0.011667
0 0.777500 0.346500 0.012059 0.016333
0 0.863676 0.307000 0.009706 0.013333
0 0.602941 0.490833 0.025882 0.029667
0 0.724118 0.360667 0.011765 0.018000
0 0.811912 0.317333 0.008529 0.012667
0 0.897647 0.355500 0.013529 0.015667
0 0.912206 0.285333 0.008529 0.011333
0 0.877059 0.312833 0.009412 0.012333
0 0.830147 0.315167 0.010882 0.012333
0 0.805147 0.330833 0.011471 0.015000
0 0.087941 0.409333 0.007647 0.010000
0 0.871618 0.331000 0.011471 0.016000
0 0.943824 0.322000 0.009412 0.012667
0 0.167059 0.865833 0.035882 0.045000
0 0.315441 0.311667 0.006176 0.008000
0 0.068088 0.415833 0.007941 0.009667
0 0.126176 0.399667 0.007647 0.009333
0 0.960000 0.290833 0.008235 0.010333
0 0.175000 0.393667 0.008235 0.010000
0 0.981471 0.307833 0.009412 0.011000
0 0.986176 0.273000 0.006471 0.009333
0 0.699118 0.237833 0.004706 0.006333
0 0.793529 0.398667 0.014118 0.016000
0 0.166471 0.407167 0.010000 0.012333
0 0.970000 0.322667 0.009412 0.012000
0 0.117794 0.407833 0.009118 0.011000
0 0.921029 0.319333 0.010882 0.013333
0 0.979559 0.297500 0.007941 0.009667
0 0.120441 0.383833 0.006176 0.009000
0 0.939118 0.287000 0.007647 0.010667
0 0.177353 0.382667 0.007059 0.008667
0 0.565735 0.277500 0.006765 0.007667
0 0.994118 0.299833 0.009412 0.011000
0 0.082059 0.942500 0.045882 0.056333
0 0.184412 0.399000 0.007647 0.008667
0 0.906324 0.329000 0.011471 0.014667
0 0.103088 0.423167 0.009118 0.012333
0 0.972206 0.297667 0.007941 0.010667
0 0.897794 0.300000 0.008529 0.010667
0 0.191912 0.385833 0.007941 0.009667
0 0.167647 0.374500 0.005294 0.007000
0 0.690147 0.239833 0.005000 0.006333
0 0.996765 0.284333 0.006471 0.009333
0 0.249853 0.883000 0.051471 0.045333
0 0.906912 0.309000 0.008529 0.010667
0 0.254706 0.372333 0.008235 0.008667
0 0.458824 0.278000 0.006471 0.008000
0 0.806176 0.311833 0.008235 0.011667
0 0.057500 0.429167 0.008529 0.010333
0 0.142647 0.371833 0.005882 0.007000
0 0.872794 0.296500 0.007941 0.010333
0 0.706618 0.240500 0.005588 0.006333
0 0.127941 0.412167 0.009412 0.010333
0 0.889118 0.295667 0.007647 0.010000
0 0.191471 0.371333 0.006471 0.006000
0 0.965588 0.279833 0.005882 0.008333
0 0.127941 0.391833 0.006471 0.008333
0 0.940588 0.298667 0.009412 0.011333
0 0.131029 0.373333 0.005588 0.007333
0 0.175588 0.374167 0.006471 0.007000
0 0.207059 0.371500 0.007647 0.007000
0 0.158088 0.370833 0.005000 0.005000
0 0.033971 0.819167 0.025588 0.048333
0 0.172941 0.765667 0.045882 0.048000
0 0.872353 0.352833 0.010588 0.016333
0 0.914559 0.278000 0.007941 0.006667
0 0.928529 0.317000 0.005882 0.013333
0 0.985735 0.297833 0.006176 0.009000
0 0.979265 0.285833 0.009118 0.007667
0 0.380294 0.263000 0.002941 0.004667
0 0.366912 0.267500 0.004412 0.005000
0 0.330294 0.271833 0.003529 0.004333
0 0.314412 0.273833 0.002941 0.004333
0 0.312206 0.274500 0.003235 0.003667
0 0.305294 0.287167 0.004118 0.006333
0 0.304706 0.276167 0.002941 0.004333
0 0.300735 0.268333 0.002647 0.003333
0 0.303971 0.265167 0.002059 0.003000
0 0.192206 0.377333 0.009118 0.008000
0 0.186176 0.376000 0.008235 0.008000
0 0.154412 0.375000 0.004706 0.007333
0 0.163824 0.387500 0.007647 0.010333
0 0.154706 0.386667 0.008235 0.009333
0 0.148529 0.383167 0.007059 0.009667
0 0.133676 0.389667 0.006765 0.009333
0 0.117794 0.399333 0.008529 0.005333
0 0.117353 0.393500 0.006471 0.007000
0 0.111618 0.398333 0.006176 0.008667
0 0.105441 0.402167 0.006765 0.008333
0 0.096765 0.403333 0.009412 0.010667
0 0.081471 0.419000 0.010000 0.009333
0 0.075735 0.414667 0.006176 0.007333
