0 0.280695 0.328011 0.022189 0.053221
0 0.340237 0.180672 0.019231 0.035294
0 0.315643 0.352941 0.026997 0.056022
0 0.485207 0.229412 0.019231 0.036415
0 0.399223 0.207003 0.021080 0.038655
0 0.571191 0.326331 0.022559 0.043137
0 0.146635 0.203922 0.018121 0.033613
0 0.303624 0.178151 0.019970 0.034734
0 0.244268 0.251821 0.020340 0.036415
0 0.647744 0.185154 0.019601 0.037535
0 0.198040 0.201120 0.020340 0.033613
0 0.119638 0.258263 0.018861 0.034734
0 0.572670 0.182073 0.018861 0.034734
0 0.249445 0.214566 0.021820 0.035854
0 0.191383 0.299720 0.021820 0.041457
0 0.593010 0.288515 0.021820 0.041457
0 0.878143 0.292717 0.015902 0.028571
0 0.846893 0.322409 0.017012 0.030812
0 0.727071 0.224650 0.018491 0.035854
0 0.316383 0.044818 0.014423 0.024650
0 0.577478 0.208403 0.018861 0.034734
0 0.185836 0.326891 0.021820 0.042017
0 0.776627 0.222409 0.016272 0.031373
0 0.865570 0.411204 0.018861 0.033613
0 0.349112 0.114006 0.017012 0.031933
0 0.250185 0.580112 0.026997 0.046499
0 0.631842 0.285714 0.022559 0.040336
0 0.973743 0.397199 0.017012 0.030252
0 0.711908 0.251821 0.020710 0.038655
0 0.861686 0.241457 0.016272 0.031373
0 0.910688 0.329132 0.018861 0.027451
0 0.661058 0.219048 0.020340 0.038095
0 0.965052 0.335014 0.016642 0.029132
0 0.138683 0.367227 0.020710 0.039776
0 0.072300 0.112325 0.007766 0.014006
0 0.085244 0.106443 0.009246 0.014566
0 0.120192 0.131653 0.018491 0.029132
0 0.148484 0.055182 0.007766 0.015126
0 0.195636 0.075350 0.014053 0.020728
0 0.167160 0.117087 0.014053 0.022409
0 0.223373 0.073109 0.014793 0.024090
0 0.239460 0.053221 0.009985 0.020168
0 0.248891 0.050420 0.011834 0.020168
0 0.284209 0.049300 0.008506 0.020168
0 0.296413 0.046499 0.012944 0.020168
0 0.315089 0.064986 0.012574 0.022409
0 0.317678 0.098880 0.017012 0.026331
0 0.304549 0.102521 0.012204 0.023529
0 0.279216 0.073950 0.013314 0.026891
0 0.262759 0.077871 0.012204 0.019048
0 0.227811 0.104202 0.014793 0.019048
0 0.224112 0.126891 0.017751 0.020728
0 0.203402 0.149580 0.014793 0.019048
0 0.177330 0.168627 0.016642 0.025770
0 0.156250 0.167507 0.017382 0.026891
0 0.201553 0.174230 0.016272 0.024650
0 0.245192 0.164146 0.014793 0.026891
0 0.263129 0.153782 0.018861 0.025210
0 0.101516 0.345658 0.029956 0.038095
0 0.215607 0.337535 0.029586 0.048739
0 0.303254 0.236695 0.029586 0.038655
0 0.409393 0.174790 0.023669 0.029132
0 0.341901 0.278711 0.029956 0.039776
0 0.298447 0.442297 0.030325 0.053221
0 0.198595 0.512325 0.029586 0.043137
0 0.424371 0.382633 0.032914 0.059384
0 0.621302 0.367227 0.031805 0.050980
0 0.510725 0.448179 0.036243 0.049300
0 0.628883 0.490196 0.032914 0.051541
0 0.695266 0.375070 0.030325 0.052101
0 0.798262 0.394118 0.026257 0.046499
0 0.740015 0.317647 0.028107 0.040336
0 0.744268 0.280392 0.024038 0.039776
0 0.791605 0.234454 0.020340 0.034174
0 0.839497 0.261625 0.018491 0.030252
0 0.789016 0.312605 0.026257 0.035854
0 0.882212 0.329132 0.019601 0.039776
0 0.926036 0.283193 0.015533 0.034174
0 0.959320 0.307283 0.017012 0.022969
0 0.907729 0.383473 0.019601 0.026331
0 0.929734 0.439776 0.019231 0.040336
0 0.861686 0.461064 0.023669 0.040336
0 0.941753 0.521569 0.024038 0.034734
0 0.987796 0.501120 0.017012 0.031933
0 0.996487 0.334454 0.007027 0.026891
0 0.984837 0.353501 0.010355 0.017927
0 0.991494 0.301401 0.014053 0.026891
