0 0.333765 0.056022 0.011464 0.024650
0 0.795303 0.258824 0.018121 0.033613
0 0.167530 0.144258 0.012574 0.022969
0 0.851886 0.576471 0.018861 0.034734
0 0.863905 0.270028 0.017012 0.032493
0 0.136649 0.176471 0.016642 0.029132
0 0.832655 0.107283 0.008506 0.016246
0 0.347078 0.078151 0.012944 0.020728
0 0.872411 0.307003 0.018491 0.033613
0 0.309911 0.111765 0.011095 0.019608
0 0.989645 0.309244 0.014053 0.031373
0 0.878143 0.148459 0.009246 0.015686
0 0.201738 0.094398 0.011464 0.028571
0 0.241864 0.062745 0.012574 0.023529
0 0.275333 0.073109 0.018121 0.027451
0 0.296598 0.117087 0.005917 0.013445
0 0.348928 0.174790 0.019601 0.025770
0 0.245562 0.175070 0.022189 0.028571
0 0.236317 0.145378 0.014793 0.022969
0 0.169749 0.221289 0.026627 0.030252
0 0.119453 0.230532 0.020710 0.030812
0 0.188425 0.305042 0.025518 0.037535
0 0.166050 0.385714 0.028846 0.043137
0 0.117788 0.371429 0.030695 0.038095
0 0.287907 0.577311 0.025518 0.039776
0 0.365939 0.587955 0.029956 0.037535
0 0.498336 0.485994 0.039571 0.063305
0 0.490200 0.387115 0.038831 0.043697
0 0.714867 0.246499 0.022189 0.040336
0 0.721709 0.002801 0.007766 0.004482
0 0.965052 0.076190 0.003328 0.006723
0 0.969305 0.253501 0.011834 0.021849
0 0.992419 0.400280 0.015163 0.020728
0 0.977811 0.458543 0.013314 0.019608
0 0.976516 0.521849 0.023299 0.040896
0 0.739645 0.607563 0.023669 0.039776
