0 0.281435 0.354062 0.027367 0.047059
0 0.226886 0.355742 0.025518 0.048179
0 0.382396 0.256303 0.025888 0.048739
0 0.383506 0.180392 0.018491 0.038095
0 0.321746 0.286555 0.027367 0.045378
0 0.675296 0.224090 0.022929 0.035854
0 0.607064 0.178431 0.017382 0.033053
0 0.325629 0.179832 0.018861 0.035854
0 0.320451 0.390196 0.032914 0.050980
0 0.183617 0.133333 0.017382 0.031373
0 0.520525 0.296078 0.022559 0.042017
0 0.458580 0.218768 0.022929 0.043137
0 0.605030 0.218207 0.018491 0.034174
0 0.453587 0.163025 0.018121 0.033613
0 0.914201 0.396359 0.016272 0.030812
0 0.726701 0.190196 0.019231 0.036415
0 0.970784 0.420168 0.024408 0.030252
0 0.757027 0.278151 0.020710 0.038655
0 0.252219 0.161905 0.018491 0.033613
0 0.187315 0.347899 0.024778 0.044818
0 0.622041 0.289356 0.021450 0.039776
0 0.925296 0.282633 0.018491 0.028571
0 0.106139 0.359104 0.022189 0.041457
0 0.804179 0.249580 0.017382 0.033053
0 0.958580 0.313725 0.015533 0.028011
0 0.764793 0.212605 0.016272 0.031933
0 0.914201 0.333053 0.016272 0.029692
0 0.262759 0.210084 0.024778 0.038095
0 0.883506 0.293557 0.016272 0.028011
0 0.220414 0.139216 0.019231 0.033053
0 0.200629 0.156303 0.015163 0.028011
0 0.795858 0.315126 0.018491 0.034174
0 0.658099 0.275350 0.026997 0.045378
0 0.841901 0.311204 0.018121 0.030812
0 0.233913 0.105602 0.017382 0.030812
0 0.724482 0.253501 0.019231 0.036415
0 0.127589 0.389916 0.029586 0.047059
0 0.503328 0.350980 0.026627 0.053221
0 0.891827 0.337815 0.017382 0.030252
0 0.994083 0.389636 0.011834 0.028571
0 0.205621 0.174230 0.016272 0.030252
0 0.073410 0.118487 0.009985 0.016246
0 0.099852 0.162745 0.018491 0.027451
0 0.150888 0.055462 0.009615 0.019048
0 0.168084 0.118207 0.014423 0.025770
0 0.158839 0.163866 0.014423 0.026331
0 0.177515 0.175630 0.017012 0.022969
0 0.147929 0.210084 0.019231 0.032493
0 0.203217 0.196639 0.021080 0.031373
0 0.202478 0.072549 0.012204 0.021849
0 0.215976 0.077591 0.014053 0.022969
0 0.247966 0.045658 0.010725 0.019608
0 0.286428 0.051261 0.011464 0.019608
0 0.296228 0.042857 0.011834 0.018487
0 0.325074 0.019048 0.014053 0.023529
0 0.321930 0.045658 0.010725 0.021849
0 0.306953 0.071709 0.011834 0.017927
0 0.276072 0.072269 0.014423 0.023529
0 0.259800 0.080952 0.015163 0.028571
0 0.316568 0.108964 0.014793 0.027451
0 0.320451 0.093557 0.014423 0.020168
0 0.340052 0.123810 0.018121 0.031373
0 0.250740 0.144258 0.018491 0.012885
0 0.192678 0.313165 0.027367 0.029132
0 0.109467 0.278151 0.025148 0.034174
0 0.179364 0.502241 0.026627 0.042017
0 0.043084 0.579272 0.029956 0.051541
0 0.243528 0.615126 0.035873 0.049300
0 0.519786 0.237535 0.023299 0.039216
0 0.423632 0.398319 0.033654 0.058263
0 0.411797 0.311204 0.031435 0.044258
0 0.532544 0.438095 0.035503 0.057143
0 0.675481 0.192997 0.015163 0.024090
0 0.748336 0.318768 0.021820 0.036975
0 0.722818 0.379832 0.029956 0.045938
0 0.676775 0.472549 0.028107 0.055462
0 0.657729 0.371989 0.032175 0.058263
0 0.797707 0.384594 0.032544 0.039776
0 0.867973 0.403081 0.022929 0.038655
0 0.860207 0.229972 0.019970 0.031933
0 0.972633 0.327731 0.014793 0.025770
0 0.996302 0.314286 0.007396 0.022409
0 0.977441 0.375350 0.020710 0.029132
0 0.990570 0.503641 0.018861 0.035854
0 0.950074 0.513445 0.028107 0.027451
0 0.891457 0.506162 0.030695 0.038655
0 0.931953 0.447619 0.021450 0.033613
0 0.997781 0.556583 0.004438 0.018487
