0 0.188824 0.790833 0.040588 0.049000
0 0.931618 0.463167 0.019118 0.023667
0 0.908971 0.388167 0.015588 0.020333
0 0.842647 0.363167 0.012353 0.015667
0 0.815588 0.362333 0.014118 0.020000
0 0.800882 0.344167 0.013529 0.017000
0 0.794118 0.423833 0.017059 0.024333
0 0.761912 0.361667 0.013824 0.020000
0 0.867206 0.328000 0.011471 0.015333
0 0.737941 0.416500 0.017059 0.019000
0 0.755294 0.312333 0.009412 0.018000
0 0.928235 0.375667 0.014118 0.019333
0 0.521471 0.517500 0.027059 0.031000
0 0.841324 0.382667 0.017941 0.020000
0 0.643676 0.415667 0.019118 0.028000
0 0.688824 0.615167 0.022353 0.027000
0 0.701765 0.386333 0.015294 0.021333
0 0.346618 0.607667 0.029118 0.036667
0 0.218382 0.673500 0.036176 0.042333
0 0.425000 0.576500 0.033529 0.035667
0 0.662647 0.369667 0.015882 0.022000
0 0.905588 0.359500 0.012941 0.015667
0 0.519706 0.602333 0.030588 0.036667
0 0.817059 0.319833 0.010000 0.017000
0 0.942941 0.400000 0.017059 0.018000
0 0.162206 0.647833 0.026765 0.035667
0 0.271324 0.622167 0.031471 0.030333
0 0.801176 0.456667 0.020000 0.026667
0 0.071618 0.718000 0.035000 0.039333
0 0.673824 0.435833 0.019412 0.025667
0 0.699265 0.475000 0.022059 0.032667
0 0.509853 0.549500 0.025588 0.035000
0 0.653235 0.491500 0.026471 0.034333
0 0.839412 0.456500 0.018235 0.023667
0 0.563382 0.442667 0.019118 0.026000
0 0.788971 0.316500 0.010882 0.015000
0 0.440441 0.537000 0.028529 0.031333
0 0.838382 0.343333 0.014412 0.016000
0 0.052059 0.801500 0.034706 0.038333
0 0.746618 0.485667 0.023235 0.031333
0 0.596618 0.436667 0.021471 0.029333
0 0.916176 0.297833 0.009412 0.011667
0 0.965882 0.306667 0.008824 0.012000
0 0.747647 0.431500 0.014118 0.021000
0 0.505294 0.472667 0.020000 0.029333
0 0.128676 0.712000 0.035588 0.038000
0 0.926618 0.285000 0.007941 0.010667
0 0.791029 0.333167 0.012647 0.015000
0 0.840294 0.303500 0.009412 0.013000
0 0.895735 0.338000 0.011471 0.016000
0 0.252647 0.373167 0.010000 0.011000
0 0.327206 0.574333 0.032647 0.032667
0 0.775588 0.470000 0.020588 0.030000
0 0.216324 0.393500 0.009118 0.011667
0 0.073676 0.423833 0.009706 0.011667
0 0.899706 0.322500 0.010000 0.013000
0 0.090441 0.406333 0.006765 0.008667
0 0.372059 0.761833 0.043529 0.047667
0 0.876618 0.295167 0.009118 0.012333
0 0.848235 0.314667 0.009412 0.013333
0 0.102500 0.422500 0.008529 0.011000
0 0.971471 0.373833 0.013529 0.018333
0 0.919706 0.317667 0.009412 0.012000
0 0.862647 0.308500 0.009412 0.013000
0 0.938235 0.329000 0.008824 0.010667
0 0.224559 0.373000 0.008529 0.009333
0 0.953971 0.319500 0.009706 0.013000
0 0.922353 0.342500 0.012353 0.013667
0 0.898382 0.308667 0.009118 0.012667
0 0.936324 0.300167 0.008529 0.011000
0 0.964265 0.341000 0.010294 0.014667
0 0.759412 0.346667 0.011765 0.012667
0 0.835000 0.433667 0.014706 0.018667
0 0.995294 0.308167 0.008235 0.010333
0 0.892206 0.297333 0.007941 0.011333
0 0.262941 0.725000 0.036471 0.045333
0 0.168676 0.380667 0.006176 0.008000
0 0.130735 0.390833 0.006176 0.008333
0 0.868529 0.392333 0.012353 0.016667
0 0.154265 0.387833 0.006765 0.008333
0 0.929118 0.320333 0.010588 0.016000
0 0.170000 0.395167 0.008824 0.009667
0 0.244559 0.988167 0.049118 0.023667
0 0.182500 0.383000 0.006176 0.008000
0 0.657941 0.621667 0.035294 0.043333
0 0.122353 0.412833 0.008235 0.010333
0 0.933088 0.306500 0.007941 0.010333
0 0.081765 0.411167 0.007647 0.010333
0 0.145441 0.396000 0.007941 0.010000
0 0.085441 0.967833 0.039118 0.062333
0 0.987794 0.298667 0.007353 0.010000
0 0.990294 0.326833 0.010000 0.012333
0 0.962941 0.278000 0.007059 0.008667
0 0.114706 0.412667 0.007647 0.009333
0 0.153971 0.378833 0.007353 0.007000
0 0.948235 0.316833 0.009412 0.010333
0 0.824265 0.444000 0.019706 0.029333
0 0.181618 0.372500 0.006765 0.007667
0 0.135000 0.375167 0.005294 0.007667
0 0.189559 0.375333 0.006765 0.009333
0 0.707941 0.241167 0.005294 0.007000
0 0.735588 0.245000 0.006471 0.008000
0 0.114412 0.395500 0.006471 0.008333
0 0.970735 0.289167 0.006765 0.009000
0 0.952941 0.283500 0.008235 0.009667
0 0.060147 0.432500 0.009118 0.011000
0 0.860588 0.353667 0.011765 0.014667
0 0.098088 0.405000 0.006176 0.006667
0 0.984412 0.282667 0.006471 0.008000
0 0.961618 0.289667 0.007941 0.010000
0 0.196912 0.371333 0.006765 0.006000
0 0.688529 0.404333 0.018824 0.022667
0 0.971029 0.277833 0.006176 0.008333
0 0.583824 0.580167 0.034706 0.041000
0 0.725441 0.242667 0.005000 0.005333
0 0.703529 0.241333 0.004706 0.006667
0 0.721765 0.235000 0.003529 0.005333
0 0.734265 0.237167 0.005000 0.005667
0 0.951324 0.298333 0.008529 0.012000
0 0.960588 0.261833 0.007059 0.007667
0 0.994412 0.296667 0.006471 0.008667
0 0.998088 0.282333 0.003824 0.009333
0 0.992500 0.275333 0.005000 0.007333
0 0.714265 0.213500 0.002059 0.003000
0 0.327353 0.277333 0.003529 0.004000
0 0.304559 0.275333 0.003235 0.004000
0 0.196029 0.379000 0.009706 0.011333
0 0.164265 0.375000 0.006765 0.008000
0 0.149559 0.384333 0.005588 0.008667
0 0.148971 0.369833 0.006765 0.006333
0 0.141176 0.388333 0.009412 0.012000
0 0.125588 0.393167 0.007059 0.010333
0 0.121618 0.386000 0.008529 0.008000
0 0.108529 0.398333 0.005882 0.004667
0 0.119118 0.401500 0.006471 0.009000
0 0.112206 0.403500 0.006765 0.005667
0 0.081765 0.427833 0.010000 0.011667
