0 0.176960 0.386555 0.021820 0.041457
0 0.842825 0.559944 0.018491 0.033053
0 0.119822 0.237535 0.020710 0.032493
0 0.347448 0.076190 0.012944 0.023529
0 0.720229 0.236975 0.021080 0.039216
0 0.990570 0.305602 0.013683 0.029692
0 0.978920 0.263025 0.011834 0.021849
0 0.956176 0.606162 0.020340 0.029132
0 0.833765 0.108123 0.007766 0.014566
0 0.197300 0.187955 0.013683 0.025210
0 0.879808 0.153221 0.008136 0.015126
0 0.738720 0.606443 0.024038 0.042017
0 0.167345 0.227451 0.020340 0.031373
0 0.139793 0.177591 0.016272 0.026891
0 0.165865 0.143417 0.013683 0.028011
0 0.202663 0.092997 0.014793 0.026891
0 0.243343 0.052661 0.014793 0.022409
0 0.276072 0.089916 0.021080 0.030812
0 0.314534 0.109524 0.013683 0.018487
0 0.335799 0.055462 0.011834 0.025770
0 0.296228 0.117087 0.007396 0.014566
0 0.348373 0.175350 0.019231 0.029132
0 0.245377 0.177031 0.023299 0.033613
0 0.228735 0.166387 0.018121 0.038095
0 0.189534 0.315406 0.026997 0.040336
0 0.122041 0.365546 0.027367 0.038655
0 0.286058 0.580952 0.035133 0.040336
0 0.368713 0.592437 0.032544 0.043137
0 0.812500 0.275630 0.020710 0.033613
0 0.874630 0.274510 0.017012 0.031373
0 0.914016 0.339776 0.020340 0.036415
0 0.938425 0.089916 0.006287 0.008403
0 0.994453 0.402801 0.011095 0.023529
0 0.977811 0.453782 0.013314 0.019048
0 0.501479 0.478711 0.036982 0.065546
0 0.487981 0.389636 0.036612 0.038655
