0 0.468380 0.407843 0.025518 0.050420
0 0.380917 0.187955 0.019970 0.036415
0 0.301775 0.169468 0.017012 0.033053
0 0.151997 0.206443 0.017012 0.030812
0 0.752404 0.205042 0.018121 0.035854
0 0.172337 0.203922 0.017751 0.033613
0 0.240570 0.221008 0.017382 0.031933
0 0.332655 0.191877 0.018121 0.035294
0 0.318972 0.093838 0.015902 0.027451
0 0.528107 0.208123 0.017751 0.034174
0 0.699889 0.188796 0.019601 0.036975
0 0.535318 0.166947 0.018861 0.034734
0 0.344305 0.113445 0.016272 0.029692
0 0.904956 0.320168 0.016272 0.029692
0 0.197115 0.296359 0.020710 0.039216
0 0.607433 0.367787 0.027737 0.048739
0 0.252219 0.089076 0.015533 0.026891
0 0.227071 0.069468 0.014793 0.025770
0 0.385540 0.153782 0.019601 0.035294
0 0.105399 0.342017 0.020710 0.037535
0 0.589497 0.268347 0.020710 0.040336
0 0.469859 0.308403 0.023299 0.044258
0 0.223558 0.187675 0.016642 0.031373
0 0.219305 0.108683 0.014793 0.026891
0 0.440274 0.212325 0.018861 0.035854
0 0.281990 0.219608 0.024778 0.040336
0 0.921043 0.280392 0.015163 0.028571
0 0.337833 0.272269 0.027737 0.047059
0 0.768121 0.228852 0.017751 0.033053
0 0.636464 0.268627 0.022189 0.042017
0 0.273484 0.078431 0.014423 0.025770
0 0.832840 0.275070 0.016272 0.030252
0 0.289571 0.101681 0.015533 0.027451
0 0.120377 0.254902 0.018121 0.032493
0 0.870192 0.278992 0.018491 0.031373
0 0.600037 0.188235 0.023299 0.036975
0 0.245932 0.259664 0.019970 0.036415
0 0.906990 0.385714 0.016642 0.027451
0 0.978180 0.493838 0.019970 0.035294
0 0.309357 0.064706 0.014423 0.025210
0 0.838757 0.225490 0.016272 0.030812
0 0.318417 0.042857 0.012574 0.022969
0 0.990570 0.306443 0.015902 0.031373
0 0.222263 0.133613 0.019231 0.028571
0 0.780695 0.314286 0.020710 0.036975
0 0.176775 0.171709 0.015533 0.027451
0 0.976516 0.294398 0.015902 0.029692
0 0.263499 0.145938 0.016642 0.030812
0 0.645895 0.203361 0.021080 0.038095
0 0.748151 0.290756 0.022189 0.041457
0 0.827663 0.311485 0.017751 0.033613
0 0.157359 0.164706 0.016642 0.029132
0 0.109652 0.123810 0.012204 0.016807
0 0.108913 0.145378 0.016642 0.028571
0 0.140717 0.078711 0.011464 0.020728
0 0.180104 0.054902 0.009615 0.014566
0 0.187130 0.076471 0.012574 0.017367
0 0.169009 0.118487 0.014053 0.019608
0 0.178809 0.136415 0.012204 0.017367
0 0.189534 0.186275 0.013683 0.026331
0 0.206731 0.147339 0.016272 0.026891
0 0.238536 0.058263 0.011095 0.022409
0 0.248521 0.050700 0.011095 0.017367
0 0.281990 0.051261 0.007766 0.019608
0 0.181953 0.321569 0.020710 0.028011
0 0.191568 0.360784 0.035503 0.053782
0 0.128328 0.375630 0.023669 0.035294
0 0.151627 0.431373 0.031805 0.044818
0 0.276257 0.379552 0.025888 0.050980
0 0.295303 0.460504 0.039571 0.047059
0 0.182322 0.534734 0.026627 0.042017
0 0.239090 0.596919 0.033654 0.052101
0 0.539756 0.278431 0.026997 0.042577
0 0.707286 0.237535 0.019601 0.025770
0 0.710244 0.301120 0.026997 0.043137
0 0.679734 0.355742 0.029586 0.050420
0 0.668824 0.467227 0.032914 0.041457
0 0.777737 0.370028 0.023669 0.037535
0 0.871857 0.328011 0.021820 0.034174
0 0.852256 0.419328 0.026997 0.034174
0 0.852256 0.487115 0.026257 0.045378
0 0.929364 0.488235 0.025888 0.036415
0 0.914941 0.414566 0.027367 0.035854
0 0.942862 0.303922 0.015163 0.025210
0 0.954142 0.325770 0.016272 0.027451
0 0.961908 0.362185 0.018491 0.030812
0 0.994822 0.463305 0.010355 0.032493
0 0.986686 0.571709 0.025888 0.036415
