0 0.119638 0.192437 0.016642 0.029692
0 0.315089 0.070308 0.014053 0.025210
0 0.167530 0.146499 0.014053 0.022969
0 0.120747 0.234734 0.016642 0.030252
0 0.968750 0.266947 0.012944 0.022969
0 0.851146 0.573389 0.018861 0.036415
0 0.296043 0.583754 0.022559 0.042577
0 0.891087 0.610644 0.017382 0.032493
0 0.359837 0.097199 0.014053 0.025210
0 0.830806 0.106723 0.008506 0.015126
0 0.754993 0.232773 0.018861 0.033053
0 0.261280 0.134174 0.011464 0.020728
0 0.878883 0.144258 0.008506 0.015126
0 0.978735 0.395798 0.010725 0.019608
0 0.213572 0.078151 0.012944 0.028571
0 0.123706 0.274230 0.023299 0.035294
0 0.283654 0.104482 0.019231 0.033053
0 0.417160 0.209244 0.022189 0.039776
0 0.366309 0.593838 0.029956 0.036975
0 0.547892 0.327451 0.026997 0.044258
0 0.817493 0.279272 0.021820 0.036415
0 0.978735 0.456863 0.013683 0.021849
0 0.995747 0.413445 0.008506 0.023529
0 0.740385 0.614006 0.025148 0.033613
0 0.973188 0.633053 0.026257 0.031373
