0 0.545673 0.207843 0.019601 0.039216
0 0.183987 0.189076 0.012944 0.024090
0 0.261464 0.077871 0.012574 0.023529
0 0.404956 0.289916 0.019231 0.038655
0 0.439164 0.161905 0.017382 0.031373
0 0.784209 0.308683 0.024038 0.035854
0 0.291235 0.229692 0.021820 0.038095
0 0.766087 0.235854 0.018121 0.033613
0 0.755178 0.538095 0.034024 0.046499
0 0.207655 0.193277 0.015902 0.030252
0 0.165126 0.146218 0.011464 0.022409
0 0.375000 0.252661 0.025148 0.045938
0 0.915865 0.448459 0.018121 0.038655
0 0.233358 0.051541 0.009615 0.017927
0 0.466716 0.169188 0.016272 0.030252
0 0.701923 0.299720 0.017751 0.035854
0 0.972078 0.487675 0.014423 0.026331
0 0.359098 0.203361 0.019970 0.034734
0 0.952663 0.290196 0.017751 0.026891
0 0.232249 0.133053 0.017012 0.026331
0 0.321746 0.134734 0.014053 0.030812
0 0.628513 0.187675 0.018861 0.036975
0 0.316568 0.052101 0.008876 0.016807
0 0.806028 0.237535 0.021820 0.035854
0 0.106694 0.294958 0.020340 0.027451
0 0.159948 0.186555 0.014423 0.028011
0 0.290126 0.075910 0.010725 0.020728
0 0.332470 0.366387 0.017012 0.034734
0 0.841716 0.405042 0.028107 0.039216
0 0.848928 0.248459 0.015902 0.031933
0 0.284024 0.044258 0.008876 0.017927
0 0.668824 0.222969 0.021820 0.039216
0 0.308987 0.029972 0.009246 0.016246
0 0.612426 0.291036 0.021450 0.045378
0 0.106139 0.257983 0.022929 0.034174
0 0.154031 0.158543 0.014423 0.024650
0 0.186391 0.156863 0.018491 0.022409
0 0.201553 0.138936 0.014053 0.022409
0 0.204142 0.105602 0.012574 0.020728
0 0.206916 0.078431 0.015902 0.021289
0 0.263868 0.160784 0.019601 0.033613
0 0.267382 0.143697 0.019970 0.020728
0 0.309172 0.152381 0.015533 0.030252
0 0.335799 0.069188 0.015533 0.026331
0 0.361686 0.142577 0.021450 0.036415
0 0.301775 0.405042 0.034024 0.050420
0 0.229290 0.421569 0.032544 0.052101
0 0.107988 0.461905 0.034763 0.047619
0 0.150888 0.561905 0.034763 0.060504
0 0.216716 0.535574 0.032544 0.048179
0 0.400518 0.541737 0.028107 0.058263
0 0.297707 0.693838 0.036243 0.054342
0 0.425296 0.472549 0.026627 0.049860
0 0.405880 0.366947 0.026997 0.049300
0 0.465976 0.222689 0.028846 0.042017
0 0.491124 0.296359 0.025148 0.048179
0 0.615570 0.217367 0.021080 0.034734
0 0.682507 0.209244 0.017382 0.026331
0 0.592641 0.343137 0.027737 0.036415
0 0.651257 0.351261 0.028107 0.045938
0 0.628143 0.441737 0.030695 0.048739
0 0.737796 0.290476 0.022189 0.042017
0 0.721709 0.397479 0.027737 0.043137
0 0.683617 0.523810 0.034393 0.057143
0 0.778476 0.443978 0.029586 0.040896
0 0.786797 0.350420 0.023299 0.042017
0 0.841901 0.291877 0.021080 0.031373
0 0.841346 0.336695 0.026627 0.044818
0 0.887019 0.250140 0.020340 0.029692
0 0.896820 0.314006 0.022929 0.035294
0 0.912352 0.297759 0.013314 0.024090
0 0.932322 0.343417 0.017751 0.030252
0 0.903846 0.399160 0.025888 0.030812
0 0.944157 0.395518 0.018491 0.030252
0 0.975037 0.524930 0.023299 0.033613
0 0.726516 0.022969 0.009246 0.015686
