0 0.196875 0.333333 0.019792 0.048354
0 0.589193 0.013632 0.011719 0.026235
0 0.663802 0.056584 0.013021 0.028807
0 0.891536 0.215021 0.012760 0.029835
0 0.860286 0.220679 0.013281 0.030864
0 0.380990 0.108282 0.013542 0.030350
0 0.744401 0.324846 0.015885 0.035494
0 0.452734 0.305041 0.019531 0.047325
0 0.124609 0.416152 0.020573 0.054527
0 0.040104 0.271862 0.013021 0.032407
0 0.093880 0.374486 0.019531 0.047325
0 0.711719 0.079218 0.013021 0.030864
0 0.880599 0.262346 0.012240 0.027778
0 0.550391 0.022891 0.011719 0.026235
0 0.428385 0.240998 0.017188 0.041667
0 0.922656 0.236368 0.015104 0.033436
0 0.043750 0.349794 0.015625 0.040123
0 0.591146 0.042695 0.011979 0.027778
0 0.805990 0.240741 0.016667 0.043210
0 0.545443 0.044239 0.010677 0.024691
0 0.573828 0.106481 0.013802 0.030864
0 0.803255 0.298611 0.014844 0.036523
0 0.032682 0.406121 0.019010 0.045782
0 0.945182 0.188529 0.012760 0.027263
0 0.604818 0.087191 0.013281 0.028292
0 0.950000 0.181327 0.009896 0.026235
0 0.505339 0.025720 0.012240 0.025720
0 0.684635 0.309928 0.021875 0.047840
0 0.666667 0.352623 0.020313 0.047840
0 0.596224 0.162809 0.013281 0.032407
0 0.487891 0.022891 0.012240 0.027263
0 0.573828 0.297840 0.018490 0.041152
0 0.870052 0.201132 0.013021 0.029835
0 0.006250 0.383745 0.011979 0.034979
0 0.026693 0.319444 0.014844 0.031893
0 0.106510 0.317901 0.014063 0.031893
0 0.121484 0.317901 0.019531 0.037037
0 0.157161 0.378601 0.022135 0.045267
0 0.256771 0.367027 0.028646 0.045782
0 0.296615 0.471451 0.027083 0.072531
0 0.363802 0.349794 0.028646 0.067901
0 0.460547 0.412551 0.028385 0.058642
0 0.478776 0.391204 0.032031 0.050926
0 0.589323 0.338992 0.026042 0.053498
0 0.644141 0.277778 0.020052 0.049383
0 0.731120 0.266975 0.017969 0.043210
0 0.843490 0.316101 0.019271 0.032407
0 0.889583 0.311986 0.015625 0.034465
0 0.941536 0.388117 0.014844 0.030350
0 0.925130 0.418467 0.020052 0.031379
0 0.995313 0.336677 0.009375 0.030350
0 0.952083 0.363426 0.008854 0.016975
0 0.921745 0.197531 0.009635 0.021605
0 0.951172 0.227623 0.012240 0.027263
0 0.980078 0.141975 0.009635 0.017490
0 0.983594 0.166409 0.008333 0.021091
0 0.990104 0.212706 0.008854 0.020062
0 0.983333 0.240998 0.009896 0.022119
0 0.861589 0.125772 0.009635 0.019033
0 0.840234 0.085391 0.010156 0.018519
0 0.806120 0.098508 0.013281 0.024177
0 0.783854 0.089763 0.013542 0.019033
0 0.758984 0.072016 0.010156 0.018519
0 0.688151 0.054012 0.010156 0.023663
0 0.631380 0.041667 0.015885 0.030864
0 0.509375 0.010031 0.013021 0.015947
