0 0.847786 0.188272 0.011198 0.025720
0 0.907422 0.222479 0.010156 0.022119
0 0.583203 0.119342 0.013802 0.030864
0 0.048568 0.307356 0.014844 0.033436
0 0.033203 0.281379 0.014323 0.036008
0 0.607552 0.085391 0.011979 0.027778
0 0.039193 0.343107 0.015885 0.037037
0 0.616276 0.162551 0.012760 0.029835
0 0.928385 0.294753 0.011458 0.027778
0 0.017839 0.416409 0.015365 0.037551
0 0.875521 0.172068 0.010937 0.026235
0 0.272656 0.127829 0.020313 0.041667
0 0.266667 0.006430 0.016146 0.011831
0 0.228646 0.008230 0.011458 0.015432
0 0.711458 0.322788 0.023438 0.043724
0 0.674479 0.282407 0.019792 0.042181
0 0.876302 0.209362 0.014063 0.030864
0 0.972135 0.345679 0.012500 0.031893
0 0.978385 0.303498 0.012500 0.028807
0 0.921224 0.210648 0.012240 0.025206
0 0.902995 0.115484 0.007552 0.016975
