0 0.109896 0.295267 0.022396 0.053498
0 0.274870 0.270062 0.019531 0.042181
0 0.885677 0.224023 0.012500 0.027263
0 0.670964 0.318930 0.022656 0.053498
0 0.752734 0.311471 0.019010 0.039609
0 0.611719 0.131687 0.013021 0.030864
0 0.153646 0.318416 0.020313 0.043210
0 0.624219 0.277778 0.023438 0.059671
0 0.078646 0.329733 0.021354 0.044239
0 0.610417 0.082819 0.011979 0.026749
0 0.223307 0.286265 0.023177 0.048868
0 0.676302 0.255916 0.020833 0.045782
0 0.346615 0.422840 0.032292 0.063786
0 0.573958 0.101852 0.016667 0.041152
0 0.779167 0.281636 0.014063 0.033436
0 0.744792 0.257716 0.015104 0.034979
0 0.857422 0.293467 0.017448 0.036523
0 0.905078 0.239455 0.011719 0.027263
0 0.933333 0.203189 0.010937 0.025720
0 0.903776 0.291667 0.013281 0.026749
0 0.280469 0.382459 0.025521 0.059156
0 0.955469 0.203189 0.009896 0.023663
0 0.463672 0.691872 0.039323 0.100823
0 0.821354 0.286523 0.014583 0.034979
0 0.432292 0.317130 0.023958 0.057099
0 0.021745 0.276492 0.017969 0.035494
0 0.938672 0.255144 0.013802 0.028807
0 0.966016 0.293981 0.010156 0.028292
0 0.838411 0.358796 0.022656 0.061214
0 0.037370 0.290638 0.019531 0.030864
0 0.568620 0.314300 0.023177 0.053498
0 0.268099 0.318416 0.024219 0.054527
0 0.047396 0.327160 0.019792 0.036008
0 0.918099 0.252829 0.013281 0.025206
0 0.042448 0.404321 0.020833 0.050412
0 0.012891 0.388374 0.025260 0.051440
0 0.222396 0.385031 0.022396 0.056070
0 0.802214 0.287809 0.021615 0.040638
0 0.129427 0.431070 0.022917 0.054527
0 0.888542 0.339249 0.015104 0.037551
0 0.938021 0.289095 0.014063 0.027778
0 0.997656 0.225051 0.004687 0.021091
0 0.445312 0.243827 0.040625 0.065844
0 0.548438 0.268519 0.034375 0.061728
0 0.715104 0.296811 0.027083 0.064815
0 0.797135 0.352881 0.030729 0.072016
0 0.934896 0.420267 0.031250 0.050412
0 0.976042 0.269290 0.014063 0.026235
0 0.956120 0.243827 0.014323 0.027778
0 0.979036 0.216307 0.010156 0.028292
0 0.986849 0.252572 0.009635 0.021605
0 0.995052 0.253086 0.008333 0.022634
