0 0.943750 0.267490 0.011979 0.027778
0 0.055729 0.343621 0.018229 0.043210
0 0.873307 0.230710 0.012240 0.028292
0 0.459635 0.234825 0.020313 0.052984
0 0.958073 0.232767 0.010937 0.024177
0 0.144010 0.318416 0.021354 0.045267
0 0.103646 0.286008 0.015104 0.036008
0 0.092578 0.335134 0.020052 0.049897
0 0.557292 0.417438 0.025521 0.056070
0 0.341406 0.324846 0.022396 0.050926
0 0.431380 0.351080 0.022656 0.052984
0 0.785937 0.290123 0.018229 0.039095
0 0.929818 0.200103 0.010156 0.021605
0 0.663411 0.286780 0.015885 0.036523
0 0.857812 0.255658 0.015104 0.031893
0 0.946094 0.216564 0.010417 0.022634
0 0.621354 0.361883 0.019271 0.045782
0 0.612760 0.289095 0.016667 0.040123
0 0.182552 0.392747 0.022396 0.055041
0 0.032292 0.279835 0.015104 0.036008
0 0.576172 0.261317 0.016927 0.038066
0 0.732031 0.250772 0.014063 0.033436
0 0.400521 0.273405 0.019792 0.044753
0 0.917578 0.229167 0.014323 0.025206
0 0.695833 0.355967 0.020833 0.046296
0 0.260937 0.422582 0.026562 0.067387
0 0.995443 0.237654 0.009115 0.024691
0 0.306120 0.424126 0.026823 0.058128
0 0.511198 0.258230 0.021875 0.046296
0 0.380078 0.233796 0.019531 0.045782
0 0.007943 0.428241 0.015365 0.045782
0 0.982031 0.225309 0.010417 0.022634
0 0.025651 0.344393 0.021094 0.044753
0 0.015495 0.295010 0.013802 0.036523
0 0.017708 0.271605 0.010937 0.026749
0 0.209635 0.287294 0.017708 0.036523
0 0.230859 0.290638 0.029427 0.060700
0 0.244922 0.354938 0.025781 0.040123
0 0.470182 0.307356 0.024740 0.054012
0 0.637500 0.240741 0.017188 0.038066
0 0.754036 0.331276 0.026823 0.054527
0 0.819531 0.265689 0.017188 0.043724
0 0.847917 0.323045 0.018229 0.038066
0 0.886068 0.305813 0.015365 0.036523
0 0.945052 0.311471 0.011979 0.026235
0 0.979167 0.243570 0.008854 0.026235
0 0.989974 0.231996 0.005990 0.020576
0 0.972917 0.210905 0.007812 0.024691
0 0.994010 0.208333 0.007812 0.017490
