0 0.567578 0.318158 0.016927 0.042695
0 0.849740 0.243313 0.015625 0.036008
0 0.007161 0.331019 0.012760 0.029321
0 0.155729 0.313529 0.019271 0.044753
0 0.590234 0.240998 0.017969 0.043724
0 0.035286 0.401492 0.019531 0.042695
0 0.734375 0.207819 0.016667 0.038066
0 0.466406 0.276235 0.025000 0.055556
0 0.945182 0.246656 0.012240 0.026235
0 0.839844 0.373457 0.014583 0.033951
0 0.142708 0.280093 0.017188 0.037551
0 0.794010 0.257459 0.015104 0.034465
0 0.062240 0.335134 0.018750 0.040638
0 0.530208 0.261060 0.015625 0.035494
0 0.339974 0.256687 0.019531 0.049383
0 0.634766 0.232253 0.012760 0.029321
0 0.094922 0.371399 0.020052 0.048354
0 0.828906 0.270319 0.015625 0.035494
0 0.295833 0.244856 0.019271 0.049383
0 0.887370 0.340792 0.013802 0.033436
0 0.169922 0.352366 0.023698 0.051440
0 0.813411 0.325874 0.012240 0.030350
0 0.899740 0.283436 0.012500 0.029835
0 0.675781 0.253858 0.015104 0.037551
0 0.934505 0.282407 0.012240 0.027778
0 0.020964 0.270319 0.013281 0.031379
0 0.450000 0.253601 0.014583 0.039095
0 0.925521 0.241255 0.013542 0.026749
0 0.972266 0.231481 0.012760 0.024691
0 0.031380 0.299897 0.019531 0.044239
0 0.218229 0.284722 0.019271 0.041667
0 0.937500 0.327675 0.014583 0.034979
0 0.989714 0.264918 0.011719 0.024691
0 0.217188 0.236368 0.017708 0.038580
0 0.011198 0.607253 0.021875 0.047840
0 0.261719 0.441358 0.031771 0.057613
0 0.302734 0.329218 0.020052 0.040123
0 0.361328 0.303755 0.026823 0.056070
0 0.658854 0.289352 0.019792 0.037551
0 0.722786 0.296811 0.019531 0.037037
0 0.726302 0.347479 0.022396 0.037551
0 0.762630 0.276235 0.019010 0.032922
0 0.859245 0.313272 0.016927 0.033951
0 0.874870 0.295525 0.013802 0.028292
0 0.912370 0.215278 0.013802 0.030350
0 0.980469 0.351337 0.015104 0.029835
0 0.958464 0.231996 0.011719 0.027778
0 0.983333 0.260545 0.008854 0.020062
0 0.987240 0.215278 0.010417 0.023148
