0 0.155208 0.306842 0.020313 0.043724
0 0.054167 0.275463 0.015104 0.033436
0 0.917839 0.227109 0.012240 0.028292
0 0.668620 0.212191 0.017448 0.037551
0 0.515365 0.279321 0.029687 0.055556
0 0.753646 0.219907 0.015625 0.035494
0 0.276953 0.342335 0.028906 0.048868
0 0.898047 0.264403 0.014844 0.032922
0 0.927995 0.297840 0.013281 0.031893
0 0.888932 0.279835 0.012760 0.028807
0 0.714453 0.252572 0.015365 0.037037
0 0.841797 0.330247 0.016406 0.038066
0 0.862500 0.235854 0.013021 0.030350
0 0.099089 0.318930 0.017448 0.041152
0 0.036849 0.264660 0.015365 0.035494
0 0.394010 0.274949 0.018229 0.042695
0 0.076823 0.387860 0.020833 0.045267
0 0.820182 0.245370 0.013802 0.030864
0 0.457161 0.256687 0.018490 0.041152
0 0.018359 0.343107 0.020052 0.047325
0 0.204297 0.330761 0.022656 0.048354
0 0.734245 0.354167 0.017969 0.042695
0 0.582161 0.229681 0.022135 0.046811
0 0.011849 0.284208 0.016406 0.037551
0 0.747786 0.312757 0.017969 0.041152
0 0.850911 0.248714 0.013802 0.031379
0 0.597396 0.302469 0.018229 0.046296
0 0.017969 0.268776 0.012500 0.031379
0 0.113932 0.422582 0.024219 0.055041
0 0.223438 0.272634 0.019792 0.038066
0 0.638542 0.299640 0.022396 0.045782
0 0.036458 0.328704 0.014583 0.037037
0 0.941276 0.272377 0.013281 0.031379
0 0.519271 0.245628 0.020833 0.042695
0 0.924870 0.343107 0.011198 0.025720
0 0.950000 0.253858 0.012500 0.028292
0 0.977734 0.270062 0.012240 0.028807
0 0.026432 0.434156 0.021615 0.030864
0 0.153776 0.354424 0.028385 0.055556
0 0.313672 0.268261 0.028906 0.056070
0 0.396615 0.238940 0.022917 0.037551
0 0.438932 0.346965 0.027344 0.057099
0 0.575130 0.326389 0.017969 0.036523
0 0.690625 0.267490 0.021354 0.044239
0 0.802344 0.309414 0.022396 0.047840
0 0.878776 0.340021 0.019010 0.041152
0 0.958984 0.236883 0.010156 0.022119
0 0.980339 0.229938 0.009115 0.024691
0 0.969531 0.225309 0.011458 0.020576
