0 0.250000 0.247428 0.018750 0.042181
0 0.914974 0.277263 0.011719 0.025720
0 0.851302 0.245370 0.011979 0.026749
0 0.446354 0.265175 0.019792 0.041667
0 0.893750 0.228138 0.012500 0.027263
0 0.800391 0.272891 0.014323 0.033436
0 0.932682 0.197531 0.011198 0.026749
0 0.352344 0.058899 0.009896 0.023148
0 0.393880 0.318930 0.020573 0.047325
0 0.572656 0.294239 0.015104 0.036008
0 0.420443 0.279321 0.022135 0.050412
0 0.580859 0.224280 0.015365 0.038066
0 0.908594 0.222222 0.011979 0.025720
0 0.979818 0.210905 0.011719 0.026749
0 0.066016 0.432356 0.024740 0.057099
0 0.625000 0.312500 0.015625 0.037551
0 0.717708 0.268519 0.013021 0.029835
0 0.958203 0.208848 0.011719 0.025720
0 0.397396 0.231481 0.021354 0.049383
0 0.142318 0.348508 0.022656 0.049897
0 0.348047 0.265947 0.020573 0.042181
0 0.826823 0.290895 0.016146 0.037551
0 0.663411 0.260802 0.014323 0.038066
0 0.978776 0.240998 0.011719 0.027263
0 0.885677 0.319702 0.013021 0.028292
0 0.018229 0.341049 0.019271 0.044239
0 0.068099 0.261317 0.014844 0.032922
0 0.871094 0.242284 0.015104 0.031893
0 0.152604 0.245113 0.017708 0.044753
0 0.921354 0.203961 0.010937 0.024177
0 0.893229 0.281893 0.011458 0.026749
0 0.937109 0.250257 0.011198 0.025206
0 0.840495 0.277263 0.012760 0.029835
0 0.938411 0.154578 0.009115 0.020062
0 0.088151 0.327932 0.024740 0.056070
0 0.506120 0.415381 0.018490 0.044753
0 0.225781 0.358539 0.020833 0.052469
0 0.919141 0.245113 0.010677 0.024177
0 0.119271 0.629887 0.028646 0.065329
0 0.140885 0.436986 0.032813 0.052984
0 0.111979 0.398663 0.021354 0.033951
0 0.004687 0.391975 0.008854 0.036008
0 0.002734 0.327418 0.004948 0.029321
0 0.020964 0.279321 0.016406 0.040123
0 0.044141 0.264146 0.015885 0.036523
0 0.276693 0.318416 0.025260 0.051440
0 0.341927 0.305298 0.025000 0.059156
0 0.515104 0.226852 0.022396 0.047325
0 0.653255 0.363426 0.029427 0.046811
0 0.701953 0.294239 0.023698 0.039095
0 0.753385 0.317387 0.021354 0.044239
0 0.869661 0.286523 0.013281 0.028807
0 0.849349 0.221965 0.015365 0.025206
0 0.909896 0.341821 0.013542 0.031379
0 0.961198 0.226595 0.011458 0.023148
