0 0.202214 0.175669 0.015365 0.035494
0 0.065625 0.307356 0.018750 0.039609
0 0.161979 0.184928 0.014583 0.032407
0 0.745443 0.260802 0.014844 0.032922
0 0.302344 0.245113 0.020833 0.050926
0 0.057422 0.356224 0.020573 0.039609
0 0.209245 0.233796 0.015885 0.039609
0 0.487760 0.064558 0.011458 0.027263
0 0.606771 0.079475 0.011979 0.028292
0 0.022786 0.386574 0.015885 0.038580
0 0.776693 0.333591 0.016406 0.039609
0 0.286589 0.327932 0.023177 0.054012
0 0.252604 0.251029 0.016146 0.039095
0 0.435156 0.124486 0.015104 0.034979
0 0.351693 0.334619 0.021094 0.049897
0 0.837500 0.197016 0.012500 0.026749
0 0.570443 0.091564 0.012240 0.027778
0 0.869792 0.302984 0.013542 0.033951
0 0.929557 0.266461 0.012760 0.029835
0 0.861068 0.253858 0.013802 0.031379
0 0.812370 0.310185 0.014323 0.030864
0 0.033203 0.271348 0.017448 0.038580
0 0.612891 0.138632 0.012760 0.031379
0 0.023177 0.277521 0.014063 0.035494
0 0.356120 0.210648 0.017969 0.041667
0 0.096484 0.397891 0.020573 0.047840
0 0.965755 0.193930 0.010156 0.023663
0 0.110937 0.364969 0.020833 0.049897
0 0.951693 0.247685 0.010677 0.026235
0 0.165755 0.336934 0.023177 0.047325
0 0.955469 0.225823 0.010417 0.023663
0 0.995964 0.240484 0.008073 0.018004
0 0.507161 0.365741 0.020052 0.044239
0 0.857943 0.350823 0.015885 0.037037
0 0.974479 0.240741 0.010417 0.023663
0 0.983984 0.200360 0.010156 0.022119
0 0.173958 0.411523 0.021875 0.049383
0 0.388802 0.355195 0.019271 0.047840
0 0.527995 0.320216 0.019531 0.046811
0 0.195964 0.523920 0.021094 0.043724
0 0.468620 0.239455 0.015365 0.029321
0 0.250260 0.376800 0.016146 0.051955
0 0.423568 0.181327 0.022135 0.040638
0 0.596875 0.289095 0.011458 0.031893
0 0.594661 0.368827 0.013802 0.031893
0 0.636589 0.353138 0.012240 0.034465
0 0.664453 0.304784 0.013802 0.034465
0 0.688151 0.337191 0.016927 0.037551
0 0.816406 0.208333 0.008854 0.030864
0 0.893099 0.306327 0.011198 0.021091
0 0.906510 0.282665 0.010417 0.025206
0 0.934896 0.339506 0.009375 0.026749
0 0.963802 0.306327 0.009896 0.022119
0 0.947396 0.311728 0.010417 0.027778
0 0.997526 0.216821 0.004948 0.008745
0 0.984896 0.240998 0.007812 0.016975
0 0.994792 0.403549 0.010417 0.059156
