0 0.019922 0.288323 0.011719 0.028292
0 0.426563 0.072788 0.011979 0.028292
0 0.947786 0.160751 0.010156 0.022119
0 0.381510 0.083333 0.010417 0.024691
0 0.484896 0.005916 0.008333 0.010802
0 0.636458 0.164866 0.014583 0.035494
0 0.373958 0.067644 0.009896 0.022119
0 0.624089 0.087449 0.010677 0.022634
0 0.372266 0.100309 0.011719 0.025720
0 0.605599 0.103652 0.012760 0.030350
0 0.978385 0.179270 0.013021 0.024177
0 0.269792 0.102881 0.009896 0.029835
0 0.395052 0.057356 0.009375 0.025206
0 0.979688 0.252058 0.009896 0.020576
0 0.990234 0.271348 0.015365 0.025206
