0 0.232161 0.136317 0.015885 0.036008
0 0.331250 0.296039 0.017708 0.041667
0 0.967839 0.250772 0.012240 0.029321
0 0.945573 0.245628 0.011458 0.026235
0 0.076432 0.398663 0.018490 0.046296
0 0.926562 0.274691 0.013021 0.030864
0 0.567839 0.245628 0.017969 0.040638
0 0.298698 0.395576 0.027604 0.054527
0 0.054036 0.290638 0.017969 0.042181
0 0.915365 0.202418 0.009896 0.021091
0 0.447396 0.230967 0.016146 0.038066
0 0.058594 0.328704 0.020313 0.043210
0 0.847135 0.278292 0.010417 0.025720
0 0.412500 0.272377 0.019271 0.042695
0 0.175781 0.303241 0.020833 0.044753
0 0.123568 0.318930 0.019531 0.047325
0 0.624870 0.268004 0.018490 0.043210
0 0.910026 0.320988 0.011719 0.027778
0 0.459766 0.323817 0.023698 0.055041
0 0.816016 0.334362 0.011719 0.026749
0 0.696094 0.280350 0.016667 0.039095
0 0.233724 0.355453 0.028385 0.064815
0 0.563932 0.308128 0.023698 0.050412
0 0.095573 0.338477 0.016667 0.039095
0 0.974609 0.183899 0.009635 0.020062
0 0.976172 0.242284 0.012240 0.028807
0 0.328255 0.373457 0.021615 0.054527
0 0.703646 0.381173 0.020313 0.047325
0 0.798698 0.254372 0.013542 0.029321
0 0.141927 0.417438 0.025000 0.062243
0 0.496615 0.279835 0.020833 0.044239
0 0.966927 0.191615 0.009896 0.021091
0 0.172526 0.381944 0.021094 0.045782
0 0.767578 0.296553 0.016406 0.035494
0 0.027214 0.279835 0.015885 0.037037
0 0.395703 0.416924 0.022656 0.049897
0 0.012109 0.416152 0.019010 0.045267
0 0.980078 0.216307 0.010677 0.023148
0 0.211979 0.470422 0.028125 0.063272
0 0.526302 0.324331 0.025000 0.061214
0 0.704557 0.323560 0.023177 0.044239
0 0.779427 0.363169 0.019792 0.038066
0 0.871615 0.358282 0.018229 0.042695
0 0.865755 0.249228 0.018490 0.036523
0 0.879948 0.215021 0.015104 0.037037
0 0.866276 0.151492 0.009635 0.020062
0 0.898047 0.283951 0.014844 0.028807
0 0.914062 0.229424 0.013021 0.027778
0 0.930469 0.190329 0.011458 0.030864
0 0.946484 0.212706 0.012240 0.022119
0 0.956380 0.276235 0.013281 0.021605
0 0.993099 0.192901 0.008073 0.020576
