0 0.444401 0.094650 0.015365 0.030864
0 0.226562 0.168210 0.014583 0.033951
0 0.136589 0.319187 0.022135 0.048868
0 0.391016 0.271605 0.021094 0.049383
0 0.937760 0.238683 0.010937 0.024691
0 0.190104 0.177469 0.016146 0.037037
0 0.282161 0.397119 0.022135 0.054527
0 0.754036 0.252058 0.013802 0.034979
0 0.179557 0.270833 0.019010 0.045782
0 0.576172 0.273920 0.017448 0.040638
0 0.793229 0.319444 0.016667 0.041152
0 0.657813 0.279321 0.019271 0.045267
0 0.462240 0.209362 0.016667 0.038066
0 0.106380 0.302984 0.020052 0.044239
0 0.960026 0.255401 0.011198 0.027263
0 0.498568 0.280607 0.018490 0.042695
0 0.914193 0.248971 0.011198 0.028807
0 0.275781 0.262603 0.017188 0.039609
0 0.680729 0.237397 0.015625 0.036523
0 0.398958 0.336934 0.022396 0.053498
0 0.657031 0.212963 0.014583 0.032922
0 0.865755 0.277778 0.014323 0.038066
0 0.061198 0.375772 0.015625 0.038580
0 0.877604 0.265947 0.013021 0.033951
0 0.031510 0.277521 0.015104 0.032407
0 0.993099 0.253858 0.011198 0.027263
0 0.785807 0.253086 0.013802 0.033951
0 0.993490 0.331790 0.011458 0.027778
0 0.041406 0.369599 0.016667 0.039609
0 0.600781 0.075360 0.011458 0.026235
0 0.812891 0.174126 0.010677 0.025206
0 0.029948 0.338477 0.017708 0.041152
0 0.826172 0.263117 0.012240 0.029321
0 0.574609 0.337191 0.019531 0.048868
0 0.006250 0.408436 0.011979 0.050412
0 0.108724 0.420267 0.026823 0.044239
0 0.021875 0.219136 0.017188 0.028807
0 0.339193 0.254887 0.018490 0.049897
0 0.578776 0.088735 0.014323 0.031379
0 0.594792 0.125772 0.014583 0.029321
0 0.715885 0.293467 0.021875 0.045782
0 0.811589 0.280864 0.016406 0.038066
0 0.840755 0.319959 0.018490 0.045267
0 0.890495 0.312500 0.014844 0.035494
0 0.913411 0.310442 0.012760 0.029321
0 0.943229 0.301698 0.012500 0.029321
0 0.964974 0.287809 0.010677 0.029321
0 0.980859 0.290381 0.010677 0.028292
0 0.987760 0.283951 0.010937 0.030864
