0 0.260937 0.052212 0.011458 0.026235
0 0.279167 0.012603 0.010937 0.024177
0 0.228255 0.278549 0.019531 0.041667
0 0.650911 0.060442 0.013281 0.028292
0 0.323047 0.012860 0.012240 0.024691
0 0.362109 0.048354 0.010156 0.023663
0 0.586458 0.087706 0.013021 0.030350
0 0.506901 0.072531 0.013802 0.030864
0 0.613151 0.102623 0.012240 0.027263
0 0.059635 0.204475 0.014583 0.030350
0 0.006380 0.317130 0.012240 0.036523
0 0.408203 0.015689 0.011198 0.024177
0 0.129688 0.260545 0.018750 0.040638
0 0.033984 0.411008 0.017969 0.043210
0 0.152734 0.297325 0.017969 0.043210
0 0.428906 0.011060 0.010937 0.021091
0 0.055729 0.346193 0.019792 0.036008
0 0.606120 0.319187 0.022656 0.058128
0 0.015495 0.282150 0.012760 0.026235
0 0.303906 0.054527 0.012500 0.027778
0 0.751302 0.273920 0.020313 0.046811
0 0.588932 0.134259 0.012240 0.029835
0 0.025000 0.268004 0.011458 0.023663
0 0.079427 0.331790 0.018229 0.040123
0 0.107292 0.372942 0.020833 0.045267
0 0.213542 0.388117 0.025000 0.050926
0 0.346354 0.254372 0.022917 0.043724
0 0.338151 0.339763 0.024219 0.040638
0 0.356510 0.013117 0.011979 0.023148
0 0.522917 0.045525 0.013542 0.025206
0 0.574870 0.051698 0.015365 0.027263
0 0.606641 0.029835 0.013802 0.026749
0 0.723437 0.078189 0.011979 0.021605
0 0.452214 0.276235 0.025260 0.048354
0 0.476172 0.361883 0.024219 0.048868
0 0.578255 0.300412 0.024740 0.043210
0 0.725781 0.329218 0.020313 0.042181
0 0.811979 0.345165 0.020833 0.033951
0 0.836589 0.270833 0.016927 0.038580
0 0.879427 0.202418 0.012500 0.025206
0 0.993359 0.400720 0.013281 0.038066
0 0.995443 0.213220 0.009115 0.021091
0 0.952865 0.168724 0.008333 0.021605
0 0.963802 0.161780 0.007812 0.013889
0 0.918229 0.124743 0.009896 0.019033
0 0.944401 0.112140 0.006510 0.012346
0 0.889974 0.134774 0.010677 0.021605
0 0.845964 0.099023 0.007552 0.013889
0 0.847917 0.127829 0.009896 0.020062
0 0.793229 0.077160 0.007812 0.018519
0 0.772005 0.118056 0.013281 0.026235
0 0.455599 0.004630 0.007031 0.008230
0 0.310677 0.032150 0.010937 0.023148
