0 0.792318 0.328961 0.015885 0.037551
0 0.641016 0.355967 0.023698 0.047325
0 0.747656 0.241770 0.015104 0.034979
0 0.246745 0.359568 0.020052 0.046296
0 0.611068 0.283951 0.018490 0.043210
0 0.713151 0.297840 0.017969 0.038066
0 0.555469 0.042953 0.011458 0.026235
0 0.549740 0.276235 0.019792 0.046296
0 0.024609 0.329475 0.016927 0.037551
0 0.306771 0.348251 0.023438 0.052469
0 0.871354 0.244342 0.011458 0.027778
0 0.796094 0.277778 0.014063 0.033951
0 0.209115 0.341049 0.018750 0.043210
0 0.909115 0.210648 0.011979 0.027263
0 0.573307 0.018261 0.011198 0.021091
0 0.536198 0.020062 0.011979 0.027778
0 0.029948 0.279064 0.013542 0.034465
0 0.812240 0.337449 0.016146 0.038066
0 0.375000 0.109825 0.014583 0.032407
0 0.609635 0.089763 0.013021 0.029321
0 0.271875 0.307099 0.022917 0.062757
0 0.479687 0.009516 0.011979 0.018004
0 0.573047 0.099023 0.014323 0.029321
0 0.979557 0.202932 0.010677 0.023148
0 0.062109 0.338992 0.018490 0.038066
0 0.861458 0.192387 0.010937 0.023663
0 0.303255 0.415123 0.026302 0.061728
0 0.895703 0.282407 0.011719 0.027778
0 0.932292 0.179527 0.008333 0.022634
0 0.498307 0.008230 0.011719 0.015432
0 0.970964 0.230453 0.009635 0.021605
0 0.508203 0.007973 0.011198 0.014918
0 0.994010 0.331533 0.009375 0.033436
0 0.414323 0.834362 0.039583 0.093621
0 0.006380 0.381173 0.012240 0.039095
0 0.111458 0.364198 0.021354 0.048354
0 0.126562 0.323302 0.019792 0.044753
0 0.182552 0.380401 0.021354 0.045782
0 0.409505 0.374486 0.028906 0.054527
0 0.410286 0.312243 0.025260 0.049383
0 0.383333 0.284465 0.024479 0.047325
0 0.492578 0.335391 0.027865 0.052469
0 0.494401 0.303498 0.017969 0.021605
0 0.905599 0.380658 0.018490 0.040123
0 0.930208 0.371142 0.014063 0.032407
0 0.856250 0.279321 0.015104 0.032922
0 0.841536 0.256944 0.014844 0.029321
0 0.885807 0.230195 0.011198 0.023148
0 0.921745 0.181842 0.008594 0.021091
0 0.963151 0.142747 0.008073 0.014918
0 0.952734 0.221451 0.011719 0.027263
0 0.964323 0.199846 0.007812 0.019033
0 0.991536 0.221451 0.010677 0.022119
0 0.955729 0.353652 0.015625 0.040638
0 0.602344 0.159979 0.017188 0.030864
0 0.541016 0.006430 0.009635 0.011831
0 0.124870 0.474794 0.030469 0.073045
