0 0.942839 0.294239 0.012240 0.029835
0 0.309635 0.197016 0.014063 0.032922
0 0.763021 0.396348 0.017708 0.041667
0 0.599479 0.208848 0.015104 0.033951
0 0.363021 0.209877 0.015104 0.036008
0 0.596745 0.284465 0.021094 0.048354
0 0.123047 0.271605 0.017448 0.038066
0 0.472526 0.347222 0.020573 0.051440
0 0.033464 0.368313 0.017969 0.040123
0 0.807552 0.252058 0.016667 0.037037
0 0.942969 0.329733 0.015104 0.034979
0 0.083203 0.262088 0.014844 0.033436
0 0.068099 0.527521 0.023698 0.049897
0 0.738542 0.309414 0.018229 0.042695
0 0.347266 0.239455 0.015365 0.035494
0 0.965234 0.343879 0.014844 0.034465
0 0.108073 0.257202 0.016146 0.034979
0 0.131510 0.504887 0.019792 0.051955
0 0.631771 0.363940 0.015625 0.038580
0 0.021875 0.587963 0.025000 0.057613
0 0.891667 0.306842 0.010417 0.026235
0 0.961849 0.281379 0.012240 0.028807
0 0.208203 0.279835 0.016927 0.045267
0 0.168359 0.393776 0.022135 0.044753
0 0.080208 0.293981 0.015625 0.034465
0 0.010677 0.346708 0.017188 0.038066
0 0.164844 0.200360 0.014583 0.034465
0 0.060286 0.654321 0.032031 0.061728
0 0.067969 0.251286 0.014583 0.032407
0 0.229427 0.404835 0.030729 0.064815
0 0.058203 0.348765 0.016406 0.037037
0 0.167839 0.267490 0.017448 0.042181
0 0.301823 0.400463 0.021875 0.052984
0 0.661458 0.302469 0.017188 0.034979
0 0.112760 0.645833 0.036979 0.069444
0 0.866016 0.316101 0.011198 0.026235
0 0.049219 0.315072 0.016146 0.034465
0 0.237891 0.264918 0.016927 0.042181
0 0.091406 0.363169 0.021354 0.054527
0 0.077474 0.467335 0.020052 0.044753
0 0.041797 0.449846 0.017969 0.040638
0 0.426172 0.333333 0.017969 0.041152
0 0.513542 0.171039 0.018229 0.042695
0 0.009245 0.410751 0.017969 0.043724
0 0.217969 0.226595 0.016146 0.039609
0 0.677344 0.398920 0.018750 0.040638
0 0.627083 0.474794 0.024479 0.055556
0 0.276693 0.280093 0.020052 0.037551
0 0.162500 0.539095 0.041667 0.063786
0 0.006380 0.440329 0.012240 0.046296
0 0.366406 0.383488 0.030208 0.058128
0 0.392448 0.281636 0.023958 0.044753
0 0.495573 0.309414 0.026042 0.056070
0 0.797656 0.334105 0.018750 0.044753
0 0.815234 0.372942 0.023177 0.039095
0 0.870964 0.281121 0.015885 0.029321
0 0.982552 0.276492 0.013542 0.031379
