0 0.962370 0.307613 0.012760 0.029835
0 0.567448 0.282922 0.016146 0.037037
0 0.037630 0.427469 0.017969 0.042181
0 0.817187 0.258745 0.015104 0.034979
0 0.388021 0.262088 0.018750 0.049897
0 0.944010 0.270319 0.015104 0.032407
0 0.010937 0.388117 0.017708 0.040638
0 0.750781 0.328704 0.019792 0.037037
0 0.465625 0.244856 0.016667 0.038066
0 0.912760 0.282150 0.011979 0.028292
0 0.628776 0.306070 0.017448 0.041152
0 0.687240 0.262346 0.016146 0.039095
0 0.427734 0.125257 0.015885 0.035494
0 0.722526 0.351852 0.017448 0.042181
0 0.977734 0.273148 0.011719 0.026749
0 0.713802 0.253344 0.015104 0.034465
0 0.620703 0.213477 0.018490 0.046296
0 0.986068 0.253601 0.011198 0.024691
0 0.006771 0.347737 0.013021 0.036008
0 0.066146 0.257459 0.021354 0.046811
0 0.889453 0.254372 0.013802 0.032407
0 0.470313 0.316872 0.021875 0.045267
0 0.017188 0.266975 0.016146 0.034979
0 0.055208 0.346193 0.026562 0.062757
0 0.105339 0.316101 0.021094 0.041667
0 0.146354 0.383745 0.020833 0.058642
0 0.162500 0.336163 0.021875 0.042695
0 0.307943 0.415895 0.034115 0.055041
0 0.344531 0.334105 0.029687 0.058128
0 0.392188 0.429784 0.027083 0.057099
0 0.415755 0.304012 0.025260 0.050412
0 0.590495 0.302469 0.017969 0.054527
0 0.611068 0.387603 0.028906 0.060185
0 0.667839 0.338220 0.027865 0.050926
0 0.780078 0.296553 0.019010 0.045782
0 0.799089 0.285237 0.015365 0.038580
0 0.822266 0.339506 0.013802 0.039095
0 0.855859 0.310442 0.014844 0.030350
0 0.853516 0.349537 0.022656 0.038580
0 0.888932 0.309671 0.019010 0.039095
0 0.916667 0.324846 0.013542 0.028292
0 0.027083 0.262860 0.013021 0.024691
