0 0.469922 0.295525 0.019531 0.042695
0 0.221745 0.168724 0.013802 0.032922
0 0.840495 0.210391 0.014844 0.032922
0 0.129167 0.289866 0.019271 0.043724
0 0.041406 0.307099 0.021354 0.049383
0 0.538281 0.219393 0.018229 0.038580
0 0.849870 0.259259 0.016406 0.042181
0 0.617839 0.242027 0.016927 0.037551
0 0.088021 0.304012 0.015625 0.036008
0 0.765885 0.251800 0.013021 0.030350
0 0.682422 0.276235 0.016406 0.040123
0 0.716667 0.354938 0.018750 0.045267
0 0.914844 0.232510 0.013021 0.030864
0 0.060026 0.375514 0.022656 0.047325
0 0.993620 0.238683 0.011719 0.024691
0 0.181380 0.176440 0.013281 0.030864
0 0.381380 0.306584 0.021094 0.049383
0 0.021354 0.268519 0.015625 0.034979
0 0.948047 0.229681 0.013281 0.030350
0 0.873698 0.260802 0.012500 0.029835
0 0.407943 0.236368 0.021094 0.049897
0 0.335286 0.333333 0.019531 0.044239
0 0.030859 0.214249 0.014844 0.027263
0 0.607422 0.143261 0.015885 0.037551
0 0.114062 0.271862 0.016146 0.038580
0 0.612109 0.076646 0.012240 0.026749
0 0.916667 0.305298 0.014583 0.033436
0 0.182943 0.254372 0.019531 0.043724
0 0.996484 0.269547 0.007031 0.023663
0 0.955339 0.284465 0.012760 0.029835
0 0.934115 0.292438 0.013542 0.031379
0 0.534635 0.276749 0.026042 0.046296
0 0.844010 0.320988 0.017708 0.029835
0 0.575130 0.084105 0.013802 0.031379
0 0.815365 0.257459 0.015104 0.035494
0 0.109245 0.347479 0.020052 0.042695
0 0.351172 0.272119 0.023177 0.053498
0 0.210547 0.379115 0.029948 0.056584
0 0.239323 0.283693 0.027083 0.045782
0 0.003906 0.405350 0.007292 0.032922
0 0.016406 0.295267 0.011458 0.023663
0 0.545052 0.363169 0.019792 0.041152
0 0.628646 0.280350 0.023438 0.050412
0 0.626042 0.043981 0.012500 0.028292
0 0.903646 0.242027 0.012500 0.028292
0 0.901563 0.173097 0.010417 0.022119
0 0.969661 0.210134 0.010156 0.020062
0 0.959635 0.240226 0.011979 0.030864
0 0.976562 0.281379 0.010937 0.028807
