0 0.637240 0.108282 0.012500 0.027263
0 0.776693 0.338735 0.014323 0.033436
0 0.280859 0.012088 0.010677 0.023148
0 0.377083 0.231739 0.016146 0.039609
0 0.546484 0.286008 0.019010 0.044239
0 0.977604 0.332305 0.013021 0.024691
0 0.192057 0.173611 0.014323 0.033436
0 0.137630 0.373457 0.019010 0.045267
0 0.839193 0.326389 0.015365 0.035494
0 0.525911 0.221965 0.020052 0.044753
0 0.780599 0.090278 0.009635 0.022119
0 0.173307 0.254630 0.014844 0.038066
0 0.953255 0.286780 0.014323 0.031379
0 0.877995 0.338735 0.014844 0.033436
0 0.479036 0.319702 0.022135 0.051955
0 0.735417 0.270576 0.011979 0.032922
0 0.473177 0.228138 0.017708 0.045782
0 0.966797 0.276492 0.013802 0.030350
0 0.848437 0.268776 0.015104 0.036523
0 0.722656 0.351595 0.018750 0.043724
0 0.394010 0.309156 0.019792 0.047325
0 0.730339 0.101852 0.011719 0.026749
0 0.225260 0.182099 0.014583 0.036008
0 0.898047 0.360340 0.013802 0.036523
0 0.899219 0.319187 0.015104 0.026235
0 0.984635 0.278292 0.011979 0.026749
0 0.042188 0.323045 0.021354 0.045267
0 0.657552 0.387346 0.022396 0.054527
0 0.935156 0.281893 0.013021 0.027778
0 0.695052 0.288066 0.017188 0.036008
0 0.575781 0.339763 0.022917 0.054012
0 0.213411 0.371656 0.019010 0.045782
0 0.877474 0.274434 0.008594 0.015947
0 0.005990 0.269547 0.011458 0.033951
0 0.073958 0.375514 0.017188 0.040123
0 0.107682 0.292181 0.016406 0.040123
0 0.032422 0.266718 0.015365 0.030350
0 0.029557 0.223251 0.016927 0.029835
0 0.238411 0.300926 0.024219 0.043210
0 0.306250 0.292695 0.020313 0.041152
0 0.617318 0.244342 0.021094 0.048354
0 0.594010 0.116512 0.013021 0.031379
0 0.581250 0.085391 0.014063 0.027778
0 0.832943 0.130401 0.011198 0.022119
0 0.877344 0.298354 0.014063 0.030864
0 0.922005 0.278292 0.010677 0.025720
0 0.940625 0.262603 0.013021 0.022119
0 0.992708 0.411523 0.014583 0.041152
