0 0.926302 0.189558 0.011458 0.027263
0 0.552344 0.325360 0.022917 0.051955
0 0.431120 0.278549 0.019010 0.043724
0 0.309375 0.115998 0.015625 0.033436
0 0.041406 0.341564 0.014583 0.037037
0 0.748698 0.264403 0.014583 0.032922
0 0.409635 0.062757 0.011979 0.026749
0 0.828906 0.233796 0.014063 0.033436
0 0.864062 0.162551 0.010937 0.026749
0 0.084635 0.307356 0.018750 0.042695
0 0.956250 0.254887 0.013021 0.032407
0 0.846875 0.283693 0.013021 0.029321
0 0.064062 0.261060 0.014583 0.034465
0 0.932552 0.313786 0.013542 0.030864
0 0.101302 0.387603 0.021875 0.050926
0 0.930469 0.227109 0.011458 0.028292
0 0.959766 0.213735 0.012240 0.030350
0 0.889974 0.255401 0.016927 0.036523
0 0.175260 0.315586 0.017188 0.038580
0 0.619661 0.224537 0.018490 0.042695
0 0.127083 0.312757 0.019792 0.043210
0 0.491406 0.254630 0.015625 0.041152
0 0.232682 0.271348 0.014323 0.034465
0 0.913411 0.201903 0.010677 0.025206
0 0.572266 0.269805 0.018490 0.038580
0 0.887109 0.193416 0.012240 0.026749
0 0.860547 0.237397 0.013802 0.034465
0 0.847005 0.321759 0.017969 0.037551
0 0.949219 0.210391 0.011979 0.028807
0 0.939193 0.204218 0.011719 0.025720
0 0.973307 0.221451 0.012760 0.029321
0 0.211979 0.365226 0.020313 0.043210
0 0.204557 0.427212 0.021094 0.047840
0 0.355469 0.270062 0.016146 0.037037
0 0.011849 0.283951 0.012760 0.031893
0 0.022135 0.273663 0.014583 0.028807
0 0.003385 0.343621 0.006250 0.026749
0 0.032943 0.356739 0.013281 0.040638
0 0.154167 0.371142 0.020313 0.050926
0 0.273698 0.406379 0.032292 0.052469
0 0.285677 0.355195 0.026562 0.039609
0 0.365625 0.360597 0.022917 0.050412
0 0.548307 0.199074 0.022135 0.048354
0 0.444531 0.240226 0.023958 0.050412
0 0.618229 0.372942 0.025521 0.054527
0 0.661458 0.283951 0.022917 0.047325
0 0.667578 0.243827 0.021094 0.042181
0 0.708464 0.284722 0.022656 0.051955
0 0.775000 0.274177 0.020833 0.042181
0 0.893229 0.290895 0.018229 0.033436
0 0.877474 0.147891 0.010156 0.025206
0 0.989062 0.245370 0.010417 0.023663
