0 0.035807 0.273920 0.012240 0.028292
0 0.388932 0.086163 0.011198 0.026235
0 0.404687 0.010545 0.008854 0.020062
0 0.413802 0.068673 0.011979 0.026235
0 0.025260 0.390947 0.017188 0.042181
0 0.232943 0.082819 0.010677 0.028807
0 0.277214 0.077675 0.014844 0.037037
0 0.828385 0.067644 0.007812 0.019033
0 0.594661 0.115741 0.012760 0.029835
0 0.631120 0.148148 0.012240 0.027778
0 0.091797 0.360340 0.021094 0.044753
0 0.372526 0.038837 0.009635 0.024177
0 0.610547 0.083591 0.012240 0.027263
0 0.363672 0.096965 0.011198 0.025206
0 0.255469 0.063529 0.011979 0.031379
0 0.806901 0.084362 0.010677 0.027778
0 0.779557 0.067387 0.012760 0.028807
0 0.387240 0.800926 0.050521 0.090535
