0 0.780729 0.322531 0.019271 0.044239
0 0.945833 0.275463 0.011979 0.026235
0 0.736979 0.289609 0.018229 0.043210
0 0.667448 0.377572 0.016146 0.041152
0 0.505208 0.015432 0.010937 0.024691
0 0.931771 0.299126 0.011979 0.027263
0 0.686719 0.243570 0.018229 0.045782
0 0.884635 0.108282 0.010937 0.024177
0 0.489974 0.387603 0.017969 0.042695
0 0.729036 0.346451 0.015885 0.038580
0 0.857292 0.347994 0.016146 0.037551
0 0.177083 0.347737 0.020833 0.048354
0 0.978906 0.357510 0.015104 0.032922
0 0.315104 0.139403 0.013542 0.032922
0 0.985677 0.290123 0.011979 0.028807
0 0.556250 0.016204 0.011458 0.025206
0 0.394661 0.324331 0.021615 0.045782
0 0.655469 0.279321 0.017708 0.037037
0 0.241927 0.273663 0.023438 0.060700
0 0.792969 0.243570 0.013021 0.031379
0 0.727995 0.070473 0.010156 0.022634
0 0.597917 0.038066 0.010937 0.024691
0 0.708984 0.052726 0.010156 0.024177
0 0.877734 0.272634 0.013281 0.030864
0 0.600000 0.085648 0.011458 0.025206
0 0.781380 0.074846 0.009115 0.022119
0 0.032682 0.269290 0.013802 0.032407
0 0.742578 0.071502 0.009115 0.022634
0 0.485938 0.011060 0.011458 0.021091
0 0.894141 0.246914 0.011198 0.025720
0 0.830859 0.134002 0.010156 0.022119
0 0.527865 0.012860 0.011458 0.024691
0 0.801823 0.215792 0.016146 0.034465
0 0.847135 0.128601 0.009896 0.022634
0 0.572526 0.104938 0.012760 0.027778
0 0.722656 0.248200 0.017708 0.042695
0 0.649219 0.032150 0.010937 0.024177
0 0.022656 0.305813 0.015104 0.033436
0 0.947526 0.153035 0.009115 0.020062
0 0.848047 0.109311 0.010156 0.022119
0 0.898958 0.160237 0.009896 0.021091
0 0.654687 0.053498 0.010417 0.023663
0 0.595182 0.154578 0.012760 0.036523
0 0.973698 0.229167 0.011979 0.025206
0 0.006120 0.383230 0.011719 0.049383
0 0.622786 0.033179 0.010156 0.023148
0 0.870443 0.241770 0.011198 0.025720
0 0.608464 0.323045 0.017448 0.042181
0 0.574740 0.064558 0.011979 0.027263
0 0.930599 0.240484 0.011198 0.026235
0 0.291797 0.384002 0.020573 0.049897
0 0.910156 0.161265 0.009896 0.021091
0 0.898568 0.125257 0.010156 0.023148
0 0.918099 0.245113 0.011719 0.026235
0 0.898307 0.237654 0.011198 0.023663
0 0.826823 0.108539 0.010417 0.021605
0 0.057031 0.338735 0.020313 0.043724
0 0.041797 0.319187 0.016406 0.035494
0 0.004687 0.411523 0.008854 0.033951
0 0.274219 0.362140 0.019792 0.042181
0 0.331901 0.307613 0.022656 0.049383
0 0.487240 0.462706 0.034375 0.058128
0 0.546875 0.410494 0.041667 0.068930
0 0.825391 0.304270 0.019010 0.042695
0 0.777604 0.259774 0.014063 0.039095
0 0.880208 0.317901 0.019792 0.040123
0 0.899740 0.264146 0.008854 0.023148
0 0.952995 0.242798 0.012240 0.029835
0 0.997005 0.179527 0.005990 0.017490
0 0.971484 0.152006 0.009635 0.023148
0 0.958073 0.127572 0.008854 0.017490
0 0.932031 0.135802 0.007812 0.016461
0 0.938672 0.158179 0.010156 0.022119
0 0.922005 0.134002 0.008073 0.020062
0 0.903516 0.117027 0.008594 0.023148
0 0.868229 0.202932 0.009896 0.026235
0 0.860417 0.094650 0.010417 0.024691
0 0.847656 0.085648 0.009375 0.022119
0 0.803255 0.075617 0.010677 0.021605
0 0.789193 0.089249 0.009115 0.020062
0 0.772917 0.092078 0.009375 0.022634
0 0.775651 0.111111 0.010156 0.019547
0 0.621484 0.060185 0.015365 0.030864
0 0.685156 0.067901 0.012500 0.026749
0 0.546875 0.042181 0.011458 0.028807
0 0.455078 0.007202 0.013281 0.013374
0 0.943490 0.215021 0.009896 0.026749
0 0.932031 0.363426 0.019271 0.037551
0 0.899349 0.377315 0.021615 0.037551
0 0.853385 0.302469 0.018229 0.041152
0 0.873698 0.184928 0.010937 0.028292
