0 0.211719 0.203189 0.016146 0.034979
0 0.257812 0.194959 0.015104 0.033951
0 0.129688 0.336934 0.021875 0.045267
0 0.080078 0.266975 0.016406 0.034979
0 0.230990 0.398405 0.020833 0.054012
0 0.057682 0.302212 0.015885 0.033436
0 0.489193 0.339763 0.021094 0.047840
0 0.379167 0.178498 0.022396 0.052469
0 0.240625 0.350051 0.021875 0.049897
0 0.905729 0.305041 0.014063 0.030864
0 0.178255 0.425412 0.027344 0.066872
0 0.551172 0.338477 0.019531 0.046296
0 0.307812 0.186728 0.018229 0.041152
0 0.066667 0.244856 0.015625 0.033951
0 0.099609 0.280350 0.019010 0.042181
0 0.624349 0.234825 0.019010 0.045782
0 0.286719 0.312243 0.023958 0.057613
0 0.034375 0.331533 0.015625 0.033436
0 0.563411 0.414866 0.021094 0.056070
0 0.008333 0.503601 0.016146 0.041152
0 0.016276 0.592335 0.024219 0.052984
0 0.780469 0.300412 0.020313 0.049383
0 0.048438 0.310442 0.015625 0.032407
0 0.042057 0.432099 0.021094 0.048354
0 0.825130 0.336163 0.021094 0.043724
0 0.054036 0.341564 0.015365 0.034979
0 0.632292 0.409465 0.024479 0.059671
0 0.935026 0.372685 0.014323 0.033436
0 0.101823 0.625772 0.025000 0.056070
0 0.266146 0.502315 0.029687 0.055041
0 0.031901 0.281893 0.014844 0.032922
0 0.818229 0.287037 0.016667 0.038066
0 0.025130 0.381430 0.019531 0.042695
0 0.359245 0.295525 0.019531 0.042695
0 0.960156 0.318158 0.013542 0.030350
0 0.429688 0.282922 0.019271 0.040123
0 0.153516 0.213992 0.015365 0.034979
0 0.082682 0.576389 0.029427 0.058128
0 0.684245 0.305041 0.016927 0.040123
0 0.012109 0.440586 0.020052 0.045782
0 0.350260 0.491255 0.039062 0.083333
0 0.326953 0.564300 0.029427 0.068930
0 0.149870 0.285237 0.020573 0.041667
0 0.033854 0.763632 0.035417 0.065329
0 0.003125 0.341821 0.005729 0.028292
0 0.073438 0.380401 0.027083 0.060185
0 0.204036 0.277263 0.024219 0.049383
0 0.262630 0.278807 0.016927 0.038066
0 0.296615 0.378858 0.032292 0.048868
0 0.432682 0.337449 0.027865 0.055556
0 0.412891 0.435700 0.030990 0.056584
0 0.697656 0.252315 0.016146 0.038580
0 0.721745 0.278035 0.018490 0.040638
0 0.864193 0.296553 0.019531 0.031379
0 0.847005 0.274434 0.013802 0.027263
0 0.858203 0.241255 0.014323 0.028807
0 0.912760 0.354938 0.018229 0.037037
0 0.933073 0.297840 0.015625 0.030864
0 0.950000 0.401749 0.014063 0.034979
0 0.990234 0.336934 0.011719 0.031893
0 0.068490 0.478395 0.029167 0.065844
0 0.995573 0.208333 0.008854 0.021605
0 0.363672 0.346708 0.025781 0.051440
0 0.129688 0.386574 0.028646 0.047840
0 0.486198 0.421039 0.027083 0.044753
0 0.125521 0.448302 0.034896 0.044753
