0 0.349609 0.394805 0.021094 0.049897
0 0.383854 0.108539 0.017188 0.034979
0 0.713802 0.270319 0.019271 0.041667
0 0.251432 0.155093 0.018490 0.040638
0 0.682813 0.328189 0.020833 0.043210
0 0.880729 0.251543 0.014583 0.033951
0 0.122786 0.339506 0.023177 0.047325
0 0.960156 0.184928 0.010937 0.023148
0 0.492318 0.030350 0.010156 0.023663
0 0.041406 0.398405 0.020313 0.045782
0 0.930599 0.220679 0.011719 0.027778
0 0.334505 0.448045 0.021615 0.057613
0 0.614062 0.317387 0.019792 0.045267
0 0.659245 0.043210 0.012760 0.026749
0 0.749740 0.316872 0.018750 0.044239
0 0.813672 0.241512 0.014323 0.033436
0 0.666667 0.077932 0.011979 0.026235
0 0.605859 0.093364 0.011719 0.026235
0 0.545573 0.029064 0.009896 0.024177
0 0.934635 0.184156 0.010937 0.023663
0 0.957682 0.205761 0.011198 0.024691
0 0.574349 0.031636 0.011198 0.024177
0 0.476432 0.009774 0.010677 0.018519
0 0.919661 0.190586 0.011719 0.024177
0 0.030859 0.281379 0.011719 0.028807
0 0.343099 0.311214 0.019531 0.049383
0 0.319661 0.236883 0.018490 0.042695
0 0.232682 0.090021 0.013802 0.031893
0 0.976432 0.189815 0.010677 0.023663
0 0.651042 0.041924 0.011979 0.025206
0 0.501432 0.009774 0.010156 0.018519
0 0.986458 0.190586 0.010417 0.021091
0 0.571354 0.110597 0.013542 0.029835
0 0.581510 0.156379 0.012500 0.030864
0 0.870182 0.207819 0.013281 0.027778
0 0.976823 0.161780 0.009375 0.020062
0 0.879948 0.104167 0.008854 0.020062
0 0.629818 0.038066 0.011719 0.026749
0 0.609245 0.046811 0.011198 0.025720
0 0.570833 0.320473 0.019271 0.041152
0 0.006641 0.369856 0.012760 0.049383
0 0.839714 0.229681 0.015885 0.033436
0 0.597135 0.036265 0.010937 0.024177
0 0.047786 0.270062 0.017969 0.032922
0 0.687891 0.048354 0.011198 0.026749
0 0.206641 0.316615 0.022135 0.051955
0 0.935156 0.145062 0.008333 0.018519
0 0.655339 0.251543 0.021615 0.046296
0 0.053385 0.352881 0.017708 0.036008
0 0.100391 0.435957 0.028385 0.050926
0 0.484635 0.378858 0.030208 0.059156
0 0.475781 0.300669 0.029687 0.062243
0 0.604167 0.392233 0.028125 0.056070
0 0.698568 0.450360 0.027865 0.060185
0 0.797656 0.253086 0.016667 0.042181
0 0.823307 0.303755 0.017969 0.035494
0 0.841536 0.291924 0.013802 0.030350
0 0.910156 0.240226 0.011458 0.026749
0 0.920703 0.418981 0.019531 0.036523
0 0.934766 0.380144 0.016927 0.029835
0 0.940104 0.351080 0.014583 0.024177
0 0.995182 0.407407 0.009635 0.044239
0 0.994661 0.331790 0.010677 0.027778
0 0.961849 0.253858 0.016927 0.039609
0 0.969661 0.216307 0.010156 0.028292
0 0.997005 0.218364 0.005990 0.023148
0 0.910156 0.187757 0.009896 0.022634
0 0.903385 0.145576 0.011458 0.022634
0 0.950651 0.125000 0.007552 0.016461
0 0.639974 0.058642 0.011719 0.025720
0 0.547005 0.007202 0.010677 0.013374
