0 0.212109 0.404064 0.021615 0.044753
0 0.069922 0.287294 0.018490 0.038580
0 0.051432 0.363169 0.016406 0.033951
0 0.454688 0.190329 0.021875 0.043210
0 0.598828 0.244342 0.017969 0.041152
0 0.199740 0.184414 0.019271 0.043724
0 0.712760 0.227623 0.015104 0.035494
0 0.123828 0.288323 0.021615 0.045782
0 0.163802 0.180813 0.015104 0.034465
0 0.501432 0.184414 0.015365 0.035494
0 0.597266 0.083591 0.011198 0.025206
0 0.938932 0.209877 0.011198 0.024691
0 0.085286 0.334362 0.021094 0.054527
0 0.845443 0.197788 0.010677 0.024177
0 0.972396 0.215278 0.009375 0.022119
0 0.960807 0.268261 0.009635 0.023148
0 0.926562 0.200874 0.009896 0.023148
0 0.866406 0.319702 0.013542 0.033436
0 0.022135 0.275977 0.011979 0.028292
0 0.033333 0.366255 0.014063 0.029835
0 0.033984 0.276235 0.013802 0.032922
0 0.490234 0.272119 0.020052 0.044239
0 0.953776 0.206790 0.010677 0.023663
0 0.006510 0.418981 0.012500 0.036523
0 0.664974 0.263374 0.018490 0.038066
0 0.965885 0.254630 0.009375 0.022634
0 0.600521 0.136831 0.015625 0.037037
0 0.932422 0.309928 0.015365 0.028292
0 0.569792 0.090792 0.011979 0.027263
0 0.112630 0.360597 0.017448 0.041152
0 0.262760 0.359825 0.021875 0.065329
0 0.299349 0.302212 0.019531 0.066358
0 0.265885 0.242027 0.018750 0.057099
0 0.289323 0.099280 0.017708 0.046296
0 0.540755 0.323560 0.019010 0.037037
0 0.498047 0.237140 0.016406 0.040123
0 0.451432 0.342078 0.017448 0.055556
0 0.459896 0.393004 0.027604 0.064815
0 0.622135 0.314043 0.034896 0.068416
0 0.718490 0.275463 0.018750 0.045782
0 0.742578 0.330247 0.023177 0.038066
0 0.802344 0.309156 0.013542 0.029835
0 0.801302 0.357767 0.017188 0.035494
0 0.841797 0.367284 0.016406 0.038066
0 0.880469 0.331276 0.015104 0.041152
0 0.899089 0.261574 0.015365 0.028292
0 0.917708 0.261060 0.009375 0.027263
0 0.932031 0.250772 0.010417 0.026235
0 0.955990 0.305556 0.014583 0.023663
0 0.992448 0.250000 0.006771 0.019547
0 0.982031 0.231481 0.009375 0.017490
0 0.976302 0.245628 0.008854 0.015947
0 0.995573 0.402263 0.008854 0.037037
0 0.018490 0.390175 0.018750 0.034465
