0 0.173177 0.264403 0.021875 0.049383
0 0.582682 0.088477 0.012760 0.028807
0 0.886198 0.252572 0.012500 0.030864
0 0.885547 0.294496 0.016406 0.037551
0 0.843359 0.243056 0.017448 0.035494
0 0.751042 0.262088 0.016667 0.036523
0 0.975521 0.283436 0.011458 0.025720
0 0.566797 0.230710 0.024219 0.058128
0 0.706901 0.256944 0.022135 0.041667
0 0.906641 0.237912 0.012760 0.031379
0 0.231901 0.317387 0.022656 0.060700
0 0.241797 0.264918 0.022135 0.047325
0 0.022135 0.360340 0.022917 0.045782
0 0.928385 0.222479 0.012500 0.028292
0 0.983724 0.253601 0.011719 0.027778
0 0.138932 0.352366 0.020573 0.046296
0 0.956250 0.215278 0.010417 0.024177
0 0.759245 0.312243 0.016927 0.039095
0 0.932813 0.274434 0.011458 0.026235
0 0.936458 0.204218 0.010937 0.022634
0 0.606771 0.134516 0.016146 0.040638
0 0.098177 0.321502 0.021354 0.047325
0 0.970964 0.199846 0.009635 0.020062
0 0.810417 0.290381 0.017708 0.044753
0 0.010156 0.353138 0.019271 0.044753
0 0.540625 0.305813 0.022396 0.052984
0 0.060156 0.648148 0.033333 0.070988
0 0.994401 0.229424 0.010677 0.024691
0 0.915755 0.292953 0.013802 0.031379
0 0.066927 0.394033 0.021354 0.046296
0 0.036849 0.279578 0.018490 0.039609
0 0.022917 0.276749 0.016667 0.038066
0 0.935417 0.422068 0.011458 0.026235
0 0.317057 0.307613 0.029948 0.069959
0 0.301302 0.386060 0.031250 0.066358
0 0.394271 0.328189 0.020833 0.069959
0 0.411328 0.372428 0.024740 0.057613
0 0.564193 0.372942 0.025781 0.074074
0 0.568229 0.109311 0.018229 0.037551
0 0.640365 0.340278 0.027083 0.047840
0 0.914453 0.192901 0.012760 0.020576
0 0.946354 0.287809 0.021875 0.039609
0 0.947526 0.252829 0.019531 0.031379
0 0.986198 0.278549 0.011458 0.016975
