0 0.154948 0.283951 0.019792 0.047325
0 0.360677 0.287809 0.018229 0.042695
0 0.483724 0.344650 0.020052 0.048354
0 0.449089 0.232510 0.020573 0.043210
0 0.528906 0.323560 0.018750 0.045267
0 0.050651 0.352109 0.018490 0.040638
0 0.931120 0.279578 0.013281 0.032407
0 0.417578 0.341049 0.026302 0.057613
0 0.485156 0.128086 0.013542 0.029835
0 0.509505 0.360082 0.021094 0.050412
0 0.822266 0.260288 0.014844 0.031893
0 0.520052 0.115226 0.012500 0.029835
0 0.009505 0.347222 0.016406 0.036008
0 0.045182 0.243827 0.014844 0.032922
0 0.079167 0.383745 0.020833 0.046296
0 0.590495 0.425412 0.017448 0.041152
0 0.687109 0.360854 0.017448 0.039609
0 0.735026 0.319187 0.020052 0.046811
0 0.819531 0.303498 0.015104 0.033951
0 0.965495 0.298611 0.014323 0.033436
0 0.879948 0.295782 0.013021 0.030864
0 0.299609 0.379372 0.032031 0.075617
0 0.060677 0.279321 0.017708 0.039095
0 0.901302 0.283179 0.013542 0.030350
0 0.414453 0.268261 0.023177 0.051955
0 0.008333 0.431070 0.016146 0.041152
0 0.066536 0.461677 0.023698 0.049897
0 0.595182 0.272891 0.014844 0.033436
0 0.040234 0.327675 0.017448 0.037037
0 0.970964 0.271091 0.013802 0.030864
0 0.709766 0.278549 0.018490 0.036523
0 0.254688 0.387860 0.025000 0.064815
0 0.793750 0.256430 0.015625 0.034465
0 0.987370 0.270062 0.014323 0.030864
0 0.028516 0.506944 0.022135 0.048868
0 0.014974 0.300669 0.014323 0.029321
0 0.033203 0.594907 0.031510 0.052984
0 0.038932 0.295525 0.015365 0.026235
0 0.150260 0.364198 0.022396 0.037037
0 0.376042 0.389146 0.029167 0.054012
0 0.584375 0.378601 0.026042 0.047325
0 0.625000 0.300412 0.025000 0.052469
0 0.675911 0.290381 0.024219 0.044753
0 0.774089 0.298868 0.013802 0.032922
0 0.805339 0.364455 0.017448 0.038580
0 0.892839 0.348765 0.014323 0.031893
0 0.928516 0.343621 0.014844 0.039095
0 0.983724 0.318158 0.012240 0.033436
0 0.950130 0.325103 0.012240 0.033951
0 0.249870 0.340535 0.032031 0.045267
