0 0.617057 0.165895 0.013281 0.030350
0 0.846484 0.186471 0.014323 0.031379
0 0.606901 0.090535 0.011198 0.026749
0 0.585807 0.115484 0.012760 0.029321
0 0.635286 0.038323 0.012760 0.028292
0 0.648438 0.288837 0.015625 0.035494
0 0.924609 0.264918 0.009635 0.022634
0 0.256380 0.370370 0.025260 0.050412
0 0.013542 0.295010 0.016667 0.032407
0 0.241927 0.118827 0.018750 0.032922
0 0.413281 0.135545 0.017708 0.037551
0 0.445443 0.048868 0.013281 0.029835
0 0.262500 0.009002 0.013021 0.016975
0 0.228646 0.013632 0.010417 0.024177
0 0.869531 0.200617 0.014583 0.032922
0 0.869922 0.167438 0.009635 0.022119
0 0.898958 0.191101 0.013021 0.026235
0 0.835156 0.317644 0.015625 0.036523
0 0.967708 0.249743 0.013021 0.028292
0 0.983594 0.344393 0.010937 0.025206
0 0.982812 0.388632 0.015104 0.028292
0 0.996224 0.365484 0.007552 0.023148
