0 0.445964 0.295782 0.019531 0.042181
0 0.206120 0.413837 0.023698 0.059156
0 0.988021 0.255401 0.013021 0.030350
0 0.293620 0.295525 0.015885 0.038580
0 0.644922 0.185957 0.013281 0.029321
0 0.850781 0.243570 0.011458 0.027263
0 0.949609 0.257973 0.013802 0.032407
0 0.594661 0.301698 0.017969 0.043724
0 0.635417 0.329990 0.020833 0.050926
0 0.801302 0.242027 0.015104 0.033436
0 0.870573 0.284722 0.011458 0.028292
0 0.505859 0.305813 0.019010 0.043724
0 0.038411 0.288066 0.016406 0.037037
0 0.718880 0.256430 0.012760 0.029321
0 0.909896 0.291409 0.010937 0.026235
0 0.139453 0.336420 0.017969 0.044239
0 0.463542 0.396348 0.018750 0.047840
0 0.253125 0.371656 0.022917 0.058128
0 0.768359 0.270319 0.013281 0.030350
0 0.739453 0.352623 0.017448 0.040638
0 0.087240 0.352366 0.020313 0.042181
0 0.074740 0.309671 0.026562 0.047325
0 0.411198 0.423611 0.020313 0.051955
0 0.385547 0.276749 0.020052 0.048354
0 0.109896 0.287809 0.019792 0.041667
0 0.110807 0.340021 0.021615 0.045267
0 0.175651 0.301698 0.020573 0.042695
0 0.854557 0.354681 0.012760 0.030350
0 0.045833 0.316872 0.018229 0.041152
0 0.603906 0.243827 0.012500 0.030864
0 0.846094 0.314558 0.013021 0.030350
0 0.080208 0.427469 0.025000 0.042181
0 0.019141 0.371142 0.024219 0.044753
0 0.024349 0.318416 0.014323 0.028807
0 0.023958 0.271348 0.013542 0.029321
0 0.067578 0.275206 0.016406 0.025720
0 0.146354 0.276749 0.018229 0.033951
0 0.344141 0.388374 0.034635 0.074074
0 0.553125 0.268776 0.027604 0.054012
0 0.650130 0.256173 0.022135 0.042181
0 0.694531 0.336420 0.028646 0.047325
0 0.720833 0.302212 0.018750 0.035494
0 0.810937 0.336934 0.026562 0.044239
0 0.827214 0.265689 0.018490 0.034465
0 0.867578 0.324846 0.017448 0.033436
0 0.930990 0.347737 0.020833 0.038066
0 0.948828 0.409465 0.019531 0.040123
0 0.970443 0.329475 0.016406 0.033436
0 0.984505 0.322531 0.014844 0.033951
0 0.986198 0.236626 0.006771 0.010288
0 0.241406 0.258230 0.025521 0.040123
