0 0.288021 0.237654 0.028125 0.061728
0 0.880208 0.271862 0.029687 0.052984
0 0.749870 0.253344 0.033594 0.086934
0 0.647135 0.225566 0.025000 0.060185
0 0.716016 0.263374 0.024740 0.061728
0 0.186979 0.435185 0.025000 0.078189
0 0.051953 0.282150 0.019010 0.043724
0 0.884635 0.323302 0.027083 0.039609
0 0.320443 0.477109 0.038802 0.097222
0 0.592578 0.290381 0.045573 0.064300
0 0.660156 0.276749 0.023958 0.093621
0 0.908203 0.288323 0.024740 0.041667
0 0.840104 0.270576 0.022396 0.060700
0 0.588021 0.230710 0.030208 0.077675
0 0.387240 0.259002 0.021875 0.050926
0 0.476042 0.345422 0.033333 0.064300
0 0.688151 0.371914 0.025781 0.062757
0 0.020052 0.389146 0.027604 0.054012
0 0.032943 0.301440 0.015885 0.038066
0 0.476562 0.263632 0.029687 0.072531
0 0.016276 0.358539 0.023177 0.041152
0 0.070312 0.300926 0.027604 0.048354
0 0.962240 0.207305 0.021875 0.057613
0 0.726562 0.340792 0.027083 0.055041
0 0.112760 0.323045 0.030729 0.067901
0 0.391927 0.762088 0.048438 0.106481
0 0.057813 0.404835 0.031771 0.068930
0 0.280729 0.295782 0.025521 0.067901
0 0.215495 0.364969 0.030990 0.069444
0 0.383854 0.350051 0.036979 0.070473
0 0.532161 0.354681 0.037240 0.076646
0 0.017318 0.282150 0.020052 0.044753
0 0.617839 0.016975 0.015885 0.032922
0 0.766927 0.350051 0.028646 0.075617
0 0.903906 0.425669 0.038542 0.080761
0 0.981380 0.247171 0.011719 0.029321
0 0.944401 0.282407 0.019010 0.037037
0 0.950911 0.324846 0.015885 0.035494
0 0.967057 0.287809 0.017969 0.039609
0 0.990495 0.405864 0.019010 0.049383
0 0.993359 0.307356 0.011198 0.032407
