0 0.201823 0.257973 0.016667 0.039609
0 0.938281 0.187500 0.011458 0.026235
0 0.155729 0.294496 0.017188 0.041667
0 0.476693 0.334619 0.019531 0.043724
0 0.896745 0.197016 0.011719 0.029835
0 0.130599 0.370370 0.023698 0.054527
0 0.871224 0.205504 0.012240 0.027263
0 0.604688 0.271605 0.018750 0.047325
0 0.737109 0.240484 0.012760 0.030350
0 0.074609 0.337191 0.021094 0.046811
0 0.549089 0.282922 0.021615 0.046296
0 0.689323 0.294496 0.017188 0.048868
0 0.958203 0.199846 0.010677 0.024177
0 0.204167 0.317387 0.018229 0.046296
0 0.974740 0.191872 0.010937 0.023663
0 0.806901 0.281121 0.014844 0.033436
0 0.110417 0.348765 0.019792 0.046296
0 0.433594 0.261574 0.016667 0.038580
0 0.934766 0.245113 0.011198 0.027263
0 0.916016 0.307356 0.013281 0.031379
0 0.637630 0.319959 0.016406 0.040123
0 0.922917 0.223251 0.011979 0.029835
0 0.867578 0.264403 0.011719 0.027778
0 0.390234 0.303498 0.021094 0.045267
0 0.280859 0.372171 0.024740 0.059156
0 0.087760 0.287037 0.021875 0.050412
0 0.253906 0.285494 0.014063 0.032922
0 0.384115 0.351595 0.020833 0.047840
0 0.772786 0.242284 0.012760 0.030864
0 0.960547 0.261831 0.011198 0.025720
0 0.703516 0.268776 0.016927 0.039609
0 0.490625 0.397891 0.022917 0.047840
0 0.906771 0.154835 0.009375 0.021605
0 0.029687 0.265175 0.013542 0.030350
0 0.019922 0.406379 0.022135 0.041152
0 0.015885 0.344907 0.025521 0.059156
0 0.021875 0.281121 0.011979 0.037551
0 0.043359 0.347479 0.017969 0.032407
0 0.311589 0.316872 0.034115 0.055556
0 0.570964 0.322016 0.028385 0.053498
0 0.630339 0.204475 0.016406 0.038580
0 0.771224 0.279064 0.022135 0.035494
0 0.779427 0.314815 0.020833 0.032922
0 0.832943 0.269033 0.017448 0.041152
0 0.861328 0.311471 0.018490 0.034465
0 0.879948 0.254630 0.011979 0.030864
0 0.895052 0.283179 0.017708 0.029321
0 0.976823 0.221451 0.010937 0.025206
0 0.928385 0.206790 0.010937 0.024691
0 0.690104 0.084619 0.014063 0.029321
