0 0.559115 0.420010 0.023958 0.060185
0 0.086589 0.275206 0.018490 0.043210
0 0.057031 0.301183 0.015625 0.033436
0 0.219792 0.410237 0.022396 0.055041
0 0.160807 0.323045 0.020573 0.043210
0 0.624870 0.254372 0.017448 0.043724
0 0.267318 0.202418 0.014323 0.032407
0 0.901823 0.304012 0.011979 0.024691
0 0.106380 0.275720 0.022656 0.047325
0 0.209375 0.202932 0.013021 0.030350
0 0.416276 0.272634 0.018490 0.044239
0 0.174870 0.424640 0.026823 0.062243
0 0.054297 0.337706 0.020573 0.040638
0 0.069661 0.243827 0.017969 0.038066
0 0.128906 0.309671 0.025000 0.054527
0 0.289323 0.385288 0.021354 0.051440
0 0.803385 0.281121 0.016146 0.036523
0 0.016406 0.501286 0.021875 0.046811
0 0.773177 0.294753 0.018229 0.044239
0 0.075000 0.267490 0.018229 0.039095
0 0.483203 0.340792 0.020573 0.047840
0 0.261458 0.272119 0.016146 0.037037
0 0.100260 0.453189 0.022396 0.049383
0 0.851693 0.243570 0.012760 0.028292
0 0.549870 0.344393 0.025260 0.057099
0 0.630339 0.405864 0.019531 0.045267
0 0.300781 0.169239 0.013542 0.032922
0 0.151042 0.208333 0.015104 0.034979
0 0.026953 0.371914 0.016406 0.037037
0 0.587760 0.323045 0.022396 0.050412
0 0.360156 0.292953 0.013542 0.032407
0 0.175260 0.356739 0.019271 0.044753
0 0.959245 0.404064 0.013281 0.030350
0 0.260937 0.501029 0.026562 0.069959
0 0.192448 0.279064 0.019792 0.041667
0 0.208073 0.276749 0.020833 0.046296
0 0.036589 0.431842 0.017969 0.040638
0 0.814453 0.338992 0.017448 0.038066
0 0.238151 0.352623 0.024219 0.057099
0 0.039193 0.755658 0.025260 0.060700
0 0.353385 0.484311 0.024479 0.061214
0 0.073828 0.601080 0.030990 0.064300
0 0.953646 0.312243 0.010417 0.023663
0 0.154036 0.258230 0.017448 0.038066
0 0.322266 0.568930 0.032552 0.064815
0 0.083203 0.684671 0.036198 0.065844
0 0.014844 0.572788 0.028646 0.062243
0 0.005990 0.428755 0.011458 0.038580
0 0.033464 0.332305 0.019531 0.033951
0 0.033073 0.296039 0.017188 0.025206
0 0.295964 0.289609 0.024740 0.033951
0 0.303646 0.206790 0.021354 0.031893
0 0.424609 0.333333 0.027865 0.043210
0 0.428646 0.415123 0.028125 0.042181
0 0.684766 0.291924 0.016406 0.040638
0 0.700911 0.270833 0.016406 0.042695
0 0.684115 0.249228 0.017188 0.037551
0 0.846745 0.278807 0.018490 0.032922
0 0.862760 0.304012 0.016667 0.034979
0 0.910286 0.351852 0.019531 0.043210
0 0.929557 0.303241 0.012240 0.031379
0 0.939583 0.374486 0.015104 0.031893
0 0.979557 0.327160 0.012760 0.022634
0 0.988021 0.271091 0.011979 0.023663
0 0.075391 0.389660 0.032031 0.060185
0 0.361719 0.343879 0.030729 0.048868
0 0.482292 0.458333 0.028125 0.042181
0 0.820964 0.050154 0.007552 0.016975
