0 0.212630 0.270576 0.020052 0.044239
0 0.153776 0.293981 0.017969 0.039609
0 0.394271 0.359311 0.022396 0.052984
0 0.940625 0.232767 0.010937 0.025206
0 0.822005 0.314300 0.014323 0.031893
0 0.122266 0.298097 0.018490 0.042695
0 0.564714 0.244084 0.015365 0.036523
0 0.794792 0.270576 0.014583 0.032922
0 0.650391 0.227881 0.021615 0.043210
0 0.828646 0.257459 0.013021 0.029321
0 0.749870 0.253086 0.015365 0.033951
0 0.326042 0.411008 0.029167 0.048354
0 0.144401 0.388889 0.023698 0.054527
0 0.512109 0.250000 0.018490 0.044239
0 0.536849 0.368570 0.020052 0.052984
0 0.839714 0.282665 0.013802 0.030350
0 0.020573 0.282150 0.014583 0.033436
0 0.610026 0.284979 0.024219 0.044239
0 0.930990 0.289609 0.014583 0.033951
0 0.917969 0.215792 0.013021 0.027263
0 0.325521 0.329733 0.028125 0.057613
0 0.919792 0.248971 0.013542 0.029835
0 0.969271 0.282922 0.012500 0.027778
0 0.430729 0.280864 0.021354 0.043210
0 0.063411 0.319444 0.015365 0.034979
0 0.839453 0.234568 0.012240 0.029835
0 0.443099 0.348508 0.017969 0.044753
0 0.876693 0.279321 0.012760 0.029835
0 0.111719 0.368313 0.021354 0.047325
0 0.995964 0.266975 0.008073 0.026749
0 0.709115 0.261574 0.017708 0.042695
0 0.665755 0.287551 0.021094 0.050412
0 0.990234 0.277263 0.011719 0.025720
0 0.986458 0.219136 0.011458 0.022634
0 0.037500 0.418981 0.018229 0.036523
0 0.022266 0.356224 0.017969 0.033436
0 0.073828 0.354938 0.020573 0.030864
0 0.070964 0.383230 0.023177 0.033951
0 0.202083 0.399434 0.028125 0.052984
0 0.207943 0.323817 0.022656 0.049897
0 0.251302 0.313272 0.022917 0.046296
0 0.548568 0.283436 0.026823 0.053498
0 0.708984 0.238940 0.023698 0.034465
0 0.775391 0.322016 0.020573 0.043210
0 0.855469 0.355195 0.015625 0.035494
0 0.875781 0.228652 0.016667 0.034465
0 0.905469 0.309414 0.016146 0.035494
0 0.918750 0.371399 0.019271 0.038066
0 0.950260 0.232510 0.009375 0.027778
0 0.977604 0.247685 0.013542 0.030350
0 0.981120 0.315586 0.013281 0.027263
