0 0.222917 0.276235 0.017188 0.039095
0 0.040625 0.455504 0.019792 0.045782
0 0.312370 0.197274 0.015885 0.036523
0 0.690495 0.298611 0.015885 0.035494
0 0.256901 0.255144 0.015365 0.038066
0 0.016927 0.331790 0.015625 0.034979
0 0.149870 0.236368 0.016927 0.038580
0 0.058203 0.525977 0.023177 0.050926
0 0.494141 0.277006 0.017969 0.044753
0 0.157682 0.364712 0.017969 0.042181
0 0.381250 0.397634 0.019271 0.049383
0 0.938802 0.321502 0.017708 0.039095
0 0.824870 0.365998 0.016406 0.041667
0 0.119010 0.279835 0.016667 0.038066
0 0.285026 0.281636 0.016927 0.038580
0 0.820443 0.252315 0.015365 0.032407
0 0.006250 0.322016 0.011979 0.036008
0 0.083464 0.262346 0.014844 0.032922
0 0.174870 0.269290 0.017448 0.040638
0 0.072917 0.242541 0.014063 0.029321
0 0.775521 0.349537 0.017708 0.039609
0 0.360677 0.213477 0.018229 0.041152
0 0.298958 0.398148 0.022396 0.054527
0 0.602604 0.200874 0.013542 0.031379
0 0.032422 0.375772 0.017448 0.039609
0 0.512109 0.317644 0.020052 0.045782
0 0.086719 0.374486 0.017708 0.040123
0 0.542448 0.161523 0.014583 0.031893
0 0.125130 0.503086 0.023177 0.062757
0 0.674870 0.458076 0.027865 0.062243
0 0.668229 0.346965 0.021354 0.052984
0 0.055208 0.316615 0.017708 0.035494
0 0.086068 0.468879 0.025260 0.047840
0 0.051042 0.359053 0.017708 0.039095
0 0.076042 0.296811 0.014583 0.031893
0 0.410677 0.261831 0.017708 0.040123
0 0.219922 0.218107 0.013802 0.032922
0 0.987630 0.276235 0.010677 0.024691
0 0.744661 0.282407 0.016927 0.039095
0 0.119141 0.655093 0.032552 0.065329
0 0.948047 0.293210 0.011719 0.029835
0 0.635026 0.292695 0.015885 0.037037
0 0.786719 0.303755 0.017188 0.039609
0 0.104427 0.266204 0.015625 0.035494
0 0.230469 0.404578 0.025521 0.059156
0 0.010156 0.612654 0.019792 0.057613
0 0.007552 0.433128 0.014583 0.050412
0 0.160547 0.518776 0.034115 0.063272
0 0.851432 0.324331 0.013802 0.033436
0 0.869922 0.275720 0.011719 0.026749
0 0.346745 0.244342 0.019010 0.042181
0 0.895964 0.309671 0.013802 0.032922
0 0.056771 0.659208 0.025521 0.065329
0 0.032292 0.294239 0.015104 0.030864
0 0.422526 0.338735 0.031510 0.051955
0 0.717969 0.410494 0.023958 0.045267
0 0.866276 0.305298 0.024219 0.044753
0 0.965625 0.341307 0.018229 0.043724
0 0.988542 0.312500 0.017188 0.033436
0 0.955469 0.263374 0.020833 0.036008
