0 0.329818 0.255658 0.019531 0.044239
0 0.745573 0.327418 0.024479 0.044753
0 0.427214 0.336163 0.027344 0.056070
0 0.934245 0.314043 0.012240 0.028292
0 0.038802 0.279578 0.015625 0.040638
0 0.694922 0.275206 0.017969 0.040123
0 0.022656 0.275463 0.014063 0.035494
0 0.712500 0.355453 0.018750 0.044239
0 0.579297 0.300154 0.022135 0.048868
0 0.426042 0.096708 0.012500 0.028807
0 0.815755 0.264660 0.014844 0.032407
0 0.976172 0.237912 0.011719 0.027263
0 0.908333 0.254372 0.013021 0.029321
0 0.995703 0.271862 0.008594 0.027263
0 0.630990 0.295782 0.017708 0.040123
0 0.358203 0.397119 0.025781 0.060700
0 0.370052 0.296553 0.023438 0.056070
0 0.977474 0.272634 0.012240 0.029835
0 0.961589 0.230967 0.011719 0.026749
0 0.914714 0.330761 0.014844 0.028807
0 0.047266 0.396348 0.025781 0.064300
0 0.920833 0.282922 0.016146 0.038066
0 0.887500 0.308128 0.014063 0.031893
0 0.084375 0.315586 0.018229 0.046811
0 0.714583 0.263117 0.019271 0.044753
0 0.542578 0.301698 0.017969 0.040638
0 0.422526 0.264918 0.025260 0.050412
0 0.945312 0.255144 0.014063 0.029835
0 0.231901 0.374486 0.026823 0.048354
0 0.281510 0.340021 0.022917 0.044239
0 0.595313 0.386574 0.026042 0.056070
0 0.610547 0.205247 0.025781 0.048354
0 0.660807 0.335134 0.026823 0.049897
0 0.780208 0.302212 0.019792 0.044753
0 0.796354 0.279321 0.015104 0.037037
0 0.818880 0.322274 0.017448 0.034465
0 0.858594 0.306584 0.020313 0.036008
0 0.866406 0.242541 0.015104 0.036523
0 0.904687 0.287037 0.011458 0.032922
0 0.954297 0.282150 0.012760 0.028292
0 0.995052 0.336934 0.009896 0.029835
0 0.975781 0.319702 0.011458 0.027263
0 0.997005 0.245113 0.005990 0.023148
