0 0.410938 0.156379 0.015104 0.036008
0 0.306120 0.353909 0.025260 0.036008
0 0.044922 0.409208 0.025260 0.057099
0 0.128516 0.355710 0.023698 0.056070
0 0.253776 0.344650 0.021615 0.052469
0 0.681510 0.280350 0.017188 0.037037
0 0.436849 0.144033 0.015365 0.034979
0 0.857552 0.257716 0.010417 0.024691
0 0.660937 0.357510 0.017188 0.038066
0 0.711979 0.311986 0.017188 0.040638
0 0.041016 0.280093 0.013802 0.031379
0 0.303125 0.402263 0.021354 0.047325
0 0.178385 0.367027 0.024479 0.059156
0 0.494271 0.127829 0.013021 0.029321
0 0.492188 0.272377 0.026562 0.050926
0 0.364453 0.361368 0.029948 0.062243
0 0.008073 0.362912 0.015625 0.037551
0 0.009375 0.438014 0.018229 0.047840
0 0.802474 0.284722 0.019531 0.043724
0 0.659896 0.397891 0.019271 0.048868
0 0.112630 0.284208 0.016927 0.034465
0 0.441797 0.199846 0.013802 0.032407
0 0.210286 0.322531 0.019010 0.043210
0 0.601953 0.310442 0.023177 0.040638
0 0.075391 0.416924 0.022135 0.046811
0 0.079427 0.329990 0.016667 0.033436
0 0.010807 0.279321 0.013802 0.030864
0 0.985547 0.282922 0.013281 0.029835
0 0.433854 0.285494 0.017188 0.042181
0 0.915365 0.239969 0.010417 0.023148
0 0.736719 0.272377 0.015104 0.035494
0 0.931380 0.291667 0.013802 0.032922
0 0.013151 0.405864 0.022135 0.048354
0 0.882422 0.297068 0.012240 0.028292
0 0.091927 0.342078 0.018750 0.034979
0 0.079427 0.465792 0.026042 0.050926
0 0.148568 0.485340 0.026823 0.045782
0 0.015234 0.497171 0.026302 0.044753
0 0.034505 0.375000 0.019010 0.034979
0 0.095182 0.261317 0.018490 0.039095
0 0.245052 0.264918 0.023438 0.060700
0 0.436979 0.380401 0.026042 0.048868
0 0.499219 0.342078 0.031250 0.052469
0 0.551172 0.228652 0.024219 0.043724
0 0.558594 0.371914 0.025000 0.048354
0 0.568359 0.339249 0.024740 0.043724
0 0.761849 0.338735 0.025781 0.047840
0 0.821745 0.310442 0.019010 0.047840
0 0.838411 0.313272 0.014844 0.038066
0 0.888281 0.362140 0.018229 0.033951
0 0.898438 0.267490 0.013021 0.028807
0 0.937370 0.353909 0.010156 0.025720
0 0.981380 0.353909 0.011198 0.021605
0 0.970443 0.305041 0.012240 0.029835
0 0.967187 0.286780 0.018750 0.040638
0 0.047526 0.336677 0.020573 0.032407
