0 0.273568 0.196245 0.013802 0.031379
0 0.554036 0.318673 0.019531 0.042695
0 0.142969 0.279835 0.018750 0.040123
0 0.491927 0.279321 0.017188 0.038066
0 0.654818 0.284979 0.021615 0.037037
0 0.112630 0.439300 0.021615 0.051440
0 0.412630 0.165638 0.018490 0.042181
0 0.009505 0.345679 0.016927 0.037037
0 0.076042 0.293724 0.015104 0.031893
0 0.118099 0.279064 0.019531 0.044753
0 0.032161 0.374743 0.020052 0.044753
0 0.789323 0.276492 0.013542 0.031379
0 0.341406 0.293467 0.018750 0.043724
0 0.277344 0.279321 0.015625 0.036008
0 0.010807 0.425926 0.021094 0.041152
0 0.712630 0.369599 0.019010 0.041667
0 0.033333 0.297582 0.017188 0.039609
0 0.705208 0.243570 0.015625 0.033436
0 0.249089 0.391204 0.023177 0.052984
0 0.630859 0.330761 0.021615 0.047325
0 0.960938 0.306842 0.010937 0.025206
0 0.150781 0.313786 0.017708 0.041152
0 0.058464 0.342335 0.017969 0.046811
0 0.189062 0.426698 0.028646 0.064300
0 0.324219 0.175154 0.016146 0.037551
0 0.991016 0.372942 0.011719 0.027778
0 0.666276 0.408951 0.026823 0.047325
0 0.162240 0.217335 0.017708 0.037551
0 0.047656 0.317644 0.015625 0.033436
0 0.314063 0.215021 0.014063 0.034979
0 0.936589 0.323560 0.012240 0.026749
0 0.201172 0.252058 0.016927 0.034979
0 0.045833 0.426698 0.019792 0.043724
0 0.991406 0.308642 0.011458 0.026749
0 0.007943 0.450103 0.015365 0.052469
0 0.409375 0.309414 0.019792 0.046811
0 0.892057 0.275720 0.011719 0.026749
0 0.975521 0.303241 0.010937 0.025206
0 0.173828 0.298611 0.019531 0.043724
0 0.073307 0.268261 0.015885 0.029321
0 0.034505 0.581276 0.027344 0.066872
0 0.761458 0.298868 0.014583 0.036008
0 0.864062 0.323560 0.019271 0.038066
0 0.077865 0.375000 0.020313 0.052469
0 0.369010 0.586934 0.035417 0.058642
0 0.278125 0.564815 0.036458 0.068930
0 0.410807 0.501800 0.035156 0.075617
0 0.418229 0.364455 0.025000 0.059156
0 0.059766 0.727366 0.038281 0.064815
0 0.107813 0.667695 0.033333 0.063786
0 0.107552 0.574331 0.044271 0.075617
0 0.079036 0.247685 0.018490 0.027263
0 0.276953 0.348251 0.028906 0.058642
0 0.338151 0.378601 0.031510 0.056584
0 0.508464 0.361626 0.024740 0.051440
0 0.565495 0.392490 0.025781 0.060700
0 0.793880 0.305813 0.017969 0.038580
0 0.882031 0.296811 0.013542 0.028807
0 0.901042 0.349023 0.022396 0.042695
0 0.909766 0.257973 0.017448 0.030350
0 0.970443 0.358282 0.014844 0.033436
0 0.107422 0.248971 0.012760 0.028807
0 0.083724 0.487912 0.042448 0.061214
0 0.233854 0.269547 0.029687 0.043210
0 0.508333 0.445988 0.030729 0.056584
