0 0.710807 0.366770 0.024740 0.045267
0 0.626563 0.252572 0.019271 0.040123
0 0.168750 0.283693 0.020833 0.045782
0 0.326823 0.305041 0.024479 0.054527
0 0.332813 0.093621 0.017188 0.040123
0 0.646354 0.317644 0.020833 0.049897
0 0.443229 0.261060 0.018750 0.052984
0 0.333724 0.363683 0.023698 0.042181
0 0.109505 0.301955 0.018490 0.048354
0 0.424219 0.342593 0.022396 0.050412
0 0.211458 0.298611 0.022917 0.044753
0 0.075130 0.354167 0.020052 0.043724
0 0.114323 0.177469 0.017708 0.041152
0 0.237109 0.371914 0.028385 0.055556
0 0.906510 0.228395 0.011458 0.025720
0 0.584896 0.341307 0.018750 0.043724
0 0.183203 0.364712 0.023177 0.057613
0 0.763672 0.341307 0.017448 0.039609
0 0.298047 0.381173 0.026302 0.057613
0 0.972656 0.272119 0.012500 0.028807
0 0.923047 0.283179 0.012760 0.028292
0 0.121615 0.397119 0.025521 0.067901
0 0.935286 0.232253 0.012240 0.027263
0 0.782682 0.254115 0.018490 0.042181
0 0.584896 0.281121 0.017708 0.042695
0 0.024609 0.281121 0.016927 0.034465
0 0.272786 0.279321 0.027344 0.055556
0 0.996615 0.269290 0.006771 0.024177
0 0.580208 0.064558 0.011979 0.026235
0 0.532813 0.281636 0.019792 0.047840
0 0.745573 0.290123 0.016667 0.038066
0 0.868490 0.291409 0.013542 0.030350
0 0.689974 0.323817 0.019010 0.043724
0 0.479297 0.325617 0.022135 0.049383
0 0.570703 0.083848 0.013281 0.026749
0 0.944792 0.338992 0.012500 0.028807
0 0.045964 0.276492 0.015885 0.033436
0 0.963672 0.213477 0.011198 0.023663
0 0.383984 0.270319 0.024740 0.052984
0 0.493620 0.229167 0.022135 0.050926
0 0.599609 0.140432 0.014323 0.045267
0 0.812891 0.235082 0.017448 0.027778
0 0.813021 0.199074 0.012500 0.021605
0 0.843359 0.206019 0.013802 0.025206
0 0.830339 0.233282 0.012760 0.025206
0 0.881250 0.327675 0.020833 0.028807
0 0.801172 0.349794 0.023698 0.034979
0 0.886068 0.282150 0.011719 0.027263
0 0.835417 0.328189 0.015104 0.028807
0 0.825000 0.315844 0.007292 0.013374
0 0.900911 0.326389 0.009115 0.023148
0 0.958854 0.314043 0.009896 0.023148
0 0.934635 0.306327 0.012500 0.029321
0 0.994010 0.403035 0.006250 0.026235
0 0.995052 0.299383 0.009896 0.017490
0 0.983203 0.254372 0.011719 0.035494
0 0.982682 0.216821 0.010156 0.020062
0 0.996094 0.221708 0.006771 0.016461
0 0.961589 0.263889 0.007552 0.015432
