0 0.135807 0.348508 0.023177 0.051955
0 0.326562 0.237912 0.022396 0.043724
0 0.743490 0.279835 0.016667 0.040123
0 0.212630 0.374228 0.023698 0.056070
0 0.441797 0.290638 0.023698 0.057613
0 0.986589 0.245628 0.011719 0.027263
0 0.675521 0.292181 0.026042 0.054527
0 0.446354 0.239198 0.019271 0.044239
0 0.247526 0.290381 0.023177 0.057099
0 0.557552 0.313786 0.022917 0.040123
0 0.545443 0.274177 0.022135 0.045267
0 0.479427 0.269805 0.031250 0.059156
0 0.831120 0.355710 0.015885 0.037551
0 0.721745 0.306327 0.015365 0.036523
0 0.810937 0.293724 0.016667 0.053498
0 0.639062 0.280607 0.019792 0.044753
0 0.849089 0.280607 0.021094 0.041667
0 0.318490 0.291409 0.026562 0.063272
0 0.023438 0.280350 0.015104 0.033951
0 0.055729 0.396348 0.026562 0.046811
0 0.103776 0.378858 0.025260 0.049897
0 0.031771 0.327675 0.029167 0.045267
0 0.617188 0.012860 0.013542 0.024691
0 0.963151 0.275977 0.011198 0.028292
0 0.990625 0.228652 0.010937 0.026235
0 0.614453 0.303241 0.019531 0.049897
0 0.586458 0.012346 0.011979 0.023663
0 0.050000 0.283951 0.018229 0.036008
0 0.006120 0.389918 0.011719 0.051440
0 0.178385 0.291409 0.020833 0.052984
0 0.005208 0.318416 0.009896 0.032922
0 0.329557 0.381173 0.031510 0.063786
0 0.435807 0.367027 0.037760 0.069444
0 0.737240 0.340792 0.019792 0.045782
0 0.789583 0.349023 0.019271 0.038580
0 0.755990 0.489455 0.024479 0.056070
0 0.905859 0.346708 0.015885 0.026749
0 0.931901 0.299126 0.015885 0.035494
0 0.993490 0.406121 0.013021 0.047840
0 0.956901 0.312500 0.014323 0.026235
0 0.988802 0.299126 0.013542 0.033436
0 0.994661 0.205761 0.010677 0.023663
