0 0.669010 0.278292 0.019792 0.047325
0 0.205339 0.401235 0.027344 0.062757
0 0.516276 0.263117 0.023698 0.051955
0 0.114453 0.328704 0.019010 0.044239
0 0.702474 0.232767 0.017969 0.038580
0 0.603516 0.085905 0.015365 0.032922
0 0.311719 0.347737 0.026562 0.050412
0 0.616406 0.243056 0.018750 0.039609
0 0.061458 0.269547 0.025000 0.060700
0 0.847656 0.312243 0.016667 0.037037
0 0.034505 0.290895 0.022135 0.058128
0 0.699219 0.320730 0.019271 0.042695
0 0.293099 0.323045 0.019531 0.043210
0 0.903646 0.284208 0.013542 0.030350
0 0.612500 0.133230 0.013021 0.030864
0 0.677083 0.382716 0.031771 0.061728
0 0.167839 0.310442 0.021615 0.047840
0 0.073438 0.299126 0.018229 0.043724
0 0.897917 0.246142 0.013542 0.028292
0 0.984766 0.194444 0.010677 0.021605
0 0.574219 0.098508 0.014063 0.038580
0 0.104297 0.281379 0.020573 0.037037
0 0.805729 0.269033 0.017708 0.041152
0 0.451693 0.251029 0.022656 0.054527
0 0.022656 0.267747 0.011458 0.024177
0 0.795573 0.282922 0.019792 0.044239
0 0.468620 0.294239 0.026302 0.058642
0 0.736589 0.287551 0.018490 0.045267
0 0.083724 0.387346 0.024219 0.049383
0 0.886589 0.305556 0.014323 0.031893
0 0.550260 0.346193 0.018229 0.046296
0 0.259766 0.405864 0.025781 0.059671
0 0.946745 0.280864 0.011719 0.025720
0 0.948438 0.347479 0.014063 0.031379
0 0.917318 0.233796 0.012240 0.026235
0 0.066667 0.337963 0.022917 0.056584
0 0.601302 0.275463 0.018229 0.042695
0 0.977604 0.212191 0.009375 0.023148
0 0.993229 0.220165 0.011979 0.025720
0 0.391406 0.373971 0.022917 0.062757
0 0.858724 0.263889 0.015885 0.036008
0 0.975260 0.252058 0.009896 0.021605
0 0.960807 0.213992 0.011719 0.020576
0 0.267188 0.323045 0.019792 0.041152
0 0.951172 0.231996 0.012240 0.028807
0 0.438672 0.562757 0.042448 0.093621
0 0.947005 0.206533 0.011719 0.021091
0 0.754297 0.338992 0.021094 0.048354
0 0.758984 0.268519 0.017448 0.052469
0 0.873177 0.234825 0.016667 0.041667
0 0.920052 0.298354 0.015104 0.032922
0 0.908594 0.229424 0.016667 0.032922
0 0.946875 0.392490 0.015625 0.044239
0 0.994401 0.400206 0.011198 0.031893
