0 0.612240 0.085905 0.013542 0.029835
0 0.980339 0.306070 0.012240 0.028807
0 0.555599 0.355195 0.021615 0.047840
0 0.584115 0.048354 0.011979 0.027778
0 0.783594 0.357767 0.016667 0.038580
0 0.636719 0.255144 0.019271 0.046296
0 0.877865 0.102366 0.010417 0.021605
0 0.633984 0.347479 0.019010 0.046811
0 0.719922 0.072531 0.012240 0.026749
0 0.327604 0.141461 0.016146 0.038066
0 0.033854 0.308385 0.017708 0.044753
0 0.521484 0.270319 0.017448 0.040638
0 0.925521 0.296296 0.014063 0.028807
0 0.708984 0.050926 0.010677 0.024691
0 0.508073 0.009516 0.010937 0.018004
0 0.161589 0.460648 0.026823 0.064300
0 0.568099 0.301440 0.019010 0.045267
0 0.914193 0.146605 0.009635 0.020576
0 0.957422 0.135031 0.009115 0.019033
0 0.928516 0.136831 0.008594 0.019547
0 0.571224 0.109053 0.014323 0.032922
0 0.481641 0.028035 0.011198 0.025206
0 0.215625 0.214506 0.020833 0.043210
0 0.505599 0.031636 0.010677 0.025206
0 0.851562 0.126543 0.010937 0.023663
0 0.420182 0.346193 0.024219 0.050412
0 0.184505 0.298611 0.020573 0.044753
0 0.942839 0.154064 0.009115 0.020062
0 0.543880 0.022377 0.010677 0.025206
0 0.912370 0.245885 0.010677 0.024691
0 0.671745 0.054784 0.011719 0.026235
0 0.705469 0.256173 0.018229 0.041152
0 0.709375 0.201646 0.016146 0.033951
0 0.529557 0.015175 0.010156 0.024177
0 0.967708 0.164352 0.008854 0.018004
0 0.820573 0.108796 0.011458 0.024177
0 0.891797 0.245628 0.010677 0.024177
0 0.603906 0.030607 0.012500 0.028292
0 0.792839 0.239455 0.012760 0.027263
0 0.663932 0.078447 0.012760 0.028292
0 0.831771 0.131944 0.011458 0.024177
0 0.583073 0.154578 0.014583 0.034465
0 0.697266 0.304012 0.021615 0.045267
0 0.027083 0.268261 0.012500 0.029321
0 0.563672 0.232767 0.019010 0.042695
0 0.887500 0.149949 0.010937 0.021091
0 0.937370 0.222737 0.009635 0.021605
0 0.970703 0.144290 0.009115 0.018004
0 0.930469 0.247171 0.011979 0.026235
0 0.945312 0.134516 0.009375 0.019033
0 0.904036 0.114969 0.008073 0.020062
0 0.324219 0.324074 0.019271 0.047325
0 0.635417 0.039352 0.011979 0.026235
0 0.840234 0.113940 0.011719 0.024177
0 0.951693 0.250000 0.010677 0.023663
0 0.822526 0.314815 0.023177 0.044239
0 0.855729 0.207819 0.011458 0.026749
0 0.459245 0.009002 0.012240 0.016975
0 0.244922 0.388889 0.024219 0.052469
0 0.940234 0.270833 0.011719 0.027263
0 0.089974 0.288066 0.020573 0.045267
0 0.019531 0.383745 0.020833 0.052469
0 0.002604 0.377058 0.004687 0.034979
0 0.113802 0.366770 0.019792 0.041152
0 0.189062 0.399177 0.026562 0.045267
0 0.416797 0.469650 0.029948 0.073045
0 0.779818 0.291667 0.021094 0.039095
0 0.862109 0.281636 0.017448 0.038580
0 0.907031 0.387603 0.021875 0.037551
0 0.931901 0.377572 0.016927 0.031893
0 0.918880 0.347222 0.012240 0.029835
0 0.932422 0.335648 0.013802 0.030350
0 0.993359 0.378344 0.013281 0.027263
0 0.964844 0.227881 0.012500 0.025720
0 0.904427 0.150463 0.012500 0.022119
0 0.889583 0.118570 0.009375 0.019033
0 0.856771 0.089249 0.009896 0.018004
0 0.845833 0.085134 0.009896 0.020062
0 0.755078 0.077418 0.010677 0.020062
0 0.554297 0.010031 0.011198 0.019033
