0 0.233073 0.310442 0.021354 0.060185
0 0.741016 0.247428 0.013281 0.028807
0 0.367578 0.236883 0.022656 0.055041
0 0.617578 0.132716 0.011719 0.027778
0 0.200781 0.169753 0.015104 0.034979
0 0.056250 0.268776 0.013542 0.032407
0 0.899349 0.224023 0.011198 0.027263
0 0.852865 0.274949 0.013021 0.029321
0 0.500260 0.226852 0.016667 0.037037
0 0.153776 0.324074 0.023698 0.052469
0 0.154688 0.182613 0.017188 0.032922
0 0.934505 0.209105 0.011198 0.025206
0 0.602474 0.079218 0.010156 0.023663
0 0.513151 0.303498 0.016927 0.038066
0 0.017188 0.367027 0.019271 0.044753
0 0.885677 0.238683 0.011458 0.025720
0 0.256771 0.363940 0.024479 0.064300
0 0.865755 0.320730 0.014844 0.035494
0 0.446745 0.231224 0.019010 0.044753
0 0.063932 0.305298 0.016406 0.036523
0 0.588411 0.222222 0.020052 0.045267
0 0.461979 0.333591 0.018750 0.043724
0 0.283594 0.297582 0.023958 0.054012
0 0.544792 0.249743 0.019271 0.042695
0 0.077995 0.371914 0.019010 0.045267
0 0.704036 0.296811 0.015365 0.042181
0 0.109896 0.293467 0.019271 0.045782
0 0.601042 0.295010 0.021875 0.049897
0 0.569531 0.093107 0.011458 0.025720
0 0.035547 0.280093 0.013802 0.032407
0 0.019922 0.334877 0.012240 0.026749
0 0.784375 0.275720 0.011979 0.028807
0 0.025651 0.275206 0.014323 0.033951
0 0.163281 0.363683 0.023438 0.055556
0 0.916536 0.285751 0.011719 0.027263
0 0.945182 0.269547 0.010677 0.025720
0 0.891797 0.302469 0.013281 0.031893
0 0.826562 0.206276 0.011458 0.024691
0 0.995703 0.406379 0.008594 0.041152
0 0.130990 0.441358 0.027604 0.051440
0 0.202344 0.429527 0.022396 0.053498
0 0.370964 0.315072 0.027344 0.060185
0 0.652604 0.305298 0.021875 0.039609
0 0.656510 0.277006 0.025000 0.033436
0 0.721615 0.326646 0.025000 0.053498
0 0.772656 0.317901 0.019271 0.037037
0 0.820052 0.297068 0.021354 0.041667
0 0.835286 0.354681 0.025260 0.050926
0 0.915625 0.326389 0.014583 0.029321
0 0.991276 0.237654 0.010156 0.017490
0 0.960026 0.192644 0.010677 0.023148
