0 0.923698 0.213735 0.011979 0.026235
0 0.208984 0.175154 0.014323 0.034465
0 0.159635 0.183385 0.015625 0.034465
0 0.748958 0.277263 0.017188 0.039095
0 0.608724 0.137088 0.013802 0.029321
0 0.053776 0.413837 0.019010 0.044753
0 0.615755 0.074588 0.011719 0.024691
0 0.695052 0.295525 0.017708 0.041667
0 0.893359 0.229167 0.011719 0.025206
0 0.600391 0.365226 0.019010 0.048354
0 0.428255 0.369342 0.027865 0.051440
0 0.971875 0.272377 0.010937 0.027263
0 0.459115 0.402006 0.023438 0.058128
0 0.358854 0.311728 0.020313 0.050412
0 0.028385 0.266975 0.011979 0.027778
0 0.629036 0.306070 0.015365 0.033951
0 0.967187 0.224023 0.010417 0.023148
0 0.732292 0.332562 0.017708 0.040638
0 0.174089 0.361626 0.021615 0.052469
0 0.800781 0.374743 0.018750 0.044753
0 0.238151 0.350566 0.020052 0.049897
0 0.848828 0.220422 0.011198 0.027263
0 0.871745 0.265947 0.010677 0.025720
0 0.914193 0.351852 0.013802 0.031893
0 0.663281 0.300154 0.022396 0.049897
0 0.957812 0.279321 0.013542 0.023663
0 0.994531 0.223765 0.009896 0.021605
0 0.834766 0.302212 0.013281 0.031379
0 0.789714 0.267233 0.012760 0.030350
0 0.976432 0.219136 0.009635 0.021605
0 0.514974 0.348508 0.026302 0.062243
0 0.988802 0.240998 0.009896 0.023148
0 0.862109 0.346193 0.016406 0.033951
0 0.510026 0.297068 0.024219 0.047840
0 0.579948 0.084105 0.014063 0.030350
0 0.969141 0.247171 0.009635 0.022119
0 0.242839 0.870113 0.054427 0.074588
0 0.037891 0.324074 0.016406 0.039095
0 0.020833 0.284465 0.017188 0.040123
0 0.101953 0.372171 0.016406 0.033436
0 0.226953 0.443416 0.025260 0.050412
0 0.352995 0.465792 0.028906 0.055041
0 0.577474 0.277778 0.023177 0.047325
0 0.667057 0.219393 0.018490 0.047840
0 0.825000 0.272634 0.011458 0.033951
0 0.798438 0.162037 0.015104 0.033951
0 0.989583 0.206790 0.007812 0.019547
0 0.994661 0.407150 0.010677 0.038580
