0 0.509766 0.276492 0.016927 0.036523
0 0.034245 0.321245 0.015885 0.035494
0 0.467318 0.295525 0.023698 0.047840
0 0.063672 0.259002 0.013802 0.032407
0 0.221745 0.140689 0.012240 0.030350
0 0.178125 0.164609 0.013542 0.030864
0 0.984505 0.284208 0.013281 0.030350
0 0.619010 0.081276 0.010417 0.024691
0 0.064323 0.441615 0.021875 0.061214
0 0.072656 0.348508 0.017188 0.040638
0 0.981641 0.212191 0.010156 0.023148
0 0.904427 0.193158 0.011458 0.024177
0 0.726172 0.362140 0.017969 0.044239
0 0.669271 0.213220 0.016146 0.036523
0 0.753906 0.305298 0.016146 0.039609
0 0.036458 0.266975 0.012500 0.029835
0 0.866667 0.247428 0.014063 0.029835
0 0.571484 0.089249 0.012240 0.028292
0 0.295703 0.271091 0.018490 0.044239
0 0.935417 0.299897 0.014583 0.031893
0 0.304948 0.363683 0.025000 0.054527
0 0.045312 0.348251 0.016146 0.034979
0 0.950521 0.260545 0.014583 0.031379
0 0.089453 0.287037 0.015365 0.037037
0 0.918490 0.236626 0.011458 0.026749
0 0.652083 0.275206 0.016667 0.038066
0 0.645573 0.325103 0.016146 0.038066
0 0.791276 0.409722 0.017969 0.042695
0 0.017708 0.444702 0.021354 0.049897
0 0.112240 0.296553 0.017188 0.037551
0 0.192708 0.452932 0.022917 0.050926
0 0.952734 0.206276 0.010677 0.022634
0 0.579427 0.130658 0.010417 0.025720
0 0.575781 0.325103 0.025000 0.058642
0 0.804167 0.183899 0.011979 0.025206
0 0.196094 0.644547 0.029687 0.066872
0 0.585938 0.244342 0.019792 0.045267
0 0.828385 0.241255 0.012500 0.027778
0 0.142057 0.241512 0.014323 0.033436
0 0.003125 0.297840 0.005729 0.021605
0 0.152214 0.312500 0.022656 0.039609
0 0.170964 0.228652 0.022135 0.041667
0 0.182682 0.326903 0.020573 0.037551
0 0.213281 0.252572 0.028646 0.040123
0 0.333724 0.288066 0.026302 0.052469
0 0.389583 0.241512 0.026042 0.052984
0 0.400260 0.412551 0.030208 0.050412
0 0.718620 0.285751 0.020573 0.039609
0 0.839063 0.329475 0.019792 0.030350
0 0.831641 0.270833 0.017969 0.038580
0 0.901432 0.285751 0.016406 0.031379
0 0.929557 0.334877 0.015365 0.032922
0 0.903906 0.237654 0.012500 0.037037
0 0.992188 0.240226 0.008854 0.022634
0 0.997135 0.214249 0.005729 0.028292
0 0.992057 0.201132 0.008594 0.018519
0 0.963151 0.216821 0.009115 0.025206
