0 0.284115 0.202932 0.015104 0.033436
0 0.453646 0.322016 0.018750 0.048354
0 0.326432 0.186986 0.015365 0.034465
0 0.026953 0.383745 0.018490 0.042181
0 0.415885 0.176955 0.017708 0.040123
0 0.937109 0.324331 0.010156 0.024177
0 0.009375 0.343364 0.016667 0.037551
0 0.493229 0.291667 0.019792 0.045267
0 0.213411 0.209105 0.014323 0.032407
0 0.363802 0.300669 0.021354 0.050926
0 0.047917 0.583591 0.022917 0.048868
0 0.071875 0.292953 0.013542 0.032407
0 0.726823 0.257459 0.017708 0.038580
0 0.829427 0.237654 0.014063 0.026749
0 0.961589 0.302726 0.010156 0.023148
0 0.081641 0.261060 0.014844 0.033436
0 0.132812 0.285237 0.015625 0.035494
0 0.279818 0.288580 0.015885 0.038066
0 0.771224 0.305041 0.015885 0.034979
0 0.713151 0.365484 0.017969 0.041667
0 0.643229 0.288323 0.018229 0.046811
0 0.056380 0.345165 0.017448 0.040123
0 0.413542 0.363940 0.020833 0.049897
0 0.116797 0.279578 0.014844 0.036523
0 0.020703 0.512860 0.025781 0.063786
0 0.323568 0.219393 0.016406 0.037551
0 0.274219 0.386574 0.024479 0.054012
0 0.009115 0.589763 0.017708 0.048868
0 0.073828 0.235082 0.014844 0.030864
0 0.041016 0.442901 0.017969 0.042181
0 0.170443 0.225051 0.012760 0.029321
0 0.813411 0.311214 0.017448 0.041152
0 0.075911 0.363940 0.020052 0.043724
0 0.688281 0.302212 0.020833 0.049897
0 0.234375 0.263632 0.015104 0.038580
0 0.165625 0.384002 0.020833 0.048868
0 0.058073 0.297840 0.013021 0.028807
0 0.888672 0.300926 0.012760 0.030864
0 0.573047 0.288837 0.022135 0.059156
0 0.993490 0.376800 0.010937 0.026235
0 0.033984 0.285494 0.011719 0.026749
0 0.574219 0.355967 0.020833 0.046296
0 0.201563 0.417438 0.028646 0.063272
0 0.663672 0.351080 0.017969 0.042695
0 0.302995 0.338220 0.020052 0.047840
0 0.974089 0.342078 0.011719 0.026749
0 0.901953 0.351595 0.014323 0.033436
0 0.523438 0.458591 0.021354 0.052984
0 0.179427 0.282150 0.014063 0.033436
0 0.065755 0.752058 0.038281 0.062757
0 0.529427 0.348765 0.026562 0.053498
0 0.120703 0.561728 0.044010 0.075103
0 0.165885 0.296553 0.018229 0.040638
0 0.100130 0.258488 0.016927 0.038580
0 0.020313 0.689300 0.027083 0.052469
0 0.292187 0.652006 0.051562 0.077675
0 0.397266 0.595679 0.046094 0.085391
0 0.125260 0.654064 0.044271 0.063272
0 0.005990 0.432099 0.011458 0.051440
0 0.751172 0.341821 0.020052 0.041667
0 0.797266 0.285751 0.017448 0.041667
0 0.873307 0.320730 0.019531 0.040638
0 0.916406 0.257459 0.017708 0.033436
0 0.974219 0.288066 0.014583 0.036008
0 0.998047 0.304270 0.003906 0.025206
0 0.997005 0.220165 0.005990 0.024691
0 0.361068 0.382716 0.028385 0.052469
0 0.064583 0.493056 0.029687 0.058128
