0 0.284245 0.195730 0.015365 0.035494
0 0.487500 0.283179 0.017188 0.038580
0 0.209505 0.207819 0.014844 0.034979
0 0.436979 0.295525 0.016667 0.035494
0 0.318750 0.175154 0.015104 0.036523
0 0.140495 0.288323 0.017969 0.040638
0 0.007812 0.341821 0.015104 0.035494
0 0.345182 0.285494 0.022135 0.053498
0 0.707161 0.357767 0.020573 0.045782
0 0.652083 0.393776 0.021354 0.052984
0 0.132031 0.447788 0.022396 0.047840
0 0.332031 0.376286 0.022917 0.051955
0 0.091276 0.364455 0.021094 0.043724
0 0.197917 0.418210 0.026562 0.061728
0 0.161979 0.220936 0.017188 0.041667
0 0.065234 0.300154 0.015885 0.032407
0 0.107682 0.291409 0.016927 0.037551
0 0.255208 0.386317 0.024479 0.056584
0 0.556510 0.309671 0.025000 0.051440
0 0.922135 0.262603 0.014063 0.030350
0 0.634245 0.319187 0.021094 0.046811
0 0.389714 0.188272 0.023177 0.049383
0 0.238411 0.264146 0.016406 0.039609
0 0.667708 0.296039 0.016146 0.037551
0 0.154948 0.300412 0.017708 0.041152
0 0.020313 0.504630 0.022396 0.053498
0 0.104818 0.251543 0.016406 0.027778
0 0.071484 0.274177 0.016406 0.030864
0 0.055339 0.429270 0.019010 0.040638
0 0.959635 0.304270 0.013021 0.028292
0 0.791797 0.270319 0.015365 0.031379
0 0.970182 0.286523 0.012240 0.028807
0 0.272786 0.352881 0.024740 0.055556
0 0.033594 0.585648 0.025521 0.063272
0 0.275521 0.276235 0.022396 0.053498
0 0.222526 0.281379 0.016927 0.039095
0 0.711328 0.247942 0.019010 0.039095
0 0.364063 0.569959 0.022396 0.055556
0 0.991016 0.371656 0.012760 0.029321
0 0.029948 0.378601 0.021354 0.045267
0 0.996484 0.317901 0.007031 0.026749
0 0.513672 0.440844 0.024219 0.059671
0 0.006771 0.448045 0.013021 0.044239
0 0.033464 0.282922 0.014844 0.029835
0 0.061198 0.337449 0.018750 0.036008
0 0.313932 0.225051 0.014844 0.035494
0 0.521354 0.499228 0.021354 0.051955
0 0.073828 0.243570 0.014323 0.028292
0 0.007812 0.583848 0.015104 0.046296
0 0.408594 0.488683 0.032292 0.061728
0 0.286719 0.565329 0.035937 0.073045
0 0.114714 0.690329 0.042448 0.075103
0 0.048568 0.827160 0.035156 0.070988
0 0.112760 0.574331 0.052083 0.083848
0 0.079036 0.484053 0.036198 0.066872
0 0.431510 0.338477 0.026562 0.052469
0 0.505990 0.362654 0.032292 0.060700
0 0.559505 0.420525 0.023698 0.050926
0 0.757552 0.335905 0.024479 0.043210
0 0.777995 0.300412 0.024219 0.041152
0 0.797266 0.303498 0.016406 0.032922
0 0.864323 0.321245 0.021354 0.037551
0 0.899740 0.355967 0.023958 0.045267
0 0.885547 0.298097 0.018490 0.034465
0 0.939714 0.329733 0.014323 0.033951
0 0.971615 0.345679 0.014063 0.038066
0 0.893359 0.270576 0.014844 0.032922
0 0.174609 0.306584 0.017448 0.022634
