0 0.446484 0.236368 0.021094 0.048868
0 0.120052 0.300669 0.019271 0.045782
0 0.643359 0.344907 0.020573 0.046811
0 0.535807 0.277521 0.017969 0.041667
0 0.605599 0.274177 0.017969 0.047325
0 0.306510 0.343879 0.023958 0.056070
0 0.887240 0.278549 0.010937 0.026235
0 0.651172 0.302469 0.021094 0.044239
0 0.949609 0.238683 0.009635 0.023663
0 0.500781 0.285494 0.018229 0.042181
0 0.611068 0.085648 0.012760 0.028292
0 0.931771 0.257716 0.010417 0.025720
0 0.787891 0.263117 0.014323 0.032407
0 0.663802 0.259516 0.017188 0.039609
0 0.981901 0.251800 0.009635 0.023148
0 0.236589 0.279835 0.019531 0.036008
0 0.606120 0.130916 0.012760 0.030350
0 0.204818 0.174126 0.016927 0.040638
0 0.369792 0.294496 0.019271 0.046811
0 0.838932 0.252829 0.012760 0.030350
0 0.557031 0.375257 0.021875 0.055041
0 0.670182 0.241770 0.016927 0.038066
0 0.020573 0.276749 0.015104 0.032922
0 0.920703 0.225051 0.010156 0.024177
0 0.899349 0.221193 0.009115 0.021605
0 0.737370 0.236111 0.016406 0.038066
0 0.945443 0.213735 0.009635 0.022119
0 0.164583 0.186728 0.016146 0.031893
0 0.570182 0.092078 0.013802 0.031893
0 0.344531 0.250257 0.018229 0.040638
0 0.801562 0.343879 0.013542 0.031379
0 0.078516 0.294239 0.016406 0.031893
0 0.422917 0.348251 0.021875 0.053498
0 0.717448 0.223508 0.015625 0.034465
0 0.156380 0.313272 0.020573 0.042181
0 0.751693 0.307613 0.015885 0.036008
0 0.980599 0.283436 0.012240 0.026749
0 0.822526 0.310700 0.016406 0.036008
0 0.026562 0.400720 0.023958 0.047325
0 0.012760 0.336677 0.015104 0.035494
0 0.004948 0.336420 0.009375 0.033951
0 0.098177 0.265432 0.017188 0.033951
0 0.112500 0.370370 0.021875 0.040123
0 0.166016 0.333848 0.023698 0.048354
0 0.228385 0.343621 0.022917 0.058642
0 0.258594 0.308385 0.024479 0.047840
0 0.411719 0.749228 0.044271 0.080761
0 0.583984 0.310700 0.025781 0.050412
0 0.855599 0.310957 0.021094 0.040638
0 0.868099 0.287551 0.018490 0.045267
0 0.842187 0.168981 0.012500 0.022119
0 0.888802 0.308899 0.013021 0.032407
0 0.914062 0.303498 0.018229 0.039095
0 0.971484 0.228652 0.011198 0.028292
0 0.985026 0.228909 0.008594 0.021605
0 0.980990 0.199588 0.009375 0.020576
0 0.994661 0.404578 0.010677 0.041667
