0 0.160938 0.260545 0.020833 0.045782
0 0.970573 0.298354 0.013542 0.030864
0 0.177474 0.340021 0.018490 0.047325
0 0.957292 0.243056 0.015625 0.035494
0 0.416927 0.380401 0.021354 0.056070
0 0.612760 0.259002 0.017708 0.041667
0 0.355469 0.252315 0.018229 0.041667
0 0.318620 0.300412 0.018490 0.043210
0 0.474349 0.359825 0.021615 0.052984
0 0.766016 0.315072 0.016406 0.036523
0 0.065365 0.406379 0.022396 0.052469
0 0.468750 0.237654 0.022917 0.043210
0 0.791406 0.242798 0.015104 0.032922
0 0.031380 0.282150 0.016406 0.036523
0 0.242448 0.279321 0.020313 0.048354
0 0.101693 0.282150 0.019531 0.045782
0 0.054818 0.314043 0.018490 0.042695
0 0.569531 0.312500 0.022396 0.061214
0 0.199740 0.421811 0.020833 0.047325
0 0.939323 0.270319 0.013542 0.031379
0 0.922135 0.203961 0.009896 0.022119
0 0.558594 0.246656 0.021354 0.055041
0 0.115755 0.399434 0.024740 0.051955
0 0.013672 0.408693 0.019010 0.046811
0 0.021745 0.476595 0.019010 0.047840
0 0.983203 0.213735 0.011719 0.024177
0 0.092839 0.331276 0.020052 0.044239
0 0.284635 0.438014 0.020833 0.057099
0 0.500911 0.304784 0.023177 0.051955
0 0.720052 0.261831 0.017188 0.043210
0 0.912760 0.259259 0.013542 0.029835
0 0.676172 0.267747 0.018490 0.040638
0 0.986328 0.251800 0.012760 0.028292
0 0.888802 0.269547 0.013021 0.028807
0 0.896615 0.282922 0.015625 0.033951
0 0.992708 0.204218 0.010937 0.022634
0 0.024609 0.265175 0.010156 0.019033
0 0.032552 0.346193 0.017708 0.030864
0 0.236979 0.195730 0.019271 0.036523
0 0.339453 0.352109 0.024740 0.045782
0 0.415365 0.320216 0.031250 0.048868
0 0.635547 0.327418 0.028906 0.051955
0 0.687891 0.336677 0.019010 0.042695
0 0.726562 0.342078 0.018229 0.029835
0 0.815885 0.296296 0.020313 0.036008
0 0.828516 0.263117 0.012240 0.026235
0 0.853516 0.226595 0.014323 0.036523
0 0.863542 0.304012 0.017708 0.034979
0 0.838542 0.339249 0.017708 0.045782
0 0.921094 0.238169 0.011979 0.026749
0 0.918359 0.292695 0.013281 0.039095
0 0.941667 0.250257 0.011458 0.019033
0 0.961458 0.196759 0.010417 0.020062
0 0.972656 0.218364 0.008854 0.027263
0 0.996354 0.234568 0.007292 0.024691
