0 0.278906 0.199846 0.017708 0.037551
0 0.183333 0.272891 0.019792 0.044753
0 0.762370 0.276492 0.013802 0.032407
0 0.368620 0.300154 0.021615 0.050926
0 0.521224 0.292181 0.021094 0.049383
0 0.303385 0.339763 0.022396 0.052984
0 0.154948 0.267233 0.018229 0.039609
0 0.010286 0.339249 0.017448 0.037551
0 0.218880 0.411265 0.027344 0.066358
0 0.716667 0.327675 0.018750 0.042181
0 0.070182 0.535751 0.020052 0.047840
0 0.048307 0.312757 0.015885 0.031893
0 0.009896 0.526235 0.019271 0.045267
0 0.172917 0.394547 0.021875 0.052469
0 0.211979 0.221193 0.017188 0.042181
0 0.861328 0.309928 0.012240 0.027263
0 0.214453 0.283951 0.019531 0.043210
0 0.075000 0.289866 0.015625 0.034465
0 0.277734 0.393004 0.021615 0.051440
0 0.733724 0.387860 0.016406 0.039095
0 0.605599 0.409722 0.017969 0.040638
0 0.334245 0.180556 0.015885 0.037037
0 0.553385 0.429012 0.025521 0.063786
0 0.675391 0.344650 0.021615 0.048354
0 0.053646 0.353652 0.017708 0.037551
0 0.029167 0.391461 0.019271 0.044239
0 0.423698 0.200874 0.018229 0.040638
0 0.446484 0.310442 0.018490 0.044753
0 0.940885 0.298868 0.014063 0.032922
0 0.044141 0.444702 0.020573 0.045782
0 0.009375 0.611626 0.018229 0.047325
0 0.114453 0.265947 0.025781 0.034979
0 0.057943 0.315844 0.015885 0.031893
0 0.084505 0.261060 0.014323 0.032407
0 0.925391 0.310185 0.013802 0.028807
0 0.236979 0.271605 0.023438 0.049383
0 0.541667 0.480453 0.023958 0.058642
0 0.071484 0.250000 0.015365 0.038066
0 0.163281 0.302726 0.018750 0.041667
0 0.970443 0.372171 0.015885 0.036523
0 0.814974 0.327418 0.017448 0.040638
0 0.656250 0.258230 0.019792 0.040123
0 0.372917 0.391461 0.029687 0.069959
0 0.023438 0.690072 0.028125 0.065329
0 0.126562 0.511574 0.029167 0.069444
0 0.953255 0.273148 0.012760 0.027778
0 0.842969 0.283951 0.011458 0.024691
0 0.259635 0.295267 0.018229 0.029835
0 0.557161 0.348251 0.024219 0.055556
0 0.411328 0.598251 0.025781 0.056584
0 0.102865 0.668724 0.030208 0.069959
0 0.098828 0.258230 0.015365 0.031893
0 0.007292 0.309414 0.014063 0.033436
0 0.341406 0.631687 0.035937 0.082305
0 0.437630 0.505658 0.045573 0.084362
0 0.450911 0.367284 0.030469 0.060700
0 0.148307 0.580761 0.039323 0.077160
0 0.014453 0.401235 0.019010 0.042181
0 0.033203 0.291667 0.016406 0.029835
0 0.082031 0.391461 0.037500 0.066872
0 0.336589 0.226080 0.029427 0.050926
0 0.597786 0.320216 0.027865 0.055041
0 0.785026 0.336677 0.020052 0.047840
0 0.971094 0.296296 0.013021 0.033951
0 0.966016 0.252058 0.010156 0.027778
0 0.945833 0.139403 0.009896 0.019547
0 0.993490 0.336163 0.010937 0.026235
