0 0.063932 0.212706 0.012760 0.030350
0 0.568229 0.323045 0.023958 0.057613
0 0.191406 0.250772 0.017708 0.042695
0 0.568620 0.106996 0.013802 0.031893
0 0.504948 0.057613 0.011458 0.029835
0 0.291406 0.322788 0.020833 0.047840
0 0.891797 0.195216 0.012240 0.029321
0 0.604688 0.150977 0.013021 0.031379
0 0.146745 0.143776 0.013802 0.032407
0 0.906380 0.145319 0.011198 0.023148
0 0.613021 0.114712 0.013542 0.031893
0 0.607031 0.362397 0.022396 0.052984
0 0.877083 0.266204 0.012500 0.029321
0 0.338672 0.281121 0.020573 0.048868
0 0.468750 0.291152 0.017708 0.039095
0 0.926953 0.292181 0.016406 0.038066
0 0.940625 0.187500 0.010417 0.023148
0 0.839453 0.181842 0.010677 0.026235
0 0.926042 0.193158 0.013021 0.028292
0 0.895703 0.268776 0.013281 0.031379
0 0.953255 0.197788 0.010156 0.021091
0 0.827474 0.247171 0.013281 0.031379
0 0.804818 0.289095 0.019010 0.042181
0 0.930078 0.173868 0.007552 0.023663
0 0.668359 0.312500 0.021615 0.051955
0 0.266927 0.388889 0.023438 0.053498
0 0.034115 0.275206 0.014063 0.034979
0 0.482682 0.341049 0.023698 0.054527
0 0.148958 0.539095 0.032292 0.051440
0 0.008594 0.415381 0.016667 0.033436
0 0.008984 0.360082 0.016927 0.036008
0 0.084115 0.421553 0.023958 0.046811
0 0.047266 0.342335 0.016406 0.040638
0 0.033594 0.324588 0.014063 0.031893
0 0.048047 0.259774 0.014844 0.028807
0 0.126042 0.308642 0.017188 0.037037
0 0.191146 0.349794 0.021354 0.052469
0 0.177604 0.319187 0.022396 0.046811
0 0.325911 0.422582 0.031510 0.056070
0 0.385807 0.333591 0.029427 0.060185
0 0.562500 0.277263 0.026042 0.048354
0 0.644922 0.250257 0.022135 0.039609
0 0.727995 0.241512 0.016406 0.035494
0 0.992708 0.401749 0.014583 0.039095
0 0.800651 0.164866 0.009635 0.018004
0 0.862370 0.128086 0.009635 0.018519
0 0.971615 0.179270 0.010417 0.019033
0 0.996224 0.204475 0.007552 0.021091
0 0.761458 0.109311 0.013542 0.022119
0 0.737760 0.076646 0.010937 0.017490
0 0.687500 0.040895 0.010937 0.024177
