0 0.114714 0.258230 0.017448 0.038066
0 0.038802 0.428241 0.019271 0.043724
0 0.421094 0.270062 0.019271 0.046296
0 0.253385 0.191615 0.013542 0.033436
0 0.301693 0.172582 0.014844 0.035494
0 0.482031 0.335134 0.020313 0.045782
0 0.584245 0.316101 0.021615 0.039609
0 0.158854 0.327932 0.022917 0.049897
0 0.902083 0.308385 0.012500 0.027263
0 0.056380 0.333848 0.019531 0.045267
0 0.091667 0.271348 0.019271 0.040638
0 0.014063 0.494599 0.022396 0.050926
0 0.555599 0.440586 0.024740 0.060185
0 0.011458 0.417438 0.020833 0.044753
0 0.115625 0.328447 0.019271 0.044753
0 0.156901 0.209362 0.016406 0.036008
0 0.077214 0.262603 0.017448 0.039609
0 0.069792 0.240998 0.016667 0.036523
0 0.225391 0.400463 0.022135 0.056070
0 0.209245 0.232510 0.015885 0.033951
0 0.161068 0.253601 0.016406 0.037037
0 0.179036 0.433385 0.028385 0.065329
0 0.133073 0.429784 0.023958 0.057099
0 0.542318 0.347994 0.023698 0.054012
0 0.055469 0.298868 0.017188 0.036008
0 0.239063 0.353138 0.021354 0.049897
0 0.775130 0.293210 0.019531 0.045267
0 0.611328 0.209619 0.018490 0.045782
0 0.811198 0.336420 0.016667 0.038066
0 0.936589 0.382459 0.011719 0.028292
0 0.951302 0.326389 0.013542 0.029321
0 0.263802 0.510288 0.027083 0.065844
0 0.972526 0.315586 0.013802 0.030350
0 0.296354 0.213992 0.016667 0.042181
0 0.808333 0.277778 0.013021 0.029835
0 0.927604 0.307099 0.011979 0.027778
0 0.297396 0.311214 0.019792 0.049383
0 0.840755 0.282407 0.011719 0.026749
0 0.012370 0.602366 0.022656 0.051440
0 0.678125 0.281121 0.018750 0.040638
0 0.409505 0.422325 0.021094 0.052469
0 0.858333 0.315329 0.012500 0.028807
0 0.430599 0.327418 0.019531 0.039609
0 0.358854 0.345936 0.028125 0.050926
0 0.350651 0.493827 0.028385 0.067901
0 0.320182 0.565844 0.030990 0.052469
0 0.112630 0.679527 0.040885 0.058642
0 0.038932 0.728138 0.026823 0.065329
0 0.085286 0.577418 0.035677 0.071502
0 0.029297 0.377829 0.023177 0.040638
0 0.033854 0.337963 0.015625 0.029835
0 0.036068 0.286523 0.013802 0.034979
0 0.185938 0.280864 0.021354 0.045267
0 0.254036 0.280350 0.020573 0.040123
0 0.684245 0.236883 0.011719 0.025206
0 0.667448 0.345936 0.022917 0.060185
0 0.917188 0.352109 0.015625 0.035494
0 0.958464 0.413323 0.016927 0.039609
0 0.982552 0.270319 0.015625 0.033436
0 0.853646 0.243570 0.018750 0.032407
0 0.068750 0.385802 0.035937 0.063786
0 0.887109 0.338992 0.011198 0.034979
