0 0.220182 0.241255 0.016406 0.036008
0 0.047396 0.381173 0.016146 0.038066
0 0.025521 0.319702 0.016146 0.036523
0 0.264583 0.225823 0.016146 0.037037
0 0.853906 0.309156 0.014063 0.034979
0 0.966536 0.306327 0.012240 0.028292
0 0.335677 0.175154 0.016146 0.036523
0 0.639974 0.190844 0.016406 0.039095
0 0.383724 0.249486 0.016406 0.038066
0 0.452865 0.387603 0.017708 0.044753
0 0.609635 0.313014 0.017188 0.041667
0 0.701172 0.263117 0.015365 0.035494
0 0.036328 0.432870 0.019010 0.039609
0 0.172266 0.238683 0.013281 0.029835
0 0.390365 0.214506 0.017188 0.039095
0 0.894010 0.246399 0.011979 0.027778
0 0.332292 0.513374 0.026042 0.060700
0 0.462370 0.255658 0.018490 0.042181
0 0.200781 0.346193 0.019792 0.048354
0 0.152865 0.408951 0.022396 0.052469
0 0.751432 0.303241 0.017448 0.039609
0 0.188151 0.300154 0.017969 0.040638
0 0.120313 0.537294 0.029687 0.068416
0 0.494661 0.261831 0.016927 0.040123
0 0.080859 0.316615 0.019010 0.038580
0 0.885286 0.359311 0.018490 0.040638
0 0.075521 0.413580 0.024479 0.053498
0 0.942187 0.310700 0.011979 0.029835
0 0.151042 0.286008 0.018750 0.036008
0 0.779427 0.353652 0.014583 0.035494
0 0.794010 0.307870 0.014063 0.035494
0 0.232552 0.552469 0.037500 0.075103
0 0.084245 0.273663 0.014844 0.032922
0 0.176693 0.264918 0.014323 0.033951
0 0.947786 0.282922 0.010677 0.029835
0 0.067318 0.262346 0.014323 0.034979
0 0.101693 0.299126 0.016406 0.035494
0 0.918750 0.302984 0.016667 0.036008
0 0.017969 0.407922 0.019271 0.042181
0 0.192708 0.492284 0.027604 0.074074
0 0.242839 0.463992 0.028385 0.060700
0 0.782552 0.453447 0.025000 0.059156
0 0.033984 0.288580 0.010677 0.023663
0 0.867188 0.298097 0.011458 0.028292
0 0.407161 0.568416 0.037760 0.078189
0 0.084115 0.517233 0.030208 0.048868
0 0.017057 0.533179 0.022135 0.044753
0 0.009766 0.435442 0.019010 0.052984
0 0.040495 0.326389 0.017448 0.042695
0 0.122656 0.266718 0.025000 0.041667
0 0.260286 0.295267 0.021094 0.040123
0 0.331380 0.237654 0.023698 0.046296
0 0.516146 0.348765 0.034375 0.064815
0 0.613542 0.275977 0.020313 0.054012
0 0.829167 0.400206 0.023438 0.046296
0 0.900000 0.359568 0.014583 0.039095
0 0.998568 0.267233 0.002865 0.024177
