0 0.224870 0.326389 0.026302 0.054012
0 0.571354 0.286780 0.026042 0.047840
0 0.511719 0.235854 0.020313 0.046811
0 0.290234 0.312243 0.022135 0.052469
0 0.195964 0.402263 0.022135 0.050412
0 0.386328 0.307356 0.026302 0.060185
0 0.861198 0.227881 0.011458 0.026749
0 0.275391 0.357510 0.029948 0.063786
0 0.685677 0.273663 0.018750 0.047325
0 0.916667 0.224537 0.010417 0.025206
0 0.040495 0.339506 0.021094 0.045267
0 0.451823 0.283179 0.026042 0.055041
0 0.955990 0.238940 0.011458 0.027263
0 0.760286 0.335905 0.020052 0.044239
0 0.159896 0.336420 0.017188 0.040123
0 0.706120 0.351337 0.019010 0.046296
0 0.732552 0.300926 0.022396 0.054527
0 0.026432 0.405350 0.027865 0.063786
0 0.019010 0.320730 0.021875 0.046811
0 0.598828 0.136317 0.014323 0.029835
0 0.939844 0.249228 0.010937 0.027263
0 0.917708 0.259516 0.010937 0.026235
0 0.813281 0.246914 0.014063 0.029835
0 0.003646 0.301698 0.006771 0.025206
0 0.091797 0.325103 0.019010 0.042181
0 0.360677 0.280093 0.025000 0.052984
0 0.033073 0.272377 0.011979 0.032407
0 0.956901 0.279321 0.014323 0.030864
0 0.585286 0.088735 0.015365 0.034465
0 0.857812 0.332305 0.014063 0.037037
0 0.159375 0.283179 0.019792 0.044753
0 0.870052 0.268776 0.016146 0.030350
0 0.503906 0.537294 0.043750 0.082819
0 0.111589 0.428241 0.028385 0.064300
0 0.611849 0.269033 0.020052 0.046296
0 0.565885 0.122171 0.019792 0.045782
0 0.972266 0.262603 0.012240 0.029321
0 0.462891 0.361626 0.022135 0.049383
0 0.985417 0.210391 0.011979 0.025720
0 0.614062 0.250514 0.016146 0.034979
0 0.647266 0.316872 0.023177 0.055556
0 0.793359 0.293724 0.022656 0.059671
0 0.737500 0.231481 0.028125 0.072016
0 0.935807 0.418210 0.019010 0.049383
0 0.611849 0.005916 0.009635 0.010802
