0 0.132031 0.307613 0.023438 0.042181
0 0.881641 0.244342 0.012240 0.026749
0 0.762240 0.288323 0.018750 0.040638
0 0.031771 0.368056 0.016146 0.038580
0 0.411068 0.333591 0.024740 0.041667
0 0.609115 0.132716 0.012500 0.028807
0 0.828125 0.360340 0.015625 0.036523
0 0.066146 0.284208 0.017708 0.039609
0 0.722135 0.314300 0.017188 0.037037
0 0.542188 0.298097 0.020313 0.047840
0 0.337630 0.319702 0.027344 0.068416
0 0.030990 0.268776 0.018229 0.038580
0 0.735677 0.358539 0.018750 0.040123
0 0.978516 0.216821 0.009115 0.024177
0 0.614714 0.263374 0.017448 0.036008
0 0.975260 0.248714 0.011458 0.024177
0 0.925000 0.209362 0.011458 0.024691
0 0.024740 0.280864 0.013021 0.030864
0 0.788672 0.279578 0.015885 0.036523
0 0.963802 0.222479 0.012500 0.028292
0 0.568880 0.099280 0.012760 0.028807
0 0.945312 0.148405 0.010417 0.023148
0 0.220052 0.393261 0.025521 0.049897
0 0.987500 0.271605 0.010937 0.024691
0 0.129427 0.352881 0.021875 0.047325
0 0.005859 0.326132 0.011198 0.044239
0 0.148958 0.295010 0.016667 0.038580
0 0.463542 0.622171 0.045312 0.095165
0 0.981510 0.280607 0.013021 0.026235
0 0.105469 0.272891 0.018750 0.040638
0 0.475651 0.274691 0.022656 0.049383
0 0.480469 0.319702 0.032813 0.057099
0 0.395833 0.354938 0.029687 0.056584
0 0.963151 0.293210 0.013281 0.027778
0 0.634245 0.363683 0.022135 0.054527
0 0.897656 0.274691 0.014063 0.030864
0 0.917318 0.274434 0.011719 0.025206
0 0.948568 0.238169 0.011719 0.025720
0 0.603906 0.078189 0.012500 0.027778
0 0.986068 0.242027 0.011719 0.024177
0 0.559505 0.253858 0.018490 0.045782
0 0.812891 0.276235 0.014844 0.037037
0 0.249349 0.301183 0.020573 0.054012
0 0.993750 0.184156 0.009896 0.018519
0 0.075391 0.425926 0.031510 0.055556
0 0.933854 0.266204 0.013021 0.028292
0 0.147786 0.437243 0.032552 0.061728
0 0.408854 0.286265 0.025000 0.063272
0 0.671484 0.299126 0.016406 0.038580
0 0.867969 0.323302 0.020833 0.041667
0 0.895182 0.245628 0.014844 0.028292
0 0.945703 0.416924 0.022656 0.043724
0 0.996354 0.401749 0.007292 0.046296
0 0.995964 0.248971 0.004427 0.022634
0 0.996354 0.200874 0.007292 0.026235
