0 0.921615 0.412809 0.016667 0.036523
0 0.631250 0.232767 0.018229 0.042695
0 0.664193 0.301183 0.020052 0.044753
0 0.349349 0.341821 0.024740 0.056070
0 0.108984 0.347994 0.021094 0.049897
0 0.385937 0.112140 0.014583 0.034979
0 0.110677 0.316615 0.021875 0.028292
0 0.077083 0.382973 0.022917 0.054012
0 0.574349 0.255144 0.019010 0.041152
0 0.971224 0.184671 0.011198 0.024691
0 0.141276 0.345679 0.021094 0.049383
0 0.874219 0.261317 0.014063 0.031893
0 0.231250 0.328447 0.021875 0.049897
0 0.628385 0.060442 0.011979 0.027263
0 0.830078 0.232253 0.013281 0.030350
0 0.741016 0.270833 0.015885 0.036523
0 0.559375 0.047840 0.010417 0.023663
0 0.487500 0.019290 0.011979 0.025206
0 0.517448 0.016204 0.010417 0.023148
0 0.598307 0.101337 0.013802 0.029835
0 0.677734 0.256173 0.018490 0.043210
0 0.603646 0.008745 0.009896 0.016461
0 0.588411 0.167181 0.014844 0.033951
0 0.874089 0.181584 0.010156 0.024691
0 0.750521 0.295525 0.016667 0.036523
0 0.972005 0.214249 0.009635 0.023148
0 0.578906 0.038066 0.010417 0.024691
0 0.821875 0.097479 0.010937 0.026235
0 0.709766 0.062757 0.012760 0.028807
0 0.543490 0.033179 0.011458 0.025206
0 0.076693 0.272891 0.014844 0.033436
0 0.935807 0.156893 0.010156 0.022634
0 0.225130 0.405864 0.020052 0.052469
0 0.984115 0.277006 0.010417 0.025206
0 0.935547 0.192387 0.011198 0.025720
0 0.016016 0.412294 0.022135 0.054012
0 0.501953 0.285494 0.015885 0.038066
0 0.680208 0.052726 0.010937 0.025206
0 0.549479 0.010031 0.010417 0.019033
0 0.571745 0.108796 0.013802 0.031379
0 0.924740 0.150206 0.010417 0.023663
0 0.648828 0.044496 0.011719 0.027263
0 0.985026 0.220936 0.012240 0.027263
0 0.891016 0.201389 0.010677 0.026235
0 0.915625 0.100823 0.009896 0.023663
0 0.130729 0.468364 0.026562 0.064300
0 0.692969 0.047325 0.010937 0.025720
0 0.160286 0.378344 0.019531 0.038580
0 0.100130 0.452675 0.029427 0.054527
0 0.053125 0.350823 0.020313 0.039095
0 0.018229 0.299383 0.013021 0.036008
0 0.031771 0.273920 0.017708 0.036523
0 0.371094 0.381944 0.025521 0.065329
0 0.382552 0.539095 0.026562 0.066872
0 0.529036 0.340021 0.026823 0.051440
0 0.791276 0.285494 0.015365 0.043210
0 0.830990 0.269290 0.015104 0.033436
0 0.865625 0.309671 0.014063 0.034979
0 0.932422 0.350309 0.015885 0.036008
0 0.936589 0.378344 0.013802 0.022119
0 0.996745 0.333848 0.006510 0.024691
0 0.842187 0.143776 0.013021 0.024177
0 0.911068 0.166409 0.012240 0.026235
0 0.903385 0.133488 0.008333 0.019033
0 0.950651 0.128086 0.007552 0.018519
0 0.905599 0.246914 0.011719 0.027778
0 0.957161 0.320730 0.012240 0.025206
0 0.708073 0.227881 0.018229 0.034979
0 0.666536 0.043724 0.011719 0.032922
0 0.623958 0.031121 0.012500 0.021091
0 0.579427 0.019805 0.009896 0.014918
0 0.471745 0.052469 0.013281 0.021605
