0 0.441797 0.364455 0.026823 0.057099
0 0.614583 0.164609 0.013542 0.031893
0 0.580990 0.117027 0.014583 0.033436
0 0.604036 0.098251 0.013281 0.029835
0 0.169401 0.306070 0.021094 0.045267
0 0.838672 0.167953 0.010677 0.023148
0 0.954948 0.231224 0.011979 0.025206
0 0.273307 0.159722 0.015365 0.033436
0 0.311589 0.411523 0.027344 0.060700
0 0.015625 0.327932 0.017188 0.042695
0 0.032552 0.300412 0.015104 0.034979
0 0.027083 0.271605 0.011458 0.019547
0 0.008594 0.450103 0.016667 0.046296
0 0.163672 0.357510 0.024740 0.047325
0 0.302474 0.318158 0.026302 0.055041
0 0.290104 0.286265 0.020313 0.041667
0 0.821094 0.308385 0.018750 0.039609
0 0.818229 0.287037 0.013542 0.015432
0 0.878516 0.194444 0.019531 0.033951
0 0.914193 0.119599 0.010156 0.020062
0 0.941146 0.244599 0.010417 0.027263
0 0.924740 0.276749 0.015625 0.041152
0 0.977083 0.301440 0.012500 0.025720
0 0.978776 0.348765 0.013281 0.029835
0 0.266667 0.005916 0.007292 0.010802
