0 0.444401 0.277263 0.015885 0.037037
0 0.823177 0.227881 0.013021 0.027778
0 0.534505 0.299126 0.018490 0.045782
0 0.482682 0.275977 0.017448 0.043724
0 0.862240 0.253858 0.013542 0.031379
0 0.758594 0.355195 0.016146 0.037551
0 0.992708 0.236111 0.010417 0.024691
0 0.797656 0.261831 0.013542 0.031893
0 0.976693 0.278292 0.013802 0.031893
0 0.357161 0.274434 0.017448 0.039609
0 0.385677 0.310442 0.019271 0.041667
0 0.537891 0.245628 0.016927 0.040638
0 0.709245 0.259259 0.014323 0.033951
0 0.555599 0.380144 0.023177 0.058642
0 0.937630 0.329990 0.015885 0.033436
0 0.075260 0.387860 0.022396 0.052469
0 0.663802 0.225309 0.016667 0.039095
0 0.951302 0.271091 0.012500 0.028807
0 0.749349 0.232253 0.014844 0.033436
0 0.055599 0.392490 0.022135 0.055556
0 0.614844 0.243827 0.014583 0.031893
0 0.964323 0.235597 0.010937 0.025720
0 0.946224 0.223251 0.011198 0.025720
0 0.016927 0.364198 0.017708 0.040123
0 0.055339 0.288323 0.015885 0.037551
0 0.015625 0.272634 0.011979 0.028807
0 0.917318 0.226852 0.011198 0.026749
0 0.566146 0.011574 0.016146 0.022119
0 0.771875 0.286008 0.015625 0.033951
0 0.904036 0.252572 0.012760 0.028807
0 0.409896 0.399949 0.018750 0.043724
0 0.962760 0.309928 0.014063 0.032407
0 0.292448 0.308899 0.018229 0.045782
0 0.035026 0.533693 0.032031 0.051955
0 0.006641 0.580761 0.012760 0.049383
0 0.003906 0.413580 0.007292 0.047325
0 0.004297 0.358539 0.008073 0.044239
0 0.024609 0.293981 0.015885 0.026235
0 0.112630 0.271348 0.022135 0.038580
0 0.130729 0.338992 0.026042 0.044239
0 0.196354 0.330761 0.029167 0.050412
0 0.188672 0.421553 0.029427 0.061214
0 0.262630 0.440844 0.024740 0.045267
0 0.296484 0.381944 0.027865 0.052984
0 0.255990 0.316101 0.027604 0.054012
0 0.577865 0.352109 0.025000 0.063272
0 0.653385 0.324588 0.029687 0.060700
0 0.682161 0.311471 0.026823 0.060185
0 0.470182 0.006430 0.009635 0.011831
0 0.726693 0.299383 0.017969 0.032922
0 0.723698 0.358282 0.025000 0.040638
0 0.828516 0.336420 0.022135 0.036008
0 0.875130 0.319187 0.017969 0.037551
0 0.903516 0.285237 0.014323 0.029321
0 0.894922 0.325617 0.017969 0.037037
0 0.918359 0.254115 0.011719 0.028807
0 0.997266 0.288580 0.005469 0.027778
0 0.983464 0.314043 0.009635 0.023148
