0 0.442188 0.146091 0.017708 0.037037
0 0.246875 0.321502 0.019792 0.048354
0 0.553906 0.234568 0.017188 0.039095
0 0.115365 0.278549 0.018229 0.046811
0 0.047396 0.374486 0.020313 0.048354
0 0.196094 0.299383 0.020313 0.044239
0 0.934635 0.245628 0.012500 0.025206
0 0.662370 0.280607 0.014323 0.033436
0 0.207031 0.383745 0.028646 0.059671
0 0.062891 0.248200 0.015885 0.037551
0 0.838932 0.266718 0.014323 0.030350
0 0.548958 0.294753 0.017708 0.042181
0 0.034245 0.273663 0.014323 0.033951
0 0.029427 0.338735 0.017188 0.037551
0 0.862370 0.339763 0.015885 0.036523
0 0.938151 0.307356 0.010156 0.023148
0 0.100000 0.365741 0.022917 0.052469
0 0.765495 0.311471 0.013802 0.033436
0 0.346745 0.423868 0.028906 0.068930
0 0.960807 0.267747 0.013281 0.027263
0 0.428516 0.413837 0.032552 0.059156
0 0.997005 0.294753 0.005990 0.020576
0 0.371354 0.330761 0.021875 0.055556
0 0.754036 0.241255 0.015365 0.037037
0 0.178906 0.332047 0.019792 0.038580
0 0.704948 0.295267 0.017188 0.034979
0 0.861328 0.266461 0.017448 0.038066
0 0.005339 0.399691 0.010156 0.051440
0 0.018490 0.301183 0.016146 0.029321
0 0.051693 0.297325 0.016927 0.034979
0 0.461198 0.315844 0.023438 0.050412
0 0.693099 0.378858 0.022656 0.040638
0 0.790755 0.359825 0.021615 0.042695
0 0.893880 0.333333 0.017448 0.033951
0 0.904036 0.286780 0.017969 0.036523
0 0.957292 0.306327 0.015625 0.027263
0 0.996484 0.248971 0.007031 0.023663
0 0.451432 0.254372 0.023698 0.052984
