0 0.561458 0.288580 0.018750 0.045267
0 0.333464 0.282150 0.014323 0.033436
0 0.730339 0.287809 0.015365 0.036523
0 0.263672 0.244599 0.015885 0.034465
0 0.425391 0.315329 0.017448 0.046296
0 0.175651 0.273663 0.013802 0.039095
0 0.589193 0.275977 0.017448 0.042695
0 0.223438 0.242541 0.014583 0.032407
0 0.830078 0.275206 0.010677 0.025720
0 0.971615 0.296553 0.011979 0.025206
0 0.712630 0.009259 0.009635 0.017490
0 0.940495 0.244084 0.011198 0.026235
0 0.046484 0.262860 0.014844 0.032922
0 0.495573 0.268004 0.018750 0.046296
0 0.683854 0.260031 0.014063 0.033436
0 0.863281 0.236368 0.013021 0.029321
0 0.133724 0.289609 0.016927 0.040123
0 0.245964 0.310442 0.022135 0.052984
0 0.215755 0.378344 0.021615 0.044753
0 0.255208 0.372428 0.025521 0.051440
0 0.778125 0.343107 0.011979 0.026749
0 0.894010 0.268519 0.010937 0.025720
0 0.183854 0.366512 0.026042 0.058128
0 0.881250 0.289352 0.009896 0.024177
0 0.010026 0.342335 0.019531 0.048868
0 0.018099 0.272634 0.013281 0.024691
0 0.231641 0.279321 0.017969 0.040123
0 0.637370 0.305041 0.017448 0.042181
0 0.914453 0.311471 0.010156 0.024177
0 0.283203 0.336163 0.025260 0.054012
0 0.382422 0.227623 0.016406 0.038580
0 0.124479 0.322274 0.020313 0.040638
0 0.055729 0.343107 0.019792 0.051440
0 0.005469 0.287294 0.010417 0.027263
0 0.100260 0.321759 0.019792 0.046811
0 0.325130 0.336934 0.024740 0.052469
0 0.992578 0.381173 0.012760 0.029835
0 0.035937 0.381430 0.021875 0.044753
0 0.400260 0.396348 0.029687 0.056070
0 0.426172 0.270576 0.019531 0.039095
0 0.488672 0.367027 0.035156 0.057099
0 0.585807 0.405864 0.024740 0.046296
0 0.618620 0.362140 0.023177 0.053498
0 0.628255 0.260031 0.017448 0.037551
0 0.705208 0.320473 0.022917 0.043210
0 0.742578 0.282665 0.014844 0.038580
0 0.800260 0.331019 0.014063 0.030350
0 0.885547 0.317387 0.018490 0.030864
0 0.921484 0.337706 0.017448 0.028292
0 0.945833 0.319959 0.014063 0.034979
0 0.964974 0.404578 0.014844 0.026235
0 0.997396 0.280350 0.005208 0.020576
0 0.763021 0.260288 0.026042 0.040123
0 0.768750 0.031636 0.008854 0.018004
