0 0.221094 0.132716 0.014063 0.031893
0 0.204036 0.184414 0.015365 0.034465
0 0.152995 0.191358 0.014323 0.032922
0 0.793880 0.242027 0.013802 0.031379
0 0.244401 0.303241 0.017969 0.042695
0 0.936328 0.243056 0.012760 0.029321
0 0.107161 0.188272 0.006510 0.033951
0 0.176042 0.353395 0.018229 0.042181
0 0.969141 0.274177 0.012760 0.030864
0 0.640365 0.338992 0.017708 0.040123
0 0.595313 0.077932 0.012500 0.028292
0 0.860547 0.278035 0.011198 0.026235
0 0.904687 0.233796 0.011458 0.027263
0 0.919531 0.346708 0.015104 0.036008
0 0.670312 0.324588 0.019271 0.045267
0 0.576432 0.335648 0.021615 0.050926
0 0.050130 0.285494 0.017448 0.036008
0 0.440365 0.226337 0.017708 0.041152
0 0.031641 0.279835 0.015365 0.034979
0 0.905990 0.292181 0.011979 0.026749
0 0.623177 0.265175 0.016667 0.035494
0 0.366016 0.283951 0.023177 0.050412
0 0.690495 0.369342 0.019010 0.039095
0 0.953255 0.309671 0.012760 0.029835
0 0.360417 0.323817 0.025000 0.054012
0 0.858984 0.228652 0.011719 0.028292
0 0.734896 0.334362 0.019792 0.044239
0 0.569271 0.084362 0.012500 0.027778
0 0.720443 0.282150 0.019010 0.043724
0 0.873958 0.253858 0.010937 0.026235
0 0.580859 0.298097 0.023177 0.040638
0 0.967448 0.214763 0.009896 0.024177
0 0.995313 0.251800 0.009375 0.025206
0 0.500521 0.287551 0.027604 0.049383
0 0.951302 0.289095 0.012500 0.030864
0 0.591146 0.145319 0.017188 0.038580
0 0.007552 0.343364 0.014583 0.035494
0 0.072917 0.295010 0.016146 0.038580
0 0.141927 0.284979 0.018229 0.045267
0 0.120443 0.400206 0.024740 0.057613
0 0.118359 0.365226 0.019531 0.025720
0 0.049219 0.364198 0.018750 0.046296
0 0.440234 0.342593 0.024219 0.054527
0 0.760417 0.266204 0.016667 0.033436
0 0.801042 0.309928 0.014063 0.036523
0 0.778385 0.345679 0.020313 0.040123
0 0.817448 0.209619 0.011979 0.032407
0 0.830469 0.268004 0.013542 0.034979
0 0.823568 0.361883 0.010156 0.020062
0 0.852474 0.333333 0.014844 0.030864
0 0.880990 0.343621 0.014583 0.025720
0 0.982161 0.257459 0.015365 0.032407
0 0.991927 0.299897 0.014583 0.021605
0 0.972526 0.319444 0.015365 0.033951
0 0.995833 0.397119 0.008333 0.029835
0 0.962630 0.170782 0.010677 0.019547
