0 0.562109 0.302984 0.021094 0.051440
0 0.329297 0.318930 0.020052 0.047325
0 0.308333 0.383745 0.022917 0.054527
0 0.154688 0.425412 0.019792 0.046296
0 0.793099 0.279064 0.015885 0.036523
0 0.066016 0.283693 0.015885 0.038580
0 0.886719 0.234311 0.010417 0.024177
0 0.404948 0.316615 0.022396 0.051955
0 0.987760 0.296296 0.011458 0.023663
0 0.497786 0.284465 0.019531 0.045267
0 0.708724 0.288066 0.015885 0.041152
0 0.049740 0.365484 0.020313 0.045782
0 0.022266 0.279064 0.015885 0.037551
0 0.221745 0.358025 0.020573 0.045267
0 0.511068 0.331790 0.025260 0.047325
0 0.772526 0.287294 0.022135 0.039609
0 0.911328 0.307099 0.013802 0.031893
0 0.378906 0.407922 0.023958 0.058642
0 0.156250 0.330247 0.022917 0.046296
0 0.089583 0.312500 0.017188 0.039609
0 0.882682 0.329990 0.012240 0.028292
0 0.439974 0.359568 0.022135 0.055556
0 0.991927 0.316872 0.010937 0.026749
0 0.926562 0.242541 0.009896 0.022119
0 0.240755 0.293724 0.020573 0.045267
0 0.465234 0.312243 0.017969 0.044239
0 0.964583 0.192901 0.010937 0.021605
0 0.183333 0.405864 0.020833 0.048354
0 0.055208 0.336420 0.017708 0.040123
0 0.875781 0.245370 0.010417 0.024691
0 0.889583 0.276749 0.011458 0.026749
0 0.227865 0.695988 0.031250 0.076132
0 0.005339 0.369342 0.010156 0.030864
0 0.034115 0.310700 0.016667 0.036008
0 0.087630 0.383488 0.023698 0.041667
0 0.117188 0.363683 0.027083 0.038066
0 0.143620 0.265947 0.018490 0.036008
0 0.493359 0.422840 0.026823 0.051440
0 0.628385 0.278035 0.023438 0.040638
0 0.635026 0.355453 0.025781 0.049383
0 0.732552 0.273920 0.021354 0.043724
0 0.719531 0.336677 0.020313 0.046811
0 0.793099 0.328704 0.020052 0.038066
0 0.857422 0.314558 0.019531 0.034465
0 0.886328 0.367027 0.019010 0.036523
0 0.921615 0.350309 0.014063 0.023663
0 0.946615 0.162809 0.013021 0.028292
0 0.961849 0.274177 0.011719 0.022634
0 0.964714 0.309414 0.017448 0.027263
0 0.943490 0.312757 0.013542 0.027778
0 0.970052 0.338220 0.015104 0.031379
