0 0.242708 0.247428 0.017708 0.043210
0 0.612891 0.088220 0.012760 0.028292
0 0.786198 0.320730 0.021354 0.046811
0 0.714063 0.253344 0.017188 0.039609
0 0.349349 0.351852 0.024219 0.054527
0 0.779167 0.257202 0.017188 0.036008
0 0.165495 0.176440 0.012760 0.028807
0 0.567578 0.091307 0.014844 0.031379
0 0.203646 0.167438 0.014063 0.031379
0 0.827474 0.167181 0.012760 0.026749
0 0.399609 0.265175 0.019010 0.046811
0 0.961068 0.274177 0.011198 0.026749
0 0.536458 0.219393 0.019792 0.046811
0 0.922005 0.303755 0.012240 0.027263
0 0.434505 0.332047 0.024740 0.058128
0 0.074479 0.333333 0.018229 0.039095
0 0.843490 0.333076 0.019792 0.039609
0 0.655859 0.240998 0.018490 0.040638
0 0.167708 0.269290 0.016667 0.038580
0 0.338151 0.308899 0.028385 0.049897
0 0.819792 0.304527 0.017708 0.041152
0 0.962109 0.312757 0.013281 0.030864
0 0.910547 0.239712 0.010677 0.023663
0 0.989062 0.262346 0.013021 0.025720
0 0.992318 0.279835 0.010156 0.024691
0 0.033333 0.379115 0.017708 0.041152
0 0.870313 0.226337 0.016667 0.034979
0 0.613151 0.135031 0.013802 0.032407
0 0.028906 0.291152 0.016146 0.036008
0 0.068750 0.369084 0.022917 0.047840
0 0.932161 0.225566 0.010677 0.024177
0 0.546484 0.275463 0.026302 0.052984
0 0.955208 0.242798 0.010937 0.024691
0 0.936328 0.269033 0.011198 0.026749
0 0.441927 0.224023 0.020833 0.048868
0 0.107813 0.314558 0.016667 0.032407
0 0.961198 0.223251 0.010417 0.022634
0 0.168880 0.338477 0.021094 0.046296
0 0.593490 0.226852 0.025521 0.051440
0 0.395964 0.422325 0.024219 0.057613
0 0.970703 0.212449 0.010156 0.022634
0 0.979427 0.202418 0.009375 0.021091
0 0.295833 0.466564 0.028125 0.066872
0 0.016797 0.353652 0.018490 0.041667
0 0.704036 0.321759 0.020052 0.045782
0 0.023958 0.270833 0.013542 0.026235
0 0.125651 0.362912 0.017448 0.038580
0 0.163932 0.382973 0.027344 0.055041
0 0.228125 0.333591 0.023438 0.040638
0 0.661719 0.341821 0.022917 0.052984
0 0.850260 0.286265 0.021354 0.033436
0 0.884115 0.340792 0.023438 0.040638
0 0.994792 0.407407 0.010417 0.044239
