0 0.488932 0.321245 0.018490 0.041667
0 0.207682 0.216049 0.014844 0.032922
0 0.636068 0.252829 0.018490 0.044753
0 0.149870 0.181842 0.014323 0.030350
0 0.056250 0.300926 0.017708 0.039095
0 0.036328 0.436728 0.019010 0.044239
0 0.262630 0.194444 0.015365 0.036008
0 0.554557 0.413837 0.022135 0.051955
0 0.227734 0.410237 0.023177 0.056070
0 0.126302 0.342335 0.019792 0.043724
0 0.431120 0.242027 0.017448 0.036523
0 0.309375 0.174897 0.014063 0.031893
0 0.290885 0.307356 0.020833 0.049897
0 0.051042 0.353395 0.019271 0.041152
0 0.160417 0.333591 0.021354 0.049897
0 0.959245 0.324074 0.015365 0.032922
0 0.009245 0.415123 0.017969 0.048354
0 0.083203 0.271862 0.014323 0.042695
0 0.389193 0.171039 0.019010 0.041667
0 0.037240 0.327160 0.017188 0.037037
0 0.014844 0.500772 0.021354 0.046811
0 0.110417 0.443673 0.022396 0.050926
0 0.379167 0.125257 0.011979 0.027263
0 0.178125 0.428241 0.026562 0.061214
0 0.290495 0.385802 0.021094 0.050412
0 0.192188 0.279835 0.018229 0.040123
0 0.026302 0.379887 0.018229 0.040638
0 0.801562 0.276492 0.013542 0.031379
0 0.470703 0.412809 0.021615 0.048868
0 0.096484 0.272634 0.018490 0.042181
0 0.265625 0.334362 0.019792 0.046296
0 0.355208 0.476852 0.023958 0.059671
0 0.914844 0.353138 0.012500 0.031379
0 0.075260 0.238426 0.018750 0.042695
0 0.076302 0.266718 0.013021 0.031379
0 0.539323 0.350051 0.025521 0.052984
0 0.974609 0.285751 0.015365 0.035494
0 0.144010 0.270319 0.018229 0.040638
0 0.854297 0.245113 0.014323 0.028292
0 0.040495 0.273663 0.015365 0.034979
0 0.264062 0.504115 0.028646 0.065844
0 0.845703 0.277778 0.012240 0.028807
0 0.014323 0.588992 0.026042 0.059671
0 0.931250 0.304527 0.013542 0.032922
0 0.232161 0.344650 0.021615 0.051440
0 0.578646 0.329475 0.019271 0.041667
0 0.077083 0.362140 0.023438 0.049383
0 0.780859 0.300669 0.017448 0.042695
0 0.864974 0.316101 0.015365 0.033436
0 0.321615 0.571245 0.031250 0.062243
0 0.037891 0.768261 0.035677 0.051955
0 0.091406 0.655350 0.038021 0.068930
0 0.086719 0.571759 0.042708 0.071502
0 0.216667 0.273920 0.025521 0.049897
0 0.359115 0.278807 0.019792 0.043210
0 0.369141 0.324846 0.028906 0.051955
0 0.425781 0.325103 0.024479 0.063786
0 0.683594 0.282150 0.026562 0.050926
0 0.817839 0.346965 0.026302 0.050926
0 0.903255 0.300669 0.011198 0.027263
0 0.938151 0.377315 0.010677 0.033436
0 0.959245 0.406636 0.014844 0.032407
0 0.986068 0.317901 0.010677 0.034979
0 0.310547 0.207819 0.017969 0.034979
0 0.263151 0.273663 0.019010 0.041152
0 0.988542 0.345165 0.014063 0.028807
0 0.413672 0.426955 0.027865 0.052469
0 0.003646 0.349280 0.006771 0.025720
0 0.621094 0.398405 0.023438 0.048868
0 0.699740 0.251543 0.018750 0.029835
