0 0.330208 0.094136 0.015104 0.030864
0 0.375130 0.223765 0.017969 0.041152
0 0.215234 0.172840 0.014844 0.036008
0 0.044401 0.319444 0.016927 0.038066
0 0.088151 0.333848 0.020573 0.045267
0 0.855208 0.200874 0.011979 0.025206
0 0.956380 0.278292 0.013281 0.030864
0 0.619010 0.225566 0.018229 0.042695
0 0.808984 0.266975 0.013281 0.029835
0 0.056120 0.274691 0.015365 0.033951
0 0.033984 0.271348 0.013802 0.030350
0 0.591797 0.332562 0.021094 0.048868
0 0.025000 0.271091 0.009375 0.034979
0 0.480729 0.256687 0.018750 0.045267
0 0.940755 0.302726 0.014844 0.033436
0 0.730729 0.365226 0.014583 0.034979
0 0.930729 0.234825 0.012500 0.028292
0 0.913542 0.239198 0.011979 0.027778
0 0.603255 0.074846 0.011198 0.025206
0 0.756510 0.264918 0.013542 0.031893
0 0.707682 0.248200 0.014323 0.034465
0 0.177734 0.175412 0.016406 0.036008
0 0.336719 0.307613 0.021875 0.048354
0 0.893620 0.271605 0.011198 0.025720
0 0.903255 0.173868 0.008594 0.017490
0 0.994401 0.275463 0.010677 0.028292
0 0.976432 0.261574 0.012760 0.027263
0 0.266016 0.121399 0.014844 0.032922
0 0.484896 0.347479 0.025000 0.060185
0 0.274479 0.352366 0.019792 0.045267
0 0.797266 0.177984 0.011198 0.022634
0 0.204036 0.353652 0.022656 0.048868
0 0.947526 0.232510 0.013281 0.028807
0 0.957812 0.238426 0.013021 0.028292
0 0.128906 0.330247 0.020313 0.045267
0 0.779036 0.285751 0.013802 0.033436
0 0.976172 0.283436 0.013281 0.029835
0 0.833333 0.329218 0.014063 0.033951
0 0.075130 0.353909 0.020573 0.045267
0 0.866016 0.261060 0.015365 0.034465
0 0.305599 0.235854 0.020052 0.045782
0 0.129557 0.253601 0.019531 0.049383
0 0.994661 0.237654 0.010677 0.023663
0 0.807943 0.170267 0.010156 0.021605
0 0.003776 0.392233 0.007031 0.029321
0 0.046354 0.203447 0.015625 0.027263
0 0.343750 0.281893 0.023438 0.043210
0 0.578646 0.085391 0.014583 0.032922
0 0.604557 0.128344 0.015365 0.031379
0 0.576562 0.262088 0.020833 0.046811
0 0.623047 0.305041 0.025260 0.047325
0 0.675521 0.301440 0.020833 0.046296
0 0.731380 0.287809 0.022656 0.038580
0 0.916797 0.358025 0.019531 0.046296
0 0.956250 0.310185 0.015104 0.031893
0 0.970052 0.212963 0.009896 0.022634
