0 0.590495 0.162294 0.014844 0.033436
0 0.598177 0.038580 0.013021 0.026749
0 0.055599 0.293981 0.013281 0.031379
0 0.014323 0.387346 0.019792 0.046296
0 0.545833 0.372942 0.027604 0.061728
0 0.042057 0.266461 0.012760 0.030864
0 0.039062 0.323560 0.015625 0.036008
0 0.158203 0.216049 0.014323 0.032922
0 0.816406 0.273920 0.016146 0.036523
0 0.635417 0.048611 0.011979 0.024177
0 0.261589 0.245113 0.016406 0.036523
0 0.201693 0.200617 0.015365 0.037037
0 0.547526 0.018004 0.011719 0.026749
0 0.181641 0.345165 0.017448 0.039095
0 0.372917 0.099023 0.011458 0.027263
0 0.353906 0.120885 0.013542 0.030864
0 0.643229 0.242027 0.018229 0.043724
0 0.906771 0.267490 0.015104 0.033951
0 0.577214 0.109825 0.013802 0.030350
0 0.533333 0.008488 0.011979 0.015947
0 0.499349 0.321245 0.025260 0.050926
0 0.563542 0.301183 0.019271 0.049897
0 0.943750 0.361883 0.012500 0.027263
0 0.940365 0.325360 0.012500 0.029321
0 0.135417 0.318158 0.017188 0.038580
0 0.148307 0.413837 0.021615 0.051955
0 0.886849 0.225566 0.013281 0.029321
0 0.498958 0.263632 0.022917 0.052984
0 0.711328 0.345422 0.024740 0.055041
0 0.313281 0.363940 0.018750 0.045782
0 0.984635 0.370628 0.010937 0.027263
0 0.695573 0.282922 0.019271 0.051440
0 0.236068 0.257202 0.014844 0.033951
0 0.368099 0.332819 0.025260 0.055556
0 0.007682 0.279321 0.012240 0.029835
0 0.092448 0.403292 0.024479 0.045267
0 0.220573 0.457047 0.021875 0.055041
0 0.246354 0.370628 0.022396 0.045782
0 0.411328 0.468621 0.023177 0.056584
0 0.429297 0.314558 0.021094 0.039609
0 0.271484 0.050669 0.014323 0.023148
0 0.759896 0.271348 0.016667 0.040638
0 0.781120 0.332562 0.019010 0.052984
0 0.916276 0.231481 0.011198 0.024691
0 0.920052 0.320730 0.016146 0.032407
0 0.773177 0.103138 0.013542 0.029321
0 0.751563 0.083333 0.008333 0.022634
0 0.728646 0.069959 0.011979 0.023663
0 0.702083 0.056327 0.011979 0.027263
0 0.654948 0.065329 0.010417 0.030864
0 0.613542 0.045782 0.013021 0.026749
