0 0.396615 0.343364 0.026562 0.057099
0 0.532552 0.239969 0.022396 0.043724
0 0.454167 0.274691 0.020313 0.055556
0 0.942448 0.238940 0.011979 0.028292
0 0.536458 0.409465 0.023438 0.058642
0 0.237240 0.305556 0.021875 0.052469
0 0.956641 0.280350 0.013802 0.030864
0 0.051562 0.317901 0.021354 0.045267
0 0.928385 0.236883 0.011979 0.027263
0 0.156510 0.286008 0.026562 0.052469
0 0.220573 0.238683 0.024479 0.056584
0 0.899349 0.230967 0.012760 0.028807
0 0.942969 0.310700 0.013542 0.030864
0 0.686979 0.231739 0.018229 0.040638
0 0.174349 0.396862 0.020052 0.046811
0 0.019010 0.379887 0.019271 0.047840
0 0.603906 0.280093 0.020313 0.044753
0 0.557422 0.318158 0.022656 0.050926
0 0.132552 0.347479 0.016667 0.032407
0 0.213802 0.410494 0.022917 0.055556
0 0.735156 0.288580 0.017708 0.041152
0 0.977474 0.290123 0.012240 0.028807
0 0.316276 0.407665 0.027344 0.059156
0 0.996484 0.252572 0.007031 0.027778
0 0.735286 0.334877 0.021094 0.045267
0 0.969141 0.262346 0.012240 0.029835
0 0.860417 0.272119 0.018750 0.033951
0 0.798828 0.341564 0.016927 0.038066
0 0.325391 0.324074 0.028385 0.055556
0 0.004167 0.341821 0.007812 0.035494
0 0.032161 0.293467 0.015365 0.032407
0 0.022917 0.276235 0.014063 0.030864
0 0.138542 0.390175 0.025000 0.057099
0 0.203255 0.337963 0.021094 0.042181
0 0.487891 0.361111 0.029427 0.058642
0 0.628125 0.330504 0.028646 0.058128
0 0.785807 0.282665 0.023698 0.047840
0 0.825911 0.294496 0.018490 0.041667
0 0.863151 0.326389 0.016406 0.037551
0 0.906250 0.328704 0.013021 0.029835
0 0.933333 0.350823 0.014583 0.030864
