0 0.469922 0.304012 0.019531 0.043210
0 0.563151 0.233025 0.018490 0.042181
0 0.380078 0.140432 0.016406 0.034979
0 0.551302 0.024691 0.011458 0.024691
0 0.059896 0.272377 0.012500 0.028292
0 0.654036 0.043724 0.012760 0.027778
0 0.032031 0.344393 0.015104 0.035494
0 0.591667 0.021605 0.011458 0.024691
0 0.519141 0.030350 0.011198 0.024691
0 0.711849 0.273148 0.017448 0.040123
0 0.187891 0.399691 0.020052 0.046296
0 0.558984 0.390432 0.021615 0.049383
0 0.483984 0.010288 0.009115 0.019547
0 0.897396 0.263117 0.011979 0.029321
0 0.656771 0.296553 0.017708 0.040638
0 0.743880 0.070216 0.011719 0.029321
0 0.621875 0.034722 0.011458 0.025206
0 0.601432 0.054784 0.010677 0.025206
0 0.592839 0.145833 0.014844 0.028292
0 0.175000 0.339763 0.017708 0.042695
0 0.494922 0.344907 0.029427 0.066358
0 0.680859 0.353395 0.020052 0.057613
0 0.930208 0.363683 0.014063 0.031893
0 0.580208 0.317644 0.020313 0.046811
0 0.575130 0.104938 0.013281 0.029835
0 0.603906 0.085134 0.013542 0.028292
0 0.532682 0.031893 0.011198 0.023663
0 0.942187 0.184671 0.009896 0.020576
0 0.837760 0.299383 0.014063 0.030864
0 0.154818 0.862654 0.038281 0.062757
0 0.075521 0.416924 0.022917 0.055041
0 0.050000 0.272377 0.013542 0.040638
0 0.115365 0.335648 0.019271 0.044753
0 0.117318 0.264146 0.010677 0.025206
0 0.268880 0.367541 0.029427 0.056070
0 0.305990 0.271348 0.023958 0.051955
0 0.374089 0.420525 0.031510 0.060185
0 0.478255 0.416152 0.028385 0.057613
0 0.771875 0.326646 0.020313 0.048354
0 0.795443 0.317387 0.014323 0.037037
0 0.825000 0.270319 0.014583 0.030350
0 0.845573 0.254115 0.015104 0.031893
0 0.864844 0.224794 0.014063 0.032922
0 0.907031 0.351595 0.016667 0.030350
0 0.954688 0.307870 0.012500 0.028292
0 0.968880 0.184928 0.008594 0.021091
0 0.970443 0.162809 0.008594 0.026235
0 0.990885 0.189558 0.009375 0.019033
0 0.951953 0.189300 0.012240 0.029835
0 0.930469 0.200103 0.009896 0.022634
0 0.897396 0.189043 0.010417 0.023148
0 0.909635 0.165123 0.012500 0.025720
0 0.898698 0.106481 0.008333 0.022634
0 0.870052 0.126029 0.010417 0.024691
0 0.904818 0.150463 0.010156 0.014918
0 0.898958 0.168210 0.009896 0.019547
0 0.828776 0.182870 0.016927 0.032407
0 0.759245 0.092850 0.014844 0.030350
0 0.628255 0.056584 0.011719 0.020576
0 0.504818 0.011831 0.010677 0.017490
0 0.555208 0.005658 0.010417 0.010288
