0 0.404167 0.341821 0.020313 0.046811
0 0.144271 0.301698 0.019271 0.042695
0 0.198958 0.309156 0.019792 0.043210
0 0.308464 0.356996 0.021615 0.054527
0 0.093880 0.364712 0.017969 0.044239
0 0.017839 0.328961 0.015365 0.034465
0 0.237891 0.374486 0.024740 0.057613
0 0.473307 0.278035 0.021094 0.047840
0 0.283073 0.293210 0.022396 0.049383
0 0.863281 0.231996 0.010937 0.025720
0 0.333984 0.238940 0.021094 0.048868
0 0.331250 0.329733 0.022396 0.054527
0 0.466927 0.222479 0.018750 0.040638
0 0.032031 0.371656 0.019271 0.043724
0 0.012630 0.291152 0.014323 0.032922
0 0.894922 0.275463 0.009635 0.024177
0 0.048177 0.286265 0.015625 0.037551
0 0.125260 0.362654 0.021875 0.051440
0 0.927344 0.288837 0.011979 0.027263
0 0.975911 0.239198 0.010156 0.021605
0 0.089323 0.321502 0.021875 0.049383
0 0.976432 0.295010 0.010677 0.024177
0 0.398958 0.278549 0.019792 0.046811
0 0.967187 0.220936 0.010417 0.022119
0 0.940104 0.265432 0.010417 0.024691
0 0.931510 0.242798 0.010417 0.022634
0 0.563802 0.009516 0.010937 0.018004
0 0.952083 0.255916 0.009896 0.025206
0 0.906771 0.242541 0.009896 0.024177
0 0.175130 0.381687 0.020052 0.046296
0 0.976432 0.208848 0.010677 0.020576
0 0.014063 0.272119 0.013021 0.016461
0 0.110286 0.288837 0.022656 0.041667
0 0.238411 0.280093 0.027865 0.047840
0 0.378776 0.386317 0.027344 0.060700
0 0.450651 0.381944 0.028906 0.054012
0 0.548047 0.272377 0.021615 0.042695
0 0.584115 0.339249 0.028125 0.048868
0 0.642057 0.301440 0.026302 0.046296
0 0.657682 0.245885 0.021615 0.048354
0 0.735417 0.263889 0.020833 0.041152
0 0.789844 0.323817 0.017188 0.035494
0 0.821224 0.314558 0.021094 0.028292
0 0.796745 0.238683 0.016927 0.037037
0 0.830469 0.230967 0.016146 0.030864
0 0.857943 0.312500 0.015885 0.038580
0 0.873307 0.289352 0.014323 0.030350
0 0.957031 0.327932 0.016667 0.027263
0 0.942448 0.368313 0.016667 0.028807
0 0.981771 0.267233 0.012500 0.025206
0 0.896224 0.321245 0.011198 0.027263
