0 0.660937 0.216821 0.019792 0.041667
0 0.814193 0.292181 0.015885 0.039095
0 0.085677 0.364455 0.023438 0.049897
0 0.132552 0.274177 0.021354 0.045267
0 0.913281 0.268519 0.014063 0.033951
0 0.083464 0.288837 0.019010 0.047840
0 0.123958 0.336163 0.029687 0.060185
0 0.479427 0.200103 0.022917 0.044239
0 0.461979 0.331790 0.030729 0.057613
0 0.030729 0.279578 0.014583 0.036523
0 0.987240 0.262603 0.011979 0.028292
0 0.966667 0.259259 0.015625 0.031893
0 0.215365 0.355710 0.029167 0.046811
0 0.008984 0.342078 0.017448 0.042181
0 0.851562 0.289352 0.019271 0.040638
0 0.020833 0.278807 0.013542 0.037037
0 0.769271 0.310957 0.019792 0.041667
0 0.874609 0.261574 0.013802 0.034465
0 0.602995 0.339763 0.022656 0.047840
0 0.021094 0.400206 0.021354 0.054527
0 0.942969 0.278807 0.014583 0.036008
0 0.784115 0.317644 0.017708 0.039609
0 0.942187 0.317130 0.014583 0.027263
0 0.058464 0.323302 0.017448 0.037551
0 0.441667 0.260288 0.024479 0.053498
0 0.362500 0.495113 0.029167 0.075617
0 0.306901 0.289352 0.023177 0.051955
0 0.720833 0.276749 0.024479 0.040123
0 0.671875 0.278292 0.021875 0.041152
0 0.682943 0.345679 0.033594 0.064815
0 0.522396 0.244856 0.019792 0.053498
0 0.257943 0.296553 0.024740 0.043724
0 0.240755 0.331533 0.027865 0.059156
0 0.872396 0.301183 0.014583 0.030350
0 0.889844 0.329733 0.016667 0.044239
0 0.910807 0.317644 0.017969 0.032407
0 0.957682 0.310185 0.010677 0.034979
0 0.992708 0.292953 0.014063 0.028292
0 0.994661 0.408693 0.010677 0.037551
