0 0.131510 0.423843 0.045759 0.062500
0 0.075335 0.279630 0.020461 0.029630
0 0.270275 0.370370 0.032366 0.042593
0 0.440476 0.441667 0.034226 0.050926
0 0.443638 0.381250 0.035342 0.049537
0 0.699591 0.422685 0.034598 0.045370
0 0.206845 0.337500 0.030506 0.037963
0 0.375186 0.386806 0.036830 0.043056
0 0.725260 0.387500 0.026414 0.037037
0 0.028088 0.275463 0.025670 0.036111
0 0.060268 0.350231 0.023065 0.033796
0 0.120164 0.258565 0.026042 0.034722
0 0.254836 0.323148 0.023810 0.033333
0 0.303571 0.382870 0.037202 0.050000
0 0.665365 0.409491 0.026414 0.034722
0 0.307106 0.305787 0.021205 0.031019
0 0.759859 0.491667 0.029390 0.046296
0 0.135603 0.310417 0.024926 0.034722
0 0.926897 0.535648 0.030134 0.047222
0 0.516927 0.402546 0.038318 0.059722
0 0.789621 0.552778 0.042039 0.054630
0 0.288132 0.254630 0.018229 0.024074
0 0.513579 0.357639 0.027902 0.034722
0 0.321801 0.277546 0.021577 0.031019
0 0.590216 0.432176 0.030134 0.046759
0 0.810268 0.425463 0.025298 0.040741
0 0.324033 0.340509 0.030506 0.032870
0 0.798549 0.375000 0.018973 0.025926
0 0.057292 0.254167 0.017857 0.025000
0 0.904204 0.489352 0.027902 0.037037
0 0.640625 0.380556 0.026042 0.039815
0 0.356585 0.357870 0.031622 0.037963
0 0.332403 0.315741 0.019717 0.026852
0 0.959077 0.534722 0.028274 0.039815
0 0.396763 0.296296 0.021205 0.030556
0 0.889323 0.411574 0.019717 0.028704
0 0.114211 0.223380 0.014137 0.020833
0 0.832589 0.470370 0.034226 0.048148
0 0.961124 0.439583 0.022693 0.032870
0 0.123326 0.333102 0.023438 0.032870
0 0.128906 0.205556 0.010789 0.017593
0 0.842262 0.351852 0.013393 0.017593
0 0.601376 0.379630 0.026414 0.054630
0 0.984747 0.469676 0.025298 0.034722
0 0.364397 0.437037 0.054688 0.062037
0 0.872582 0.371528 0.014509 0.018056
0 0.173735 0.474074 0.046131 0.065741
0 0.284412 0.322454 0.025670 0.034722
0 0.378720 0.345139 0.029762 0.037500
0 0.786272 0.422685 0.027158 0.036111
0 0.948103 0.346296 0.010045 0.012037
0 0.191034 0.272454 0.018973 0.028241
0 0.350074 0.283102 0.018601 0.022685
0 0.891927 0.373380 0.013765 0.016204
0 0.862909 0.465741 0.025670 0.044444
0 0.997768 0.362963 0.004464 0.014815
0 0.773438 0.413889 0.020089 0.032407
0 0.005022 0.230324 0.009301 0.022685
0 0.282366 0.234491 0.011905 0.016204
0 0.018043 0.203472 0.010789 0.014352
0 0.247768 0.555787 0.045387 0.054167
0 0.084821 0.221528 0.010417 0.015278
0 0.441034 0.350926 0.023438 0.018519
0 0.264881 0.208102 0.011905 0.015278
0 0.393043 0.129167 0.021205 0.035185
0 0.038318 0.193287 0.012649 0.012500
0 0.029390 0.202546 0.010417 0.015278
0 0.057292 0.195833 0.011161 0.012963
0 0.202753 0.290509 0.026786 0.041204
0 0.313988 0.228472 0.011161 0.013426
0 0.256696 0.236111 0.010417 0.011111
0 0.243862 0.237500 0.009301 0.012037
0 0.234747 0.229398 0.009673 0.013426
0 0.318638 0.213426 0.007812 0.012037
0 0.308594 0.212731 0.010789 0.010648
0 0.336310 0.219676 0.012649 0.011574
0 0.376302 0.299074 0.015997 0.024074
0 0.463170 0.365046 0.020089 0.029167
0 0.496094 0.327315 0.019717 0.017593
0 0.583519 0.396065 0.040551 0.053241
0 0.646205 0.452778 0.049107 0.065741
0 0.827009 0.355787 0.012649 0.015278
0 0.836124 0.409028 0.023438 0.025463
0 0.854167 0.414352 0.016369 0.030556
0 0.840030 0.432176 0.031250 0.030093
0 0.880766 0.444444 0.018973 0.037963
0 0.906808 0.382176 0.012277 0.018056
0 0.975446 0.518981 0.025298 0.037037
0 0.895833 0.451852 0.024554 0.034259
0 0.912202 0.440972 0.019345 0.033796
0 0.934524 0.445833 0.017857 0.025926
0 0.936570 0.399769 0.013765 0.017130
0 0.952195 0.381019 0.012277 0.016667
0 0.971540 0.383796 0.009301 0.018519
0 0.981027 0.393519 0.012649 0.016667
0 0.972284 0.425463 0.017485 0.030556
0 0.992001 0.438426 0.012277 0.019444
