0 0.221893 0.339814 0.031065 0.057503
0 0.492788 0.289978 0.041790 0.073932
0 0.434726 0.358160 0.046967 0.081051
0 0.360207 0.506846 0.060651 0.087076
0 0.227996 0.234392 0.026997 0.047097
0 0.449149 0.220975 0.036612 0.064074
0 0.590607 0.313801 0.044379 0.087623
0 0.089867 0.335433 0.033284 0.056407
0 0.029771 0.542169 0.052885 0.064622
0 0.524593 0.200712 0.030695 0.055312
0 0.596893 0.155257 0.030325 0.053122
0 0.362056 0.329956 0.039201 0.061884
0 0.629993 0.191950 0.035873 0.058598
0 0.122041 0.255203 0.028107 0.042716
0 0.360022 0.093647 0.021820 0.031763
0 0.347633 0.065444 0.018491 0.030120
0 0.661243 0.133899 0.029586 0.048740
0 0.183432 0.211117 0.025148 0.041073
0 0.764238 0.055038 0.020340 0.033406
0 0.963757 0.401150 0.040680 0.066265
0 0.614830 0.252464 0.035873 0.061336
0 0.269046 0.207010 0.032914 0.052574
0 0.287167 0.111720 0.015163 0.027382
0 0.731509 0.030394 0.017751 0.031216
0 0.352626 0.263143 0.032914 0.058598
0 0.007951 0.221522 0.015163 0.027930
0 0.829512 0.240416 0.031065 0.052574
0 0.100777 0.208379 0.015902 0.027930
0 0.128698 0.455641 0.042899 0.066813
0 0.269046 0.007667 0.011464 0.014239
0 0.291790 0.015334 0.012574 0.021906
0 0.278846 0.008488 0.011095 0.015882
0 0.298262 0.006298 0.009246 0.011501
0 0.920858 0.217963 0.019970 0.033954
0 0.967456 0.226177 0.021450 0.036145
0 0.713942 0.093647 0.017382 0.037240
0 0.661058 0.021358 0.011464 0.020811
0 0.668639 0.011227 0.011095 0.021358
0 0.691938 0.156900 0.027367 0.037788
0 0.027367 0.267798 0.019970 0.029573
0 0.012759 0.246440 0.017382 0.020811
0 0.002219 0.259310 0.003698 0.029025
0 0.183617 0.121303 0.012944 0.023549
0 0.215976 0.118018 0.014053 0.024644
0 0.235947 0.065444 0.010355 0.013691
0 0.154031 0.141566 0.009246 0.012596
