0 0.032375 0.463030 0.022750 0.069091
0 0.045250 0.329394 0.028500 0.081818
0 0.084625 0.268788 0.020750 0.056364
0 0.125625 0.309697 0.022250 0.082424
0 0.154750 0.238788 0.023500 0.056970
0 0.044375 0.202727 0.016750 0.049091
0 0.098875 0.230909 0.022250 0.052121
0 0.234875 0.203030 0.025750 0.070303
0 0.239375 0.089697 0.015750 0.043636
0 0.214625 0.075152 0.013750 0.038788
0 0.345125 0.094545 0.017250 0.044848
0 0.301750 0.096970 0.015500 0.046061
0 0.325875 0.127273 0.016750 0.037576
0 0.227250 0.136667 0.021500 0.058788
0 0.231750 0.063030 0.012500 0.035152
0 0.550625 0.085152 0.021250 0.060000
0 0.115625 0.169394 0.018250 0.050303
0 0.191250 0.180000 0.022500 0.053333
0 0.283750 0.112424 0.013000 0.039394
0 0.358000 0.062121 0.014500 0.041818
0 0.321125 0.170909 0.021750 0.054545
0 0.251625 0.063333 0.013750 0.038182
0 0.269000 0.049091 0.010000 0.025455
0 0.172875 0.064242 0.012750 0.031515
0 0.131000 0.152727 0.014000 0.037576
0 0.380000 0.039394 0.014000 0.038788
0 0.203625 0.113333 0.015750 0.042424
0 0.290375 0.030000 0.012750 0.034545
0 0.180125 0.134545 0.016750 0.048485
0 0.312750 0.034242 0.011000 0.034545
0 0.009500 0.270000 0.018500 0.053939
0 0.143250 0.171212 0.023500 0.057576
0 0.408000 0.014545 0.011500 0.026667
0 0.361750 0.011212 0.011500 0.020000
0 0.258625 0.030909 0.009750 0.027879
0 0.130875 0.538182 0.020250 0.054545
0 0.303750 0.023030 0.012000 0.030303
0 0.255625 0.110303 0.017250 0.044848
0 0.002250 0.326061 0.004000 0.059394
0 0.395375 0.015455 0.011750 0.026061
0 0.026375 0.262727 0.023250 0.062424
0 0.384750 0.010606 0.011000 0.017576
0 0.162750 0.136970 0.014000 0.042424
0 0.062375 0.252121 0.019750 0.065455
0 0.079500 0.202727 0.014500 0.040606
0 0.082250 0.223939 0.014000 0.039394
0 0.265250 0.071818 0.012500 0.029697
0 0.184000 0.092121 0.017000 0.030303
0 0.275125 0.022121 0.010750 0.027273
0 0.334625 0.022121 0.006750 0.030909
0 0.343500 0.017576 0.014500 0.033939
0 0.347125 0.056061 0.010250 0.027273
0 0.325000 0.006364 0.007000 0.011515
0 0.324125 0.022121 0.008250 0.020000
0 0.323750 0.056364 0.012500 0.033939
0 0.315875 0.056970 0.006250 0.035152
0 0.291500 0.006364 0.010500 0.011515
