0 0.328402 0.363010 0.045858 0.062533
0 0.569527 0.391362 0.039201 0.070482
0 0.418084 0.278484 0.035873 0.062003
0 0.975777 0.634075 0.048447 0.069422
0 0.416050 0.599629 0.065828 0.100159
0 0.146265 0.387387 0.039571 0.057234
0 0.601886 0.149444 0.027737 0.044515
0 0.556768 0.186539 0.029216 0.048755
0 0.456916 0.381028 0.044749 0.067833
0 0.123891 0.335718 0.041420 0.055644
0 0.583580 0.265766 0.036982 0.064123
0 0.231879 0.236354 0.028846 0.042395
0 0.509615 0.259936 0.041420 0.066243
0 0.491124 0.206412 0.035503 0.052464
0 0.139238 0.504769 0.048447 0.077901
0 0.251294 0.454425 0.044749 0.081081
0 0.631287 0.189189 0.031065 0.049815
0 0.254993 0.369369 0.041790 0.059353
0 0.347263 0.204557 0.031805 0.052994
0 0.347263 0.532326 0.063609 0.085321
0 0.348373 0.281134 0.037722 0.053524
0 0.781805 0.261526 0.034763 0.057764
0 0.490385 0.474563 0.055473 0.100159
0 0.290311 0.586380 0.071006 0.089560
0 0.064904 0.353736 0.033654 0.046105
0 0.385170 0.075517 0.018121 0.030207
0 0.224112 0.194489 0.027367 0.038156
0 0.668269 0.042395 0.012574 0.023317
0 0.170858 0.702968 0.062870 0.070482
0 0.014053 0.301272 0.020710 0.032326
0 0.357618 0.138050 0.022929 0.035506
0 0.421783 0.062268 0.017382 0.027027
0 0.446006 0.017753 0.014793 0.024907
0 0.405510 0.040276 0.015902 0.026497
0 0.681583 0.161632 0.025148 0.042395
0 0.723928 0.170376 0.028476 0.047165
0 0.238905 0.094065 0.011095 0.014308
0 0.407175 0.006094 0.011834 0.011129
0 0.027737 0.858771 0.033284 0.048225
0 0.465976 0.016428 0.011834 0.020138
0 0.271080 0.065183 0.012574 0.022258
0 0.333025 0.005299 0.009246 0.009539
0 0.990570 0.483572 0.018861 0.068362
0 0.186021 0.148914 0.019970 0.028617
0 0.534578 0.006094 0.015902 0.011129
0 0.003513 0.267091 0.006287 0.028617
0 0.715791 0.121887 0.009246 0.036036
0 0.627219 0.152358 0.027367 0.021728
0 0.289201 0.199523 0.019231 0.036566
0 0.274223 0.200053 0.017382 0.032326
0 0.385355 0.052994 0.011095 0.010599
0 0.535688 0.026232 0.010725 0.019608
0 0.004253 0.686804 0.007766 0.039216
0 0.005362 0.618177 0.009985 0.039746
0 0.026812 0.283254 0.014423 0.021728
0 0.002959 0.242978 0.005178 0.017488
0 0.129623 0.196078 0.015163 0.023317
0 0.202108 0.124801 0.010725 0.015368
0 0.217086 0.112878 0.013314 0.015898
0 0.290680 0.058824 0.011834 0.019078
0 0.293454 0.033386 0.012944 0.022258
0 0.279586 0.032326 0.010355 0.018018
0 0.266642 0.044515 0.006657 0.011659
0 0.262204 0.022787 0.005917 0.016958
0 0.272004 0.024377 0.008506 0.014838
0 0.283099 0.012454 0.007027 0.013249
0 0.291050 0.009009 0.007396 0.012719
0 0.277922 0.008479 0.005547 0.013778
0 0.302515 0.018283 0.008136 0.012189
0 0.313240 0.012719 0.008876 0.010599
0 0.316198 0.026497 0.011095 0.016958
0 0.306768 0.029677 0.007766 0.014838
0 0.330251 0.025702 0.008876 0.013249
0 0.322670 0.011659 0.009246 0.012719
0 0.342825 0.014043 0.011095 0.016428
0 0.379808 0.004769 0.007396 0.008479
