0 0.024750 0.340000 0.027000 0.075152
0 0.131125 0.304242 0.022750 0.070303
0 0.124875 0.191515 0.016750 0.048485
0 0.098375 0.216667 0.019250 0.062424
0 0.182875 0.182121 0.021250 0.060000
0 0.218500 0.176667 0.023000 0.063636
0 0.297375 0.159394 0.020250 0.048485
0 0.077250 0.254545 0.021000 0.060606
0 0.144875 0.138788 0.015250 0.041212
0 0.246875 0.177576 0.019750 0.059394
0 0.256375 0.065152 0.016750 0.041818
0 0.018875 0.248182 0.023250 0.060000
0 0.369375 0.018788 0.012750 0.032727
0 0.160875 0.123333 0.015250 0.041818
0 0.279500 0.021818 0.013000 0.036364
0 0.387500 0.031818 0.013500 0.041818
0 0.236875 0.070606 0.013750 0.040606
0 0.268750 0.058788 0.012500 0.038788
0 0.193125 0.128485 0.018250 0.042424
0 0.368875 0.154545 0.012750 0.035152
0 0.419875 0.009394 0.010250 0.016364
0 0.177000 0.062121 0.012500 0.033333
0 0.329125 0.036970 0.014250 0.049697
0 0.064250 0.249091 0.013000 0.059394
0 0.202125 0.089394 0.013750 0.040606
0 0.213875 0.051212 0.010750 0.033333
0 0.290875 0.105758 0.017750 0.045455
0 0.178000 0.111818 0.016000 0.041818
0 0.025375 0.294242 0.022750 0.038182
0 0.258125 0.007273 0.008750 0.010909
0 0.170125 0.045455 0.008250 0.020606
0 0.401250 0.013636 0.011500 0.024848
0 0.289000 0.057273 0.014000 0.035758
0 0.077500 0.198788 0.015500 0.043636
0 0.165625 0.168788 0.016250 0.055152
0 0.154625 0.173939 0.013750 0.046061
0 0.184875 0.043939 0.009750 0.033333
0 0.157125 0.033939 0.004750 0.025455
0 0.230750 0.116364 0.012000 0.047273
0 0.241375 0.109394 0.008750 0.030909
0 0.220125 0.109091 0.010250 0.044848
0 0.338000 0.183030 0.015500 0.040000
0 0.290875 0.073636 0.014750 0.016364
0 0.301750 0.034545 0.010500 0.032727
0 0.301875 0.009697 0.009250 0.013333
0 0.288250 0.007879 0.009500 0.014545
0 0.320500 0.037576 0.008000 0.038788
0 0.314875 0.031818 0.007250 0.035758
0 0.341625 0.012727 0.008750 0.024242
0 0.351000 0.011515 0.007500 0.021818
0 0.356125 0.035152 0.010750 0.041212
0 0.389750 0.007273 0.009500 0.013333
0 0.957250 0.756970 0.071500 0.146667
