0 0.543824 0.308682 0.041790 0.065380
0 0.633321 0.422562 0.060281 0.081994
0 0.619453 0.155949 0.025888 0.043944
0 0.449149 0.312701 0.049926 0.063773
0 0.121857 0.200965 0.018121 0.025723
0 0.605399 0.117363 0.024408 0.042872
0 0.527182 0.156752 0.027737 0.047696
0 0.213203 0.121115 0.015902 0.026795
0 0.156620 0.163719 0.015902 0.027331
0 0.691568 0.093248 0.023669 0.040729
0 0.642567 0.149518 0.025518 0.047160
0 0.560281 0.200697 0.030325 0.062701
0 0.295303 0.128349 0.015163 0.026259
0 0.324149 0.018221 0.010725 0.018221
0 0.278107 0.008039 0.009615 0.015005
0 0.020340 0.271704 0.016272 0.025723
0 0.004808 0.290193 0.008876 0.030547
0 0.305843 0.024920 0.013314 0.023044
0 0.671043 0.545552 0.048447 0.060021
0 0.308987 0.006967 0.010725 0.012862
0 0.332655 0.006431 0.010725 0.011790
0 0.979845 0.361468 0.026997 0.053055
0 0.918269 0.237406 0.019231 0.032154
0 0.662537 0.025188 0.012204 0.023580
0 0.657175 0.020632 0.009615 0.017685
0 0.513499 0.004287 0.008506 0.007503
0 0.008136 0.259914 0.007396 0.019293
0 0.012574 0.247320 0.011095 0.024116
0 0.188609 0.141479 0.017012 0.025723
0 0.198040 0.121651 0.009985 0.015005
0 0.249630 0.075831 0.011095 0.015541
0 0.272374 0.071275 0.007766 0.020364
0 0.267567 0.047964 0.007766 0.019829
0 0.283469 0.028671 0.007766 0.018757
0 0.268861 0.029475 0.009615 0.015005
0 0.277737 0.039925 0.008136 0.016613
0 0.292345 0.020900 0.009246 0.019293
0 0.271635 0.009646 0.006287 0.013934
0 0.267197 0.006967 0.006287 0.012862
0 0.288646 0.004555 0.009246 0.008039
0 0.318972 0.006699 0.007766 0.012326
0 0.346893 0.004823 0.008876 0.008574
0 0.357064 0.004823 0.008506 0.008574
