0 0.080500 0.388788 0.019000 0.058788
0 0.132875 0.258788 0.026250 0.081212
0 0.110500 0.252424 0.020500 0.058788
0 0.270625 0.094242 0.015750 0.041818
0 0.061000 0.234242 0.019000 0.078182
0 0.035250 0.240303 0.018500 0.063636
0 0.216500 0.046970 0.012000 0.033333
0 0.175875 0.171818 0.020250 0.068485
0 0.231125 0.020606 0.010250 0.030303
0 0.136125 0.153333 0.018250 0.046061
0 0.238125 0.081818 0.014750 0.043636
0 0.346500 0.010909 0.010500 0.020606
0 0.284750 0.058182 0.013000 0.041212
0 0.008625 0.371212 0.016750 0.073333
0 0.227750 0.204848 0.025500 0.077576
0 0.109375 0.212424 0.023250 0.030909
0 0.112875 0.192424 0.014250 0.027273
0 0.074750 0.217576 0.015500 0.060606
0 0.021250 0.297273 0.012000 0.046667
0 0.174875 0.011212 0.008250 0.017576
