0 0.300111 0.576099 0.059541 0.091104
0 0.485392 0.453912 0.053624 0.084673
0 0.482618 0.314577 0.036982 0.066452
0 0.497596 0.203376 0.038092 0.059486
0 0.178439 0.517417 0.049186 0.070204
0 0.575814 0.270900 0.037722 0.073419
0 0.176405 0.337085 0.025888 0.036442
0 0.530141 0.159432 0.029216 0.051983
0 0.276442 0.235798 0.030695 0.045016
0 0.797152 0.192122 0.032175 0.051983
0 0.314534 0.238210 0.031435 0.056270
0 0.671043 0.139603 0.026997 0.044480
0 0.418454 0.282154 0.037352 0.061629
0 0.237241 0.321543 0.042530 0.066452
0 0.396820 0.364148 0.046598 0.088424
0 0.600962 0.132637 0.034024 0.054126
0 0.942493 0.363344 0.038831 0.053591
0 0.574889 0.184084 0.029956 0.050911
0 0.744822 0.137192 0.024408 0.040729
0 0.387019 0.015809 0.012204 0.021972
0 0.017382 0.615488 0.034024 0.068060
0 0.497226 0.005895 0.013683 0.010718
0 0.313055 0.009646 0.012944 0.018221
0 0.271635 0.045552 0.011464 0.020364
0 0.783469 0.020364 0.018861 0.026795
0 0.927145 0.261254 0.017751 0.028403
0 0.962278 0.282690 0.015533 0.026259
0 0.982249 0.246785 0.014793 0.027331
0 0.903846 0.192658 0.011834 0.019829
0 0.867788 0.178992 0.012944 0.021436
0 0.012759 0.753751 0.024778 0.072347
0 0.030880 0.316988 0.019601 0.031618
0 0.066198 0.265005 0.016272 0.028403
0 0.020155 0.264737 0.013683 0.031083
0 0.007581 0.227760 0.007766 0.019293
0 0.230030 0.121383 0.012574 0.023044
0 0.250925 0.102090 0.013683 0.025188
0 0.299741 0.022776 0.010725 0.017685
0 0.281435 0.035638 0.011834 0.017685
0 0.271820 0.020900 0.006657 0.012862
0 0.269231 0.007503 0.006657 0.011790
0 0.264053 0.009646 0.005917 0.012862
0 0.279031 0.011254 0.007766 0.016077
0 0.305843 0.008307 0.005917 0.013398
0 0.321191 0.004019 0.006287 0.006967
0 0.286058 0.009110 0.004068 0.009646
0 0.338942 0.009110 0.008506 0.017149
0 0.280141 0.455788 0.055104 0.078778
0 0.328217 0.002947 0.007027 0.004823
0 0.294933 0.009378 0.009985 0.012326
