0 0.027875 0.350606 0.025250 0.068485
0 0.125000 0.164242 0.020500 0.056970
0 0.162375 0.187576 0.018750 0.055152
0 0.197500 0.151818 0.019500 0.056364
0 0.194125 0.089697 0.015750 0.043636
0 0.246375 0.070909 0.015250 0.043636
0 0.293000 0.051212 0.011500 0.035758
0 0.216500 0.051818 0.013500 0.040606
0 0.097500 0.334545 0.026000 0.081212
0 0.181500 0.043939 0.009000 0.023636
0 0.167375 0.056061 0.010250 0.024848
0 0.343875 0.009697 0.010250 0.016970
0 0.058750 0.289394 0.023000 0.056364
0 0.065625 0.237273 0.018750 0.050303
0 0.050375 0.266970 0.017750 0.055152
0 0.214250 0.144848 0.016000 0.053333
0 0.285250 0.100606 0.008000 0.027879
0 0.328000 0.008788 0.008500 0.016364
0 0.217875 0.003333 0.006750 0.005455
0 0.017625 0.217879 0.010750 0.018788
