0 0.078125 0.369676 0.036458 0.046759
0 0.111793 0.318056 0.033110 0.040741
0 0.811012 0.490046 0.035714 0.038426
0 0.774554 0.446991 0.026786 0.037500
0 0.136161 0.370370 0.035714 0.052778
0 0.531436 0.393287 0.032366 0.043056
0 0.311198 0.355556 0.028646 0.038889
0 0.268973 0.335417 0.026042 0.037500
0 0.709077 0.389583 0.029762 0.038426
0 0.331287 0.398380 0.040551 0.050463
0 0.659226 0.384722 0.025298 0.037037
0 0.253720 0.301852 0.023065 0.031481
0 0.827009 0.450926 0.028274 0.038889
0 0.772693 0.512037 0.034226 0.037963
0 0.149740 0.280093 0.021949 0.031481
0 0.422247 0.419907 0.040179 0.050926
0 0.296875 0.312500 0.026786 0.033333
0 0.776228 0.410648 0.021205 0.031481
0 0.019717 0.300463 0.030506 0.040741
0 0.203125 0.280556 0.023810 0.031481
0 0.545387 0.364352 0.030506 0.033333
0 0.364769 0.300694 0.021205 0.032870
0 0.755766 0.556250 0.043527 0.065278
0 0.228423 0.346296 0.030506 0.041667
0 0.368118 0.370139 0.028646 0.051389
0 0.985305 0.557870 0.029390 0.050926
0 0.968936 0.738889 0.056920 0.075000
0 0.311384 0.262037 0.022321 0.027778
0 0.889137 0.468056 0.023065 0.032407
0 0.633743 0.474769 0.039807 0.056944
0 0.194754 0.341898 0.026414 0.036574
0 0.331101 0.262731 0.016369 0.023611
0 0.926711 0.427083 0.020833 0.031944
0 0.956845 0.428472 0.020089 0.028241
0 0.106585 0.287731 0.021949 0.024537
0 0.734003 0.388426 0.023065 0.034259
0 0.057664 0.226157 0.014881 0.019907
0 0.843192 0.386111 0.027158 0.037963
0 0.297247 0.247685 0.018601 0.024074
0 0.903274 0.497685 0.026042 0.035185
0 0.866071 0.371065 0.014881 0.022685
0 0.907738 0.446991 0.022321 0.031944
0 0.934524 0.373611 0.015625 0.019444
0 0.949033 0.476852 0.024554 0.036111
0 0.930246 0.393981 0.015253 0.022222
0 0.671317 0.363657 0.024926 0.035648
0 0.018229 0.231250 0.014881 0.020833
0 0.081101 0.211574 0.014881 0.023148
0 0.050967 0.265509 0.022321 0.028241
0 0.826265 0.362500 0.016369 0.025000
0 0.494978 0.478935 0.054688 0.069907
0 0.146763 0.211111 0.013765 0.014815
0 0.715216 0.436111 0.033854 0.037037
0 0.989211 0.468519 0.020833 0.031481
0 0.174851 0.213194 0.012649 0.019907
0 0.977307 0.388194 0.014137 0.021759
0 0.532552 0.474769 0.031622 0.051389
0 0.906994 0.537500 0.037202 0.049074
0 0.047991 0.214120 0.014881 0.018981
0 0.115513 0.217824 0.012277 0.014352
0 0.031250 0.249306 0.014137 0.019907
0 0.891555 0.389352 0.018229 0.025000
0 0.234003 0.259722 0.020089 0.028704
0 0.317522 0.306713 0.021949 0.032870
0 0.055060 0.205787 0.008929 0.013426
0 0.965588 0.350926 0.010045 0.013889
0 0.183036 0.462963 0.045387 0.061111
0 0.899926 0.373611 0.014137 0.014815
0 0.232515 0.253704 0.020089 0.030556
0 0.823289 0.351157 0.016369 0.021759
0 0.069382 0.197454 0.013765 0.018056
0 0.230469 0.466667 0.053943 0.063889
0 0.048921 0.242824 0.015253 0.018056
0 0.013951 0.202083 0.010789 0.015278
0 0.026786 0.200926 0.013393 0.016667
0 0.039621 0.202083 0.010789 0.016204
0 0.093936 0.246296 0.015997 0.018519
0 0.072173 0.238657 0.014881 0.024537
0 0.177641 0.277778 0.017485 0.020370
0 0.226562 0.398148 0.040923 0.052778
0 0.142671 0.349074 0.029390 0.020370
0 0.312872 0.236806 0.017857 0.019907
0 0.342820 0.221991 0.008557 0.013426
0 0.324591 0.220370 0.015253 0.013889
0 0.311012 0.214120 0.009673 0.011574
0 0.227865 0.311806 0.024182 0.024537
0 0.348586 0.326852 0.024554 0.033333
0 0.334263 0.323611 0.018229 0.037037
0 0.267857 0.220139 0.008185 0.013426
0 0.422061 0.377546 0.036830 0.035648
0 0.424107 0.349537 0.026786 0.019444
0 0.496652 0.389120 0.036458 0.044907
0 0.488095 0.371759 0.029762 0.033333
0 0.510231 0.337731 0.018229 0.024537
0 0.569196 0.408565 0.040179 0.041204
0 0.568638 0.378009 0.030134 0.017130
0 0.661086 0.438194 0.047619 0.044907
0 0.620164 0.399769 0.034226 0.043981
0 0.674665 0.411343 0.027158 0.026389
0 0.680060 0.395833 0.024554 0.016667
0 0.599330 0.341435 0.014137 0.011574
0 0.745350 0.457870 0.031622 0.038889
0 0.969308 0.479167 0.016741 0.035185
0 0.898624 0.420833 0.018229 0.023148
0 0.777158 0.366898 0.014137 0.027315
0 0.784226 0.354167 0.014881 0.027778
0 0.790365 0.338889 0.010045 0.011111
0 0.947731 0.380093 0.009301 0.016667
0 0.847284 0.450463 0.013021 0.030556
0 0.856771 0.775926 0.074405 0.102778
0 0.970238 0.423148 0.011905 0.029630
