0 0.049750 0.270303 0.020000 0.058182
0 0.169500 0.261212 0.022500 0.060606
0 0.092000 0.224545 0.022500 0.066061
0 0.067375 0.242121 0.020250 0.056364
0 0.269000 0.132727 0.019000 0.047273
0 0.247875 0.106364 0.016250 0.046667
0 0.308750 0.140909 0.017500 0.051515
0 0.187500 0.186061 0.020500 0.067879
0 0.247250 0.180909 0.024500 0.055152
0 0.207250 0.105152 0.016000 0.040606
0 0.183375 0.117576 0.015250 0.040000
0 0.289125 0.077576 0.014250 0.040000
0 0.378875 0.119091 0.015250 0.045455
0 0.082625 0.418182 0.027250 0.080000
0 0.135250 0.147879 0.017000 0.043636
0 0.029250 0.264545 0.022500 0.062424
0 0.159875 0.171212 0.018250 0.050303
0 0.333625 0.055455 0.013750 0.036970
0 0.323000 0.081818 0.015000 0.043636
0 0.471625 0.020303 0.013250 0.035758
0 0.006875 0.323333 0.013250 0.060000
0 0.273375 0.046970 0.012750 0.033333
0 0.262875 0.093030 0.016250 0.045455
0 0.221250 0.042424 0.012000 0.032727
0 0.172625 0.150606 0.015750 0.052727
0 0.416125 0.023939 0.013750 0.038182
0 0.344625 0.016061 0.011250 0.027273
0 0.235750 0.055758 0.014500 0.033939
0 0.232750 0.126667 0.018500 0.047273
0 0.362000 0.102121 0.015000 0.041818
0 0.402875 0.013333 0.010750 0.024242
0 0.233625 0.085455 0.013250 0.035152
0 0.326125 0.012121 0.010750 0.020606
0 0.280000 0.017879 0.009500 0.024848
0 0.309000 0.073030 0.015500 0.044242
0 0.210750 0.079697 0.014000 0.030909
0 0.429750 0.013939 0.012000 0.025455
0 0.045125 0.235758 0.015250 0.029091
0 0.453625 0.039394 0.013250 0.038788
0 0.097875 0.316061 0.030750 0.074545
0 0.141250 0.247273 0.027000 0.069091
0 0.127750 0.221818 0.015500 0.036364
0 0.099125 0.184545 0.013750 0.028485
0 0.149625 0.159697 0.011750 0.050303
0 0.150750 0.131212 0.013500 0.023636
0 0.180500 0.102727 0.012500 0.021212
0 0.194750 0.102121 0.009000 0.030909
0 0.192000 0.146667 0.015500 0.027879
0 0.275875 0.092727 0.015750 0.043636
0 0.287000 0.031212 0.006500 0.023636
0 0.295875 0.033939 0.011250 0.031515
0 0.303500 0.023333 0.009500 0.034545
0 0.295250 0.006364 0.008000 0.011515
0 0.312375 0.012121 0.008250 0.023030
0 0.351000 0.053030 0.013000 0.036970
0 0.354125 0.010000 0.007250 0.018788
0 0.371375 0.012121 0.011250 0.023030
0 0.381375 0.051212 0.015750 0.046667
0 0.440750 0.007879 0.009000 0.014545
0 0.220125 0.135152 0.009750 0.041212
0 0.262500 0.061515 0.012000 0.021212
