0 0.612241 0.263965 0.041050 0.066813
0 0.698225 0.223987 0.034024 0.054765
0 0.576923 0.214677 0.044379 0.065717
0 0.493528 0.355422 0.048447 0.084337
0 0.592456 0.090088 0.028107 0.048740
0 0.530880 0.232475 0.036612 0.065170
0 0.284578 0.297645 0.026997 0.048740
0 0.314534 0.556407 0.072115 0.119387
0 0.734098 0.114458 0.022929 0.041621
0 0.383506 0.256298 0.039201 0.061336
0 0.632581 0.113636 0.024038 0.042169
0 0.495377 0.218237 0.031435 0.053122
0 0.649593 0.133078 0.024778 0.044907
0 0.120192 0.190854 0.018491 0.030120
0 0.257581 0.398686 0.033654 0.065717
0 0.665865 0.123768 0.026257 0.046002
0 0.375740 0.348028 0.046598 0.079409
0 0.868343 0.486857 0.046598 0.064622
0 0.309357 0.006298 0.009985 0.011501
0 0.228180 0.082694 0.015533 0.025192
0 0.982064 0.449343 0.035873 0.072837
0 0.199889 0.102136 0.013683 0.020263
0 0.267382 0.007667 0.010355 0.014239
0 0.296043 0.015060 0.010725 0.018072
0 0.438240 0.271906 0.042899 0.070646
0 0.289756 0.028751 0.009246 0.018072
0 0.986686 0.698521 0.026627 0.078313
0 0.475037 0.008215 0.015163 0.015334
0 0.179364 0.122399 0.012574 0.022453
0 0.280880 0.035323 0.011464 0.020263
0 0.159209 0.136911 0.015163 0.024096
0 0.982064 0.364458 0.023299 0.048740
0 0.968010 0.281763 0.015902 0.032311
0 0.931953 0.265334 0.018491 0.032311
0 0.572670 0.099671 0.023299 0.035049
0 0.004438 0.345016 0.008136 0.030668
0 0.022744 0.263691 0.017382 0.030120
0 0.004623 0.204545 0.008506 0.018072
0 0.002959 0.253286 0.005178 0.033406
0 0.006842 0.233023 0.012204 0.019168
0 0.067862 0.243154 0.024038 0.025192
0 0.281805 0.005750 0.008136 0.010405
