0 0.448625 0.095185 0.010750 0.037778
0 0.480375 0.096296 0.011250 0.040000
0 0.414500 0.061111 0.009000 0.030370
0 0.408625 0.034074 0.007250 0.025185
0 0.281625 0.100741 0.010750 0.035556
0 0.394750 0.031481 0.007000 0.022963
0 0.349750 0.047778 0.009500 0.033333
0 0.426000 0.015926 0.007500 0.022963
0 0.448250 0.035556 0.007000 0.029630
0 0.033250 0.463333 0.040500 0.142963
0 0.480250 0.012963 0.006000 0.020000
0 0.538250 0.008148 0.007000 0.014815
0 0.518625 0.008889 0.004750 0.014815
0 0.327875 0.029259 0.006750 0.024444
0 0.250125 0.102593 0.009250 0.028889
0 0.426500 0.055926 0.010500 0.027407
0 0.380000 0.028889 0.007000 0.023704
0 0.374250 0.035185 0.006500 0.022963
0 0.446250 0.010000 0.006000 0.017037
0 0.499875 0.004074 0.004250 0.006667
