0 0.392875 0.060606 0.016750 0.049697
0 0.248875 0.139697 0.019750 0.057576
0 0.006125 0.287576 0.011750 0.049091
0 0.086375 0.279394 0.018250 0.047273
0 0.295250 0.101212 0.021000 0.049697
0 0.055500 0.290303 0.019500 0.040000
0 0.073000 0.247879 0.015000 0.040000
0 0.167500 0.119697 0.017000 0.047879
0 0.200125 0.092727 0.012750 0.035152
0 0.220625 0.197879 0.020250 0.066061
0 0.182375 0.135758 0.015750 0.038788
0 0.248125 0.021515 0.010750 0.029697
0 0.128250 0.185455 0.018500 0.054545
0 0.331750 0.082727 0.014500 0.040606
0 0.213125 0.047576 0.011250 0.030909
0 0.224750 0.065152 0.011500 0.035758
0 0.293000 0.160303 0.022500 0.057576
0 0.432500 0.010909 0.014500 0.020606
0 0.156625 0.157879 0.017250 0.050303
0 0.141750 0.140909 0.013500 0.038182
0 0.035000 0.255455 0.018000 0.049091
0 0.184125 0.172121 0.019250 0.037576
0 0.026750 0.282727 0.016500 0.047879
0 0.095125 0.232121 0.025250 0.050909
0 0.275375 0.012424 0.009750 0.021212
0 0.301375 0.006970 0.008250 0.012727
0 0.129750 0.152727 0.017500 0.027879
0 0.047000 0.336970 0.026000 0.069091
0 0.113375 0.211818 0.015250 0.046667
0 0.342375 0.006061 0.007250 0.007273
0 0.401875 0.012727 0.009750 0.023030
0 0.110625 0.160000 0.016750 0.025455
0 0.156750 0.211515 0.016000 0.060606
0 0.175625 0.223636 0.024750 0.082424
0 0.202125 0.181818 0.016250 0.050909
0 0.240500 0.211212 0.015000 0.049091
0 0.226000 0.153030 0.027000 0.038182
0 0.210500 0.117879 0.020000 0.052727
0 0.214000 0.078485 0.015500 0.030909
0 0.235625 0.078182 0.011250 0.025455
0 0.245000 0.050909 0.009000 0.027879
0 0.249125 0.067273 0.009250 0.037576
0 0.262250 0.049697 0.012000 0.018182
0 0.257375 0.075758 0.011750 0.041212
0 0.274375 0.076061 0.010250 0.029697
0 0.272750 0.037879 0.006500 0.023636
0 0.281125 0.048788 0.012750 0.034545
0 0.283750 0.022727 0.009500 0.021212
0 0.294000 0.023636 0.008000 0.023030
0 0.316750 0.009394 0.009000 0.017576
0 0.325000 0.014545 0.009000 0.015758
0 0.314125 0.033030 0.006750 0.022424
0 0.323750 0.043636 0.014500 0.036364
0 0.338125 0.034848 0.011750 0.026061
0 0.335250 0.008182 0.006500 0.015152
0 0.353000 0.024545 0.012000 0.033333
0 0.368000 0.025455 0.010500 0.038788
0 0.347500 0.075758 0.017000 0.064242
0 0.379000 0.053636 0.012000 0.049091
0 0.407500 0.059091 0.013500 0.039394
0 0.304625 0.061212 0.016250 0.037576
0 0.374500 0.006061 0.013000 0.010909
