0 0.955436 0.498392 0.032914 0.051447
0 0.449704 0.280815 0.034763 0.066452
0 0.069527 0.485263 0.042160 0.060557
0 0.625740 0.211683 0.029586 0.051447
0 0.657359 0.158896 0.026257 0.044480
0 0.494822 0.173901 0.031805 0.057342
0 0.566013 0.366827 0.050666 0.072347
0 0.612796 0.145498 0.026627 0.041265
0 0.289756 0.519025 0.046967 0.088424
0 0.326738 0.365220 0.041790 0.062701
0 0.204882 0.393891 0.038462 0.053591
0 0.558617 0.216506 0.028476 0.050375
0 0.166605 0.659700 0.069896 0.093248
0 0.046413 0.430332 0.035873 0.056806
0 0.289386 0.272508 0.032914 0.046624
0 0.737426 0.193462 0.025148 0.042872
0 0.566753 0.315380 0.035133 0.043408
0 0.735947 0.122454 0.023669 0.038049
0 0.357249 0.258574 0.027367 0.048767
0 0.565828 0.013934 0.012574 0.020364
0 0.438240 0.030279 0.017012 0.027331
0 0.202478 0.122186 0.011464 0.022508
0 0.677700 0.143891 0.024038 0.039121
0 0.827848 0.234191 0.026997 0.047160
0 0.472448 0.005895 0.013683 0.010718
0 0.328033 0.012058 0.009615 0.016613
0 0.941568 0.421758 0.040680 0.067524
0 0.270895 0.040193 0.010725 0.017149
0 0.945636 0.254019 0.021450 0.030011
0 0.312130 0.014202 0.011095 0.018757
0 0.276442 0.015273 0.008506 0.015541
0 0.281250 0.037781 0.012204 0.019829
0 0.877959 0.210343 0.021450 0.036977
0 0.166790 0.459271 0.051036 0.072883
0 0.112611 0.213023 0.016642 0.024116
0 0.008691 0.657288 0.016642 0.058414
0 0.295673 0.012058 0.009985 0.015541
0 0.992049 0.348339 0.015902 0.053591
0 0.004253 0.851286 0.007766 0.072347
0 0.540126 0.003483 0.010725 0.005895
0 0.267012 0.007503 0.008136 0.013934
0 0.907175 0.231779 0.016272 0.026259
0 0.982433 0.317256 0.018121 0.031083
0 0.625000 0.175777 0.042899 0.032154
0 0.028661 0.277063 0.021820 0.031083
0 0.013683 0.253751 0.014793 0.019829
0 0.004253 0.289121 0.007766 0.038049
0 0.010540 0.233923 0.009985 0.020900
0 0.003143 0.239014 0.005547 0.021436
0 0.143306 0.172562 0.010725 0.019293
0 0.173632 0.142015 0.011464 0.018221
0 0.288092 0.024920 0.008136 0.016613
0 0.311760 0.037781 0.011834 0.018757
0 0.335799 0.003751 0.006657 0.006431
0 0.361501 0.004287 0.007027 0.007503
0 0.304734 0.004823 0.005917 0.008574
0 0.313609 0.002680 0.007396 0.004287
0 0.282175 0.011790 0.006657 0.013934
