0 0.526997 0.164294 0.031065 0.055860
0 0.507581 0.310789 0.042530 0.077218
0 0.491309 0.550110 0.058802 0.099124
0 0.298632 0.452629 0.048447 0.077218
0 0.634061 0.157996 0.031435 0.056407
0 0.596893 0.240416 0.036243 0.071194
0 0.569527 0.090361 0.022929 0.039430
0 0.476701 0.195509 0.032544 0.056955
0 0.533839 0.122399 0.024038 0.038883
0 0.368343 0.414020 0.043639 0.064622
0 0.435651 0.273823 0.031805 0.060241
0 0.748336 0.144852 0.022559 0.045455
0 0.533839 0.254929 0.037352 0.062979
0 0.662352 0.165115 0.028846 0.043264
0 0.647374 0.107338 0.025518 0.041621
0 0.221893 0.130066 0.023669 0.037788
0 0.691568 0.065717 0.019970 0.036145
0 0.229105 0.521084 0.049186 0.087076
0 0.286058 0.012048 0.014423 0.019715
0 0.022929 0.272180 0.019231 0.029573
0 0.319712 0.007119 0.011464 0.013143
0 0.118713 0.370482 0.040680 0.079409
0 0.008506 0.252464 0.016272 0.030668
0 0.004808 0.210022 0.008876 0.032311
0 0.247966 0.060241 0.012944 0.020811
0 0.273854 0.024370 0.009985 0.020263
0 0.267936 0.018620 0.008506 0.020811
0 0.297152 0.007941 0.009246 0.014786
0 0.322670 0.033133 0.010725 0.016977
0 0.991679 0.364458 0.016642 0.038883
0 0.960799 0.311884 0.017751 0.036692
0 0.958210 0.251095 0.016272 0.033406
0 0.914016 0.242881 0.014423 0.026835
