0 0.191250 0.126667 0.017500 0.048485
0 0.289750 0.103333 0.020500 0.050303
0 0.176750 0.212727 0.023000 0.070303
0 0.392625 0.059091 0.016750 0.050303
0 0.296375 0.158788 0.021250 0.063030
0 0.160000 0.150000 0.017000 0.052727
0 0.112875 0.206970 0.020750 0.060000
0 0.216250 0.080909 0.014000 0.038182
0 0.252875 0.021818 0.011250 0.031515
0 0.340625 0.057273 0.016750 0.055152
0 0.074250 0.238485 0.015500 0.034545
0 0.135250 0.153030 0.017500 0.040606
0 0.035125 0.250606 0.017250 0.047879
0 0.225625 0.197879 0.020250 0.057576
0 0.254750 0.142121 0.020000 0.067273
0 0.027750 0.279394 0.019000 0.049697
0 0.108125 0.169697 0.015750 0.035152
0 0.188625 0.175152 0.017250 0.047273
0 0.304125 0.055758 0.013750 0.040000
0 0.015125 0.355152 0.022750 0.067879
0 0.228375 0.103030 0.017750 0.043636
0 0.238625 0.192424 0.016250 0.052727
0 0.204000 0.109394 0.014000 0.043030
0 0.281125 0.019697 0.010750 0.023636
0 0.050250 0.291212 0.020500 0.036970
0 0.007875 0.280606 0.015250 0.043636
0 0.087750 0.279091 0.028500 0.068485
0 0.126250 0.184848 0.016000 0.054545
0 0.149375 0.128182 0.010750 0.038182
0 0.173000 0.126667 0.015000 0.044848
0 0.164125 0.113030 0.007750 0.022424
0 0.159875 0.205758 0.012750 0.052727
0 0.205750 0.191515 0.017500 0.055758
0 0.231875 0.158485 0.017750 0.022424
0 0.270625 0.134545 0.012750 0.042424
0 0.189750 0.096667 0.011000 0.018788
0 0.213500 0.044545 0.009500 0.023636
0 0.222750 0.059697 0.011000 0.021212
0 0.241875 0.046970 0.010750 0.017576
0 0.243875 0.072424 0.013750 0.032121
0 0.269625 0.028485 0.007250 0.012121
0 0.258375 0.076970 0.013750 0.043636
0 0.268250 0.053333 0.012500 0.035152
0 0.278500 0.076667 0.012000 0.030909
0 0.280750 0.045455 0.011000 0.030303
0 0.295625 0.034848 0.012750 0.030909
0 0.312250 0.006061 0.009500 0.010909
0 0.313125 0.037879 0.009750 0.026061
0 0.321125 0.054242 0.010750 0.035758
0 0.329250 0.077576 0.007500 0.037576
0 0.326125 0.022424 0.010250 0.025455
0 0.323125 0.006667 0.006750 0.012121
0 0.338375 0.007576 0.006250 0.013939
0 0.353625 0.028182 0.011250 0.029697
0 0.377625 0.055758 0.012750 0.048485
0 0.407500 0.064545 0.014500 0.039394
0 0.373500 0.019394 0.014000 0.032727
0 0.400125 0.010909 0.010250 0.020606
0 0.430875 0.009394 0.006750 0.017576
0 0.436750 0.007879 0.010500 0.014545
