0 0.088875 0.229394 0.020750 0.055152
0 0.050500 0.392121 0.032500 0.075152
0 0.122875 0.450303 0.019750 0.055758
0 0.039500 0.284242 0.027000 0.065455
0 0.201625 0.091515 0.014750 0.038788
0 0.282875 0.134545 0.021250 0.050909
0 0.069375 0.221818 0.017750 0.052121
0 0.185000 0.140303 0.021000 0.056364
0 0.327125 0.091212 0.019250 0.052727
0 0.256625 0.173939 0.021250 0.063030
0 0.076875 0.181818 0.017250 0.041212
0 0.109250 0.186970 0.018500 0.045455
0 0.159125 0.210303 0.021750 0.061818
0 0.220000 0.064545 0.012500 0.034545
0 0.129000 0.199394 0.019000 0.054545
0 0.353500 0.067273 0.016000 0.044848
0 0.155125 0.170909 0.019250 0.044848
0 0.393000 0.026364 0.015000 0.039394
0 0.150875 0.127273 0.013750 0.040000
0 0.211625 0.053636 0.011250 0.032121
0 0.439875 0.008485 0.012250 0.013333
0 0.270125 0.036061 0.013750 0.044242
0 0.199000 0.252727 0.023500 0.067879
0 0.305875 0.064545 0.014250 0.038182
0 0.420125 0.015758 0.013250 0.026667
0 0.365875 0.042121 0.011250 0.035758
0 0.162375 0.316667 0.022750 0.073333
0 0.011000 0.305152 0.019500 0.066061
0 0.162750 0.140606 0.016000 0.038788
0 0.273375 0.118182 0.014750 0.050909
0 0.101750 0.375152 0.019000 0.049697
0 0.115375 0.294545 0.018750 0.059394
0 0.212500 0.234545 0.016500 0.044848
0 0.126750 0.136364 0.013500 0.036364
0 0.317875 0.056364 0.013250 0.036364
0 0.056750 0.547576 0.019500 0.051515
0 0.218875 0.101818 0.016250 0.037576
0 0.233750 0.010606 0.011000 0.017576
0 0.282625 0.082121 0.013750 0.036970
0 0.142250 0.431212 0.019000 0.041818
0 0.311875 0.027576 0.011750 0.030909
0 0.055875 0.262424 0.023750 0.076364
0 0.158625 0.067879 0.005750 0.026667
0 0.199375 0.189394 0.013250 0.039394
0 0.218250 0.131818 0.016500 0.058788
0 0.207250 0.143030 0.009000 0.041212
0 0.258250 0.093939 0.014000 0.040000
0 0.258375 0.058485 0.011250 0.032121
0 0.256000 0.035758 0.013000 0.029091
0 0.291000 0.095455 0.015000 0.040606
0 0.291375 0.024545 0.007750 0.029697
0 0.300750 0.028788 0.009500 0.027273
0 0.319625 0.015152 0.010750 0.029091
0 0.327750 0.011212 0.006500 0.021212
0 0.342500 0.007879 0.011000 0.014545
0 0.377500 0.045455 0.015000 0.046061
0 0.373375 0.010000 0.014250 0.018788
0 0.300750 0.005152 0.008500 0.009091
