0 0.465375 0.338519 0.021750 0.082963
0 0.161750 0.185556 0.017500 0.054074
0 0.075250 0.144074 0.015500 0.043704
0 0.263625 0.068889 0.011250 0.037037
0 0.336125 0.039259 0.008250 0.026667
0 0.338500 0.070000 0.011500 0.036296
0 0.376375 0.065556 0.011750 0.040741
0 0.368250 0.012222 0.007000 0.022963
0 0.300000 0.077778 0.010500 0.035556
0 0.554750 0.058148 0.007000 0.025926
0 0.482250 0.013333 0.007000 0.022222
0 0.355375 0.010370 0.006250 0.019259
0 0.525000 0.288889 0.024000 0.090370
0 0.428250 0.028148 0.005500 0.020741
0 0.419875 0.012222 0.006250 0.021481
0 0.240875 0.069259 0.010250 0.034815
0 0.454000 0.016667 0.006000 0.024444
0 0.449625 0.008889 0.004750 0.016296
