0 0.038500 0.408485 0.025500 0.067879
0 0.101500 0.247273 0.020500 0.056970
0 0.161500 0.144242 0.017500 0.055758
0 0.227500 0.104242 0.016000 0.047273
0 0.208625 0.142424 0.020750 0.063030
0 0.176625 0.141515 0.014750 0.047879
0 0.172875 0.031212 0.009250 0.027273
0 0.061875 0.214242 0.019750 0.053939
0 0.107500 0.208182 0.020000 0.043030
0 0.014250 0.269697 0.020500 0.056970
0 0.157250 0.214242 0.019000 0.043030
0 0.261375 0.010303 0.010250 0.018182
0 0.192250 0.025758 0.007500 0.021212
0 0.004375 0.340606 0.008250 0.047273
0 0.057875 0.281818 0.029750 0.075152
0 0.124250 0.208485 0.017000 0.040000
0 0.342250 0.015152 0.010500 0.027879
0 0.053375 0.203939 0.011750 0.039394
0 0.059500 0.420000 0.016500 0.040000
0 0.046500 0.311515 0.014000 0.058182
0 0.142125 0.192424 0.014250 0.038182
0 0.148875 0.253636 0.019750 0.056364
0 0.189750 0.114545 0.010000 0.023030
0 0.165250 0.087879 0.008000 0.025455
0 0.172250 0.057273 0.008500 0.024848
0 0.222625 0.010909 0.006250 0.016970
0 0.244375 0.016061 0.006750 0.017576
0 0.305125 0.037273 0.012250 0.038182
