0 0.311000 0.207778 0.018500 0.061481
0 0.328375 0.104815 0.014250 0.055556
0 0.311625 0.328519 0.027250 0.097037
0 0.362500 0.274444 0.022000 0.080741
0 0.375125 0.193333 0.018750 0.072593
0 0.175500 0.367778 0.030000 0.098519
0 0.873875 0.121852 0.015250 0.065926
0 0.858375 0.185185 0.020250 0.066667
0 0.428250 0.285926 0.021500 0.091852
0 0.366875 0.095185 0.010250 0.042222
0 0.201875 0.218519 0.019750 0.071111
0 0.951875 0.170000 0.019250 0.074815
0 0.364000 0.044074 0.007500 0.030370
0 0.388750 0.108148 0.011000 0.038519
0 0.703750 0.032593 0.010500 0.035556
0 0.861375 0.103333 0.014750 0.058519
0 0.322750 0.040370 0.009500 0.031852
0 0.427625 0.052222 0.008750 0.033333
0 0.746000 0.051481 0.012500 0.039259
0 0.480000 0.054074 0.010000 0.035556
0 0.443000 0.075926 0.010500 0.043704
0 0.419000 0.031852 0.009000 0.029630
0 0.475500 0.018889 0.008500 0.030370
0 0.806000 0.680741 0.085000 0.082963
0 0.413625 0.008889 0.004250 0.014815
0 0.305250 0.560741 0.041000 0.165926
0 0.235875 0.497037 0.041250 0.130370
0 0.113500 0.398148 0.037500 0.105926
0 0.080000 0.328889 0.029000 0.088889
0 0.367000 0.027778 0.007000 0.020000
0 0.395500 0.066667 0.010500 0.037037
0 0.387750 0.029259 0.008000 0.022963
0 0.401625 0.004815 0.004250 0.008148
0 0.438750 0.054444 0.007000 0.027407
0 0.436500 0.006296 0.005000 0.011111
0 0.448500 0.025556 0.006000 0.024444
0 0.493750 0.042222 0.007000 0.034074
0 0.499625 0.022593 0.005250 0.017037
0 0.486375 0.004444 0.005750 0.007407
0 0.512375 0.012222 0.006750 0.022963
0 0.529875 0.020370 0.005250 0.018519
0 0.547500 0.005185 0.004500 0.008889
0 0.611500 0.181481 0.017500 0.047407
0 0.596000 0.189259 0.022000 0.054074
0 0.887375 0.175185 0.010250 0.046667
