0 0.241494 0.171222 0.029586 0.047696
0 0.110207 0.536174 0.048077 0.074491
0 0.372966 0.157824 0.030695 0.049839
0 0.749445 0.129957 0.019601 0.039121
0 0.137759 0.256967 0.029216 0.045552
0 0.718565 0.168006 0.028107 0.045552
0 0.409578 0.048499 0.017382 0.029475
0 0.624260 0.186763 0.029586 0.051983
0 0.365200 0.102358 0.024038 0.041801
0 0.265163 0.650322 0.073964 0.094855
0 0.802515 0.257235 0.028107 0.045016
0 0.550481 0.273580 0.038092 0.064845
0 0.243713 0.331726 0.038462 0.063237
0 0.004623 0.330922 0.008506 0.032690
0 0.226331 0.099678 0.016272 0.020364
0 0.652737 0.181404 0.022189 0.042337
0 0.318417 0.109325 0.014053 0.019293
0 0.304549 0.109325 0.014423 0.025723
0 0.274223 0.149518 0.014423 0.022508
0 0.092456 0.392015 0.038462 0.051983
0 0.072485 0.389603 0.016272 0.035370
0 0.013499 0.276795 0.020340 0.032690
0 0.003513 0.268489 0.006287 0.027867
0 0.005178 0.233119 0.009615 0.023580
0 0.174001 0.144159 0.015163 0.019293
0 0.208765 0.107449 0.009985 0.012326
0 0.243898 0.085477 0.012944 0.019829
0 0.293269 0.029475 0.011095 0.022508
0 0.278107 0.040461 0.013314 0.025188
0 0.266272 0.026527 0.008876 0.018757
0 0.266827 0.011522 0.007027 0.008039
0 0.279771 0.018489 0.008506 0.016613
0 0.280880 0.002947 0.007027 0.004823
0 0.293084 0.005359 0.007766 0.009646
0 0.311945 0.011522 0.009246 0.010182
0 0.309357 0.024116 0.012204 0.015005
0 0.323964 0.016613 0.009615 0.016077
0 0.340422 0.003483 0.008506 0.005895
0 0.356139 0.005091 0.008136 0.009110
