0 0.497596 0.317792 0.033654 0.051447
0 0.468380 0.258842 0.032175 0.056806
0 0.073964 0.404341 0.040680 0.066988
0 0.384985 0.241961 0.041420 0.063773
0 0.151442 0.303055 0.031435 0.053055
0 0.403107 0.351822 0.034763 0.066988
0 0.028291 0.466506 0.041050 0.054126
0 0.515163 0.172294 0.026627 0.047696
0 0.195266 0.405413 0.039941 0.061629
0 0.294564 0.382101 0.041050 0.062165
0 0.827108 0.172830 0.032914 0.049839
0 0.596893 0.250000 0.032544 0.056270
0 0.577663 0.189711 0.029586 0.047160
0 0.204512 0.316988 0.036243 0.047696
0 0.081361 0.306270 0.026627 0.033762
0 0.935651 0.221597 0.025148 0.044480
0 0.387204 0.082262 0.019970 0.034834
0 0.298632 0.313237 0.035133 0.055198
0 0.502034 0.378617 0.042530 0.072347
0 0.331546 0.082262 0.021820 0.036977
0 0.389238 0.050911 0.018861 0.031083
0 0.625370 0.062165 0.021450 0.033226
0 0.617419 0.184084 0.031435 0.055198
0 0.725407 0.146570 0.027737 0.046624
0 0.892751 0.202572 0.022929 0.040729
0 0.009800 0.292337 0.018861 0.038049
0 0.241494 0.131029 0.021450 0.030547
0 0.004253 0.234727 0.007766 0.028939
0 0.613166 0.142819 0.027367 0.041265
0 0.341716 0.009646 0.010355 0.018221
0 0.967825 0.337353 0.021450 0.042337
0 0.785133 0.049303 0.016272 0.020364
0 0.847818 0.139335 0.015163 0.020364
0 0.707470 0.102626 0.026627 0.036977
0 0.526257 0.014469 0.011834 0.019293
0 0.151257 0.875134 0.077663 0.102894
0 0.014238 0.584673 0.027737 0.050375
0 0.115200 0.199893 0.011464 0.016077
0 0.220969 0.103698 0.012944 0.019829
0 0.233543 0.087889 0.007766 0.012862
0 0.263499 0.024920 0.004808 0.017685
0 0.286428 0.035906 0.013683 0.021436
0 0.276812 0.027063 0.008506 0.017685
0 0.285133 0.019025 0.009615 0.014469
0 0.276997 0.009646 0.009615 0.013934
0 0.294009 0.005091 0.005917 0.009110
0 0.310651 0.014469 0.012574 0.020364
0 0.301405 0.012594 0.005917 0.014469
0 0.325814 0.005895 0.007396 0.010718
0 0.316938 0.007503 0.008136 0.013934
