0 0.533839 0.437835 0.057322 0.088960
0 0.078402 0.388264 0.022189 0.034834
0 0.529216 0.205252 0.035503 0.066452
0 0.449149 0.344051 0.047707 0.083601
0 0.615385 0.264469 0.045118 0.068060
0 0.827848 0.328242 0.036612 0.061629
0 0.638499 0.222133 0.032175 0.057342
0 0.445081 0.226152 0.040311 0.060021
0 0.923817 0.469989 0.045118 0.060021
0 0.552145 0.162111 0.028846 0.049839
0 0.848558 0.191854 0.025518 0.042872
0 0.650518 0.128617 0.028846 0.047160
0 0.253328 0.154341 0.017012 0.026795
0 0.607803 0.178457 0.034393 0.067524
0 0.295673 0.143355 0.018861 0.028403
0 0.290680 0.042069 0.011834 0.018757
0 0.276257 0.049303 0.012574 0.020364
0 0.316938 0.029743 0.012574 0.018757
0 0.316753 0.012058 0.009985 0.014469
0 0.019231 0.292605 0.017012 0.037513
0 0.014608 0.263398 0.011464 0.019829
0 0.005362 0.319132 0.009985 0.020900
0 0.326553 0.010182 0.009615 0.019293
0 0.272374 0.025991 0.010725 0.017685
0 0.006472 0.234727 0.012204 0.031083
0 0.289201 0.011790 0.010355 0.016077
0 0.266087 0.017685 0.009246 0.013934
0 0.339127 0.007503 0.012574 0.013934
0 0.909763 0.930332 0.073964 0.106109
0 0.921967 0.757235 0.061391 0.090032
0 0.981509 0.384780 0.019231 0.034298
0 0.946006 0.315380 0.022929 0.034834
0 0.947670 0.256967 0.016642 0.028403
0 0.914016 0.239550 0.015902 0.038585
0 0.313979 0.110665 0.014053 0.021972
0 0.302145 0.110932 0.012574 0.024652
0 0.018861 0.251072 0.014053 0.028403
0 0.087093 0.232851 0.012204 0.018757
0 0.132027 0.184620 0.014053 0.018757
0 0.154956 0.166399 0.013314 0.027331
0 0.191198 0.127546 0.014793 0.017149
0 0.226331 0.094051 0.011095 0.016613
0 0.307692 0.005359 0.007396 0.009646
