0 0.299741 0.532585 0.051405 0.087076
0 0.538831 0.334885 0.039201 0.067360
0 0.621302 0.251369 0.036982 0.063527
0 0.335984 0.180175 0.025518 0.044907
0 0.243528 0.266429 0.032914 0.056407
0 0.205436 0.245071 0.030695 0.050931
0 0.144786 0.481106 0.049186 0.073932
0 0.484467 0.375685 0.045118 0.079956
0 0.787167 0.106517 0.021080 0.035597
0 0.318232 0.085159 0.024778 0.035597
0 0.085614 0.740416 0.051405 0.075575
0 0.955436 0.840635 0.068417 0.113910
0 0.633506 0.149233 0.027367 0.050931
0 0.140348 0.229463 0.029216 0.042716
0 0.640717 0.097755 0.029216 0.045455
0 0.575999 0.116375 0.027737 0.046550
0 0.307507 0.154162 0.025518 0.041073
0 0.222633 0.166484 0.025148 0.040526
0 0.529031 0.189485 0.031435 0.052574
0 0.125185 0.367196 0.035873 0.061884
0 0.720414 0.104326 0.020710 0.041073
0 0.791420 0.064074 0.016272 0.027382
0 0.419379 0.062432 0.019231 0.035049
0 0.049741 0.482202 0.033654 0.050931
0 0.747041 0.163472 0.028846 0.045455
0 0.512574 0.077218 0.021450 0.036145
0 0.276812 0.122946 0.022559 0.036692
0 0.018306 0.703176 0.035873 0.070099
0 0.283839 0.018894 0.014423 0.023549
0 0.012204 0.432913 0.023669 0.054217
0 0.746117 0.211117 0.031435 0.049836
0 0.007766 0.253834 0.014793 0.044359
0 0.213018 0.088445 0.014053 0.019168
0 0.392197 0.041073 0.015163 0.027382
0 0.268491 0.278478 0.025888 0.052026
0 0.007212 0.217415 0.013683 0.027382
0 0.056953 0.261774 0.014053 0.023001
0 0.134246 0.170044 0.017012 0.022453
0 0.275888 0.006298 0.009615 0.011501
0 0.295303 0.006846 0.009985 0.012596
0 0.268306 0.005750 0.005547 0.010405
0 0.325814 0.003834 0.007396 0.006572
0 0.991864 0.365553 0.016272 0.043264
0 0.955806 0.317360 0.019601 0.035597
0 0.915865 0.244524 0.013683 0.020263
0 0.989460 0.324480 0.015902 0.027930
0 0.949519 0.243154 0.014423 0.028478
