0 0.912202 0.544907 0.031250 0.041667
0 0.488467 0.401157 0.029762 0.038426
0 0.727121 0.389583 0.023438 0.032870
0 0.378720 0.353472 0.034226 0.038426
0 0.943080 0.525463 0.034970 0.060185
0 0.386905 0.411343 0.042411 0.049537
0 0.447731 0.412269 0.042039 0.052315
0 0.524554 0.352546 0.029762 0.036574
0 0.329241 0.336574 0.028274 0.042593
0 0.236793 0.661574 0.047247 0.065741
0 0.684710 0.418056 0.032366 0.042593
0 0.461310 0.351389 0.029018 0.039815
0 0.374442 0.513889 0.042039 0.058333
0 0.565104 0.485185 0.043899 0.052778
0 0.654018 0.467824 0.043899 0.046759
0 0.747582 0.422454 0.030878 0.037500
0 0.686384 0.377083 0.026786 0.031944
0 0.868304 0.471991 0.025298 0.035648
0 0.564732 0.368750 0.029018 0.032870
0 0.467634 0.458102 0.044643 0.059722
0 0.795573 0.452546 0.028646 0.043056
0 0.777902 0.408796 0.026042 0.033333
0 0.859189 0.505556 0.029390 0.032407
0 0.726004 0.441667 0.023438 0.031481
0 0.838542 0.403935 0.019345 0.029167
0 0.925595 0.470602 0.038690 0.038426
0 0.861049 0.445370 0.024182 0.036111
0 0.880394 0.420602 0.021949 0.026389
0 0.752790 0.499074 0.029390 0.043519
0 0.518601 0.394907 0.036458 0.040741
0 0.542783 0.458796 0.040923 0.052778
0 0.428013 0.365972 0.033110 0.040278
0 0.648810 0.385417 0.031994 0.040278
0 0.033854 0.200000 0.010417 0.015741
0 0.903088 0.413426 0.019717 0.026852
0 0.116071 0.239815 0.013393 0.019444
0 0.818266 0.442361 0.021205 0.033796
0 0.327567 0.590046 0.042783 0.058796
0 0.868490 0.342130 0.011533 0.019444
0 0.049479 0.192361 0.011905 0.015278
0 0.956287 0.458102 0.027902 0.031944
0 0.075335 0.219444 0.014509 0.019444
0 0.101935 0.221759 0.011905 0.016667
0 0.992560 0.450231 0.014881 0.034722
0 0.178571 0.221296 0.014137 0.020370
0 0.120164 0.221296 0.014137 0.019444
0 0.866071 0.378472 0.018601 0.023611
0 0.802641 0.404630 0.022693 0.029630
0 0.141741 0.408565 0.039435 0.057870
0 0.418155 0.347454 0.025298 0.035648
0 0.416295 0.545139 0.049107 0.074537
0 0.075893 0.197917 0.011905 0.014352
0 0.948289 0.343750 0.009673 0.012500
0 0.136719 0.219444 0.012277 0.018519
0 0.078497 0.314120 0.028274 0.043056
0 0.149368 0.222917 0.013021 0.018056
0 0.864955 0.643056 0.040179 0.059259
0 0.990513 0.582176 0.018973 0.038426
0 0.920759 0.415509 0.015625 0.021759
0 0.332961 0.223380 0.012649 0.018981
0 0.986235 0.359722 0.008185 0.011111
0 0.873512 0.399769 0.020833 0.023611
0 0.917039 0.601852 0.049107 0.058333
0 0.638207 0.434954 0.034598 0.036574
0 0.960193 0.350463 0.008185 0.011111
0 0.991443 0.493750 0.017113 0.043981
0 0.975074 0.422454 0.018601 0.019907
0 0.997768 0.364583 0.004464 0.009722
0 0.317708 0.216204 0.011161 0.015741
0 0.234933 0.212500 0.009301 0.018519
0 0.262649 0.204861 0.013393 0.013426
0 0.266741 0.239120 0.010417 0.011574
0 0.279390 0.231019 0.008929 0.010185
0 0.299851 0.215278 0.011161 0.015741
0 0.341704 0.215509 0.007812 0.015278
0 0.498698 0.455787 0.030134 0.049537
0 0.592634 0.358796 0.026042 0.030556
0 0.610119 0.359028 0.014881 0.024537
0 0.544829 0.356250 0.015997 0.017130
0 0.573475 0.398148 0.042039 0.045370
0 0.594494 0.448843 0.037202 0.047685
0 0.718936 0.486574 0.049479 0.055556
0 0.709449 0.413194 0.026786 0.033796
0 0.695126 0.392361 0.018229 0.011574
0 0.787574 0.440741 0.031250 0.037963
0 0.787016 0.505324 0.033110 0.038426
0 0.822917 0.519444 0.046875 0.054630
0 0.887835 0.473148 0.014509 0.019444
0 0.897693 0.455093 0.016369 0.025926
0 0.852307 0.417593 0.025298 0.034259
0 0.819754 0.405556 0.017485 0.029630
0 0.928199 0.439583 0.019345 0.020833
0 0.964844 0.437731 0.020461 0.018056
0 0.969680 0.511343 0.018229 0.031944
