0 0.644970 0.373079 0.046598 0.073132
0 0.525888 0.277689 0.036982 0.059353
0 0.633506 0.227080 0.035503 0.053524
0 0.586538 0.216481 0.033284 0.056704
0 0.538646 0.179915 0.029216 0.051404
0 0.694527 0.313990 0.050296 0.074722
0 0.589312 0.140170 0.025518 0.043985
0 0.741309 0.163752 0.027737 0.054054
0 0.651257 0.147854 0.028107 0.043455
0 0.531250 0.401431 0.063979 0.069422
0 0.428070 0.295443 0.033654 0.055644
0 0.705621 0.029147 0.012574 0.019078
0 0.634430 0.058559 0.018861 0.030207
0 0.875185 0.708002 0.075074 0.082671
0 0.662537 0.131691 0.023299 0.050344
0 0.633136 0.026762 0.016272 0.028087
0 0.643861 0.007949 0.012574 0.014838
0 0.655510 0.031532 0.015902 0.027027
0 0.357618 0.007419 0.010355 0.013778
0 0.264053 0.013778 0.008136 0.012719
0 0.223188 0.113408 0.012204 0.019078
0 0.315643 0.026232 0.009985 0.014308
0 0.303624 0.053259 0.012574 0.019608
0 0.285688 0.026762 0.009985 0.017488
0 0.316753 0.042130 0.011464 0.019608
0 0.324519 0.007949 0.008506 0.014838
0 0.278661 0.031267 0.008506 0.015898
0 0.267567 0.038421 0.010725 0.016428
0 0.304734 0.038156 0.010355 0.014838
0 0.157359 0.183360 0.015902 0.025437
0 0.279401 0.012719 0.007766 0.011659
0 0.300481 0.016428 0.008506 0.019078
0 0.295673 0.026232 0.009246 0.015368
0 0.909209 0.877848 0.062500 0.092740
0 0.012389 0.308691 0.016642 0.035506
0 0.004068 0.312666 0.007396 0.032856
0 0.007581 0.263911 0.014423 0.029677
0 0.004068 0.243243 0.007396 0.019078
0 0.183987 0.160572 0.013683 0.024377
0 0.274778 0.064123 0.012574 0.021198
0 0.278291 0.048225 0.012204 0.014838
0 0.267382 0.055644 0.008136 0.016958
0 0.272374 0.016958 0.008506 0.011659
0 0.284393 0.003975 0.007396 0.006889
0 0.290865 0.012189 0.007027 0.010599
0 0.343010 0.020668 0.011464 0.018018
0 0.349667 0.020403 0.004068 0.014308
0 0.347448 0.003710 0.011464 0.006359
0 0.334874 0.006624 0.009246 0.012189
