0 0.477441 0.270263 0.041420 0.068456
0 0.351701 0.404162 0.052515 0.087623
0 0.568602 0.310789 0.042530 0.072837
0 0.556953 0.126232 0.031065 0.047645
0 0.299556 0.370756 0.046598 0.087623
0 0.652552 0.154710 0.026997 0.048740
0 0.776442 0.135542 0.024778 0.041073
0 0.517382 0.546276 0.051775 0.091457
0 0.603365 0.118839 0.025518 0.043812
0 0.662352 0.091183 0.025148 0.045455
0 0.618343 0.175246 0.028846 0.050383
0 0.484283 0.185926 0.032175 0.056407
0 0.447670 0.236583 0.038831 0.066813
0 0.016087 0.254107 0.017382 0.029573
0 0.006472 0.213582 0.012204 0.026287
0 0.192493 0.109803 0.012204 0.022453
0 0.203402 0.212486 0.019231 0.035049
0 0.230214 0.080230 0.015902 0.023549
0 0.222263 0.860350 0.073225 0.109529
0 0.153476 0.656627 0.068787 0.092004
0 0.610577 0.239321 0.033284 0.052574
0 0.033839 0.274918 0.017382 0.030668
0 0.003698 0.260953 0.006657 0.023549
0 0.281620 0.034228 0.012204 0.021358
0 0.276257 0.024918 0.009615 0.016977
0 0.271820 0.010405 0.009615 0.019715
0 0.291050 0.013143 0.014053 0.019715
0 0.297152 0.006298 0.010725 0.011501
0 0.316013 0.011227 0.012944 0.021358
