0 0.054375 0.186667 0.015250 0.050370
0 0.365750 0.151852 0.012000 0.042963
0 0.456625 0.311111 0.028750 0.099259
0 0.833250 0.627407 0.057500 0.182222
0 0.404000 0.286296 0.022000 0.085185
0 0.308375 0.113333 0.011250 0.044444
0 0.435500 0.080741 0.012500 0.044444
0 0.333875 0.111852 0.012750 0.048889
0 0.931500 0.129259 0.022500 0.076296
0 0.493125 0.085185 0.008750 0.034074
0 0.842375 0.200370 0.024250 0.074815
0 0.470250 0.128889 0.012500 0.044444
0 0.394375 0.124815 0.011250 0.045185
0 0.608250 0.140370 0.017000 0.064444
0 0.771125 0.183704 0.016750 0.068148
0 0.423875 0.077037 0.011250 0.041481
0 0.684250 0.071481 0.011000 0.042222
0 0.990750 0.150370 0.018500 0.074074
0 0.966000 0.213333 0.025500 0.077037
0 0.114125 0.257778 0.021750 0.087407
0 0.281000 0.663333 0.050000 0.125185
0 0.195125 0.346667 0.028250 0.091852
0 0.214000 0.640000 0.036500 0.137778
0 0.647625 0.008148 0.005750 0.014815
0 0.398625 0.079630 0.010250 0.036296
0 0.096375 0.571852 0.045750 0.173333
0 0.064500 0.415556 0.041000 0.090370
0 0.362375 0.062593 0.010750 0.030370
0 0.356375 0.022593 0.006750 0.021481
0 0.386500 0.042963 0.009000 0.028148
0 0.396875 0.007037 0.004750 0.012593
0 0.400875 0.180741 0.016750 0.056296
0 0.424375 0.014444 0.005250 0.014074
0 0.437375 0.006296 0.005250 0.011111
0 0.438500 0.032593 0.007000 0.025185
0 0.454125 0.051852 0.007750 0.032593
0 0.469875 0.031481 0.006250 0.025926
0 0.486625 0.016296 0.006750 0.022222
0 0.492000 0.044074 0.008000 0.034815
0 0.505500 0.035926 0.007500 0.020000
0 0.491000 0.005556 0.004000 0.009630
0 0.502500 0.004444 0.004000 0.007407
0 0.566625 0.020370 0.008250 0.030370
0 0.598875 0.009259 0.007750 0.017037
0 0.594625 0.054444 0.008750 0.034815
0 0.780500 0.135185 0.017500 0.061481
0 0.980500 0.198519 0.016000 0.072593
