0 0.604845 0.194688 0.031435 0.061884
0 0.182507 0.208927 0.026257 0.041073
0 0.687500 0.258488 0.036243 0.072289
0 0.563055 0.361993 0.049186 0.093100
0 0.646080 0.158543 0.027367 0.048740
0 0.673262 0.128149 0.026997 0.047097
0 0.484283 0.398412 0.060281 0.101314
0 0.510540 0.225904 0.033654 0.057503
0 0.892751 0.168401 0.023669 0.041073
0 0.593380 0.104053 0.026997 0.046002
0 0.308432 0.109529 0.017012 0.031763
0 0.554179 0.106243 0.026257 0.046002
0 0.650888 0.100493 0.024408 0.044359
0 0.192123 0.122125 0.020340 0.030668
0 0.224667 0.090361 0.018121 0.031763
0 0.599297 0.158817 0.028476 0.031763
0 0.302700 0.012596 0.012204 0.020811
0 0.122966 0.183735 0.021080 0.033406
0 0.280325 0.020537 0.013314 0.021358
0 0.272189 0.036418 0.010355 0.018072
0 0.355769 0.006846 0.011834 0.012596
0 0.319896 0.012870 0.010355 0.015882
0 0.705251 0.081599 0.020710 0.037240
0 0.026627 0.267525 0.019231 0.037788
0 0.010540 0.233571 0.017382 0.031216
0 0.153846 0.143757 0.014793 0.025739
0 0.252774 0.059419 0.012944 0.023549
