0 0.209135 0.258039 0.023299 0.040193
0 0.411982 0.430600 0.041420 0.069132
0 0.287352 0.109861 0.020710 0.038585
0 0.075074 0.387460 0.023669 0.040729
0 0.241309 0.284030 0.026257 0.046088
0 0.431028 0.281886 0.034393 0.072883
0 0.434911 0.064845 0.019231 0.032154
0 0.378328 0.050107 0.016272 0.032690
0 0.466161 0.032958 0.015902 0.028403
0 0.448780 0.007771 0.015163 0.014469
0 0.400148 0.007771 0.011834 0.014469
0 0.397004 0.039925 0.014423 0.027331
0 0.342271 0.009378 0.009985 0.015541
0 0.468380 0.015005 0.015163 0.020364
0 0.015533 0.284030 0.021450 0.035370
0 0.698780 0.135316 0.029956 0.041265
0 0.133876 0.404877 0.044379 0.071275
0 0.006657 0.538049 0.012574 0.049303
0 0.004993 0.245445 0.009246 0.027867
0 0.129068 0.189711 0.015533 0.022508
0 0.154771 0.160504 0.009246 0.017685
0 0.169933 0.146838 0.015163 0.018221
0 0.196376 0.122454 0.011834 0.017685
0 0.273114 0.040997 0.012204 0.018757
0 0.296783 0.027331 0.011464 0.022508
0 0.317123 0.023848 0.012944 0.018757
0 0.309911 0.020364 0.008136 0.017149
0 0.293269 0.008842 0.009615 0.012326
0 0.326183 0.004555 0.008136 0.008039
0 0.944896 0.287781 0.019231 0.035370
0 0.904401 0.227492 0.014423 0.027331
