0 0.770340 0.296892 0.038462 0.060021
0 0.816013 0.357985 0.035133 0.061093
0 0.637944 0.393355 0.042899 0.079314
0 0.564349 0.303323 0.051775 0.073955
0 0.516272 0.374062 0.049556 0.088960
0 0.355399 0.336281 0.051036 0.060557
0 0.954142 0.270096 0.021450 0.036442
0 0.857618 0.211683 0.024408 0.042872
0 0.478920 0.312433 0.039201 0.069668
0 0.603180 0.196409 0.029586 0.049839
0 0.373151 0.407020 0.053254 0.085209
0 0.527182 0.194802 0.028476 0.048767
0 0.282729 0.403805 0.055104 0.078778
0 0.921228 0.231243 0.023669 0.038049
0 0.301960 0.319132 0.044009 0.058414
0 0.733173 0.101822 0.019601 0.037513
0 0.574889 0.152197 0.032175 0.050375
0 0.795488 0.546892 0.053994 0.087353
0 0.765533 0.083869 0.019231 0.032690
0 0.679919 0.178189 0.032175 0.051983
0 0.608543 0.101822 0.025518 0.041801
0 0.482249 0.200161 0.032544 0.057342
0 0.452293 0.217310 0.039941 0.063773
0 0.437870 0.588156 0.071006 0.101286
0 0.382951 0.217578 0.031435 0.060021
0 0.680288 0.071275 0.018861 0.031083
0 0.840791 0.142015 0.025518 0.038585
0 0.201183 0.189979 0.025888 0.036977
0 0.987981 0.264737 0.021820 0.035370
0 0.791050 0.221865 0.031805 0.048232
0 0.656990 0.250268 0.035133 0.053591
0 0.017382 0.302519 0.019231 0.034834
0 0.664941 0.053055 0.017751 0.031083
0 0.653846 0.019293 0.011834 0.018221
0 0.084320 0.238478 0.011095 0.020364
0 0.649778 0.153269 0.025888 0.050375
0 0.283469 0.023044 0.009985 0.015005
0 0.522189 0.533762 0.053254 0.090032
0 0.007951 0.260182 0.012204 0.021972
0 0.004068 0.278135 0.007396 0.026795
0 0.186021 0.596731 0.065089 0.106645
0 0.668639 0.015005 0.011095 0.019293
0 0.315274 0.018221 0.009985 0.016077
0 0.231324 0.097535 0.015163 0.023580
0 0.301775 0.027599 0.010355 0.016613
0 0.560096 0.263666 0.041050 0.030011
0 0.205251 0.114148 0.013314 0.018221
0 0.306213 0.008574 0.008136 0.016077
0 0.280141 0.006163 0.009246 0.011254
0 0.291050 0.005627 0.008876 0.010182
0 0.283284 0.887460 0.089497 0.112540
0 0.652737 0.334673 0.039201 0.065916
0 0.692493 0.013934 0.009985 0.017149
0 0.713572 0.116827 0.015902 0.039657
0 0.759800 0.031350 0.009246 0.019829
0 0.887574 0.197481 0.020710 0.026259
0 0.615200 0.014202 0.015163 0.027331
0 0.376109 0.010450 0.008876 0.019829
0 0.065274 0.390139 0.025518 0.031083
0 0.022744 0.262594 0.009246 0.019293
0 0.003698 0.215970 0.006657 0.018221
0 0.177330 0.144695 0.014423 0.020364
0 0.272189 0.060557 0.011834 0.020364
0 0.286797 0.043408 0.010725 0.022508
0 0.269601 0.036442 0.010355 0.018221
0 0.296967 0.015809 0.011095 0.013398
0 0.322115 0.009378 0.009615 0.016613
0 0.332101 0.023044 0.008876 0.016077
0 0.341161 0.011522 0.009246 0.016613
0 0.266457 0.004555 0.006287 0.008039
0 0.355214 0.006967 0.010725 0.012862
