0 0.568047 0.161308 0.031805 0.051447
0 0.206916 0.558682 0.063240 0.091640
0 0.495932 0.334941 0.044379 0.066452
0 0.660688 0.170686 0.032175 0.058414
0 0.008136 0.299571 0.015533 0.034298
0 0.493713 0.200161 0.030325 0.061629
0 0.599112 0.271168 0.045858 0.078242
0 0.336169 0.008574 0.011095 0.016077
0 0.215422 0.104770 0.009246 0.014469
0 0.859837 0.523044 0.051036 0.072883
0 0.326923 0.010182 0.008876 0.012862
0 0.278846 0.018489 0.010355 0.016613
0 0.657175 0.125938 0.024408 0.041801
0 0.766272 0.172294 0.028846 0.053055
0 0.089867 0.236334 0.016272 0.024652
0 0.135170 0.182476 0.012944 0.021972
0 0.240200 0.083065 0.009246 0.013934
0 0.276997 0.056002 0.014793 0.026259
0 0.267197 0.039925 0.007027 0.016613
0 0.280510 0.039389 0.008506 0.014469
0 0.289941 0.035638 0.009615 0.018757
0 0.301960 0.030011 0.014423 0.021436
0 0.268121 0.008842 0.008876 0.013398
0 0.301036 0.011254 0.008876 0.012862
0 0.313240 0.015273 0.009615 0.016613
0 0.301960 0.002680 0.009246 0.004287
0 0.317123 0.003483 0.009246 0.005895
0 0.343010 0.005091 0.007766 0.009110
0 0.364460 0.013130 0.011464 0.017685
