0 0.439534 0.312931 0.042530 0.072602
0 0.127774 0.525702 0.054364 0.075252
0 0.331176 0.420509 0.052145 0.085321
0 0.519046 0.402491 0.039571 0.073662
0 0.644970 0.279014 0.039941 0.066243
0 0.536428 0.196343 0.030695 0.053524
0 0.820081 0.345522 0.037352 0.055114
0 0.534578 0.262851 0.046967 0.074192
0 0.794933 0.300212 0.032175 0.054584
0 0.572670 0.145999 0.026257 0.047165
0 0.727626 0.147324 0.026257 0.049815
0 0.085984 0.776630 0.052145 0.075782
0 0.025703 0.373609 0.029956 0.040276
0 0.036428 0.575252 0.058802 0.077901
0 0.646820 0.139905 0.025888 0.042395
0 0.200814 0.517223 0.072485 0.101749
0 0.138683 0.332803 0.025148 0.039216
0 0.656065 0.209592 0.028846 0.048225
0 0.420673 0.090885 0.018121 0.032326
0 0.841161 0.457870 0.049926 0.065713
0 0.759061 0.068362 0.013683 0.023317
0 0.198780 0.134605 0.015163 0.023317
0 0.341901 0.025437 0.009985 0.016958
0 0.289756 0.059618 0.012204 0.020668
0 0.103180 0.238474 0.019231 0.030737
0 0.741124 0.055114 0.012574 0.024377
0 0.240754 0.100159 0.014053 0.022258
0 0.333580 0.319290 0.039201 0.065183
0 0.274223 0.066243 0.012944 0.021198
0 0.006657 0.337308 0.012574 0.033386
0 0.292714 0.011394 0.008506 0.014308
0 0.237981 0.374404 0.062500 0.094860
0 0.299556 0.038686 0.012574 0.019078
0 0.348558 0.006889 0.010725 0.012719
0 0.642936 0.116322 0.023299 0.034446
0 0.275148 0.006624 0.008136 0.012189
0 0.390163 0.009009 0.010355 0.015898
0 0.321376 0.014308 0.008876 0.014838
0 0.004068 0.254637 0.007396 0.028087
0 0.311760 0.009804 0.008136 0.011129
0 0.337463 0.005564 0.009985 0.010069
0 0.007212 0.283784 0.013683 0.028087
0 0.319157 0.041600 0.008876 0.016428
0 0.243158 0.864865 0.096524 0.121887
0 0.166050 0.393217 0.053994 0.069952
0 0.423447 0.562268 0.085059 0.097509
0 0.869268 0.252782 0.030695 0.042395
0 0.975222 0.737679 0.049556 0.103869
0 0.500185 0.007419 0.009246 0.012719
0 0.029031 0.295972 0.011464 0.023847
0 0.019786 0.263381 0.012204 0.026497
0 0.158839 0.172761 0.018121 0.022258
0 0.220044 0.122417 0.014053 0.022258
0 0.282175 0.040806 0.009615 0.018018
0 0.291235 0.040541 0.006287 0.015368
0 0.284763 0.024907 0.009615 0.018018
0 0.262389 0.027292 0.009985 0.021728
0 0.265717 0.013514 0.007027 0.010069
0 0.292530 0.002120 0.008136 0.003180
0 0.305104 0.005299 0.005178 0.005299
0 0.303254 0.019343 0.009615 0.016428
0 0.314719 0.024377 0.010355 0.013778
0 0.320636 0.003710 0.008136 0.006359
0 0.355214 0.020668 0.012204 0.018018
