0 0.106000 0.331515 0.023000 0.072727
0 0.148875 0.125455 0.016750 0.046061
0 0.163000 0.185758 0.019000 0.051515
0 0.509250 0.238485 0.029000 0.080606
0 0.231125 0.161818 0.021750 0.064242
0 0.277875 0.165758 0.017250 0.049091
0 0.527250 0.071212 0.018500 0.051515
0 0.033000 0.284545 0.026000 0.080606
0 0.198375 0.168485 0.019750 0.052121
0 0.269000 0.122121 0.020500 0.044242
0 0.549250 0.038788 0.020000 0.055758
0 0.550625 0.336061 0.039750 0.118182
0 0.183125 0.132121 0.016750 0.047273
0 0.368875 0.057879 0.013750 0.044242
0 0.306625 0.141212 0.014750 0.041212
0 0.313500 0.078485 0.016000 0.046667
0 0.984250 0.335758 0.025000 0.087273
0 0.201500 0.068485 0.012000 0.035152
0 0.166625 0.059091 0.010750 0.029697
0 0.389000 0.020000 0.012000 0.035152
0 0.948750 0.563636 0.042000 0.084848
0 0.197625 0.247273 0.021750 0.054545
0 0.351875 0.019091 0.013750 0.032121
0 0.958875 0.458788 0.024250 0.072727
0 0.233000 0.072424 0.013500 0.038182
0 0.219250 0.068485 0.013500 0.029091
0 0.245500 0.118182 0.015500 0.048485
0 0.252625 0.073030 0.015750 0.039394
0 0.003625 0.255758 0.006750 0.060606
0 0.366375 0.007576 0.009750 0.013939
0 0.135250 0.226364 0.023500 0.074545
0 0.115875 0.189394 0.018250 0.052727
0 0.802750 0.254545 0.024500 0.069091
0 0.208375 0.141818 0.016750 0.042424
0 0.306500 0.008485 0.010500 0.013333
0 0.048875 0.227879 0.018250 0.053333
0 0.076000 0.216061 0.024500 0.061212
0 0.122125 0.237273 0.010750 0.060000
0 0.221000 0.105758 0.016000 0.040606
0 0.208875 0.103333 0.010750 0.035758
0 0.174750 0.049091 0.007500 0.020606
0 0.178000 0.038485 0.007500 0.021212
0 0.190500 0.040000 0.008500 0.023030
0 0.213750 0.035758 0.007500 0.023030
0 0.211750 0.013030 0.006500 0.016364
0 0.244125 0.012121 0.008250 0.020606
0 0.250875 0.037576 0.010250 0.024242
0 0.242250 0.051818 0.009000 0.026061
0 0.274250 0.059697 0.014000 0.036970
0 0.271625 0.026061 0.011250 0.024242
0 0.265375 0.009394 0.005250 0.017576
0 0.296125 0.032121 0.013750 0.014545
0 0.296125 0.054545 0.011750 0.041212
0 0.301250 0.066667 0.009000 0.037576
0 0.339500 0.056061 0.017000 0.038182
0 0.328625 0.043333 0.009250 0.030909
0 0.316500 0.012727 0.007000 0.024242
0 0.324375 0.013636 0.008750 0.026061
0 0.340875 0.008788 0.007750 0.016364
0 0.333375 0.007576 0.005250 0.013939
0 0.367750 0.162727 0.013000 0.030909
0 0.732375 0.006667 0.010750 0.012121
0 0.687375 0.027576 0.015250 0.044242
