0 0.449591 0.352083 0.026414 0.037500
0 0.718750 0.400000 0.031994 0.034259
0 0.556734 0.346065 0.029390 0.033796
0 0.744234 0.444213 0.032366 0.043981
0 0.521577 0.421528 0.036458 0.043056
0 0.912016 0.537731 0.034598 0.041204
0 0.518601 0.364815 0.026786 0.038889
0 0.539249 0.384954 0.035342 0.042130
0 0.351376 0.335648 0.024182 0.035185
0 0.401972 0.400694 0.049479 0.051389
0 0.478423 0.415741 0.029018 0.039815
0 0.670945 0.383102 0.030134 0.041204
0 0.952381 0.495370 0.020833 0.030556
0 0.578869 0.418750 0.034226 0.048611
0 0.380952 0.450926 0.039435 0.062037
0 0.459077 0.454167 0.034226 0.053704
0 0.776228 0.551620 0.040551 0.048611
0 0.321429 0.371528 0.037202 0.045833
0 0.924293 0.491435 0.030878 0.048611
0 0.700335 0.506250 0.036830 0.053241
0 0.686570 0.446296 0.037574 0.047222
0 0.484561 0.325000 0.036086 0.046296
0 0.879836 0.406019 0.020089 0.029630
0 0.359561 0.368056 0.037574 0.040741
0 0.980097 0.543519 0.036086 0.059259
0 0.414062 0.358102 0.029018 0.035648
0 0.797247 0.451620 0.031250 0.040278
0 0.816778 0.537963 0.042039 0.057407
0 0.892485 0.470370 0.025298 0.031481
0 0.865327 0.422917 0.024554 0.032870
0 0.768973 0.452083 0.024554 0.034722
0 0.848028 0.465509 0.026414 0.038426
0 0.762463 0.523148 0.029390 0.037963
0 0.063988 0.257407 0.018601 0.025000
0 0.832961 0.356713 0.015625 0.022685
0 0.085193 0.208102 0.011905 0.020833
0 0.918527 0.451852 0.024554 0.030556
0 0.848586 0.370602 0.013393 0.023611
0 0.909784 0.426389 0.023438 0.027778
0 0.538318 0.507870 0.040179 0.049074
0 0.048735 0.238194 0.016369 0.022685
0 0.820871 0.349537 0.013765 0.021296
0 0.050781 0.215278 0.013021 0.020370
0 0.792783 0.342361 0.011161 0.017130
0 0.963542 0.369444 0.012649 0.017593
0 0.021205 0.230324 0.014881 0.019907
0 0.122396 0.203704 0.011161 0.014815
0 0.780134 0.333333 0.013393 0.017593
0 0.828497 0.426389 0.028274 0.037963
0 0.753162 0.406019 0.023438 0.031481
0 0.711124 0.382639 0.019717 0.020833
0 0.800967 0.399537 0.026786 0.036111
0 0.996094 0.404167 0.007812 0.022222
0 0.674665 0.359259 0.024182 0.019444
0 0.009487 0.243056 0.017485 0.025000
0 0.891183 0.505787 0.024182 0.042130
0 0.954055 0.348611 0.007068 0.012963
0 0.713356 0.384259 0.024926 0.022222
0 0.029948 0.246296 0.014509 0.017593
0 0.988839 0.419213 0.016369 0.019907
0 0.979725 0.375694 0.010789 0.012500
0 0.303571 0.220833 0.014137 0.016667
0 0.296503 0.396759 0.033482 0.043519
0 0.481957 0.919213 0.106027 0.161574
0 0.171503 0.457639 0.041667 0.065278
0 0.075521 0.238194 0.007440 0.017130
0 0.066406 0.230093 0.013021 0.016667
0 0.048363 0.199769 0.011905 0.010648
0 0.132626 0.215046 0.010789 0.017130
0 0.121652 0.216667 0.010417 0.012037
0 0.156250 0.213657 0.012649 0.013426
0 0.182292 0.217130 0.014137 0.017593
0 0.085938 0.240278 0.013393 0.017593
0 0.190290 0.318056 0.030134 0.039815
0 0.419457 0.334259 0.020461 0.015741
0 0.564732 0.381944 0.025298 0.034259
0 0.604725 0.364352 0.021205 0.021296
0 0.603237 0.393056 0.018973 0.031481
0 0.617932 0.420602 0.037202 0.035648
0 0.558594 0.489120 0.037574 0.042130
0 0.624442 0.500694 0.034598 0.057870
0 0.654948 0.504398 0.040551 0.065278
0 0.815290 0.503009 0.032366 0.024537
0 0.793341 0.383102 0.019717 0.020833
0 0.938616 0.435417 0.013393 0.018056
0 0.956659 0.431944 0.026414 0.028704
0 0.971540 0.482176 0.021949 0.032870
0 0.991629 0.454398 0.016741 0.021759
0 0.988281 0.439815 0.016741 0.016667
0 0.960007 0.334722 0.004836 0.007407
0 0.994606 0.379167 0.007812 0.012037
