0 0.102500 0.320000 0.019500 0.066667
0 0.238875 0.290370 0.028250 0.091852
0 0.504125 0.355926 0.027750 0.076296
0 0.734625 0.480000 0.033750 0.125926
0 0.300500 0.292963 0.023000 0.111852
0 0.197250 0.251481 0.021000 0.073333
0 0.822500 0.322963 0.024000 0.081481
0 0.366000 0.257778 0.027000 0.097778
0 0.060500 0.147037 0.017500 0.057037
0 0.570000 0.322963 0.028500 0.097778
0 0.352625 0.358148 0.027750 0.095556
0 0.170625 0.278148 0.025750 0.083704
0 0.119625 0.454815 0.029750 0.111111
0 0.839375 0.052963 0.013750 0.049630
0 0.410125 0.254444 0.028250 0.094074
0 0.731250 0.134074 0.021500 0.068148
0 0.547875 0.013704 0.007750 0.021481
0 0.360500 0.151852 0.011500 0.053333
0 0.400375 0.134074 0.015750 0.060741
0 0.876125 0.283333 0.033750 0.105926
0 0.224250 0.391111 0.027000 0.103704
0 0.500000 0.185926 0.017000 0.063704
0 0.179375 0.110000 0.013250 0.042222
0 0.655000 0.052963 0.010000 0.033333
0 0.908250 0.160741 0.024000 0.085926
0 0.618375 0.433704 0.032750 0.116296
0 0.395000 0.459259 0.037500 0.103704
0 0.845625 0.387037 0.044750 0.147407
0 0.242750 0.667407 0.046500 0.125926
0 0.378125 0.041111 0.006250 0.024444
0 0.273375 0.421481 0.039250 0.155556
0 0.197875 0.455556 0.030250 0.112593
0 0.427500 0.686296 0.040500 0.074815
0 0.018500 0.041111 0.013500 0.042222
0 0.395625 0.481481 0.032750 0.139259
0 0.062000 0.632963 0.062000 0.180000
0 0.169750 0.655556 0.042000 0.128889
0 0.084250 0.415926 0.033500 0.126667
0 0.307375 0.101481 0.009750 0.041481
0 0.852375 0.190370 0.021750 0.082963
0 0.703375 0.129630 0.018750 0.053333
0 0.663000 0.048889 0.007500 0.035556
