0 0.054250 0.204444 0.016000 0.051852
0 0.471000 0.081852 0.010500 0.036296
0 0.402375 0.192963 0.019750 0.077778
0 0.492750 0.104815 0.012000 0.043704
0 0.427375 0.091111 0.012250 0.042963
0 0.789625 0.160370 0.020750 0.070370
0 0.470625 0.123333 0.010250 0.039259
0 0.378000 0.410741 0.032500 0.126667
0 0.197375 0.350741 0.023250 0.083704
0 0.341500 0.088519 0.012500 0.045185
0 0.069250 0.334074 0.032500 0.093333
0 0.334000 0.058889 0.012500 0.042222
0 0.443250 0.066667 0.009500 0.034074
0 0.220625 0.407037 0.037750 0.131111
0 0.129000 0.488519 0.023500 0.073333
0 0.243875 0.282963 0.021750 0.072593
0 0.443250 0.036667 0.008000 0.027407
0 0.841875 0.660370 0.070250 0.131111
0 0.123625 0.345185 0.030750 0.128889
0 0.230750 0.168889 0.016000 0.048889
0 0.282125 0.063333 0.008250 0.031852
0 0.407125 0.105556 0.008750 0.031852
0 0.406000 0.053704 0.007000 0.028889
0 0.398500 0.003704 0.004500 0.005926
0 0.413125 0.024074 0.004750 0.015556
0 0.428625 0.014444 0.006750 0.020000
0 0.456625 0.050370 0.008250 0.029630
0 0.472875 0.017407 0.005250 0.021481
0 0.478750 0.018519 0.005000 0.020741
0 0.493625 0.004815 0.003250 0.008148
0 0.483750 0.005185 0.004500 0.008889
