0 0.570451 0.104600 0.024038 0.039430
0 0.649963 0.097207 0.021080 0.036692
0 0.436391 0.114184 0.021450 0.035597
0 0.462278 0.069277 0.017751 0.033406
0 0.416420 0.084885 0.018491 0.030668
0 0.590791 0.089266 0.018861 0.033954
0 0.156435 0.329409 0.019970 0.035597
0 0.580621 0.034502 0.016272 0.026287
0 0.238166 0.230285 0.024408 0.030120
0 0.524778 0.069003 0.019231 0.029573
0 0.346709 0.112541 0.015902 0.027930
0 0.487611 0.105148 0.023299 0.037240
0 0.479290 0.042990 0.018491 0.026835
0 0.547892 0.033680 0.014423 0.027930
0 0.060281 0.372673 0.034763 0.057503
0 0.272559 0.185926 0.018491 0.034502
0 0.768676 0.031763 0.011464 0.019715
0 0.459504 0.032311 0.015902 0.024096
0 0.551590 0.072837 0.017382 0.029573
0 0.756842 0.189485 0.023299 0.041621
0 0.516087 0.019441 0.015902 0.029025
0 0.007766 0.363636 0.014793 0.036145
0 0.944896 0.966046 0.059911 0.065717
0 0.419749 0.069003 0.015533 0.023001
0 0.501294 0.007667 0.013683 0.014239
0 0.465422 0.013691 0.011464 0.017525
0 0.524778 0.018072 0.011095 0.026287
0 0.005917 0.621577 0.011095 0.053669
0 0.465237 0.005203 0.012574 0.009310
0 0.453957 0.007667 0.009985 0.014239
0 0.491679 0.015882 0.007766 0.019715
0 0.663462 0.095016 0.010355 0.035597
0 0.735392 0.159091 0.019601 0.035597
