0 0.250185 0.241512 0.026257 0.043812
0 0.319896 0.136911 0.027367 0.038335
0 0.276997 0.170591 0.030325 0.044359
0 0.150888 0.428806 0.041420 0.058050
0 0.364645 0.174973 0.021450 0.038883
0 0.292714 0.249726 0.033654 0.048193
0 0.367049 0.096933 0.021080 0.033954
0 0.434357 0.099124 0.018121 0.031763
0 0.544564 0.093373 0.020340 0.035597
0 0.497596 0.086802 0.018861 0.033406
0 0.594490 0.093373 0.019601 0.036692
0 0.415311 0.113910 0.019970 0.030668
0 0.530325 0.069277 0.019231 0.033406
0 0.674926 0.118018 0.019970 0.045455
0 0.060096 0.285597 0.021820 0.032311
0 0.658099 0.090909 0.021820 0.037240
0 0.417160 0.168949 0.022189 0.038883
0 0.236871 0.138828 0.016642 0.029025
0 0.402922 0.080504 0.017382 0.029573
0 0.382766 0.091183 0.017012 0.029025
0 0.621117 0.118565 0.026997 0.044359
0 0.660688 0.145400 0.024038 0.041073
0 0.438609 0.073658 0.019970 0.029025
0 0.482803 0.047919 0.017382 0.034502
0 0.557138 0.126780 0.021820 0.037788
0 0.033099 0.326670 0.015902 0.027930
0 0.033839 0.296550 0.019601 0.023549
0 0.575259 0.082147 0.020340 0.032859
0 0.472448 0.087349 0.020340 0.031216
0 0.545673 0.044085 0.017382 0.031216
0 0.637204 0.074754 0.019231 0.032311
0 0.019786 0.223987 0.012944 0.023001
0 0.318232 0.064896 0.013683 0.023549
0 0.071561 0.368839 0.016642 0.029025
0 0.355030 0.037514 0.012574 0.020263
0 0.024778 0.352410 0.021450 0.030120
0 0.036982 0.262870 0.014793 0.026287
0 0.017012 0.251095 0.013314 0.023549
0 0.341716 0.023823 0.011095 0.020263
0 0.369453 0.012596 0.011095 0.019715
0 0.307692 0.033954 0.013314 0.023001
0 0.004623 0.279573 0.008506 0.030120
0 0.051036 0.263965 0.011834 0.019715
0 0.718935 0.162103 0.017751 0.037240
0 0.032544 0.214129 0.009615 0.018620
0 0.813240 0.194962 0.029586 0.047097
0 0.394970 0.003286 0.008876 0.005476
0 0.360577 0.024370 0.008136 0.014786
0 0.106879 0.297371 0.029586 0.056955
0 0.197300 0.162924 0.018121 0.022453
0 0.042160 0.222344 0.015533 0.025192
0 0.044194 0.211939 0.010725 0.015334
0 0.155695 0.199069 0.014053 0.016977
0 0.277552 0.088719 0.009246 0.014239
0 0.288277 0.082968 0.009246 0.010405
0 0.427145 0.004381 0.008136 0.007667
0 0.370562 0.148412 0.019970 0.024096
0 0.947485 0.248905 0.017012 0.031216
0 0.788646 0.046276 0.007766 0.014786
0 0.990939 0.316265 0.013683 0.030120
0 0.982803 0.257667 0.007766 0.021358
