0 0.932000 0.621481 0.057500 0.168889
0 0.393500 0.198148 0.019000 0.071852
0 0.296625 0.211481 0.015750 0.054074
0 0.321250 0.129630 0.013500 0.048889
0 0.397375 0.127407 0.012250 0.045926
0 0.465000 0.136667 0.013000 0.045185
0 0.386500 0.284815 0.025000 0.082222
0 0.356875 0.160741 0.013250 0.050370
0 0.515250 0.226296 0.020000 0.079259
0 0.911500 0.360741 0.032000 0.112593
0 0.453000 0.054444 0.010500 0.039259
0 0.975500 0.146296 0.024000 0.088148
0 0.247875 0.191852 0.015250 0.050370
0 0.310875 0.075926 0.012750 0.048148
0 0.483875 0.063704 0.010750 0.040000
0 0.423375 0.090000 0.009250 0.040741
0 0.744625 0.105185 0.014750 0.051852
0 0.643000 0.208148 0.020500 0.081481
0 0.441375 0.107407 0.012250 0.045926
0 0.244750 0.110741 0.012500 0.040741
0 0.388375 0.034444 0.009750 0.033333
0 0.956375 0.108889 0.022750 0.065185
0 0.591250 0.031481 0.008000 0.030370
0 0.703125 0.266667 0.027250 0.100741
0 0.367500 0.072593 0.010000 0.035556
0 0.263625 0.367407 0.027750 0.094815
0 0.362125 0.016667 0.009750 0.027407
0 0.495125 0.019259 0.006750 0.026667
0 0.390625 0.460000 0.026750 0.117037
0 0.471625 0.018889 0.008250 0.027407
0 0.152500 0.302963 0.020500 0.051852
0 0.478750 0.007778 0.006500 0.014074
0 0.214875 0.286296 0.027750 0.095556
0 0.178875 0.328889 0.022250 0.072593
0 0.178750 0.105556 0.011500 0.042222
0 0.380375 0.039630 0.006750 0.022963
0 0.389625 0.008519 0.004750 0.015556
0 0.402500 0.007037 0.006000 0.012593
0 0.409250 0.048889 0.007500 0.026667
0 0.397500 0.094444 0.007000 0.020000
0 0.528250 0.005185 0.003500 0.008889
0 0.545625 0.018519 0.008250 0.025185
0 0.563750 0.043333 0.008500 0.030370
0 0.569250 0.026296 0.006500 0.022963
