0 0.352996 0.422830 0.033654 0.057878
0 0.545118 0.267417 0.042899 0.069668
0 0.291235 0.450965 0.049186 0.063773
0 0.573964 0.199625 0.032544 0.054126
0 0.445636 0.296088 0.040680 0.070204
0 0.417714 0.704448 0.044009 0.078778
0 0.629993 0.226420 0.037352 0.056270
0 0.283839 0.257235 0.031435 0.055734
0 0.411797 0.243033 0.035133 0.053055
0 0.566938 0.153805 0.026627 0.043944
0 0.625185 0.155681 0.023299 0.044480
0 0.678439 0.225884 0.027737 0.047696
0 0.711908 0.143355 0.023669 0.041265
0 0.088942 0.327706 0.022559 0.036977
0 0.518491 0.399518 0.040680 0.078778
0 0.143121 0.316720 0.022929 0.033226
0 0.201738 0.129957 0.018121 0.029475
0 0.031620 0.295820 0.019601 0.032154
0 0.216531 0.122186 0.015163 0.025723
0 0.281805 0.034030 0.011834 0.017685
0 0.240754 0.096195 0.014053 0.025188
0 0.297707 0.019293 0.012574 0.018221
0 0.310466 0.043140 0.012944 0.019829
0 0.235207 0.127010 0.014053 0.022508
0 0.758876 0.045552 0.014053 0.022508
0 0.613905 0.144962 0.020710 0.035906
0 0.331176 0.025456 0.012204 0.020900
0 0.006287 0.308146 0.011834 0.027867
0 0.348188 0.006163 0.009985 0.011254
0 0.007396 0.240890 0.014053 0.027331
0 0.319527 0.007235 0.008876 0.013398
0 0.281435 0.053323 0.014053 0.021972
0 0.006657 0.267953 0.012574 0.031083
0 0.339497 0.013130 0.010355 0.015541
0 0.310836 0.010450 0.009985 0.019829
0 0.749630 0.029207 0.011834 0.019829
0 0.661243 0.021972 0.008136 0.012862
0 0.677145 0.013398 0.008876 0.017149
0 0.685096 0.009646 0.007766 0.018221
0 0.266642 0.026259 0.008876 0.015005
0 0.262759 0.012058 0.006287 0.012326
0 0.275333 0.012862 0.012204 0.018221
0 0.282359 0.006967 0.007027 0.011790
0 0.291975 0.010718 0.007766 0.010718
0 0.302145 0.011522 0.008136 0.011254
0 0.295303 0.003215 0.008506 0.005359
