0 0.345969 0.406353 0.041790 0.079956
0 0.787352 0.119934 0.019970 0.037240
0 0.290126 0.348302 0.049186 0.072289
0 0.571376 0.289978 0.040680 0.068456
0 0.620562 0.168675 0.027367 0.049288
0 0.764053 0.145400 0.021450 0.047645
0 0.569896 0.127327 0.030325 0.046550
0 0.663277 0.076944 0.026997 0.054217
0 0.596893 0.119934 0.024408 0.041621
0 0.222633 0.730011 0.065828 0.111720
0 0.491124 0.185104 0.028846 0.060241
0 0.560281 0.503012 0.055473 0.094743
0 0.004808 0.296824 0.008876 0.031763
0 0.184911 0.552300 0.055473 0.099124
0 0.012944 0.255750 0.017751 0.027382
0 0.191753 0.111446 0.013683 0.023549
0 0.280510 0.033133 0.012204 0.021358
0 0.474667 0.270811 0.044749 0.066265
0 0.230214 0.075301 0.015902 0.025739
0 0.294379 0.014786 0.011834 0.018620
0 0.386649 0.005476 0.011464 0.009858
0 0.653476 0.155531 0.024408 0.043812
0 0.622781 0.256024 0.040680 0.052026
0 0.209504 0.204819 0.021080 0.032859
0 0.032359 0.274918 0.016642 0.033954
0 0.011464 0.221522 0.014053 0.027930
0 0.002404 0.211391 0.004068 0.015334
0 0.154771 0.141019 0.010725 0.015882
0 0.310836 0.009858 0.010725 0.018620
0 0.271265 0.010405 0.012204 0.018620
0 0.268306 0.030942 0.004808 0.016977
