0 0.359000 0.193333 0.020000 0.065185
0 0.948625 0.205185 0.024250 0.077037
0 0.325250 0.088148 0.015500 0.042963
0 0.603375 0.188519 0.019250 0.054074
0 0.440000 0.095556 0.010500 0.041481
0 0.420125 0.121481 0.014750 0.054815
0 0.315000 0.196667 0.019000 0.071852
0 0.284750 0.174074 0.015500 0.065185
0 0.472000 0.209259 0.019500 0.074815
0 0.340875 0.177407 0.013250 0.054074
0 0.506125 0.061852 0.009250 0.031852
0 0.684500 0.092222 0.014500 0.043704
0 0.723750 0.092593 0.012500 0.041481
0 0.365875 0.073333 0.008250 0.034074
0 0.486750 0.044074 0.006500 0.033333
0 0.384875 0.041481 0.006750 0.032593
0 0.893500 0.158148 0.025000 0.079259
0 0.217875 0.352963 0.030750 0.110370
0 0.380625 0.094074 0.008750 0.034074
0 0.447125 0.010370 0.006750 0.019259
0 0.128875 0.309630 0.027250 0.094815
0 0.165125 0.321111 0.030250 0.107407
0 0.427875 0.010741 0.006250 0.020000
0 0.239375 0.027407 0.005750 0.016296
0 0.411250 0.034074 0.007000 0.025185
0 0.407875 0.007778 0.006250 0.014074
0 0.439625 0.028148 0.007750 0.028148
0 0.438125 0.007778 0.006250 0.014074
0 0.468875 0.010741 0.005250 0.020000
0 0.459000 0.147778 0.015500 0.055556
0 0.635375 0.190000 0.021250 0.054074
