0 0.680288 0.240142 0.035133 0.059693
0 0.506842 0.230559 0.043269 0.065717
0 0.671783 0.178258 0.036612 0.052026
0 0.548632 0.388828 0.056583 0.085433
0 0.581176 0.182092 0.033654 0.054217
0 0.738536 0.112541 0.023669 0.041073
0 0.680104 0.126780 0.025888 0.045455
0 0.178439 0.132256 0.018861 0.032311
0 0.595414 0.108981 0.028846 0.046002
0 0.566013 0.099124 0.027737 0.047097
0 0.550481 0.312158 0.044009 0.059146
0 0.658284 0.106791 0.025148 0.042716
0 0.918824 0.215772 0.029956 0.048193
0 0.603550 0.164567 0.026627 0.047645
0 0.763499 0.069551 0.017382 0.029573
0 0.780510 0.076123 0.018861 0.031763
0 0.122596 0.187295 0.021080 0.032859
0 0.024778 0.272453 0.019231 0.036692
0 0.220229 0.085706 0.015902 0.029025
0 0.183062 0.207010 0.024408 0.033954
0 0.306953 0.113363 0.015533 0.026287
0 0.274223 0.035597 0.012944 0.021906
0 0.007027 0.242607 0.013314 0.028478
0 0.065274 0.248357 0.018121 0.027930
0 0.006102 0.211117 0.011464 0.024644
0 0.291420 0.016429 0.011834 0.019715
0 0.152367 0.147864 0.017012 0.026287
0 0.252589 0.060241 0.013314 0.024096
0 0.272929 0.016977 0.009615 0.016429
0 0.275703 0.007393 0.011464 0.013691
0 0.266087 0.004381 0.007766 0.007667
0 0.300111 0.012870 0.009246 0.020263
0 0.311206 0.006846 0.009985 0.012596
0 0.319896 0.013965 0.008876 0.015882
