0 0.838170 0.464352 0.034226 0.038889
0 0.903646 0.521991 0.034226 0.040278
0 0.202195 0.350000 0.036086 0.044444
0 0.586868 0.410648 0.036086 0.043519
0 0.501116 0.381713 0.034970 0.040278
0 0.492188 0.444907 0.034226 0.047222
0 0.646391 0.375463 0.027158 0.037037
0 0.453869 0.437963 0.032738 0.042593
0 0.494420 0.337500 0.033482 0.042593
0 0.146763 0.462963 0.053943 0.067593
0 0.428385 0.362500 0.030878 0.033333
0 0.418527 0.401389 0.041667 0.045370
0 0.264695 0.399769 0.029390 0.040278
0 0.352679 0.339583 0.024554 0.041204
0 0.844680 0.586343 0.042039 0.054167
0 0.953869 0.506250 0.029018 0.039352
0 0.652344 0.538194 0.040551 0.060648
0 0.790737 0.403241 0.028646 0.034259
0 0.533668 0.442361 0.047991 0.066204
0 0.696801 0.433565 0.034226 0.043981
0 0.230097 0.353472 0.023438 0.036574
0 0.312500 0.367824 0.030506 0.042130
0 0.117560 0.297222 0.026042 0.039815
0 0.152902 0.233796 0.011161 0.017593
0 0.989769 0.508102 0.020461 0.036574
0 0.402902 0.465278 0.048363 0.058333
0 0.778274 0.494444 0.035714 0.044444
0 0.955171 0.476852 0.026414 0.037037
0 0.237537 0.206481 0.011533 0.017593
0 0.067522 0.234954 0.011533 0.019907
0 0.292969 0.348380 0.031622 0.047685
0 0.090030 0.220139 0.014881 0.020833
0 0.929501 0.476852 0.023438 0.048148
0 0.663504 0.483102 0.030878 0.048611
0 0.606027 0.356713 0.025298 0.033796
0 0.022135 0.233102 0.013021 0.018056
0 0.010603 0.230324 0.014509 0.019907
0 0.102865 0.218519 0.012277 0.020370
0 0.021391 0.200231 0.009301 0.012500
0 0.627976 0.403704 0.028274 0.046296
0 0.815104 0.438426 0.032738 0.035185
0 0.043713 0.233565 0.019717 0.027315
0 0.918713 0.428009 0.023438 0.025463
0 0.176339 0.224769 0.012649 0.018056
0 0.132068 0.202778 0.009673 0.014815
0 0.114955 0.239352 0.017857 0.022222
0 0.145089 0.219444 0.010417 0.015741
0 0.990513 0.419444 0.017485 0.025000
0 0.603423 0.389815 0.022321 0.027778
0 0.881138 0.455324 0.033110 0.036574
0 0.830915 0.410417 0.021205 0.025463
0 0.552269 0.355556 0.036086 0.046296
0 0.563058 0.373148 0.029390 0.037037
0 0.036644 0.198148 0.010789 0.015741
0 0.069754 0.198843 0.009301 0.012500
0 0.066406 0.212963 0.010045 0.013889
0 0.114955 0.218981 0.005952 0.010185
0 0.126674 0.213426 0.010789 0.015741
0 0.184338 0.268287 0.019717 0.031019
0 0.270089 0.216204 0.008929 0.012963
0 0.278460 0.215741 0.010045 0.013889
0 0.307292 0.217824 0.008929 0.013426
0 0.313058 0.231019 0.012277 0.014815
0 0.379650 0.374074 0.030134 0.034259
0 0.375372 0.357870 0.029018 0.031481
0 0.437314 0.349074 0.025670 0.034259
0 0.382068 0.454167 0.029762 0.051852
0 0.537016 0.402315 0.025670 0.023148
0 0.700335 0.379398 0.023438 0.010648
0 0.700893 0.400694 0.029762 0.026389
0 0.742932 0.420370 0.017113 0.035185
0 0.725818 0.415046 0.021577 0.037500
0 0.738467 0.460417 0.034226 0.051389
0 0.665365 0.441898 0.023438 0.023611
0 0.752046 0.521065 0.037574 0.056944
0 0.786458 0.437500 0.019345 0.034259
0 0.766183 0.441435 0.030134 0.035648
0 0.835938 0.432639 0.014881 0.023611
0 0.855283 0.399074 0.022321 0.016667
0 0.850446 0.411111 0.014137 0.012037
0 0.853609 0.434491 0.025670 0.034722
0 0.883557 0.426389 0.026042 0.022222
0 0.902902 0.420370 0.014137 0.021296
0 0.985119 0.461111 0.022321 0.025926
0 0.994420 0.384491 0.008185 0.013426
0 0.946801 0.346759 0.007440 0.011111
0 0.942708 0.435880 0.013393 0.015278
0 0.962240 0.434491 0.019717 0.017130
0 0.956473 0.449306 0.022321 0.021759
0 0.956101 0.418287 0.018601 0.017130
0 0.926525 0.453472 0.026414 0.024537
