0 0.563616 0.371528 0.030506 0.037500
0 0.464100 0.441204 0.039062 0.037963
0 0.831659 0.468056 0.033854 0.045370
0 0.656622 0.415509 0.032738 0.050463
0 0.700149 0.432639 0.032738 0.039352
0 0.501860 0.339583 0.033482 0.043056
0 0.463170 0.495139 0.041667 0.058796
0 0.647507 0.538889 0.034598 0.050926
0 0.663876 0.488889 0.040551 0.053704
0 0.541295 0.442824 0.048363 0.067130
0 0.440662 0.364815 0.029390 0.040741
0 0.590402 0.427546 0.033482 0.049537
0 0.604539 0.362500 0.024554 0.035185
0 0.933222 0.500694 0.026414 0.034722
0 0.661830 0.373380 0.026042 0.031944
0 0.913876 0.539352 0.030878 0.048148
0 0.788690 0.403935 0.024554 0.032870
0 0.816220 0.442130 0.024554 0.035185
0 0.988281 0.508333 0.023438 0.037037
0 0.047991 0.234028 0.015625 0.020833
0 0.370722 0.377546 0.033854 0.048611
0 0.193266 0.321065 0.029390 0.045833
0 0.329055 0.385880 0.049479 0.058796
0 0.740885 0.395139 0.023438 0.025463
0 0.078683 0.227546 0.013021 0.018056
0 0.858073 0.403704 0.019717 0.022222
0 0.088914 0.243750 0.014881 0.018981
0 0.882999 0.459954 0.026414 0.035648
0 0.795573 0.323843 0.016741 0.023611
0 0.077939 0.205556 0.013021 0.015741
0 0.291481 0.387731 0.030134 0.043981
0 0.005766 0.230324 0.010789 0.021759
0 0.989769 0.576620 0.020461 0.051389
0 0.056734 0.221528 0.014509 0.020833
0 0.986235 0.448148 0.017113 0.020370
0 0.030692 0.216204 0.013021 0.017593
0 0.959449 0.352546 0.009673 0.015278
0 0.985863 0.378241 0.010417 0.012963
0 0.043899 0.213889 0.013393 0.018519
0 0.384673 0.359722 0.027530 0.035185
0 0.102121 0.210417 0.014509 0.020833
0 0.847842 0.584491 0.040179 0.057870
0 0.167039 0.466204 0.048363 0.069444
0 0.741629 0.516667 0.040551 0.060185
0 0.860305 0.434954 0.029390 0.042130
0 0.067894 0.221296 0.010789 0.017593
0 0.104911 0.200231 0.011161 0.009722
0 0.121094 0.239120 0.015997 0.018056
0 0.092448 0.199306 0.008557 0.007870
0 0.053757 0.206481 0.010789 0.012963
0 0.960193 0.420370 0.017113 0.021296
0 0.925037 0.468287 0.026414 0.037500
0 0.997024 0.374074 0.005952 0.016667
0 0.153832 0.227315 0.011533 0.012037
0 0.140253 0.221296 0.011161 0.013889
0 0.133185 0.225926 0.007440 0.009259
0 0.332775 0.327315 0.029390 0.021296
0 0.337798 0.348611 0.031250 0.020370
0 0.416109 0.405324 0.045759 0.046759
0 0.417969 0.373611 0.027158 0.027778
0 0.445499 0.341435 0.028646 0.027315
0 0.505394 0.384028 0.027158 0.041204
0 0.563430 0.346296 0.030134 0.028704
0 0.545201 0.361574 0.010789 0.017593
0 0.596912 0.396296 0.034598 0.025000
0 0.699777 0.381250 0.023065 0.017130
0 0.702381 0.401852 0.029762 0.021296
0 0.729167 0.415046 0.025298 0.037500
0 0.752232 0.465046 0.044643 0.040278
0 0.784970 0.493056 0.026042 0.046296
0 0.788690 0.443519 0.018601 0.039815
0 0.763951 0.435185 0.035342 0.026852
0 0.836868 0.431713 0.021205 0.024537
0 0.832775 0.408102 0.018973 0.021759
0 0.879464 0.426620 0.014881 0.023611
0 0.903088 0.456713 0.018229 0.038426
0 0.913504 0.430324 0.023438 0.030093
0 0.904018 0.421528 0.014881 0.022685
0 0.949963 0.475463 0.018229 0.037037
0 0.956659 0.449074 0.019717 0.028704
0 0.944940 0.437731 0.008185 0.013426
0 0.962612 0.437037 0.015997 0.017593
0 0.994234 0.480324 0.011533 0.019907
0 0.990699 0.465046 0.016369 0.026389
