0 0.466625 0.045926 0.009250 0.035556
0 0.504875 0.141481 0.009750 0.041481
0 0.503000 0.066667 0.009000 0.034074
0 0.593750 0.203704 0.014000 0.050370
0 0.388625 0.244074 0.024750 0.085185
0 0.331375 0.190370 0.014750 0.054815
0 0.409125 0.164444 0.016250 0.057778
0 0.107750 0.202222 0.017500 0.057778
0 0.159250 0.143704 0.013500 0.050370
0 0.350250 0.361481 0.023500 0.081481
0 0.234375 0.150370 0.016250 0.054815
0 0.435000 0.070000 0.008000 0.031852
0 0.467750 0.092222 0.010000 0.036296
0 0.454375 0.147778 0.012250 0.040741
0 0.097625 0.265926 0.017750 0.060741
0 0.071000 0.174444 0.017500 0.065926
0 0.507250 0.029259 0.007500 0.024444
0 0.990750 0.178889 0.018500 0.074815
0 0.499250 0.011852 0.007000 0.019259
0 0.457875 0.092593 0.009750 0.032593
0 0.166125 0.263704 0.023250 0.078519
0 0.534875 0.035185 0.007750 0.027407
0 0.250625 0.204074 0.019750 0.077778
0 0.273375 0.203704 0.019750 0.068148
0 0.347500 0.275556 0.016500 0.057778
0 0.331500 0.280000 0.019000 0.053333
0 0.331125 0.036296 0.006750 0.022222
0 0.342125 0.102963 0.011750 0.040000
0 0.381875 0.107037 0.012750 0.049630
0 0.359500 0.012593 0.006000 0.019259
0 0.347250 0.021852 0.005500 0.018519
0 0.374875 0.093333 0.007750 0.026667
0 0.373875 0.035185 0.006750 0.028889
0 0.389125 0.017407 0.004750 0.020000
0 0.394625 0.022963 0.005250 0.016296
0 0.397625 0.051852 0.007250 0.029630
0 0.403375 0.041111 0.006750 0.020000
0 0.401250 0.005185 0.006000 0.008889
0 0.412250 0.008148 0.003000 0.014815
0 0.416750 0.010741 0.005000 0.018519
0 0.423875 0.011481 0.005750 0.021481
0 0.416375 0.063333 0.010250 0.034815
0 0.430625 0.137407 0.010750 0.037778
0 0.449250 0.024074 0.005000 0.020000
0 0.441125 0.022222 0.007250 0.025185
0 0.236500 0.590370 0.025000 0.094815
0 0.265500 0.605926 0.040000 0.127407
0 0.079875 0.497407 0.047250 0.153333
0 0.456250 0.312593 0.026000 0.102222
0 0.473750 0.030741 0.007000 0.025926
0 0.528250 0.023333 0.004000 0.018519
0 0.528250 0.007778 0.005000 0.012593
0 0.547125 0.005556 0.003750 0.009630
0 0.015375 0.672593 0.030250 0.099259
0 0.011875 0.561852 0.023250 0.122222
