0 0.489645 0.381293 0.051775 0.076842
0 0.355584 0.277689 0.046228 0.059353
0 0.619822 0.147854 0.028846 0.045575
0 0.103920 0.422364 0.034763 0.052994
0 0.303624 0.157923 0.025148 0.038156
0 0.265163 0.340488 0.033284 0.056704
0 0.942308 0.297297 0.031805 0.056174
0 0.611686 0.219926 0.030325 0.049815
0 0.676775 0.174881 0.028107 0.043455
0 0.565274 0.198993 0.038831 0.056704
0 0.785688 0.216216 0.029216 0.049815
0 0.414016 0.147854 0.022559 0.038156
0 0.086908 0.369899 0.032544 0.045575
0 0.503698 0.077371 0.018491 0.031797
0 0.582286 0.051669 0.018121 0.031267
0 0.640348 0.306041 0.033654 0.062003
0 0.248151 0.626126 0.065828 0.089560
0 0.531435 0.269740 0.028107 0.046635
0 0.330621 0.169316 0.025148 0.045045
0 0.484837 0.061473 0.015533 0.028617
0 0.022374 0.482247 0.044009 0.057234
0 0.462833 0.031797 0.015902 0.026497
0 0.292345 0.104399 0.019601 0.031797
0 0.213757 0.525702 0.046598 0.074192
0 0.337093 0.055379 0.013683 0.023847
0 0.365570 0.005299 0.009985 0.009539
0 0.021265 0.563328 0.040311 0.058294
0 0.338757 0.015368 0.010355 0.018018
0 0.415680 0.006094 0.008876 0.011129
0 0.693417 0.060943 0.014793 0.025437
0 0.024223 0.284049 0.023299 0.037096
0 0.068787 0.678855 0.064349 0.077371
0 0.700999 0.116322 0.015163 0.035506
0 0.772559 0.063593 0.012574 0.021198
0 0.561391 0.003180 0.008876 0.005299
0 0.005917 0.273715 0.011095 0.028087
0 0.012204 0.249603 0.010355 0.023317
0 0.142197 0.184155 0.015902 0.018548
0 0.284763 0.068098 0.009615 0.016428
0 0.273484 0.067568 0.008506 0.018548
0 0.287537 0.043720 0.012204 0.019608
0 0.306953 0.039746 0.009615 0.015898
0 0.285688 0.010334 0.009985 0.011129
0 0.277367 0.012984 0.006657 0.013249
0 0.262759 0.023582 0.007766 0.011129
0 0.265533 0.018813 0.007396 0.012189
0 0.272374 0.020138 0.004808 0.010599
0 0.267751 0.037096 0.012574 0.012719
0 0.266827 0.049550 0.009246 0.015368
0 0.313425 0.018813 0.007766 0.011129
0 0.299926 0.019078 0.009615 0.013778
0 0.325259 0.010599 0.007766 0.015898
0 0.317678 0.005299 0.008136 0.009539
0 0.344120 0.011129 0.009246 0.016958
0 0.347818 0.006359 0.007766 0.011659
0 0.383321 0.012454 0.011464 0.015368
0 0.906620 0.209857 0.012204 0.021198
0 0.877404 0.195548 0.016642 0.023317
