0 0.414375 0.370370 0.026250 0.105185
0 0.526625 0.043333 0.007250 0.030370
0 0.434625 0.101852 0.008750 0.034815
0 0.318125 0.089630 0.010250 0.047407
0 0.396125 0.051111 0.007750 0.034074
0 0.457625 0.028519 0.006250 0.027407
0 0.433000 0.058889 0.008000 0.030370
0 0.385500 0.102222 0.012500 0.045926
0 0.475125 0.058889 0.010250 0.036296
0 0.255875 0.312222 0.025250 0.086667
0 0.447625 0.012963 0.005250 0.022963
0 0.484250 0.050370 0.009000 0.034074
0 0.226125 0.242593 0.022750 0.086667
0 0.258875 0.461852 0.027250 0.080741
0 0.459000 0.106296 0.007000 0.034815
0 0.609250 0.199259 0.015500 0.053333
0 0.420500 0.013704 0.006000 0.024444
0 0.621250 0.192963 0.016000 0.060000
0 0.431750 0.019630 0.006500 0.027407
0 0.509250 0.043333 0.006500 0.030370
0 0.332875 0.106296 0.007250 0.033333
0 0.490750 0.011481 0.008500 0.020000
0 0.393750 0.012593 0.008500 0.023704
0 0.355500 0.039630 0.009000 0.028889
0 0.343500 0.345926 0.028500 0.117037
0 0.498875 0.010000 0.008750 0.017037
0 0.199500 0.684815 0.059000 0.079259
0 0.356875 0.080370 0.009750 0.040741
0 0.369625 0.021852 0.004750 0.020000
0 0.503625 0.031481 0.005250 0.021481
0 0.474125 0.005556 0.004750 0.009630
0 0.484625 0.007037 0.003250 0.012593
