0 0.925223 0.509722 0.030506 0.044444
0 0.855655 0.494444 0.036458 0.037963
0 0.306176 0.353241 0.031250 0.037037
0 0.699405 0.415741 0.031250 0.037037
0 0.757254 0.468519 0.032366 0.045370
0 0.508557 0.444907 0.035714 0.037963
0 0.715960 0.561343 0.050223 0.060648
0 0.790923 0.479861 0.029762 0.039352
0 0.636905 0.387963 0.030506 0.040741
0 0.539435 0.367130 0.028274 0.040741
0 0.832031 0.426157 0.030878 0.038426
0 0.298363 0.449769 0.047619 0.057870
0 0.307478 0.316435 0.021949 0.033796
0 0.908296 0.457407 0.027902 0.043519
0 0.701079 0.380324 0.027902 0.031944
0 0.968192 0.472917 0.023438 0.030093
0 0.352493 0.385417 0.026414 0.039352
0 0.457217 0.415509 0.038690 0.042130
0 0.329241 0.325000 0.026042 0.037963
0 0.744420 0.380556 0.028274 0.032407
0 0.814360 0.511806 0.042411 0.050463
0 0.781622 0.393056 0.022321 0.025000
0 0.581101 0.372685 0.025298 0.032407
0 0.253906 0.340972 0.027158 0.040278
0 0.912016 0.425000 0.019717 0.023148
0 0.368862 0.341435 0.028646 0.035648
0 0.510045 0.394676 0.036458 0.043056
0 0.415737 0.353009 0.024182 0.034722
0 0.729353 0.501389 0.033854 0.050000
0 0.046317 0.249306 0.016741 0.025463
0 0.198847 0.327778 0.024182 0.035185
0 0.911458 0.404167 0.019345 0.021296
0 0.837612 0.369907 0.015997 0.021296
0 0.456473 0.360880 0.026786 0.026389
0 0.894903 0.436574 0.022693 0.029630
0 0.014509 0.246991 0.018601 0.027315
0 0.363653 0.232407 0.012277 0.017593
0 0.821243 0.342130 0.013765 0.018519
0 0.117560 0.230787 0.017113 0.021759
0 0.471912 0.488889 0.039807 0.061111
0 0.143043 0.230093 0.014509 0.019444
0 0.533110 0.481250 0.034970 0.045833
0 0.765997 0.437963 0.026042 0.025926
0 0.905134 0.562963 0.043155 0.050926
0 0.994606 0.400000 0.010789 0.018519
0 0.548735 0.421759 0.036458 0.038889
0 0.993676 0.372685 0.009673 0.013889
0 0.969866 0.436574 0.020089 0.031481
0 0.058408 0.244213 0.015625 0.026389
0 0.031622 0.232407 0.016369 0.023148
0 0.807478 0.338657 0.013765 0.018981
0 0.149740 0.223611 0.013021 0.018519
0 0.096354 0.234259 0.013393 0.019444
0 0.052269 0.214583 0.015997 0.019907
0 0.021205 0.219676 0.014137 0.018981
0 0.084821 0.229398 0.014881 0.020833
0 0.181362 0.212500 0.013021 0.019444
0 0.075521 0.226389 0.012649 0.021296
0 0.942336 0.431481 0.020089 0.027778
0 0.786644 0.347454 0.015253 0.020833
0 0.202381 0.305093 0.023065 0.023148
0 0.868304 0.403472 0.023065 0.030093
0 0.966146 0.352778 0.008929 0.015741
0 0.747954 0.438657 0.028646 0.031944
0 0.292039 0.405556 0.035714 0.041667
0 0.664807 0.468056 0.023065 0.040741
0 0.992374 0.434028 0.015253 0.025463
0 0.805246 0.363889 0.018229 0.025926
0 0.620536 0.503935 0.037202 0.049537
0 0.993490 0.462500 0.013021 0.025000
0 0.938244 0.466667 0.023065 0.027778
0 0.095610 0.202315 0.010417 0.018519
0 0.568266 0.391204 0.030878 0.032407
0 0.002604 0.223380 0.004464 0.022685
0 0.008743 0.221528 0.012277 0.007870
0 0.063244 0.224537 0.011905 0.015741
0 0.103237 0.221065 0.011533 0.015278
0 0.098400 0.210880 0.013765 0.006944
0 0.138207 0.217824 0.009301 0.007870
0 0.204799 0.179630 0.003348 0.005556
0 0.380022 0.381481 0.035342 0.053704
0 0.360491 0.245370 0.009673 0.019444
0 0.453311 0.384722 0.034598 0.027778
0 0.428571 0.450694 0.050595 0.056019
0 0.561384 0.410880 0.028274 0.032870
0 0.603795 0.414583 0.021577 0.033796
0 0.625930 0.426157 0.020461 0.028241
0 0.628162 0.467130 0.035342 0.043519
0 0.855655 0.573611 0.048363 0.050000
0 0.873884 0.478009 0.031250 0.033796
0 0.862723 0.443056 0.026042 0.034259
0 0.786086 0.425231 0.034226 0.033796
0 0.769159 0.416898 0.013765 0.020833
0 0.810640 0.470833 0.022321 0.025926
0 0.966518 0.423380 0.017113 0.020833
0 0.977865 0.516667 0.033854 0.049074
0 0.956287 0.515972 0.021205 0.042130
0 0.981771 0.363657 0.008929 0.018056
