0 0.444250 0.271852 0.024500 0.102222
0 0.382250 0.370741 0.027500 0.100000
0 0.291000 0.263704 0.024000 0.088889
0 0.345000 0.207407 0.014500 0.053333
0 0.292500 0.484444 0.032500 0.118519
0 0.152875 0.139259 0.012750 0.044444
0 0.184250 0.412222 0.036500 0.102963
0 0.145000 0.299630 0.025500 0.074815
0 0.441250 0.115556 0.012500 0.042963
0 0.370000 0.170741 0.015500 0.055556
0 0.546125 0.090000 0.012250 0.040741
0 0.396625 0.195185 0.016750 0.055556
0 0.403250 0.266296 0.019500 0.073333
0 0.429500 0.431111 0.027000 0.102222
0 0.473000 0.070000 0.011500 0.040741
0 0.321375 0.200370 0.018250 0.061481
0 0.335250 0.354074 0.024500 0.080000
0 0.559375 0.226296 0.016250 0.071852
0 0.581750 0.079259 0.011500 0.041481
0 0.406625 0.124444 0.012250 0.044444
0 0.271375 0.166296 0.016750 0.061481
0 0.504625 0.071111 0.010250 0.040000
0 0.504125 0.034815 0.008750 0.031111
0 0.294750 0.143704 0.013500 0.047407
0 0.263125 0.132963 0.012750 0.042222
0 0.215375 0.201111 0.017750 0.051111
0 0.257375 0.068519 0.011250 0.036296
0 0.232500 0.304444 0.023000 0.096296
0 0.458125 0.091852 0.011750 0.041481
0 0.378125 0.126667 0.013250 0.048889
0 0.295625 0.102222 0.013750 0.038519
0 0.419875 0.040000 0.008750 0.029630
0 0.516125 0.302593 0.021250 0.089630
0 0.334000 0.266296 0.026000 0.073333
0 0.272250 0.372222 0.032500 0.100000
0 0.333125 0.114444 0.013250 0.051111
0 0.308500 0.165556 0.015000 0.052593
0 0.465875 0.323333 0.027250 0.125185
0 0.241375 0.118519 0.012750 0.045926
0 0.387250 0.080000 0.009000 0.032593
0 0.274000 0.100741 0.013500 0.045926
0 0.488750 0.084444 0.011500 0.038519
0 0.465250 0.015926 0.008500 0.022963
0 0.436125 0.052222 0.009250 0.031852
0 0.543375 0.012963 0.009750 0.024444
0 0.377250 0.225185 0.016000 0.053333
0 0.274000 0.064444 0.010000 0.032593
0 0.431125 0.015556 0.009250 0.025185
0 0.448875 0.008148 0.007250 0.010370
0 0.143375 0.603704 0.053250 0.183704
0 0.064500 0.693704 0.052000 0.067407
0 0.009875 0.212222 0.018750 0.054074
0 0.071000 0.335926 0.020500 0.085185
0 0.154250 0.389630 0.026000 0.078519
0 0.162750 0.428148 0.011500 0.051852
0 0.141000 0.491481 0.043500 0.051111
0 0.360500 0.626667 0.044000 0.160000
0 0.323625 0.687407 0.043750 0.074074
0 0.229625 0.239259 0.020750 0.031111
0 0.250000 0.237037 0.022000 0.068148
0 0.212125 0.251111 0.012750 0.066667
0 0.381500 0.507778 0.036000 0.138519
0 0.261625 0.097407 0.010250 0.017037
0 0.284500 0.068519 0.011500 0.031852
0 0.323750 0.109630 0.005000 0.032593
0 0.354625 0.098148 0.011750 0.033333
0 0.350250 0.057037 0.009000 0.034074
0 0.371125 0.082222 0.010750 0.023704
0 0.364000 0.068148 0.006500 0.017778
0 0.366875 0.112222 0.008750 0.030370
0 0.405875 0.046667 0.006250 0.031111
0 0.411250 0.030000 0.006500 0.027407
0 0.395375 0.043704 0.005750 0.020741
0 0.373625 0.008519 0.006250 0.015556
0 0.416125 0.007778 0.007250 0.014074
0 0.427125 0.108519 0.012250 0.034815
0 0.420875 0.154815 0.013750 0.041481
0 0.460125 0.141111 0.011750 0.036296
0 0.493125 0.012222 0.006750 0.022963
0 0.505625 0.007407 0.008250 0.013333
0 0.542250 0.041852 0.008500 0.024444
