0 0.536243 0.295552 0.043639 0.071275
0 0.875000 0.191050 0.026627 0.043408
0 0.462833 0.237406 0.041790 0.071811
0 0.504253 0.387996 0.057322 0.071811
0 0.613905 0.185423 0.028846 0.049303
0 0.421598 0.512058 0.066568 0.084137
0 0.538831 0.206056 0.035503 0.061629
0 0.948040 0.245177 0.024038 0.042337
0 0.539201 0.153537 0.032544 0.046624
0 0.646635 0.192658 0.031435 0.060557
0 0.223558 0.233387 0.020340 0.035906
0 0.175851 0.282154 0.019601 0.041265
0 0.764793 0.108253 0.019231 0.034298
0 0.821376 0.111468 0.017751 0.031083
0 0.414201 0.180600 0.031065 0.046088
0 0.658469 0.161844 0.028476 0.040729
0 0.658839 0.132905 0.023299 0.025723
0 0.296783 0.478296 0.065459 0.089496
0 0.120562 0.213826 0.019970 0.036442
0 0.026627 0.304126 0.017751 0.031618
0 0.315274 0.337889 0.044009 0.075563
0 0.397744 0.053323 0.015902 0.028403
0 0.688425 0.024116 0.014423 0.024652
0 0.232249 0.093783 0.012574 0.019293
0 0.318602 0.119775 0.012944 0.025188
0 0.218565 0.108521 0.013314 0.019829
0 0.765163 0.050375 0.012574 0.021436
0 0.332655 0.018489 0.009985 0.015541
0 0.702293 0.122186 0.019231 0.037513
0 0.004808 0.269829 0.008876 0.026259
0 0.760355 0.030011 0.012574 0.019293
0 0.279771 0.060289 0.012944 0.018757
0 0.698780 0.006431 0.012204 0.011790
0 0.301960 0.024384 0.010725 0.019829
0 0.310836 0.005359 0.010725 0.009646
0 0.294749 0.005895 0.007396 0.009646
0 0.277922 0.011790 0.008506 0.012862
0 0.965052 0.254019 0.018861 0.032154
0 0.815089 0.095927 0.017012 0.026795
0 0.724112 0.051983 0.008136 0.021436
0 0.750370 0.047964 0.011834 0.014469
0 0.283839 0.138264 0.013683 0.021436
0 0.397929 0.009914 0.012574 0.018757
0 0.012389 0.264202 0.007027 0.017149
0 0.005917 0.233387 0.011095 0.019829
0 0.160873 0.166399 0.014053 0.026259
0 0.246117 0.085209 0.015902 0.018221
0 0.273669 0.044480 0.011834 0.019293
0 0.287907 0.029743 0.012204 0.019829
0 0.269416 0.006163 0.007027 0.011254
0 0.270710 0.018757 0.005178 0.009646
0 0.276627 0.022508 0.008136 0.008574
0 0.286982 0.012326 0.006657 0.011790
0 0.283284 0.003751 0.006657 0.006431
0 0.316013 0.021704 0.009985 0.018757
0 0.322855 0.003751 0.005917 0.006431
0 0.330806 0.004555 0.007766 0.008039
0 0.351516 0.004555 0.007766 0.008039
