0 0.033099 0.423098 0.037352 0.054126
0 0.571561 0.316988 0.042530 0.064845
0 0.752774 0.189979 0.029216 0.046624
0 0.125555 0.257771 0.026257 0.042872
0 0.227441 0.303859 0.042899 0.066452
0 0.354660 0.261790 0.038462 0.065916
0 0.111686 0.411308 0.036982 0.059486
0 0.146265 0.280011 0.032175 0.043408
0 0.247041 0.256699 0.030325 0.046088
0 0.288092 0.318596 0.051775 0.073419
0 0.456546 0.246785 0.032914 0.058414
0 0.337648 0.468114 0.053254 0.083065
0 0.639053 0.163183 0.031805 0.055198
0 0.554734 0.167203 0.031065 0.053591
0 0.466161 0.377010 0.049926 0.090568
0 0.192308 0.211415 0.030325 0.042337
0 0.944527 0.254555 0.026627 0.047160
0 0.612796 0.266881 0.035503 0.053591
0 0.483173 0.330118 0.033654 0.056806
0 0.602256 0.033494 0.017382 0.028403
0 0.427330 0.059753 0.016642 0.028403
0 0.566198 0.142015 0.024408 0.041801
0 0.797522 0.199893 0.029216 0.043944
0 0.716716 0.092712 0.025148 0.039657
0 0.479105 0.058950 0.018121 0.033226
0 0.877589 0.166667 0.022189 0.034298
0 0.293639 0.096731 0.018491 0.032690
0 0.403846 0.024652 0.015533 0.026795
0 0.363351 0.095927 0.023299 0.037513
0 0.556953 0.010182 0.016272 0.019293
0 0.478180 0.011522 0.014793 0.020900
0 0.270895 0.050643 0.012204 0.021972
0 0.357064 0.071008 0.016642 0.024116
0 0.182322 0.136388 0.013314 0.023044
0 0.203587 0.113880 0.011464 0.016613
0 0.292160 0.049035 0.011834 0.020900
0 0.007396 0.321543 0.014053 0.031083
0 0.341531 0.038317 0.014423 0.025188
0 0.338018 0.010986 0.011095 0.016613
0 0.284393 0.005359 0.010355 0.009646
0 0.023114 0.271972 0.020340 0.031618
0 0.302330 0.023848 0.012204 0.018757
0 0.313240 0.012862 0.011095 0.017149
0 0.407914 0.004823 0.013314 0.008574
0 0.948225 0.193998 0.014053 0.023580
0 0.969859 0.337621 0.018861 0.041801
0 0.986317 0.356913 0.016272 0.030011
0 0.821376 0.101554 0.014053 0.020900
0 0.499075 0.015809 0.012944 0.020900
0 0.461169 0.023848 0.017751 0.026259
0 0.003883 0.385048 0.007027 0.023044
0 0.002959 0.259378 0.005178 0.032154
0 0.009985 0.249464 0.013314 0.018757
0 0.070451 0.253751 0.012944 0.019829
0 0.279216 0.033494 0.007396 0.016613
0 0.271080 0.033226 0.010355 0.015005
0 0.267382 0.019025 0.007396 0.013398
0 0.277737 0.018221 0.008876 0.012862
0 0.265163 0.007503 0.005917 0.010718
0 0.288646 0.024384 0.008506 0.019829
0 0.324334 0.017417 0.011095 0.018757
0 0.295303 0.004823 0.008506 0.008574
0 0.854105 0.146838 0.015902 0.018221
