0 0.419250 0.197778 0.020500 0.078519
0 0.499125 0.037037 0.007750 0.031111
0 0.374375 0.248889 0.017250 0.059259
0 0.520500 0.062222 0.009500 0.034074
0 0.380875 0.160741 0.012750 0.045926
0 0.466125 0.284444 0.027250 0.090370
0 0.377250 0.053333 0.008500 0.029630
0 0.375875 0.098519 0.010250 0.037037
0 0.344375 0.158889 0.010750 0.039259
0 0.434500 0.016667 0.009000 0.027407
0 0.346125 0.034815 0.008250 0.028148
0 0.307875 0.102963 0.012250 0.042963
0 0.310375 0.322963 0.027250 0.091852
0 0.270625 0.074444 0.008250 0.025926
0 0.339375 0.108148 0.009750 0.032593
0 0.538875 0.010370 0.006750 0.016296
0 0.228125 0.249259 0.025750 0.094074
0 0.869125 0.659630 0.083250 0.120741
0 0.549125 0.050370 0.009250 0.037037
0 0.390000 0.010370 0.007000 0.017778
0 0.336500 0.084444 0.010000 0.035556
0 0.049250 0.200741 0.016500 0.057778
0 0.142625 0.313333 0.022750 0.081481
0 0.327500 0.333333 0.016000 0.077037
0 0.382125 0.034444 0.006250 0.024444
0 0.424750 0.090370 0.010500 0.038519
0 0.415625 0.073704 0.008250 0.036296
0 0.406500 0.044444 0.005500 0.023704
0 0.402125 0.009630 0.005750 0.017778
0 0.414625 0.036667 0.007750 0.024444
0 0.411750 0.007407 0.006000 0.013333
0 0.454000 0.025185 0.006500 0.020741
0 0.454375 0.077407 0.010750 0.036296
0 0.468750 0.020370 0.006000 0.030370
0 0.476250 0.023333 0.007500 0.030370
0 0.500625 0.008519 0.006250 0.015556
0 0.506625 0.021111 0.006250 0.024444
0 0.523875 0.012963 0.005750 0.024444
0 0.556375 0.025185 0.004250 0.013333
