0 0.785156 0.452546 0.032366 0.042130
0 0.574963 0.383333 0.028646 0.042593
0 0.521763 0.484491 0.041295 0.048611
0 0.041295 0.342824 0.028274 0.042130
0 0.874442 0.507870 0.030878 0.042593
0 0.266927 0.362037 0.028646 0.040741
0 0.178757 0.342824 0.030134 0.038426
0 0.228981 0.351852 0.027902 0.038889
0 0.336868 0.321065 0.026414 0.037500
0 0.436570 0.350926 0.033854 0.042593
0 0.356027 0.353472 0.034226 0.046759
0 0.378162 0.330556 0.032366 0.042593
0 0.731585 0.496528 0.034598 0.057870
0 0.498140 0.413657 0.040179 0.046759
0 0.402716 0.492361 0.037574 0.054167
0 0.718750 0.397917 0.027530 0.037500
0 0.197545 0.279167 0.023810 0.033333
0 0.184710 0.386343 0.030134 0.043056
0 0.316220 0.286343 0.020089 0.028241
0 0.809710 0.409259 0.022693 0.033333
0 0.135975 0.296296 0.019717 0.031481
0 0.823289 0.490278 0.035714 0.056481
0 0.933966 0.391204 0.014509 0.021296
0 0.849888 0.380093 0.015997 0.023148
0 0.929129 0.619213 0.040551 0.059722
0 0.960938 0.437963 0.021577 0.029630
0 0.917969 0.421759 0.018973 0.032407
0 0.889695 0.377546 0.017485 0.023611
0 0.139881 0.226157 0.013393 0.020833
0 0.650670 0.368519 0.028274 0.036111
0 0.298921 0.346991 0.024926 0.034722
0 0.747768 0.398843 0.023065 0.033796
0 0.486421 0.381713 0.035342 0.047685
0 0.818452 0.562500 0.039435 0.053704
0 0.284226 0.302778 0.021577 0.029630
0 0.949777 0.390278 0.014881 0.020370
0 0.994234 0.490972 0.011533 0.037500
0 0.895461 0.351852 0.013393 0.020370
0 0.155878 0.309028 0.022321 0.031944
0 0.230097 0.475231 0.045015 0.059722
0 0.035714 0.193750 0.011161 0.014352
0 0.985863 0.551620 0.026786 0.056019
0 0.085379 0.258102 0.018229 0.027315
0 0.027158 0.207176 0.012649 0.018056
0 0.759115 0.429398 0.026414 0.040278
0 0.127604 0.271991 0.020089 0.023611
0 0.948661 0.478472 0.019345 0.031944
0 0.113095 0.204398 0.011161 0.017130
0 0.234189 0.318056 0.023438 0.030556
0 0.123884 0.252083 0.017857 0.023611
0 0.318638 0.212963 0.012277 0.015741
0 0.061942 0.191435 0.009301 0.015278
0 0.790737 0.330556 0.013765 0.014815
0 0.969122 0.478935 0.027530 0.040278
0 0.650298 0.426852 0.043899 0.062963
0 0.995908 0.428472 0.008185 0.028241
0 0.984003 0.454398 0.020833 0.018981
0 0.453497 0.352083 0.017113 0.036574
0 0.240141 0.291204 0.019717 0.029630
0 0.883743 0.482407 0.028646 0.033333
0 0.286458 0.290278 0.020833 0.027778
0 0.043527 0.194444 0.008185 0.012963
0 0.054315 0.324537 0.023810 0.031481
0 0.060082 0.307639 0.024926 0.024537
0 0.202567 0.262963 0.018973 0.020370
0 0.255580 0.234491 0.008929 0.013426
0 0.265811 0.233102 0.010789 0.014352
0 0.302269 0.203704 0.011533 0.010185
0 0.339286 0.220602 0.008185 0.010648
0 0.341704 0.230787 0.007812 0.010648
0 0.288690 0.331019 0.018601 0.018519
0 0.334263 0.273380 0.015997 0.019907
0 0.329055 0.261111 0.016741 0.018519
0 0.309896 0.268519 0.018601 0.013889
0 0.395461 0.395139 0.043899 0.048611
0 0.507812 0.375000 0.014881 0.033333
0 0.458519 0.323380 0.013765 0.016204
0 0.598586 0.415046 0.030506 0.053241
0 0.669457 0.390278 0.029390 0.037037
0 0.646205 0.490509 0.045387 0.055093
0 0.613095 0.478935 0.029018 0.051389
0 0.831659 0.438426 0.028646 0.037963
0 0.820499 0.426157 0.018229 0.031019
0 0.842820 0.414120 0.020461 0.029167
0 0.859561 0.421759 0.015253 0.031481
0 0.873698 0.363889 0.011533 0.016667
0 0.923735 0.354398 0.010417 0.014352
0 0.957031 0.349306 0.006324 0.008796
0 0.960938 0.367593 0.011905 0.012963
0 0.965588 0.381481 0.010789 0.014815
0 0.894717 0.416204 0.014881 0.016667
0 0.873698 0.448148 0.028646 0.035185
0 0.896019 0.442361 0.020461 0.031944
0 0.979911 0.434491 0.020833 0.029167
0 0.978051 0.412731 0.011161 0.018981
0 0.984003 0.491204 0.008929 0.021296
0 0.266369 0.916204 0.109375 0.167593
