0 0.595969 0.220721 0.032175 0.056704
0 0.653476 0.149179 0.028107 0.054584
0 0.643491 0.369104 0.047337 0.067303
0 0.488905 0.290673 0.042899 0.060943
0 0.547152 0.185480 0.028476 0.050874
0 0.418639 0.402491 0.045858 0.078961
0 0.388314 0.357711 0.034024 0.064653
0 0.676590 0.143614 0.024778 0.048755
0 0.564534 0.135135 0.024778 0.042395
0 0.183247 0.158453 0.012944 0.024377
0 0.714867 0.143084 0.019970 0.043455
0 0.662907 0.295707 0.039571 0.061473
0 0.146450 0.338103 0.024408 0.043455
0 0.225037 0.110493 0.012944 0.020668
0 0.540311 0.026232 0.018491 0.031267
0 0.006287 0.306571 0.011834 0.033386
0 0.293454 0.026762 0.009985 0.016428
0 0.315089 0.037626 0.011095 0.016958
0 0.308247 0.029412 0.009985 0.017488
0 0.336169 0.018018 0.008876 0.020138
0 0.148854 0.183095 0.015163 0.024907
0 0.359467 0.006094 0.009615 0.011129
0 0.271450 0.019608 0.008876 0.013778
0 0.292530 0.009804 0.008136 0.012189
0 0.268306 0.037096 0.010725 0.015898
0 0.499630 0.004505 0.012574 0.007949
0 0.282914 0.026497 0.008136 0.014838
0 0.325999 0.006094 0.008506 0.011129
0 0.276812 0.031002 0.008506 0.015368
0 0.059911 0.934022 0.076923 0.096979
0 0.614090 0.207737 0.024778 0.054054
0 0.872041 0.252252 0.026627 0.044515
0 0.955067 0.322205 0.021820 0.038156
0 0.875370 0.610758 0.068047 0.096979
0 0.922892 0.897191 0.094305 0.111288
0 0.656620 0.028882 0.014423 0.025967
0 0.683432 0.016958 0.011834 0.022258
0 0.728920 0.033386 0.008876 0.020138
0 0.018121 0.297297 0.017751 0.033916
0 0.008691 0.262851 0.015163 0.027557
0 0.074889 0.258347 0.014423 0.023847
0 0.284024 0.059883 0.012574 0.020138
0 0.277552 0.050344 0.010725 0.016958
0 0.271635 0.010599 0.006287 0.005299
0 0.279956 0.010599 0.008876 0.013778
0 0.286982 0.010069 0.005178 0.013778
0 0.299926 0.011659 0.008876 0.008479
0 0.299556 0.021993 0.009615 0.014308
0 0.300111 0.048755 0.011464 0.018018
0 0.349667 0.018548 0.009985 0.015898
0 0.311945 0.002650 0.008506 0.004240
0 0.306213 0.011659 0.006657 0.012719
