0 0.165000 0.207879 0.022500 0.067879
0 0.019000 0.246667 0.022000 0.064242
0 0.068500 0.281818 0.024000 0.069091
0 0.122250 0.222424 0.022000 0.065455
0 0.099000 0.204242 0.021500 0.061818
0 0.258375 0.032121 0.010250 0.032727
0 0.208125 0.186970 0.022250 0.055152
0 0.395750 0.072424 0.016500 0.047879
0 0.177250 0.110909 0.015500 0.040000
0 0.325375 0.099697 0.016750 0.053939
0 0.220750 0.055455 0.013500 0.038182
0 0.175125 0.036970 0.009750 0.027879
0 0.272625 0.080909 0.017750 0.049091
0 0.184625 0.161818 0.022750 0.044848
0 0.233625 0.029697 0.008750 0.024242
0 0.233625 0.121818 0.018250 0.054545
0 0.398750 0.009697 0.011000 0.015758
0 0.424625 0.042121 0.012250 0.035758
0 0.375375 0.010303 0.010250 0.016970
0 0.199875 0.046061 0.010250 0.029091
0 0.438625 0.011212 0.011750 0.021212
0 0.270375 0.013333 0.010750 0.025455
0 0.133250 0.153333 0.019000 0.047273
0 0.283000 0.074545 0.011000 0.042424
0 0.357000 0.071818 0.011500 0.035758
0 0.181750 0.194545 0.019000 0.059394
0 0.328750 0.061818 0.014500 0.032727
0 0.214500 0.027273 0.010000 0.024242
0 0.183250 0.179394 0.022000 0.067879
0 0.015625 0.420606 0.028250 0.082424
0 0.246875 0.064848 0.010750 0.035152
0 0.372875 0.086970 0.014750 0.041818
0 0.294875 0.013636 0.012250 0.022424
0 0.038000 0.241515 0.016500 0.041818
0 0.043750 0.195455 0.008000 0.022424
0 0.075500 0.218788 0.018500 0.048485
0 0.139625 0.203939 0.018250 0.046667
0 0.124500 0.176364 0.013000 0.030303
0 0.098250 0.147576 0.006500 0.018788
0 0.167750 0.145152 0.013500 0.043030
0 0.160750 0.135758 0.010500 0.036364
0 0.201125 0.082424 0.008250 0.029091
0 0.209250 0.100909 0.012500 0.046667
0 0.222375 0.085758 0.013750 0.034545
0 0.238750 0.010606 0.008000 0.017576
0 0.239375 0.075455 0.016750 0.050303
0 0.270000 0.140303 0.018000 0.034545
0 0.252250 0.136970 0.022000 0.073939
0 0.223125 0.176364 0.014750 0.053333
0 0.315625 0.151515 0.022750 0.061818
0 0.314375 0.074848 0.016750 0.044242
0 0.306625 0.041515 0.010250 0.035758
0 0.295250 0.043636 0.012000 0.035152
0 0.282375 0.030000 0.009250 0.026061
0 0.286625 0.008182 0.008750 0.015152
0 0.322000 0.021818 0.008500 0.030303
0 0.313750 0.031515 0.006500 0.027879
0 0.331250 0.022121 0.011000 0.035758
0 0.351625 0.017576 0.011250 0.030303
0 0.362500 0.006061 0.006500 0.010909
0 0.351250 0.059091 0.010000 0.036970
0 0.379000 0.057879 0.015500 0.030909
0 0.410625 0.007879 0.008750 0.014545
