0 0.493000 0.331167 0.035000 0.053667
0 0.228875 0.420500 0.032750 0.039000
0 0.220000 0.477667 0.031000 0.042000
0 0.313750 0.300500 0.025000 0.032333
0 0.439375 0.134833 0.027750 0.039000
0 0.287500 0.257000 0.023500 0.036000
0 0.467375 0.261167 0.026750 0.039667
0 0.117875 0.577500 0.027250 0.035000
0 0.661250 0.151667 0.025500 0.042000
0 0.387500 0.188167 0.024500 0.033667
0 0.611125 0.227000 0.037250 0.050000
0 0.947625 0.285167 0.027250 0.042333
0 0.838625 0.184667 0.027750 0.037333
0 0.568000 0.194000 0.027000 0.040000
0 0.037875 0.461333 0.017750 0.023333
0 0.789375 0.270667 0.028750 0.030667
0 0.729375 0.438167 0.041750 0.057667
0 0.267625 0.197500 0.024750 0.029000
0 0.114125 0.295667 0.014250 0.020667
0 0.923625 0.548167 0.044250 0.047000
0 0.228250 0.218333 0.022000 0.031333
0 0.383000 0.237833 0.040500 0.036333
0 0.941375 0.162333 0.026750 0.037333
0 0.976250 0.297000 0.027500 0.038667
0 0.555250 0.413333 0.031500 0.042000
0 0.709125 0.263333 0.034750 0.046667
0 0.980250 0.643000 0.034500 0.047333
0 0.223750 0.372667 0.028000 0.039333
0 0.027125 0.559167 0.019750 0.025667
0 0.398875 0.388833 0.034250 0.043667
0 0.750750 0.145667 0.028000 0.039333
0 0.249000 0.340333 0.029500 0.040667
0 0.188375 0.247833 0.017250 0.026333
0 0.061000 0.410500 0.013000 0.019000
0 0.529625 0.253333 0.029750 0.042667
0 0.073000 0.291333 0.015000 0.022000
0 0.959750 0.400667 0.033500 0.052000
0 0.503500 0.525000 0.036000 0.054000
0 0.397375 0.154833 0.029250 0.035667
0 0.076875 0.422000 0.022750 0.026667
0 0.698625 0.200500 0.025750 0.043000
0 0.798000 0.540500 0.038500 0.055000
0 0.518125 0.173667 0.022250 0.038667
0 0.738625 0.015167 0.020750 0.029667
0 0.081000 0.314000 0.016500 0.024000
0 0.115500 0.429333 0.022500 0.028667
0 0.126125 0.388500 0.021750 0.025000
0 0.102875 0.346167 0.018250 0.025000
0 0.728750 0.345000 0.039000 0.052000
0 0.131375 0.309833 0.018250 0.023000
0 0.087875 0.519667 0.033250 0.034000
0 0.066000 0.377167 0.018000 0.021667
0 0.449750 0.222167 0.032000 0.037000
0 0.067500 0.460333 0.015500 0.022667
0 0.587000 0.339000 0.038000 0.054000
0 0.061625 0.355667 0.015250 0.021333
0 0.036625 0.537000 0.020750 0.022667
0 0.007250 0.365667 0.010500 0.016667
0 0.026875 0.350000 0.013250 0.018000
0 0.256875 0.691333 0.041750 0.044000
0 0.023375 0.459667 0.013250 0.020000
0 0.488500 0.682500 0.042500 0.053000
0 0.970500 0.187333 0.031000 0.044000
0 0.268000 0.459500 0.039500 0.039667
0 0.055375 0.474833 0.021750 0.022333
0 0.243125 0.576333 0.031750 0.039333
0 0.345125 0.506000 0.034250 0.049333
0 0.308000 0.597000 0.042500 0.047333
0 0.048000 0.346667 0.012000 0.016000
0 0.797125 0.145000 0.025750 0.036667
0 0.623000 0.119000 0.027500 0.050667
0 0.349000 0.330500 0.033000 0.048333
0 0.008750 0.517500 0.017000 0.022333
0 0.155875 0.361167 0.019250 0.027000
0 0.030000 0.335333 0.013000 0.017333
0 0.925875 0.262000 0.027250 0.042667
0 0.052875 0.326500 0.011750 0.015667
0 0.003000 0.387500 0.005500 0.017000
0 0.386125 0.658000 0.047250 0.046667
0 0.563625 0.333833 0.022250 0.042333
0 0.010000 0.453833 0.013000 0.016333
0 0.028125 0.374500 0.015750 0.017667
0 0.182875 0.289500 0.027250 0.028333
0 0.089125 0.653000 0.022750 0.025333
0 0.511750 0.242167 0.023500 0.031000
0 0.992500 0.543500 0.015000 0.036333
0 0.132375 0.454500 0.026750 0.036333
0 0.895500 0.697833 0.044000 0.059000
0 0.777625 0.717833 0.043250 0.051000
0 0.770375 0.639167 0.050250 0.052333
0 0.859125 0.576000 0.040250 0.058000
0 0.927875 0.449333 0.033250 0.050667
0 0.921625 0.372500 0.028750 0.048333
0 0.994000 0.343667 0.012000 0.036000
0 0.902875 0.240500 0.025750 0.034333
0 0.893125 0.183000 0.038250 0.048000
0 0.882750 0.330667 0.031500 0.048000
0 0.869125 0.296667 0.030750 0.022667
0 0.792375 0.191500 0.028250 0.039667
0 0.794125 0.341500 0.031750 0.047000
0 0.627125 0.645833 0.035250 0.057000
0 0.430500 0.545000 0.035500 0.052000
0 0.460000 0.414000 0.046000 0.062000
0 0.317125 0.198333 0.021250 0.024667
0 0.314750 0.178333 0.021500 0.018000
0 0.192875 0.707833 0.039250 0.040333
0 0.122625 0.683167 0.032750 0.032333
0 0.208375 0.602500 0.037750 0.055000
0 0.180250 0.587833 0.026500 0.037000
0 0.071375 0.585167 0.026250 0.027667
0 0.099000 0.570500 0.017000 0.031000
0 0.044125 0.603333 0.026250 0.023333
0 0.005375 0.609167 0.010250 0.021000
0 0.017500 0.614333 0.017000 0.023333
0 0.006500 0.709833 0.012500 0.025000
0 0.002625 0.493000 0.004750 0.020000
0 0.012125 0.491000 0.011250 0.014667
0 0.019625 0.424167 0.011250 0.019000
0 0.027125 0.419833 0.015250 0.017000
0 0.080875 0.398667 0.016250 0.018667
0 0.014625 0.389000 0.010750 0.012000
0 0.242000 0.287000 0.027000 0.032000
0 0.239500 0.262833 0.021500 0.018333
0 0.651125 0.503667 0.046250 0.056667
0 0.641625 0.404333 0.043250 0.075333
0 0.059875 0.505500 0.020250 0.023000
