0 0.200500 0.210667 0.043500 0.060667
0 0.560000 0.180667 0.043000 0.060667
0 0.261500 0.318500 0.040000 0.056333
0 0.279375 0.392500 0.050750 0.066333
0 0.626000 0.439833 0.041000 0.057667
0 0.094125 0.235333 0.045250 0.058000
0 0.664750 0.257667 0.036000 0.053333
0 0.134000 0.191833 0.042000 0.048333
0 0.076875 0.160000 0.041750 0.046000
0 0.476500 0.327000 0.046000 0.069333
0 0.451250 0.450667 0.043000 0.065333
0 0.635375 0.558833 0.046750 0.067667
0 0.571000 0.406500 0.032000 0.048333
0 0.171500 0.294167 0.048000 0.062333
0 0.537250 0.485333 0.049000 0.082000
0 0.483375 0.585833 0.062250 0.099000
0 0.084250 0.403500 0.044000 0.033667
0 0.568375 0.268500 0.033250 0.047000
0 0.238500 0.478333 0.057500 0.075333
0 0.739000 0.246000 0.034000 0.062667
0 0.435000 0.215000 0.034500 0.058667
0 0.494000 0.847333 0.039500 0.054000
0 0.586875 0.787000 0.045250 0.052667
0 0.593500 0.850500 0.042500 0.043667
0 0.733500 0.818667 0.040500 0.052667
0 0.695250 0.754833 0.040500 0.055667
0 0.728000 0.626333 0.048000 0.060000
0 0.832750 0.610167 0.043000 0.057000
0 0.730875 0.513000 0.055250 0.061333
0 0.690625 0.402833 0.045250 0.055667
0 0.604375 0.136000 0.031750 0.020667
0 0.677875 0.163667 0.052750 0.054667
0 0.400375 0.137833 0.042250 0.027000
0 0.370000 0.288167 0.053000 0.053667
0 0.365375 0.408167 0.047250 0.063667
0 0.313375 0.511000 0.048750 0.055333
0 0.415250 0.564333 0.037500 0.054667
0 0.358625 0.612833 0.042750 0.048333
0 0.353250 0.679500 0.037500 0.051667
0 0.406000 0.788500 0.046500 0.074333
0 0.301125 0.676500 0.043750 0.043667
0 0.258625 0.845500 0.043750 0.057667
0 0.203875 0.676833 0.047750 0.064333
0 0.276125 0.581333 0.039250 0.055333
0 0.016500 0.794333 0.032500 0.049333
0 0.153875 0.593667 0.052250 0.061333
0 0.138500 0.444333 0.046500 0.060000
0 0.106875 0.305000 0.050750 0.050667
0 0.060375 0.132833 0.027750 0.019000
0 0.302375 0.207667 0.044750 0.060667
