0 0.821875 0.292000 0.048750 0.066000
0 0.222875 0.237500 0.039250 0.051667
0 0.133500 0.183500 0.043500 0.044333
0 0.311750 0.209333 0.053000 0.063333
0 0.398625 0.432500 0.043250 0.067667
0 0.607875 0.205833 0.039750 0.063000
0 0.651125 0.458833 0.050750 0.069667
0 0.080750 0.268333 0.037500 0.047333
0 0.435000 0.335833 0.040500 0.055000
0 0.389750 0.360000 0.044000 0.059333
0 0.651375 0.659500 0.032750 0.058333
0 0.165875 0.268167 0.032250 0.024333
0 0.490750 0.231000 0.041000 0.066667
0 0.040000 0.158000 0.032000 0.041333
0 0.349500 0.140000 0.030500 0.036000
0 0.068125 0.138333 0.039750 0.026000
0 0.383125 0.726000 0.051250 0.087333
0 0.079875 0.179333 0.043250 0.037333
0 0.146250 0.232000 0.037000 0.050000
0 0.391750 0.554833 0.048500 0.057000
0 0.278250 0.383000 0.048000 0.057333
0 0.663750 0.166500 0.057000 0.075667
0 0.083375 0.331167 0.042750 0.048333
0 0.013625 0.251333 0.026750 0.042667
0 0.764500 0.297000 0.045500 0.060667
0 0.074250 0.432333 0.051500 0.045333
0 0.454750 0.732167 0.054000 0.070333
0 0.518000 0.656500 0.045500 0.064333
0 0.584500 0.716667 0.038500 0.062000
0 0.731875 0.727667 0.039250 0.049333
0 0.753750 0.819333 0.036500 0.050667
0 0.596125 0.848833 0.047250 0.059667
0 0.487250 0.855667 0.037500 0.043333
0 0.422250 0.850000 0.053000 0.050000
0 0.350375 0.845500 0.061250 0.059000
0 0.247250 0.840167 0.048500 0.054333
0 0.019375 0.800833 0.038250 0.053000
0 0.140625 0.603333 0.043250 0.066000
0 0.187750 0.622667 0.042500 0.056000
0 0.415375 0.667500 0.043750 0.056333
0 0.318750 0.719500 0.046500 0.049667
0 0.275625 0.733167 0.034750 0.039000
0 0.238375 0.674333 0.038250 0.045333
0 0.271875 0.628667 0.042750 0.055333
0 0.318125 0.528667 0.045750 0.053333
0 0.234000 0.524667 0.043000 0.049333
0 0.278000 0.489833 0.039500 0.051667
0 0.502250 0.541167 0.039500 0.059667
0 0.540625 0.474000 0.046750 0.066667
0 0.615875 0.560667 0.047250 0.065333
0 0.741500 0.553833 0.030500 0.046333
0 0.723625 0.641833 0.036250 0.053667
0 0.837500 0.616167 0.047000 0.056333
0 0.813250 0.458333 0.039000 0.048000
0 0.746375 0.446000 0.034750 0.050000
0 0.696625 0.271500 0.036250 0.053667
0 0.569375 0.282000 0.044750 0.065333
0 0.532250 0.353167 0.036500 0.061667
0 0.687000 0.399167 0.030000 0.050333
0 0.740875 0.144833 0.040250 0.035667
0 0.429375 0.194500 0.036750 0.057667
0 0.432125 0.140333 0.032750 0.032667
0 0.386000 0.248833 0.037500 0.065667
0 0.320000 0.307667 0.039000 0.052667
0 0.246500 0.288000 0.038500 0.057333
0 0.217750 0.407167 0.049000 0.045000
0 0.162375 0.481167 0.047750 0.042333
0 0.126250 0.406167 0.056000 0.049667
0 0.028625 0.444667 0.040250 0.040000
0 0.007625 0.413833 0.014750 0.040333
0 0.040375 0.357000 0.040750 0.041333
0 0.204000 0.147000 0.047000 0.043333
0 0.294375 0.139167 0.029250 0.026333
