0 0.399375 0.347167 0.040750 0.059667
0 0.074125 0.187667 0.042750 0.047333
0 0.412250 0.200000 0.041000 0.066667
0 0.669500 0.386333 0.048000 0.052000
0 0.209625 0.143167 0.048250 0.039667
0 0.032625 0.140167 0.036250 0.031000
0 0.200875 0.253833 0.040750 0.037667
0 0.493500 0.325667 0.038000 0.070667
0 0.039875 0.302667 0.051750 0.039333
0 0.451875 0.497167 0.041250 0.066333
0 0.116500 0.341833 0.047000 0.052333
0 0.192125 0.396667 0.049750 0.045333
0 0.297625 0.311500 0.050750 0.064333
0 0.361250 0.479167 0.051000 0.060333
0 0.251125 0.502500 0.051750 0.048333
0 0.249125 0.625500 0.049250 0.036333
0 0.270125 0.747500 0.036250 0.033000
0 0.360625 0.753167 0.040750 0.057000
0 0.468125 0.773333 0.033750 0.061333
0 0.597500 0.664833 0.041000 0.067667
0 0.679375 0.717000 0.038750 0.056000
0 0.817875 0.650167 0.035250 0.055000
0 0.315250 0.134000 0.031500 0.017333
0 0.013250 0.221333 0.026000 0.036667
0 0.576250 0.140667 0.043500 0.032000
0 0.474250 0.645333 0.034000 0.050000
