0 0.703000 0.196500 0.042000 0.055667
0 0.219000 0.413833 0.046500 0.058333
0 0.391500 0.315667 0.043000 0.059333
0 0.467500 0.377833 0.042000 0.058333
0 0.133250 0.209500 0.040000 0.049667
0 0.264625 0.208667 0.041250 0.059333
0 0.734250 0.447167 0.049500 0.063000
0 0.657625 0.650833 0.048250 0.081667
0 0.559000 0.190667 0.054000 0.070667
0 0.290250 0.309333 0.048500 0.071333
0 0.202250 0.333500 0.040000 0.053667
0 0.229000 0.146167 0.032000 0.043667
0 0.082375 0.438167 0.048250 0.058333
0 0.208250 0.243667 0.036000 0.050667
0 0.630750 0.556167 0.048000 0.060333
0 0.716500 0.175167 0.033500 0.032333
0 0.413250 0.441833 0.053000 0.066333
0 0.757375 0.723667 0.040250 0.062000
0 0.077750 0.355667 0.062500 0.066667
0 0.714500 0.319000 0.048000 0.058667
0 0.194375 0.146000 0.032750 0.044000
0 0.574250 0.821167 0.057000 0.065000
0 0.209375 0.514167 0.056750 0.063667
0 0.315375 0.414333 0.036750 0.064667
0 0.779625 0.350833 0.046250 0.077000
0 0.446250 0.568500 0.053500 0.056333
0 0.012250 0.328500 0.024000 0.043000
0 0.443625 0.286167 0.039250 0.061667
0 0.053000 0.336333 0.037500 0.059333
0 0.493500 0.851833 0.036500 0.047667
0 0.276750 0.773833 0.045000 0.045000
0 0.340500 0.723000 0.033500 0.056667
0 0.417625 0.698500 0.043750 0.057667
0 0.343375 0.613667 0.043750 0.054667
0 0.343625 0.532500 0.055750 0.062333
0 0.017375 0.771500 0.034250 0.052333
0 0.152375 0.577667 0.044750 0.054000
0 0.204125 0.611833 0.056250 0.052333
0 0.247125 0.664667 0.047250 0.061333
0 0.261375 0.543167 0.048250 0.059000
0 0.024750 0.537500 0.049000 0.047667
0 0.093500 0.526167 0.045500 0.041667
0 0.148875 0.485500 0.056250 0.042333
0 0.271750 0.441333 0.040500 0.055333
0 0.527625 0.274167 0.044250 0.045667
0 0.575000 0.383833 0.049500 0.070333
0 0.683875 0.384833 0.047750 0.062333
0 0.622250 0.279500 0.051500 0.053000
0 0.842500 0.277333 0.045500 0.054667
0 0.727500 0.596833 0.037500 0.053000
0 0.818250 0.492833 0.048500 0.058333
0 0.733375 0.810167 0.039750 0.058333
0 0.561375 0.687167 0.039250 0.059000
0 0.598375 0.717000 0.042750 0.062667
0 0.359250 0.840167 0.037000 0.054333
0 0.410875 0.863500 0.035750 0.024333
0 0.396750 0.136667 0.041500 0.023333
0 0.108875 0.153000 0.044250 0.045333
0 0.159125 0.147333 0.032250 0.034000
0 0.033000 0.210833 0.033500 0.047667
0 0.083000 0.258667 0.042500 0.040000
0 0.124750 0.284500 0.046500 0.059667
0 0.015125 0.249333 0.029750 0.027333
0 0.066750 0.137167 0.029500 0.025667
0 0.025750 0.409000 0.041500 0.054667
0 0.573625 0.546167 0.044250 0.057667
