0 0.398500 0.159833 0.054500 0.066333
0 0.172375 0.165000 0.045750 0.062667
0 0.244125 0.599833 0.043750 0.063000
0 0.152000 0.454333 0.040000 0.053333
0 0.013125 0.223167 0.025750 0.049667
0 0.541125 0.444833 0.040750 0.059667
0 0.463625 0.153167 0.037750 0.046333
0 0.588875 0.380167 0.046250 0.063667
0 0.556000 0.290000 0.039000 0.048000
0 0.245875 0.389667 0.040750 0.058000
0 0.016500 0.316167 0.032500 0.053667
0 0.224625 0.241167 0.046250 0.045667
0 0.076250 0.157333 0.042500 0.047333
0 0.302875 0.177167 0.037250 0.051667
0 0.266500 0.303000 0.042500 0.058667
0 0.586625 0.589833 0.036750 0.055000
0 0.710250 0.156667 0.040000 0.054000
0 0.181250 0.326000 0.047500 0.050667
0 0.116875 0.200667 0.041750 0.057333
0 0.710125 0.707167 0.035750 0.049000
0 0.384125 0.288167 0.039250 0.052333
0 0.540000 0.230500 0.032000 0.047000
0 0.455750 0.667667 0.042000 0.062667
0 0.642375 0.479167 0.034750 0.051000
0 0.646000 0.206167 0.036500 0.065667
0 0.481625 0.848500 0.039750 0.051667
0 0.593000 0.776500 0.042000 0.053000
0 0.700375 0.812167 0.031750 0.041000
0 0.633875 0.698500 0.035250 0.053000
0 0.625625 0.636000 0.039250 0.061333
0 0.732500 0.648500 0.045000 0.051667
0 0.824250 0.629500 0.046500 0.059000
0 0.488125 0.544667 0.059750 0.053333
0 0.412250 0.527833 0.042000 0.047000
0 0.368250 0.451500 0.055000 0.075667
0 0.410875 0.474333 0.041250 0.044000
0 0.707500 0.337833 0.053000 0.060333
0 0.639250 0.329500 0.057500 0.059000
0 0.740750 0.233667 0.049000 0.049333
0 0.761500 0.143167 0.038000 0.035000
0 0.547000 0.138500 0.045500 0.025667
0 0.488125 0.271833 0.039250 0.059000
0 0.207125 0.464500 0.051250 0.047000
0 0.250625 0.536333 0.047250 0.051333
0 0.305500 0.495833 0.042000 0.064333
0 0.298000 0.396167 0.037500 0.051667
0 0.323000 0.576000 0.042000 0.061333
0 0.343500 0.670667 0.041000 0.055333
0 0.431000 0.726167 0.037500 0.058333
0 0.264875 0.694667 0.035750 0.051333
0 0.261125 0.751500 0.038750 0.048333
0 0.021875 0.794333 0.039750 0.044667
0 0.178500 0.612000 0.047000 0.045333
0 0.118875 0.543500 0.059750 0.046333
0 0.051000 0.446167 0.059000 0.039667
0 0.113375 0.389667 0.048750 0.040000
0 0.083625 0.302333 0.055250 0.062000
0 0.141250 0.142833 0.024000 0.040333
