0 0.283375 0.219000 0.025250 0.031333
0 0.398875 0.521167 0.036250 0.051667
0 0.687750 0.329500 0.036500 0.055000
0 0.711625 0.438000 0.045250 0.049333
0 0.472000 0.320667 0.041500 0.047333
0 0.818750 0.740833 0.051000 0.059667
0 0.766500 0.265667 0.036000 0.041333
0 0.691875 0.259000 0.036250 0.041333
0 0.193375 0.249667 0.020750 0.030667
0 0.475500 0.499833 0.039500 0.055000
0 0.826375 0.303167 0.034750 0.037667
0 0.459750 0.199333 0.030500 0.041333
0 0.574250 0.198333 0.027000 0.036000
0 0.377375 0.174500 0.031750 0.035000
0 0.515375 0.182167 0.023250 0.036333
0 0.932750 0.312500 0.029500 0.043667
0 0.237375 0.566833 0.039750 0.043667
0 0.163750 0.413833 0.027500 0.031667
0 0.754500 0.148167 0.038000 0.051667
0 0.269000 0.322333 0.033500 0.043333
0 0.367375 0.355667 0.038750 0.044667
0 0.717750 0.190000 0.030000 0.042000
0 0.830375 0.162167 0.027750 0.038333
0 0.730875 0.086667 0.029250 0.041333
0 0.352750 0.269833 0.032000 0.038333
0 0.677125 0.153667 0.026750 0.040000
0 0.270875 0.257667 0.024250 0.032000
0 0.766875 0.344500 0.033750 0.042333
0 0.569625 0.330333 0.033250 0.054667
0 0.120500 0.461167 0.029500 0.037667
0 0.227625 0.419167 0.024250 0.033667
0 0.230375 0.224667 0.022750 0.032000
0 0.313125 0.365333 0.030750 0.048000
0 0.066250 0.577000 0.024500 0.022000
0 0.085625 0.654167 0.018250 0.027667
0 0.859375 0.321000 0.033750 0.050000
0 0.126000 0.550500 0.030500 0.034333
0 0.044250 0.519000 0.019500 0.026000
0 0.222750 0.310000 0.021500 0.032667
0 0.201375 0.475167 0.027750 0.035000
0 0.881000 0.157000 0.039000 0.045333
0 0.536375 0.240000 0.028250 0.039333
0 0.741000 0.685500 0.048000 0.063000
0 0.957375 0.208500 0.028750 0.041667
0 0.063875 0.419333 0.020250 0.029333
0 0.417125 0.251167 0.031250 0.035000
0 0.057875 0.358333 0.014250 0.020667
0 0.929625 0.179167 0.034750 0.039667
0 0.071625 0.325333 0.017250 0.023333
0 0.341125 0.215667 0.025250 0.033333
0 0.069500 0.299500 0.017000 0.023000
0 0.078750 0.389167 0.018500 0.025667
0 0.313250 0.516667 0.036500 0.046667
0 0.349000 0.178500 0.024000 0.038333
0 0.626375 0.505333 0.045250 0.056000
0 0.233250 0.278333 0.023500 0.028667
0 0.005250 0.358500 0.010000 0.017000
0 0.095000 0.349500 0.016000 0.023000
0 0.142750 0.345667 0.017000 0.024667
0 0.115375 0.371500 0.018250 0.023667
0 0.055125 0.398833 0.018750 0.020333
0 0.058125 0.377833 0.014750 0.018333
0 0.850000 0.551667 0.046000 0.058667
0 0.886500 0.465000 0.039500 0.050667
0 0.250500 0.442667 0.040000 0.038000
0 0.020875 0.397167 0.015750 0.021667
0 0.005875 0.451333 0.011250 0.023333
0 0.168000 0.387000 0.025500 0.024000
0 0.026250 0.336667 0.012500 0.016000
0 0.163625 0.164500 0.015250 0.018333
0 0.901875 0.238000 0.023750 0.038667
0 0.181500 0.635167 0.038000 0.037667
0 0.126750 0.303667 0.016500 0.020667
0 0.133875 0.398500 0.018750 0.028333
0 0.184375 0.329167 0.023750 0.034333
0 0.990125 0.653500 0.019750 0.058333
0 0.036375 0.457833 0.016750 0.023000
0 0.985750 0.329000 0.028500 0.042000
0 0.197625 0.586000 0.035250 0.049333
0 0.884375 0.250500 0.032750 0.028333
0 0.097125 0.562667 0.022250 0.028667
0 0.789750 0.122333 0.028500 0.038000
0 0.770250 0.397167 0.042000 0.056333
0 0.151000 0.301833 0.019000 0.021667
0 0.622375 0.138500 0.039750 0.052333
0 0.756000 0.572333 0.024500 0.058000
0 0.038875 0.356333 0.013250 0.018000
0 0.441000 0.386000 0.031000 0.054667
0 0.021625 0.352000 0.012250 0.016667
0 0.891625 0.697333 0.047250 0.054000
0 0.953250 0.612167 0.044000 0.061000
0 0.979625 0.431500 0.040750 0.061000
0 0.643375 0.412000 0.040750 0.060667
0 0.553375 0.693167 0.035250 0.060333
0 0.525875 0.395333 0.041750 0.043333
0 0.434375 0.639500 0.037750 0.050333
0 0.452750 0.272333 0.045000 0.050667
0 0.348250 0.626833 0.046500 0.044333
0 0.288875 0.616833 0.047250 0.036333
0 0.243500 0.685500 0.033500 0.050333
0 0.170875 0.252000 0.018250 0.027333
0 0.100000 0.423667 0.021000 0.020000
0 0.165125 0.604000 0.024750 0.038000
0 0.111375 0.301167 0.014250 0.023667
0 0.091750 0.333667 0.016500 0.012000
0 0.053500 0.476333 0.022000 0.021333
0 0.073000 0.512500 0.026000 0.023000
0 0.108750 0.652667 0.030500 0.043333
0 0.042500 0.633500 0.027000 0.034333
0 0.042750 0.599167 0.033500 0.027667
0 0.013000 0.639667 0.023500 0.023333
0 0.002875 0.607167 0.005250 0.027000
0 0.024250 0.549667 0.020000 0.024000
0 0.017375 0.559333 0.016750 0.018000
0 0.002375 0.527333 0.004250 0.016000
0 0.038250 0.475167 0.015000 0.024333
0 0.006875 0.435833 0.010750 0.012333
0 0.006375 0.410333 0.012250 0.024000
0 0.011875 0.374833 0.011250 0.011667
0 0.038250 0.345167 0.017000 0.012333
0 0.061500 0.334667 0.011000 0.015333
0 0.043500 0.376333 0.013500 0.016667
