0 0.751250 0.339667 0.037000 0.056000
0 0.218125 0.354500 0.026750 0.031667
0 0.216500 0.484167 0.028000 0.043667
0 0.125125 0.560333 0.031250 0.036000
0 0.264000 0.261333 0.024500 0.033333
0 0.294375 0.295000 0.029250 0.037333
0 0.417125 0.532167 0.028250 0.052333
0 0.426000 0.140000 0.027500 0.036000
0 0.374625 0.253500 0.032750 0.042333
0 0.374125 0.198667 0.024750 0.032000
0 0.617500 0.261333 0.045500 0.054000
0 0.348500 0.352833 0.030000 0.043667
0 0.623125 0.134333 0.043250 0.051333
0 0.247500 0.570500 0.047000 0.043000
0 0.570125 0.344833 0.050750 0.057000
0 0.291750 0.383667 0.036000 0.049333
0 0.264750 0.459000 0.043000 0.040667
0 0.501125 0.520833 0.035250 0.055000
0 0.075125 0.287500 0.017250 0.021667
0 0.352750 0.118667 0.026500 0.038667
0 0.920125 0.362000 0.030750 0.043333
0 0.088625 0.374000 0.017750 0.025333
0 0.545375 0.082000 0.024250 0.036667
0 0.076500 0.445333 0.019500 0.025333
0 0.344875 0.502833 0.041250 0.060333
0 0.703500 0.199333 0.027500 0.040667
0 0.257500 0.206333 0.023000 0.028667
0 0.799125 0.195333 0.029750 0.042000
0 0.150875 0.355000 0.018250 0.028667
0 0.554625 0.177500 0.024250 0.036333
0 0.789625 0.135833 0.021250 0.041000
0 0.891250 0.182833 0.041000 0.053667
0 0.748250 0.154000 0.026500 0.036000
0 0.053375 0.422000 0.020250 0.022000
0 0.050000 0.518000 0.018000 0.024667
0 0.502875 0.183833 0.023750 0.040333
0 0.168000 0.284833 0.020000 0.023000
0 0.033000 0.466000 0.018000 0.023333
0 0.971500 0.198167 0.027000 0.040333
0 0.062250 0.470500 0.021000 0.021667
0 0.240875 0.310000 0.026250 0.034667
0 0.830750 0.176333 0.030500 0.038000
0 0.112125 0.299500 0.014750 0.022333
0 0.080875 0.315833 0.017250 0.019667
0 0.216125 0.227667 0.025750 0.026667
0 0.955000 0.285500 0.029500 0.050333
0 0.212750 0.315333 0.025500 0.030667
0 0.241125 0.419833 0.029250 0.041000
0 0.951875 0.418667 0.050750 0.064000
0 0.099875 0.340833 0.019250 0.021667
0 0.483875 0.320833 0.040750 0.061000
0 0.310500 0.207833 0.026500 0.035000
0 0.018000 0.434333 0.014000 0.020667
0 0.123000 0.406667 0.020500 0.022667
0 0.202625 0.205833 0.016250 0.023667
0 0.042125 0.359667 0.011750 0.016000
0 0.045625 0.379667 0.013750 0.020000
0 0.713375 0.430167 0.034750 0.061000
0 0.922125 0.557167 0.041250 0.045667
0 0.125500 0.312333 0.017000 0.023333
0 0.004250 0.484833 0.008000 0.020333
0 0.049250 0.338667 0.015500 0.017333
0 0.008500 0.450333 0.013500 0.020000
0 0.005250 0.368500 0.010000 0.015667
0 0.982250 0.633833 0.035500 0.055667
0 0.075000 0.416000 0.025000 0.024000
0 0.162750 0.117667 0.012000 0.014000
0 0.663000 0.509833 0.029500 0.056333
0 0.721375 0.274333 0.031250 0.047333
0 0.029375 0.557667 0.022250 0.026667
0 0.071375 0.588000 0.024750 0.028667
0 0.025875 0.353167 0.013750 0.013000
0 0.064500 0.376333 0.018500 0.018667
0 0.006000 0.519833 0.011500 0.019000
0 0.008250 0.597000 0.016000 0.027333
0 0.083250 0.515833 0.023500 0.021667
0 0.030375 0.332667 0.012250 0.017333
0 0.235875 0.268500 0.027250 0.030333
0 0.790250 0.542333 0.044000 0.066667
0 0.016750 0.473000 0.015000 0.018000
0 0.654500 0.671833 0.047500 0.057667
0 0.821375 0.351500 0.037750 0.041667
0 0.161750 0.425500 0.028000 0.035667
0 0.945750 0.170333 0.024000 0.036667
0 0.852250 0.735333 0.052000 0.062000
0 0.991250 0.533167 0.017500 0.046333
0 0.538625 0.407167 0.038250 0.042333
0 0.006750 0.408667 0.013000 0.020667
0 0.910125 0.704000 0.039250 0.048000
0 0.915000 0.457667 0.037000 0.051333
0 0.985000 0.297000 0.025000 0.038667
0 0.896875 0.236833 0.024750 0.033000
0 0.946375 0.257667 0.025250 0.025333
0 0.867625 0.302833 0.030750 0.038333
0 0.882750 0.333500 0.041500 0.049000
0 0.799750 0.274500 0.036000 0.037667
0 0.680250 0.158167 0.033500 0.039000
0 0.652375 0.416833 0.041750 0.062333
0 0.779875 0.683000 0.050250 0.056000
0 0.462750 0.655333 0.047000 0.043333
0 0.556375 0.287167 0.024250 0.026333
0 0.590125 0.212500 0.021250 0.029000
0 0.461250 0.263500 0.032000 0.036333
0 0.453375 0.224833 0.026750 0.036333
0 0.378625 0.166667 0.030250 0.036000
0 0.438125 0.406000 0.050250 0.074667
0 0.389500 0.654167 0.047000 0.049667
0 0.305875 0.606333 0.041250 0.037333
0 0.255250 0.704167 0.044500 0.042333
0 0.196750 0.676833 0.041500 0.046333
0 0.185000 0.582000 0.027000 0.035333
0 0.210125 0.605000 0.041250 0.058000
0 0.309875 0.188667 0.024250 0.020000
0 0.203125 0.383333 0.032250 0.044000
0 0.167250 0.305833 0.025500 0.030333
0 0.104250 0.324167 0.014500 0.017000
0 0.132500 0.420167 0.028000 0.025000
0 0.104000 0.573333 0.029000 0.034667
0 0.116625 0.671333 0.031750 0.032667
0 0.087625 0.658667 0.027250 0.030667
0 0.041250 0.643333 0.030000 0.030667
0 0.045875 0.592667 0.027250 0.024667
0 0.016375 0.613000 0.019750 0.024000
0 0.037125 0.536167 0.018250 0.025667
0 0.004625 0.503167 0.008750 0.013667
0 0.064875 0.354500 0.016250 0.021667
0 0.066125 0.327333 0.014750 0.018000
0 0.031875 0.374167 0.014750 0.019667
0 0.017250 0.376833 0.014000 0.017667
0 0.869250 0.584667 0.036000 0.058667
