0 0.218625 0.701333 0.038750 0.050000
0 0.388375 0.265667 0.051250 0.061333
0 0.359750 0.188000 0.040500 0.055333
0 0.307125 0.178333 0.037250 0.054667
0 0.118875 0.149000 0.035250 0.048000
0 0.184750 0.240833 0.045000 0.054333
0 0.704375 0.185000 0.040750 0.045333
0 0.825375 0.250833 0.046250 0.059667
0 0.567625 0.508333 0.049750 0.051333
0 0.535250 0.362333 0.048000 0.065333
0 0.448625 0.448167 0.059250 0.064333
0 0.606125 0.257333 0.045250 0.058000
0 0.525500 0.271833 0.041500 0.057667
0 0.756875 0.855333 0.043250 0.036667
0 0.010750 0.190500 0.021000 0.047000
0 0.609750 0.458167 0.041500 0.059000
0 0.259500 0.607167 0.045500 0.051000
0 0.572625 0.153500 0.041750 0.055000
0 0.203625 0.317000 0.052250 0.059333
0 0.255500 0.468167 0.047500 0.054333
0 0.072750 0.171000 0.036000 0.053333
0 0.425000 0.727667 0.060000 0.085333
0 0.344875 0.345000 0.028750 0.040667
0 0.249125 0.259667 0.037750 0.059333
0 0.196125 0.571167 0.054250 0.053000
0 0.366125 0.466667 0.039250 0.061333
0 0.372375 0.151667 0.033750 0.038667
0 0.024500 0.364500 0.024500 0.040333
0 0.318750 0.373000 0.022500 0.051333
0 0.628250 0.624833 0.056000 0.075667
0 0.151500 0.355500 0.040500 0.055000
0 0.012125 0.262000 0.023750 0.041333
0 0.711500 0.657333 0.035500 0.048000
0 0.753375 0.700333 0.035750 0.053333
0 0.734500 0.816333 0.032000 0.049333
0 0.575625 0.805167 0.036750 0.057000
0 0.591375 0.863167 0.038250 0.027667
0 0.492000 0.856000 0.041000 0.038667
0 0.399875 0.838500 0.043750 0.063000
0 0.307000 0.763333 0.036500 0.042667
0 0.233125 0.790333 0.051750 0.055333
0 0.298000 0.688667 0.035500 0.050667
0 0.352000 0.567167 0.053000 0.058333
0 0.300625 0.517833 0.032750 0.052333
0 0.125875 0.589167 0.044250 0.052333
0 0.018875 0.780667 0.037250 0.052667
0 0.032500 0.511833 0.051500 0.058333
0 0.116125 0.443667 0.039250 0.046667
0 0.145625 0.484167 0.044250 0.049000
0 0.044625 0.400667 0.047250 0.046667
0 0.056125 0.303167 0.052750 0.053667
0 0.108750 0.304333 0.039500 0.054667
0 0.135625 0.217167 0.037750 0.041000
0 0.159250 0.167833 0.038000 0.054333
0 0.030625 0.141167 0.038250 0.031000
0 0.742000 0.587000 0.042500 0.046667
0 0.692375 0.546667 0.045750 0.058667
0 0.744125 0.453000 0.048250 0.045333
0 0.823500 0.502167 0.043000 0.049000
0 0.766625 0.326167 0.039250 0.058333
0 0.648625 0.355667 0.045750 0.074000
0 0.452875 0.134000 0.028250 0.016667
0 0.328250 0.265500 0.040500 0.051000
0 0.265625 0.379833 0.046750 0.046333
0 0.408625 0.645333 0.049250 0.062000
0 0.498750 0.679833 0.054500 0.069000
0 0.451500 0.567333 0.059000 0.065333
