0 0.921406 0.398333 0.044062 0.041333
0 0.964844 0.154500 0.032188 0.043000
0 0.883437 0.225167 0.038750 0.033667
0 0.904375 0.623833 0.047500 0.062333
0 0.950781 0.099000 0.027813 0.032667
0 0.801875 0.068167 0.022500 0.037000
0 0.982344 0.512167 0.035312 0.045667
0 0.811094 0.691500 0.054062 0.063667
0 0.856094 0.250333 0.046562 0.040000
0 0.884844 0.330333 0.044062 0.052000
0 0.988437 0.359833 0.023125 0.050333
0 0.804531 0.543167 0.054688 0.058333
0 0.995469 0.443333 0.009062 0.044000
0 0.996094 0.249833 0.007812 0.031667
0 0.492031 0.728000 0.059687 0.062000
0 0.584844 0.487167 0.054688 0.069000
0 0.961562 0.628167 0.063750 0.074333
0 0.939375 0.452167 0.046250 0.057667
0 0.817813 0.161667 0.039375 0.041333
0 0.938750 0.205000 0.026875 0.028667
