0 0.887500 0.335333 0.038125 0.047333
0 0.119688 0.569667 0.051875 0.044667
0 0.878125 0.625667 0.060625 0.055333
0 0.795625 0.237500 0.040000 0.041667
0 0.313750 0.210000 0.035625 0.033333
0 0.664687 0.524667 0.045625 0.050667
0 0.422656 0.277167 0.049063 0.039000
0 0.523750 0.209500 0.044375 0.053667
0 0.206406 0.334833 0.034063 0.035667
0 0.776406 0.190167 0.031563 0.034333
0 0.376875 0.147333 0.035000 0.034000
0 0.061719 0.433667 0.037187 0.037333
0 0.039062 0.323333 0.033750 0.035333
0 0.593281 0.446667 0.059687 0.068000
0 0.110469 0.270167 0.030937 0.031000
0 0.387188 0.053667 0.027500 0.033333
0 0.308750 0.149500 0.031875 0.039667
0 0.235156 0.221833 0.029687 0.035667
0 0.417969 0.069500 0.023438 0.031667
0 0.379844 0.107667 0.032813 0.036667
0 0.540156 0.093167 0.034688 0.037000
0 0.947500 0.176000 0.032500 0.034667
0 0.080469 0.728333 0.050937 0.052000
0 0.603125 0.287667 0.035625 0.045333
0 0.312969 0.498000 0.044687 0.061333
0 0.267656 0.430667 0.051562 0.054000
0 0.970781 0.133500 0.027187 0.033000
0 0.841875 0.135333 0.026875 0.036000
0 0.431875 0.211500 0.038125 0.042333
0 0.043906 0.229500 0.024063 0.025667
0 0.050469 0.387500 0.045937 0.039667
0 0.073281 0.195500 0.030312 0.037000
0 0.374688 0.446833 0.051875 0.057000
0 0.103906 0.370500 0.030937 0.037667
0 0.377969 0.355333 0.043437 0.057333
0 0.236719 0.083333 0.024688 0.031333
0 0.781406 0.578000 0.041563 0.048000
0 0.478125 0.148000 0.029375 0.038000
0 0.180312 0.182833 0.029375 0.031667
0 0.928125 0.240333 0.036250 0.044000
0 0.039844 0.169000 0.024063 0.027333
0 0.238906 0.166333 0.032188 0.035333
0 0.642500 0.145833 0.028750 0.031667
0 0.687187 0.297833 0.035625 0.041667
0 0.128438 0.148667 0.023125 0.026000
0 0.896406 0.483167 0.049688 0.051000
0 0.181562 0.130667 0.026250 0.033333
0 0.325000 0.083333 0.025000 0.030667
0 0.689063 0.173833 0.031250 0.038333
0 0.643594 0.052667 0.029687 0.035333
0 0.169844 0.213167 0.028438 0.031667
0 0.022031 0.480833 0.035937 0.032333
0 0.793438 0.483333 0.053125 0.055333
0 0.483594 0.081000 0.029063 0.036000
0 0.981406 0.515167 0.037187 0.056333
0 0.589375 0.030833 0.027500 0.039667
0 0.174219 0.258167 0.035312 0.033000
0 0.903906 0.132000 0.027187 0.031333
0 0.940781 0.116167 0.030312 0.031667
0 0.765000 0.099333 0.025000 0.043333
0 0.307500 0.573833 0.045000 0.062333
0 0.601406 0.171500 0.027187 0.033667
0 0.687500 0.342667 0.045625 0.052667
0 0.044062 0.534000 0.048750 0.037333
0 0.500313 0.429333 0.041875 0.052000
0 0.064219 0.272333 0.025313 0.027333
0 0.712812 0.072167 0.023750 0.023000
0 0.368750 0.267667 0.046875 0.043333
0 0.977656 0.663000 0.044687 0.051333
0 0.275156 0.570833 0.017188 0.047000
0 0.982031 0.327833 0.035937 0.051667
0 0.842969 0.078500 0.029063 0.029667
0 0.990781 0.198333 0.018437 0.041333
0 0.088438 0.639333 0.043750 0.044000
0 0.287500 0.260667 0.044375 0.048667
0 0.126250 0.221500 0.033125 0.039000
0 0.015469 0.237500 0.027813 0.032333
0 0.470156 0.059167 0.028438 0.031000
0 0.986719 0.120333 0.022812 0.029333
0 0.686875 0.215500 0.035625 0.041667
0 0.603750 0.091000 0.031250 0.036667
0 0.913906 0.161167 0.031563 0.033000
0 0.983750 0.446333 0.032500 0.058667
0 0.891563 0.226500 0.037500 0.037667
0 0.853906 0.176167 0.030937 0.030333
0 0.852812 0.096333 0.025000 0.024667
0 0.796875 0.294833 0.040625 0.039667
0 0.780312 0.351667 0.047500 0.062000
0 0.693125 0.644833 0.046875 0.057667
0 0.755156 0.113333 0.024688 0.032000
0 0.689219 0.089333 0.034063 0.033333
0 0.601094 0.201667 0.039062 0.035333
0 0.547813 0.551500 0.046875 0.055000
0 0.553906 0.659167 0.050937 0.045667
0 0.430781 0.679333 0.061562 0.058667
0 0.305781 0.757667 0.061562 0.052667
0 0.429063 0.557667 0.048125 0.058000
0 0.570937 0.378500 0.038750 0.037667
0 0.506250 0.323167 0.042500 0.041667
0 0.192500 0.734167 0.053750 0.047000
0 0.094062 0.470500 0.046250 0.045667
0 0.011094 0.346333 0.021562 0.031333
0 0.154688 0.314500 0.040000 0.039667
0 0.099844 0.196667 0.027813 0.030000
0 0.297031 0.362333 0.040313 0.042667
0 0.208594 0.447167 0.042813 0.046333
0 0.197187 0.608000 0.055625 0.049333
