0 0.439375 0.185000 0.046250 0.066667
0 0.601875 0.159333 0.040250 0.060667
0 0.608375 0.290500 0.036750 0.061667
0 0.664750 0.419500 0.043500 0.065000
0 0.578750 0.398000 0.053000 0.071333
0 0.166000 0.150000 0.037000 0.051333
0 0.738000 0.189000 0.041000 0.055333
0 0.437875 0.708667 0.049750 0.085333
0 0.540250 0.557167 0.042000 0.065667
0 0.663375 0.281500 0.052250 0.059667
0 0.201500 0.195000 0.043000 0.056000
0 0.605000 0.648000 0.048000 0.077333
0 0.019000 0.559667 0.016500 0.023333
0 0.803125 0.293500 0.044250 0.053000
0 0.253875 0.823667 0.045750 0.069333
0 0.472250 0.584000 0.045000 0.062667
0 0.014250 0.139667 0.026500 0.030667
0 0.663625 0.552333 0.038750 0.058000
0 0.350000 0.409833 0.039000 0.083667
0 0.542250 0.239833 0.040500 0.059000
0 0.596125 0.843833 0.035750 0.053000
0 0.725375 0.830167 0.039750 0.053000
0 0.725125 0.742000 0.042750 0.052000
0 0.503250 0.855333 0.042000 0.050000
0 0.403750 0.790500 0.045500 0.058333
0 0.323625 0.725000 0.038750 0.050000
0 0.388125 0.584333 0.050750 0.061333
0 0.444000 0.492167 0.042000 0.056333
0 0.469500 0.400333 0.058500 0.081333
0 0.808125 0.422167 0.039250 0.058333
0 0.748375 0.414667 0.048250 0.055333
0 0.768250 0.574333 0.042500 0.056000
0 0.828875 0.617000 0.047750 0.055333
0 0.751750 0.142333 0.047000 0.033333
0 0.514875 0.331667 0.047250 0.066667
0 0.345000 0.502667 0.038000 0.055333
0 0.231375 0.486333 0.047250 0.062000
0 0.194375 0.586000 0.051750 0.062667
0 0.106000 0.540500 0.051000 0.051000
0 0.017125 0.789333 0.033750 0.054667
0 0.258000 0.649167 0.055000 0.062333
0 0.047125 0.500333 0.042750 0.048000
0 0.177625 0.416333 0.044250 0.050667
0 0.108375 0.398000 0.048750 0.066000
0 0.112625 0.311000 0.047250 0.050667
0 0.157125 0.310167 0.047750 0.052333
0 0.066000 0.366000 0.045000 0.039333
0 0.017875 0.396667 0.035250 0.044667
0 0.031625 0.265000 0.047750 0.044000
0 0.009625 0.278000 0.018750 0.045333
0 0.109125 0.216333 0.047250 0.050667
0 0.041250 0.196500 0.046500 0.064333
0 0.260000 0.169000 0.051000 0.066667
0 0.310625 0.226167 0.038750 0.058333
0 0.261375 0.278000 0.047250 0.054667
0 0.233875 0.369167 0.042250 0.064333
0 0.380750 0.321667 0.048500 0.050667
0 0.677125 0.626167 0.051250 0.064333
0 0.356875 0.645167 0.039250 0.047667
0 0.341250 0.850333 0.059000 0.055333
0 0.608625 0.743167 0.034750 0.056333
