0 0.720500 0.156667 0.043000 0.060667
0 0.368375 0.228333 0.037750 0.061333
0 0.828000 0.266833 0.033500 0.054333
0 0.366250 0.351667 0.042500 0.063333
0 0.436250 0.640333 0.054500 0.074667
0 0.205625 0.252500 0.045250 0.057000
0 0.278500 0.339833 0.048500 0.063667
0 0.092250 0.185667 0.040500 0.051333
0 0.600625 0.159000 0.045250 0.060667
0 0.304000 0.475833 0.041500 0.057667
0 0.058000 0.276167 0.036500 0.049000
0 0.162250 0.382667 0.040000 0.045333
0 0.299500 0.243667 0.044000 0.070000
0 0.558500 0.461667 0.052500 0.076667
0 0.802000 0.148500 0.042000 0.048333
0 0.797375 0.249667 0.035750 0.047333
0 0.840250 0.381833 0.029500 0.041667
0 0.338500 0.333000 0.016000 0.044667
0 0.281000 0.155833 0.034500 0.043000
0 0.137250 0.462167 0.059000 0.060333
0 0.729625 0.411500 0.049250 0.074333
0 0.020625 0.189333 0.040750 0.048000
0 0.291125 0.698000 0.060750 0.086667
0 0.625500 0.308333 0.047000 0.074000
0 0.464000 0.822667 0.053500 0.057333
0 0.598375 0.857500 0.033750 0.041000
0 0.726000 0.836333 0.042000 0.053333
0 0.708625 0.754167 0.032250 0.047667
0 0.565125 0.756000 0.044250 0.056000
0 0.611750 0.647667 0.033000 0.054667
0 0.567750 0.585500 0.038000 0.054333
0 0.620625 0.448500 0.035750 0.059000
0 0.668625 0.511667 0.043250 0.061333
0 0.767375 0.594667 0.048750 0.053333
0 0.734625 0.692500 0.043750 0.053000
0 0.834375 0.616667 0.043250 0.059333
0 0.801750 0.411667 0.047000 0.046000
0 0.753750 0.336333 0.037500 0.050000
0 0.562625 0.234500 0.040250 0.070333
0 0.656625 0.134500 0.028250 0.020333
0 0.454250 0.150333 0.045500 0.055333
0 0.499000 0.134333 0.021000 0.016000
0 0.477250 0.265833 0.042000 0.063667
0 0.506375 0.390500 0.051750 0.064333
0 0.465625 0.480500 0.038750 0.053667
0 0.391500 0.539667 0.050500 0.072000
0 0.292375 0.552167 0.052250 0.042333
0 0.344875 0.619833 0.047250 0.065000
0 0.239500 0.611000 0.045500 0.061333
0 0.197250 0.558667 0.053000 0.055333
0 0.114875 0.582167 0.059750 0.052333
0 0.019875 0.800333 0.039250 0.049333
0 0.272750 0.835500 0.044000 0.050333
0 0.020250 0.482500 0.040000 0.045667
0 0.011375 0.406500 0.022250 0.037000
0 0.102125 0.420500 0.053250 0.047000
0 0.035250 0.348333 0.045000 0.050000
0 0.062625 0.324167 0.044750 0.051667
0 0.133250 0.303333 0.059000 0.072000
0 0.208625 0.446167 0.059750 0.062333
0 0.138750 0.229500 0.054000 0.056333
0 0.170875 0.145333 0.045250 0.048667
0 0.358625 0.146167 0.040250 0.043667
0 0.351250 0.434167 0.033500 0.057667
0 0.680125 0.347333 0.043750 0.056667
0 0.785500 0.513667 0.045500 0.068000
0 0.213125 0.340500 0.049250 0.059667
