0 0.600000 0.187167 0.040500 0.051667
0 0.450875 0.337833 0.048250 0.066333
0 0.479875 0.614833 0.044250 0.053000
0 0.450000 0.210500 0.047000 0.056333
0 0.351375 0.236333 0.047750 0.050000
0 0.120125 0.429167 0.044250 0.052333
0 0.030000 0.201000 0.036500 0.050000
0 0.288125 0.323167 0.043750 0.073000
0 0.257750 0.600000 0.051500 0.082000
0 0.525375 0.187167 0.040750 0.055667
0 0.725750 0.573333 0.040500 0.063333
0 0.568125 0.329833 0.039250 0.061000
0 0.435875 0.495333 0.046250 0.045333
0 0.139875 0.539333 0.055750 0.038000
0 0.084375 0.365833 0.039750 0.041667
0 0.092500 0.275500 0.040500 0.046333
0 0.388750 0.399500 0.043000 0.063667
0 0.394875 0.845833 0.036750 0.058333
0 0.451000 0.147500 0.034000 0.045667
0 0.393750 0.634500 0.046000 0.084333
0 0.817125 0.247667 0.039750 0.050667
0 0.577000 0.580667 0.048000 0.058667
0 0.071875 0.134333 0.033250 0.020000
0 0.325250 0.501000 0.015500 0.048000
0 0.549125 0.304667 0.049750 0.052667
0 0.873375 0.392333 0.053750 0.048667
0 0.850000 0.620500 0.046000 0.059000
0 0.745375 0.676667 0.050750 0.050667
0 0.676875 0.731000 0.037750 0.072000
0 0.593000 0.695333 0.046500 0.062667
0 0.502750 0.770333 0.045000 0.054000
0 0.282750 0.816667 0.038000 0.050000
0 0.304750 0.704333 0.048000 0.048000
0 0.206500 0.678000 0.049000 0.054667
0 0.176250 0.575833 0.049000 0.049000
0 0.205000 0.520667 0.043000 0.054667
0 0.272750 0.481667 0.054500 0.048000
0 0.241125 0.420667 0.050750 0.044000
0 0.029625 0.590000 0.051750 0.042667
0 0.055125 0.448167 0.046750 0.050333
0 0.115500 0.197167 0.053500 0.047000
0 0.139750 0.141333 0.050000 0.032667
0 0.172250 0.238833 0.037000 0.040333
0 0.014000 0.487000 0.025500 0.063333
0 0.021625 0.292667 0.040750 0.062000
0 0.629500 0.483667 0.047000 0.060000
0 0.549625 0.463500 0.048250 0.086333
0 0.678250 0.286667 0.039500 0.053333
0 0.700375 0.422333 0.062750 0.066667
0 0.027375 0.130667 0.030250 0.012667
0 0.216000 0.155667 0.042500 0.046000
0 0.744125 0.272167 0.046750 0.075000
0 0.562625 0.777667 0.044750 0.050667
