0 0.705375 0.333667 0.035750 0.058000
0 0.429375 0.375667 0.038250 0.046667
0 0.479875 0.311167 0.033250 0.053000
0 0.773000 0.268167 0.035500 0.041667
0 0.870875 0.311833 0.043250 0.057000
0 0.288000 0.217167 0.022500 0.032333
0 0.271625 0.257500 0.026750 0.035667
0 0.930750 0.173833 0.027000 0.043000
0 0.268875 0.445000 0.033750 0.042667
0 0.483625 0.182833 0.027750 0.037000
0 0.674875 0.158167 0.030250 0.043667
0 0.354500 0.262333 0.036000 0.042667
0 0.615375 0.134167 0.032250 0.046333
0 0.200000 0.490833 0.029000 0.042333
0 0.374000 0.345833 0.029000 0.041667
0 0.881375 0.156500 0.040250 0.049000
0 0.347250 0.209500 0.030500 0.038333
0 0.305125 0.362000 0.032750 0.040000
0 0.563125 0.324667 0.042250 0.054667
0 0.537250 0.221500 0.028000 0.041000
0 0.694375 0.265500 0.035750 0.045000
0 0.402250 0.155667 0.026500 0.039333
0 0.771000 0.086833 0.023500 0.035667
0 0.076750 0.507833 0.022000 0.025667
0 0.818250 0.288000 0.028500 0.049333
0 0.777625 0.549000 0.033250 0.058667
0 0.366000 0.174000 0.029500 0.040000
0 0.190250 0.247500 0.024000 0.028333
0 0.880000 0.260167 0.033000 0.039000
0 0.230625 0.303167 0.023250 0.035000
0 0.064125 0.423833 0.022250 0.028333
0 0.230000 0.594167 0.037500 0.041000
0 0.397750 0.523833 0.037000 0.053667
0 0.232000 0.224333 0.023500 0.029333
0 0.303125 0.605833 0.043750 0.055000
0 0.520750 0.167000 0.023500 0.037333
0 0.630875 0.528333 0.041750 0.060000
0 0.042625 0.386167 0.014750 0.023667
0 0.706875 0.477333 0.049250 0.060667
0 0.478875 0.503500 0.033250 0.051667
0 0.041000 0.521667 0.021000 0.022667
0 0.138000 0.395500 0.021500 0.029667
0 0.164625 0.391667 0.023250 0.020667
0 0.419625 0.246000 0.028750 0.029333
0 0.123250 0.308667 0.019500 0.022000
0 0.071125 0.298333 0.017250 0.021333
0 0.944625 0.309833 0.033750 0.046333
0 0.028375 0.307167 0.012750 0.018333
0 0.094750 0.353000 0.017500 0.023333
0 0.273125 0.323833 0.030750 0.039667
0 0.073250 0.326833 0.015500 0.025667
0 0.118625 0.551833 0.026250 0.035667
0 0.314125 0.523333 0.033750 0.052000
0 0.115000 0.369000 0.019000 0.024000
0 0.170625 0.254000 0.016750 0.034000
0 0.012000 0.430833 0.014500 0.017000
0 0.037875 0.364167 0.015250 0.017000
0 0.190375 0.334833 0.023250 0.029000
0 0.751750 0.151667 0.035000 0.047333
0 0.107500 0.409667 0.020000 0.020667
0 0.215500 0.449333 0.031000 0.038000
0 0.951125 0.201000 0.036250 0.044000
0 0.062125 0.336833 0.014750 0.017667
0 0.722125 0.102000 0.024750 0.034667
0 0.061250 0.374833 0.014000 0.019000
0 0.029125 0.333000 0.012750 0.016000
0 0.717125 0.195667 0.034250 0.040667
0 0.057500 0.356500 0.014500 0.020333
0 0.081875 0.380167 0.015250 0.021667
0 0.231500 0.270500 0.026000 0.027000
0 0.830625 0.160667 0.027250 0.040667
0 0.180250 0.082167 0.011000 0.015000
0 0.897375 0.466000 0.039750 0.048000
0 0.576875 0.204500 0.028750 0.029667
0 0.087000 0.651167 0.024000 0.031000
0 0.211500 0.557667 0.031500 0.036667
0 0.066750 0.577167 0.022500 0.024333
0 0.057375 0.469667 0.025250 0.022667
0 0.990625 0.328167 0.018750 0.053667
0 0.360875 0.621833 0.045750 0.047667
0 0.235750 0.698833 0.038500 0.048333
0 0.047875 0.412500 0.014250 0.023000
0 0.187250 0.445167 0.024500 0.035667
0 0.153750 0.296500 0.019500 0.022333
0 0.995750 0.269333 0.008500 0.042667
0 0.040875 0.607333 0.017750 0.022000
0 0.980875 0.299333 0.021750 0.023333
0 0.913000 0.258833 0.027000 0.035667
0 0.953625 0.616000 0.044750 0.052667
0 0.990000 0.631667 0.020000 0.048000
0 0.889250 0.710000 0.045500 0.058667
0 0.828375 0.756333 0.042250 0.040667
0 0.760875 0.727333 0.045750 0.058667
0 0.858500 0.561333 0.039000 0.052667
0 0.779250 0.354167 0.036500 0.041000
0 0.575125 0.698000 0.036250 0.064667
0 0.620125 0.403333 0.052750 0.052000
0 0.460625 0.269167 0.048250 0.045000
0 0.533000 0.397500 0.040500 0.047667
0 0.428500 0.668667 0.037000 0.047333
0 0.184875 0.627667 0.036250 0.048667
0 0.164625 0.613333 0.027250 0.035333
0 0.113125 0.653500 0.026750 0.047000
0 0.165500 0.419167 0.030000 0.035000
0 0.134500 0.360333 0.021500 0.026000
0 0.118750 0.449500 0.026000 0.033000
0 0.099250 0.572000 0.027000 0.032000
0 0.042500 0.634500 0.026500 0.029667
0 0.006250 0.604667 0.012000 0.026667
0 0.026625 0.556000 0.025250 0.021333
0 0.012875 0.552667 0.010250 0.015333
0 0.004125 0.525833 0.007750 0.016333
0 0.036750 0.458500 0.013500 0.021000
0 0.006500 0.409000 0.012500 0.019333
0 0.012750 0.381333 0.013500 0.009333
0 0.006375 0.357667 0.010750 0.012667
0 0.002375 0.371167 0.004250 0.011000
0 0.015125 0.369000 0.013250 0.012667
0 0.024375 0.350000 0.011250 0.012667
0 0.038125 0.346000 0.014250 0.013333
0 0.110250 0.304667 0.016500 0.022000
0 0.561750 0.265167 0.038500 0.054333
0 0.982125 0.429333 0.035750 0.058000
0 0.992250 0.507667 0.015500 0.033333
