0 0.228875 0.182167 0.037250 0.057000
0 0.364625 0.297667 0.043250 0.068000
0 0.419125 0.794667 0.030750 0.056000
0 0.325250 0.771500 0.037500 0.052333
0 0.243500 0.781833 0.034000 0.048333
0 0.056875 0.754500 0.049250 0.039667
0 0.276000 0.665500 0.041000 0.049000
0 0.311750 0.609500 0.051000 0.046333
0 0.267625 0.515833 0.034750 0.048333
0 0.154375 0.474500 0.047750 0.035667
0 0.266250 0.420000 0.041000 0.060000
0 0.203250 0.335167 0.051000 0.053667
0 0.147250 0.339833 0.039000 0.047667
0 0.128000 0.206833 0.050500 0.054333
0 0.327625 0.136333 0.031750 0.026000
0 0.441625 0.221667 0.034750 0.050667
0 0.592625 0.384833 0.035750 0.057667
0 0.646875 0.279833 0.030750 0.053667
0 0.746125 0.236000 0.040250 0.043333
0 0.478750 0.482167 0.038500 0.061667
0 0.679000 0.427667 0.038000 0.060000
0 0.830000 0.451500 0.042000 0.057667
0 0.837000 0.610167 0.040500 0.057000
0 0.747500 0.554833 0.038500 0.046333
0 0.731875 0.754667 0.042750 0.050000
0 0.728250 0.858667 0.034000 0.031333
0 0.675750 0.865833 0.033500 0.021000
0 0.591750 0.751333 0.049000 0.065333
0 0.544375 0.650333 0.048250 0.055333
0 0.671375 0.608000 0.042250 0.060000
0 0.106625 0.135167 0.043250 0.023667
0 0.415250 0.720667 0.048500 0.054667
0 0.413125 0.536667 0.043750 0.044000
