0 0.278375 0.243333 0.047250 0.051333
0 0.749250 0.185500 0.046000 0.060333
0 0.468500 0.398667 0.062000 0.073333
0 0.625500 0.568667 0.044000 0.059333
0 0.610125 0.199667 0.038250 0.067333
0 0.266125 0.533167 0.045250 0.057000
0 0.740250 0.288667 0.042000 0.050667
0 0.527500 0.176833 0.054000 0.068333
0 0.135125 0.167333 0.048750 0.047333
0 0.392125 0.731167 0.040250 0.062333
0 0.652125 0.282500 0.040750 0.061000
0 0.356375 0.456000 0.048250 0.068000
0 0.220375 0.421000 0.055250 0.066667
0 0.184125 0.200000 0.050750 0.077333
0 0.208375 0.278167 0.040750 0.060333
0 0.550000 0.479833 0.041500 0.069000
0 0.030875 0.352667 0.043750 0.044667
0 0.612250 0.342333 0.053500 0.052000
0 0.457500 0.511833 0.058000 0.066333
0 0.615125 0.737667 0.047250 0.073333
0 0.007625 0.165333 0.014750 0.037333
0 0.044125 0.161667 0.044250 0.048667
0 0.018500 0.794000 0.036500 0.045333
0 0.238375 0.856500 0.043250 0.041667
0 0.231625 0.784000 0.051250 0.056000
0 0.314250 0.648833 0.050500 0.058333
0 0.277875 0.581500 0.040250 0.037000
0 0.183750 0.635667 0.047000 0.045333
0 0.200625 0.572667 0.036750 0.048667
0 0.156375 0.506667 0.065250 0.056000
0 0.103500 0.470333 0.049500 0.054667
0 0.088750 0.527167 0.054000 0.047000
0 0.012250 0.443167 0.024000 0.041000
0 0.051250 0.417833 0.045000 0.043000
0 0.128500 0.319333 0.062000 0.054000
0 0.356875 0.253833 0.057250 0.059000
0 0.435875 0.221667 0.036750 0.072000
0 0.488250 0.277167 0.033500 0.059000
0 0.505250 0.332167 0.029000 0.045000
0 0.360625 0.347000 0.045250 0.066667
0 0.389000 0.592000 0.049000 0.085333
0 0.453875 0.635500 0.047750 0.069667
0 0.495750 0.846167 0.041000 0.060333
0 0.390500 0.811333 0.049500 0.057333
0 0.414000 0.845833 0.053500 0.057000
0 0.563500 0.256833 0.042000 0.065000
0 0.666125 0.455500 0.034750 0.058333
0 0.750000 0.429500 0.050500 0.059000
0 0.785000 0.321167 0.033000 0.048333
0 0.828750 0.624667 0.042000 0.056667
0 0.706000 0.657500 0.041000 0.053000
0 0.725750 0.851000 0.032000 0.045333
0 0.598000 0.862333 0.042000 0.028000
0 0.611750 0.653333 0.041000 0.066000
0 0.275375 0.389000 0.047750 0.066000
0 0.342250 0.738667 0.036500 0.056667
0 0.170125 0.377500 0.050250 0.058333
0 0.061500 0.250500 0.047500 0.037667
0 0.015625 0.313167 0.030750 0.031000
