0 0.127125 0.245167 0.041750 0.055000
0 0.580500 0.205000 0.041500 0.060667
0 0.486750 0.209500 0.039000 0.060333
0 0.678125 0.205500 0.048750 0.066333
0 0.015000 0.223500 0.029500 0.053000
0 0.382875 0.510667 0.047750 0.061333
0 0.101875 0.145167 0.041750 0.043667
0 0.288000 0.156167 0.041000 0.054333
0 0.032875 0.323833 0.047250 0.053667
0 0.303875 0.473333 0.050750 0.072000
0 0.445750 0.364667 0.047500 0.068000
0 0.411250 0.269167 0.039000 0.049000
0 0.260625 0.855333 0.041750 0.040000
0 0.165375 0.229667 0.026750 0.050000
0 0.628125 0.521667 0.039750 0.054000
0 0.560000 0.334667 0.040000 0.060000
0 0.447500 0.582833 0.035500 0.054333
0 0.582625 0.707833 0.041250 0.058333
0 0.444375 0.470833 0.047250 0.068333
0 0.661125 0.426167 0.038250 0.063667
0 0.012875 0.448167 0.025250 0.043000
0 0.416375 0.689500 0.058750 0.083667
0 0.199250 0.236000 0.043500 0.059333
0 0.241250 0.444333 0.064500 0.065333
0 0.318750 0.231833 0.033500 0.049000
0 0.731250 0.402167 0.043000 0.063000
0 0.195875 0.332167 0.042250 0.058333
0 0.556125 0.633333 0.046750 0.062667
0 0.555125 0.436000 0.048250 0.066000
0 0.429500 0.148000 0.041000 0.048667
0 0.082750 0.416333 0.049000 0.055333
0 0.143750 0.381000 0.050500 0.062000
0 0.078250 0.503667 0.053500 0.045333
0 0.149500 0.488667 0.051500 0.060667
0 0.024125 0.796667 0.047750 0.049333
0 0.185000 0.633333 0.043000 0.060667
0 0.232125 0.651333 0.043250 0.066667
0 0.277625 0.564333 0.044250 0.071333
0 0.334750 0.657500 0.049500 0.068333
0 0.476750 0.846833 0.041500 0.057667
0 0.603750 0.855333 0.038500 0.045333
0 0.706875 0.819667 0.047250 0.080000
0 0.731500 0.723167 0.045500 0.064333
0 0.828500 0.619667 0.045000 0.063333
0 0.679000 0.536667 0.042500 0.050667
0 0.677375 0.658167 0.039250 0.063667
0 0.492250 0.613833 0.032500 0.058333
0 0.517875 0.516667 0.052250 0.059333
0 0.664250 0.322667 0.045000 0.065333
0 0.755375 0.200333 0.047750 0.056667
0 0.815750 0.143167 0.045500 0.036333
0 0.201500 0.139833 0.037500 0.029667
0 0.151750 0.302167 0.042500 0.041000
0 0.279625 0.369167 0.053750 0.075000
0 0.363250 0.415833 0.042500 0.074333
0 0.305625 0.744667 0.060250 0.072667
