0 0.650000 0.468167 0.041500 0.045667
0 0.547750 0.155333 0.050000 0.059333
0 0.754500 0.195833 0.042000 0.065000
0 0.649500 0.700833 0.042000 0.060333
0 0.229375 0.175333 0.039250 0.053333
0 0.468750 0.270333 0.040500 0.050667
0 0.663625 0.144000 0.033250 0.039333
0 0.375750 0.214500 0.049000 0.063667
0 0.436875 0.538500 0.047750 0.067667
0 0.204750 0.249167 0.041000 0.048333
0 0.246625 0.829000 0.038750 0.060000
0 0.408125 0.325500 0.057750 0.058333
0 0.438625 0.762000 0.038250 0.061333
0 0.060000 0.759000 0.043000 0.039333
0 0.234250 0.658333 0.041500 0.057333
0 0.259750 0.537500 0.054000 0.069000
0 0.140625 0.514333 0.052250 0.048667
0 0.173125 0.428667 0.046750 0.054667
0 0.274750 0.275333 0.042000 0.060000
0 0.358125 0.139333 0.034250 0.028667
0 0.432375 0.459833 0.043750 0.057667
0 0.381875 0.696167 0.055250 0.069667
0 0.451250 0.857167 0.049500 0.038333
0 0.599500 0.818500 0.034500 0.058333
0 0.753250 0.843167 0.046500 0.059000
0 0.721625 0.671167 0.042750 0.054333
0 0.827375 0.619667 0.050750 0.050000
0 0.688375 0.610167 0.044250 0.057000
0 0.578500 0.467667 0.040500 0.066000
0 0.719750 0.392833 0.045500 0.040333
0 0.588125 0.316333 0.034750 0.056667
0 0.547500 0.664333 0.045500 0.072667
