0 0.835125 0.290000 0.039750 0.056000
0 0.178375 0.242833 0.038250 0.047000
0 0.374750 0.157000 0.040500 0.056000
0 0.282500 0.351667 0.043500 0.062000
0 0.255250 0.209167 0.049500 0.062333
0 0.053125 0.183000 0.038250 0.050000
0 0.480500 0.373667 0.042500 0.067333
0 0.857125 0.408500 0.045750 0.063000
0 0.665750 0.420500 0.028500 0.063000
0 0.450125 0.517333 0.048250 0.050667
0 0.129875 0.145167 0.038250 0.041000
0 0.369000 0.341500 0.052500 0.047000
0 0.230875 0.435667 0.042750 0.042000
0 0.783875 0.293000 0.042250 0.053333
0 0.503875 0.657333 0.032250 0.068667
0 0.387000 0.443833 0.052000 0.078333
0 0.097000 0.365667 0.046500 0.060667
0 0.580750 0.422667 0.043500 0.067333
0 0.835125 0.290000 0.039750 0.056000
0 0.178375 0.242833 0.038250 0.047000
0 0.374750 0.157000 0.040500 0.056000
0 0.282500 0.351667 0.043500 0.062000
0 0.255500 0.209833 0.049000 0.063667
0 0.480500 0.373667 0.042500 0.067333
0 0.857125 0.408500 0.045750 0.063000
0 0.665750 0.420500 0.028500 0.063000
0 0.450125 0.517333 0.048250 0.050667
0 0.230875 0.435667 0.042750 0.042000
0 0.783875 0.293000 0.042250 0.053333
0 0.503875 0.657333 0.032250 0.068667
0 0.387000 0.443833 0.052000 0.078333
0 0.580750 0.422667 0.043500 0.067333
0 0.690375 0.148500 0.057250 0.046333
0 0.325750 0.141500 0.065500 0.034333
0 0.447500 0.238333 0.047500 0.066667
0 0.674500 0.304000 0.043500 0.049333
0 0.804875 0.663500 0.049250 0.057000
0 0.707625 0.641000 0.048250 0.072000
0 0.669250 0.764167 0.046000 0.077667
0 0.585000 0.845833 0.042000 0.060333
0 0.504750 0.789500 0.047500 0.063667
0 0.405625 0.672833 0.042750 0.062333
0 0.376625 0.563000 0.049250 0.075333
0 0.291500 0.501833 0.055000 0.039000
0 0.252500 0.619000 0.039500 0.045333
0 0.280250 0.705000 0.058000 0.049333
0 0.288625 0.783000 0.034750 0.040000
0 0.204750 0.681500 0.046000 0.060333
0 0.173500 0.584833 0.048500 0.048333
0 0.142250 0.513667 0.048500 0.056000
0 0.204375 0.316333 0.054750 0.044000
0 0.037125 0.589500 0.057250 0.050333
0 0.019500 0.771333 0.038500 0.050667
0 0.026500 0.818000 0.039500 0.038667
0 0.011250 0.322833 0.017000 0.037667
0 0.009625 0.187167 0.018750 0.037667
0 0.063250 0.452333 0.048500 0.049333
0 0.016500 0.489833 0.032500 0.052333
0 0.529000 0.198833 0.042500 0.055000
0 0.588750 0.249667 0.040500 0.055333
0 0.802375 0.152667 0.055250 0.049333
0 0.597250 0.627167 0.046000 0.065000
0 0.634750 0.529167 0.041500 0.052333
0 0.545750 0.546500 0.045500 0.058333
0 0.216875 0.532500 0.035250 0.048333
0 0.137000 0.422333 0.045000 0.050667
0 0.113750 0.304500 0.040500 0.051667
0 0.050625 0.281667 0.039250 0.044000
0 0.114875 0.219667 0.047250 0.038000
