0 0.749531 0.334667 0.042813 0.042667
0 0.023594 0.527167 0.046562 0.043667
0 0.254219 0.233167 0.033438 0.036333
0 0.678281 0.258333 0.038437 0.043333
0 0.361094 0.434500 0.058438 0.051000
0 0.715625 0.517000 0.054375 0.060667
0 0.809219 0.192167 0.034063 0.044333
0 0.030469 0.388333 0.037812 0.035333
0 0.476562 0.126833 0.032500 0.040333
0 0.232344 0.425833 0.048438 0.041667
0 0.277344 0.152833 0.037812 0.036333
0 0.439844 0.146167 0.033438 0.043000
0 0.663750 0.114667 0.031250 0.037333
0 0.618437 0.280333 0.056250 0.057333
0 0.710625 0.057833 0.022500 0.028333
0 0.515469 0.174500 0.036562 0.046333
0 0.098437 0.148833 0.030625 0.030333
0 0.425469 0.196500 0.033438 0.041000
0 0.602969 0.648500 0.059062 0.063000
0 0.059687 0.337000 0.029375 0.036000
0 0.310469 0.100167 0.030312 0.036333
0 0.499844 0.391833 0.045937 0.058333
0 0.099844 0.421500 0.045937 0.043000
0 0.666719 0.166500 0.037187 0.045000
0 0.389844 0.065167 0.032188 0.033000
0 0.362969 0.205833 0.037812 0.041667
0 0.035625 0.187667 0.024375 0.030667
0 0.220781 0.088500 0.025937 0.029667
0 0.095625 0.347667 0.037500 0.036667
0 0.451406 0.072167 0.027187 0.033667
0 0.806250 0.081167 0.035625 0.037000
0 0.366719 0.150333 0.035312 0.042000
0 0.655937 0.066667 0.031250 0.034000
0 0.562187 0.050333 0.029375 0.034667
0 0.201563 0.150500 0.026875 0.031000
0 0.432031 0.245833 0.035937 0.043000
0 0.587500 0.406667 0.055000 0.056667
0 0.127656 0.680333 0.067187 0.048000
0 0.586875 0.525000 0.044375 0.070667
0 0.866563 0.128500 0.031250 0.032333
0 0.377344 0.097500 0.032813 0.036333
0 0.473906 0.469167 0.058438 0.052333
0 0.751563 0.428500 0.050000 0.061000
0 0.728125 0.133167 0.036250 0.042333
0 0.784219 0.156833 0.031563 0.037667
0 0.200469 0.267833 0.034063 0.041000
0 0.853906 0.090667 0.023438 0.029333
0 0.533750 0.261500 0.038750 0.047667
0 0.986875 0.279833 0.026250 0.040333
0 0.968125 0.147667 0.033125 0.028667
0 0.012812 0.324333 0.025000 0.034667
0 0.434063 0.350833 0.023750 0.045000
0 0.964063 0.345833 0.036250 0.041667
0 0.082656 0.215833 0.034688 0.035000
0 0.694219 0.411167 0.040938 0.058333
0 0.440781 0.565167 0.055313 0.061000
0 0.558438 0.098333 0.036250 0.043333
0 0.932969 0.277500 0.026562 0.028333
0 0.596562 0.149833 0.031250 0.040333
0 0.153750 0.121167 0.022500 0.023667
0 0.851562 0.424667 0.044375 0.058667
0 0.151250 0.043667 0.023750 0.021333
0 0.078906 0.132667 0.025313 0.028000
0 0.225938 0.743333 0.058750 0.041333
0 0.012031 0.005833 0.016563 0.011000
0 0.895312 0.291833 0.036875 0.037667
0 0.681406 0.344167 0.043437 0.043000
0 0.294844 0.298167 0.052812 0.053667
0 0.974063 0.548333 0.051875 0.053333
0 0.407344 0.353167 0.027813 0.055000
0 0.993125 0.321500 0.013750 0.041000
0 0.830781 0.238500 0.035937 0.041667
0 0.930469 0.618500 0.042813 0.052333
0 0.908594 0.510667 0.038437 0.053333
0 0.844688 0.527000 0.056250 0.062000
0 0.830937 0.622667 0.047500 0.052000
0 0.762188 0.669167 0.059375 0.050333
0 0.989062 0.467667 0.021875 0.034667
0 0.905312 0.421333 0.041875 0.049333
0 0.938750 0.310000 0.036875 0.038667
0 0.973750 0.173167 0.030000 0.036333
0 0.954844 0.102167 0.027187 0.036333
0 0.873281 0.204000 0.029687 0.034000
0 0.791094 0.293833 0.039062 0.040333
0 0.845469 0.338833 0.034063 0.045667
0 0.698750 0.224667 0.027500 0.030000
0 0.630781 0.176833 0.034063 0.042333
0 0.703906 0.090167 0.029687 0.029000
0 0.406875 0.699833 0.065000 0.071667
0 0.278281 0.644167 0.045937 0.059000
0 0.215938 0.187500 0.030000 0.035667
0 0.288750 0.238000 0.046875 0.037333
0 0.151406 0.454833 0.048438 0.044333
0 0.156406 0.549333 0.056563 0.052667
0 0.021094 0.734833 0.041563 0.037667
0 0.010000 0.648333 0.019375 0.030000
0 0.062656 0.572000 0.048438 0.033333
0 0.106875 0.525500 0.046875 0.032333
0 0.169687 0.350000 0.044375 0.048667
0 0.114531 0.308500 0.033438 0.035000
0 0.090469 0.255333 0.040313 0.040000
0 0.065156 0.264500 0.019688 0.045000
0 0.020156 0.271000 0.031563 0.031333
0 0.013437 0.244000 0.022500 0.021333
