0 0.736500 0.202500 0.039500 0.060333
0 0.218375 0.176833 0.033750 0.052333
0 0.450125 0.227500 0.043750 0.073667
0 0.620875 0.702167 0.047250 0.060333
0 0.455250 0.342167 0.033500 0.061000
0 0.747750 0.843500 0.032500 0.050333
0 0.152500 0.251000 0.040000 0.057333
0 0.450000 0.506667 0.052500 0.062667
0 0.607125 0.502167 0.042250 0.048333
0 0.192875 0.430333 0.037750 0.064000
0 0.756000 0.555000 0.037500 0.050667
0 0.795500 0.305000 0.033000 0.054667
0 0.833000 0.608833 0.049500 0.065000
0 0.714250 0.691000 0.040500 0.060667
0 0.586125 0.780667 0.047750 0.066000
0 0.428500 0.746500 0.042500 0.064333
0 0.391875 0.721667 0.039750 0.060000
0 0.280000 0.806333 0.045500 0.066000
0 0.242625 0.860167 0.043750 0.034333
0 0.064875 0.754500 0.039250 0.041000
0 0.293500 0.472333 0.053500 0.055333
0 0.221000 0.554500 0.058500 0.060333
0 0.293250 0.575333 0.045000 0.054000
0 0.302625 0.644333 0.047750 0.055333
0 0.353250 0.593167 0.037500 0.042333
0 0.238500 0.371167 0.067000 0.074333
0 0.201500 0.291000 0.051000 0.060667
0 0.287875 0.231167 0.043250 0.063667
0 0.577250 0.252667 0.033500 0.060000
0 0.686750 0.307167 0.042000 0.065667
0 0.745875 0.136000 0.031750 0.020667
0 0.185875 0.135833 0.034750 0.019000
0 0.560875 0.367500 0.040250 0.059000
0 0.740375 0.404833 0.042750 0.063000
0 0.658375 0.611167 0.044250 0.063667
0 0.321375 0.373833 0.043250 0.067667
