0 0.219875 0.189833 0.042250 0.057000
0 0.338125 0.236000 0.043250 0.050667
0 0.016000 0.183333 0.031500 0.045333
0 0.120875 0.401167 0.041250 0.048333
0 0.425500 0.337167 0.042500 0.057000
0 0.081875 0.178500 0.046750 0.045667
0 0.452250 0.190833 0.043500 0.065000
0 0.222625 0.622833 0.050250 0.059000
0 0.304000 0.494833 0.052500 0.059000
0 0.535375 0.262667 0.052750 0.048000
0 0.959000 0.665000 0.006500 0.010000
0 0.125750 0.250167 0.052500 0.034333
0 0.074875 0.303000 0.049250 0.038667
0 0.265750 0.129833 0.042000 0.015000
0 0.283875 0.327833 0.052250 0.049000
0 0.190875 0.294500 0.050250 0.053667
0 0.210875 0.553833 0.033750 0.037667
0 0.269500 0.741667 0.053500 0.064667
0 0.345500 0.749667 0.039000 0.068000
0 0.443875 0.650833 0.038750 0.046333
0 0.488750 0.737667 0.044500 0.056667
0 0.583750 0.770667 0.049500 0.062000
0 0.666875 0.645667 0.050750 0.042667
0 0.803125 0.665333 0.029750 0.058000
0 0.544250 0.513667 0.031500 0.051333
0 0.488250 0.456667 0.030500 0.034667
0 0.014875 0.311500 0.029250 0.043000
0 0.369000 0.137833 0.050000 0.025000
