0 0.359500 0.378500 0.039000 0.045000
0 0.709625 0.261833 0.033250 0.049667
0 0.701375 0.334500 0.033250 0.058333
0 0.472625 0.327333 0.034250 0.051333
0 0.624625 0.536667 0.051250 0.060667
0 0.273250 0.258333 0.024500 0.034000
0 0.721000 0.450167 0.049500 0.051000
0 0.168375 0.423500 0.027250 0.033667
0 0.784000 0.277500 0.033000 0.037667
0 0.567500 0.326333 0.035500 0.048000
0 0.366125 0.280833 0.032250 0.041000
0 0.433750 0.221500 0.023500 0.037667
0 0.256375 0.456000 0.033750 0.043333
0 0.524000 0.195167 0.026500 0.043000
0 0.114625 0.375500 0.021750 0.025000
0 0.124125 0.544833 0.030750 0.040333
0 0.781875 0.090333 0.022750 0.032667
0 0.202250 0.486667 0.029500 0.034000
0 0.595875 0.233667 0.033750 0.048667
0 0.484750 0.206667 0.030500 0.042000
0 0.047625 0.514500 0.020250 0.026333
0 0.298750 0.222500 0.022500 0.032333
0 0.938625 0.307000 0.034250 0.048667
0 0.240250 0.559167 0.034500 0.039667
0 0.475125 0.516833 0.032750 0.050333
0 0.352750 0.210667 0.028500 0.036000
0 0.237375 0.222333 0.024750 0.030000
0 0.426000 0.383667 0.041000 0.042667
0 0.084125 0.506333 0.024750 0.029333
0 0.847000 0.283833 0.030000 0.047000
0 0.178000 0.250500 0.019000 0.032333
0 0.627875 0.143000 0.040250 0.050000
0 0.821500 0.148833 0.029500 0.036333
0 0.228875 0.307667 0.022750 0.034667
0 0.233750 0.277333 0.022500 0.026000
0 0.466875 0.264167 0.035250 0.037667
0 0.043375 0.428333 0.018750 0.023333
0 0.927000 0.174833 0.024000 0.044333
0 0.880750 0.249333 0.027500 0.037333
0 0.958750 0.211500 0.026000 0.039667
0 0.872000 0.315500 0.037000 0.055667
0 0.398125 0.158000 0.024750 0.039333
0 0.146625 0.356167 0.021750 0.027000
0 0.072875 0.297333 0.016250 0.018667
0 0.264375 0.322167 0.029750 0.036333
0 0.092375 0.350333 0.017750 0.022667
0 0.744375 0.144167 0.039250 0.049667
0 0.122875 0.308500 0.019250 0.021667
0 0.725875 0.097667 0.025750 0.032667
0 0.074375 0.322833 0.016750 0.022333
0 0.065000 0.237000 0.010500 0.015333
0 0.671750 0.145500 0.025500 0.043667
0 0.203000 0.246833 0.021500 0.028333
0 0.924125 0.549333 0.046750 0.062667
0 0.238375 0.726667 0.038750 0.050667
0 0.923000 0.265167 0.028500 0.039000
0 0.289375 0.365500 0.038250 0.039667
0 0.107125 0.302000 0.014250 0.024000
0 0.190000 0.332833 0.023000 0.031000
0 0.042375 0.377833 0.014250 0.020333
0 0.165000 0.349667 0.017500 0.024000
0 0.160125 0.296667 0.022250 0.020667
0 0.010375 0.352833 0.010750 0.014333
0 0.736250 0.675167 0.053500 0.061000
0 0.317000 0.520333 0.039500 0.048667
0 0.986250 0.302833 0.025500 0.036333
0 0.026750 0.335000 0.012000 0.016000
0 0.167875 0.393833 0.026750 0.023000
0 0.036875 0.366500 0.013750 0.018333
0 0.556750 0.219667 0.029000 0.046667
0 0.161125 0.593500 0.026750 0.033000
0 0.039500 0.604667 0.026000 0.028000
0 0.067500 0.429000 0.024500 0.023333
0 0.039500 0.344833 0.010000 0.014333
0 0.109375 0.412333 0.021750 0.022667
0 0.038625 0.458500 0.016250 0.020333
0 0.002250 0.371667 0.004000 0.012000
0 0.406375 0.534333 0.035750 0.048000
0 0.568375 0.194500 0.021750 0.023000
0 0.994875 0.629500 0.010250 0.053667
0 0.701500 0.203667 0.027500 0.039333
0 0.099375 0.569333 0.023250 0.030667
0 0.138750 0.404000 0.024000 0.027333
0 0.022500 0.380000 0.015000 0.018667
0 0.580000 0.693000 0.040000 0.056000
0 0.992250 0.329167 0.015500 0.044333
0 0.165125 0.316333 0.023750 0.022000
0 0.853875 0.555500 0.040250 0.052333
0 0.975000 0.754167 0.043500 0.056333
0 0.888125 0.711000 0.045250 0.057333
0 0.824250 0.720000 0.040000 0.052000
0 0.776250 0.559000 0.043000 0.053333
0 0.881125 0.157833 0.041250 0.054333
0 0.792375 0.363333 0.035750 0.047333
0 0.652875 0.437500 0.042750 0.071667
0 0.454000 0.655000 0.042500 0.056000
0 0.532500 0.397833 0.038500 0.052333
0 0.397500 0.629500 0.041500 0.048333
0 0.372875 0.177167 0.025250 0.039667
0 0.298750 0.610500 0.035500 0.039667
0 0.171250 0.679167 0.036500 0.045000
0 0.104250 0.652167 0.029000 0.031000
0 0.083875 0.644667 0.025750 0.026000
0 0.069000 0.570667 0.024500 0.025333
0 0.045250 0.634333 0.025500 0.034000
0 0.009500 0.622500 0.018500 0.021667
0 0.014375 0.645167 0.023250 0.020333
0 0.027125 0.560000 0.014250 0.020000
0 0.033250 0.525833 0.018500 0.025000
0 0.004000 0.526833 0.007500 0.014333
0 0.061500 0.470500 0.025000 0.023667
0 0.047750 0.476167 0.018000 0.025000
0 0.010000 0.444667 0.011000 0.015333
0 0.013625 0.433000 0.010750 0.011333
0 0.005000 0.408333 0.009500 0.016000
0 0.021375 0.353667 0.009250 0.008667
0 0.012500 0.380500 0.008000 0.014333
0 0.060875 0.332500 0.010750 0.023000
0 0.059000 0.357333 0.017500 0.018667
0 0.060750 0.375833 0.018000 0.017667
0 0.077750 0.393500 0.019500 0.021000
0 0.052750 0.266167 0.017500 0.009667
0 0.022500 0.243333 0.009000 0.010000
0 0.120500 0.465000 0.025500 0.030000
0 0.196250 0.582333 0.038500 0.049333
