0 0.254125 0.351667 0.033750 0.040667
0 0.771625 0.251000 0.030750 0.046667
0 0.239625 0.438667 0.030750 0.041333
0 0.355000 0.324000 0.030000 0.044000
0 0.305000 0.273500 0.022000 0.035000
0 0.729750 0.345333 0.041000 0.055333
0 0.322000 0.301333 0.030000 0.038667
0 0.377625 0.242833 0.033250 0.040333
0 0.698500 0.271667 0.038500 0.050000
0 0.388750 0.189667 0.025000 0.032000
0 0.563500 0.181000 0.026000 0.041333
0 0.257875 0.567667 0.038750 0.041333
0 0.225875 0.213667 0.021250 0.032000
0 0.613875 0.242833 0.034750 0.054333
0 0.467500 0.258667 0.026500 0.037333
0 0.521625 0.262000 0.031750 0.046667
0 0.800625 0.139500 0.023250 0.037667
0 0.831625 0.181167 0.029750 0.037667
0 0.350000 0.506167 0.047500 0.064333
0 0.859875 0.304500 0.028750 0.032333
0 0.105250 0.340667 0.018000 0.024000
0 0.507625 0.128333 0.022250 0.031333
0 0.454875 0.208167 0.029250 0.035667
0 0.692875 0.190167 0.026250 0.043667
0 0.890375 0.235833 0.031750 0.032333
0 0.943125 0.255500 0.029750 0.030333
0 0.513500 0.523333 0.042500 0.056000
0 0.753125 0.146500 0.026750 0.038333
0 0.490125 0.321667 0.038750 0.060667
0 0.191875 0.244833 0.024750 0.030333
0 0.126500 0.393167 0.021000 0.024333
0 0.145125 0.357667 0.021250 0.029333
0 0.518250 0.172667 0.023000 0.031333
0 0.589250 0.332167 0.029000 0.053000
0 0.411250 0.154000 0.024000 0.038667
0 0.325875 0.181000 0.021250 0.032667
0 0.268125 0.206167 0.021750 0.032333
0 0.437375 0.147667 0.028250 0.042000
0 0.787875 0.196167 0.032250 0.040333
0 0.051250 0.428833 0.019500 0.022333
0 0.078500 0.324500 0.015500 0.025000
0 0.276750 0.442000 0.041500 0.040667
0 0.058750 0.362333 0.012500 0.017333
0 0.134625 0.309833 0.016250 0.019000
0 0.440875 0.557833 0.023250 0.048333
0 0.982125 0.645000 0.034750 0.050667
0 0.082000 0.385167 0.018000 0.027667
0 0.673625 0.156000 0.024250 0.036000
0 0.934875 0.437333 0.027750 0.041333
0 0.097375 0.167000 0.012250 0.016667
0 0.093500 0.645167 0.024500 0.035000
0 0.010500 0.454667 0.014000 0.012667
0 0.469500 0.693500 0.041500 0.057667
0 0.995000 0.267667 0.010000 0.040000
0 0.065500 0.331833 0.016500 0.018333
0 0.891875 0.188667 0.035750 0.050667
0 0.009375 0.489500 0.017750 0.020333
0 0.922500 0.383500 0.028500 0.041667
0 0.996000 0.546667 0.008000 0.049333
0 0.118875 0.421000 0.023250 0.029333
0 0.156000 0.423333 0.023500 0.032000
0 0.083375 0.408500 0.022750 0.022333
0 0.362625 0.395000 0.034750 0.044667
0 0.954000 0.288667 0.028500 0.046000
0 0.208250 0.615167 0.043500 0.049667
0 0.171875 0.628000 0.025750 0.042000
0 0.855000 0.673000 0.039500 0.054667
0 0.243125 0.288333 0.027750 0.038667
0 0.026250 0.574167 0.017000 0.021667
0 0.028875 0.420167 0.016250 0.023000
0 0.420375 0.558333 0.015750 0.040667
0 0.003125 0.571833 0.005750 0.023000
0 0.009250 0.779500 0.018000 0.033667
0 0.784750 0.628500 0.044000 0.058333
0 0.618500 0.657833 0.038500 0.053667
0 0.393375 0.655500 0.046750 0.043667
0 0.309875 0.612333 0.044750 0.036000
0 0.262375 0.697833 0.044250 0.041667
0 0.193000 0.711833 0.038500 0.039667
0 0.120750 0.697333 0.034500 0.026667
0 0.007375 0.721500 0.014250 0.025667
0 0.003625 0.743833 0.006750 0.014333
0 0.023625 0.690000 0.023750 0.022667
0 0.010500 0.630833 0.020000 0.027000
0 0.022000 0.557167 0.018000 0.013667
0 0.044500 0.605333 0.025000 0.027333
0 0.069375 0.593667 0.026250 0.023333
0 0.010250 0.519333 0.019500 0.021333
0 0.004375 0.531000 0.008250 0.009333
0 0.041125 0.524333 0.016250 0.026667
0 0.055500 0.505833 0.023000 0.022333
0 0.083250 0.520167 0.024500 0.026333
0 0.127125 0.574833 0.034750 0.031667
0 0.035500 0.470833 0.020000 0.020333
0 0.057750 0.467667 0.019000 0.019333
0 0.070375 0.458167 0.018250 0.023000
0 0.016375 0.382167 0.010250 0.015000
0 0.027750 0.385833 0.014500 0.019667
0 0.006500 0.366500 0.011000 0.014333
0 0.028125 0.338833 0.012750 0.017667
0 0.025625 0.352000 0.010250 0.010667
0 0.042875 0.356833 0.014250 0.018333
0 0.106500 0.320333 0.015500 0.016000
0 0.080250 0.283833 0.018500 0.020333
0 0.127125 0.284833 0.019750 0.018333
0 0.176625 0.283833 0.017250 0.022333
0 0.175750 0.382000 0.028500 0.034000
0 0.225000 0.367500 0.027000 0.034333
0 0.206500 0.488000 0.034500 0.032000
0 0.239375 0.262000 0.021750 0.016667
0 0.456625 0.421500 0.057750 0.075000
0 0.554250 0.409500 0.040500 0.051000
0 0.641500 0.491667 0.039500 0.057333
0 0.671875 0.417667 0.039750 0.062000
0 0.610750 0.135333 0.043000 0.058667
0 0.806250 0.323667 0.032500 0.040667
0 0.881250 0.330833 0.043500 0.052333
0 0.955750 0.176833 0.026000 0.033000
0 0.946250 0.163000 0.029500 0.023333
0 0.987500 0.304333 0.025000 0.033333
0 0.962125 0.398000 0.026750 0.050000
0 0.833625 0.460167 0.038750 0.050333
0 0.737250 0.463833 0.034500 0.053000
0 0.875000 0.518333 0.041500 0.050000
0 0.925375 0.540833 0.038750 0.038333
0 0.893500 0.666667 0.034500 0.061333
0 0.338500 0.193500 0.023500 0.028333
