0 0.773750 0.514667 0.043750 0.058667
0 0.077500 0.456833 0.045000 0.048333
0 0.089375 0.212833 0.033125 0.033667
0 0.092813 0.340833 0.036875 0.039000
0 0.072500 0.555167 0.045625 0.057667
0 0.599688 0.092667 0.040000 0.039333
0 0.140625 0.251500 0.031250 0.035667
0 0.915312 0.314167 0.034375 0.047000
0 0.068437 0.082000 0.021875 0.022667
0 0.046250 0.224333 0.030000 0.026667
0 0.826250 0.263167 0.038125 0.047000
0 0.069531 0.177667 0.027187 0.028000
0 0.377031 0.097000 0.030312 0.034000
0 0.038750 0.297667 0.027500 0.033333
0 0.191719 0.189667 0.034063 0.035333
0 0.039688 0.644167 0.056875 0.049667
0 0.219062 0.247333 0.037500 0.046667
0 0.328594 0.312167 0.045312 0.047000
0 0.011875 0.263833 0.023125 0.031000
0 0.527656 0.187333 0.039688 0.042667
0 0.950156 0.180167 0.030312 0.037000
0 0.639687 0.059167 0.029375 0.035667
0 0.701406 0.046000 0.035312 0.038667
0 0.046250 0.342667 0.031250 0.037333
0 0.129219 0.302167 0.030937 0.031000
0 0.267188 0.243167 0.033125 0.041000
0 0.788594 0.137333 0.029687 0.038000
0 0.027187 0.507833 0.041250 0.043667
0 0.085312 0.291500 0.034375 0.037667
0 0.013906 0.221500 0.025313 0.029000
0 0.936719 0.125667 0.032188 0.032000
0 0.654687 0.229167 0.051875 0.055000
0 0.870000 0.108500 0.028750 0.031667
0 0.253281 0.133167 0.030937 0.029667
0 0.447188 0.230167 0.040625 0.042333
0 0.342656 0.201833 0.035937 0.039000
0 0.387656 0.147000 0.031563 0.037333
0 0.445781 0.176333 0.030312 0.044000
0 0.133594 0.159333 0.027813 0.028667
0 0.373437 0.470333 0.057500 0.053333
0 0.952656 0.290000 0.034063 0.040000
0 0.542344 0.057167 0.024688 0.030333
0 0.965781 0.102500 0.028438 0.033667
0 0.734062 0.079833 0.028750 0.037667
0 0.245469 0.498333 0.057813 0.048667
0 0.882656 0.501000 0.049688 0.060000
0 0.499063 0.089500 0.028125 0.036333
0 0.317812 0.109667 0.026875 0.034667
0 0.183594 0.132000 0.023438 0.026667
0 0.876094 0.387500 0.043437 0.046333
0 0.972500 0.478000 0.047500 0.048667
0 0.986094 0.233500 0.027813 0.036333
0 0.284844 0.401333 0.042188 0.056667
0 0.400469 0.293500 0.038437 0.045667
0 0.012031 0.189333 0.022187 0.024667
0 0.890781 0.058167 0.025937 0.035000
0 0.485000 0.052000 0.027500 0.034000
0 0.274375 0.074833 0.031875 0.035667
0 0.838281 0.116500 0.027813 0.033000
0 0.143906 0.126667 0.025937 0.028000
0 0.151406 0.214833 0.032813 0.033667
0 0.512813 0.140333 0.036875 0.044667
0 0.521094 0.279667 0.042188 0.039333
0 0.890938 0.144667 0.030000 0.036000
0 0.821406 0.170500 0.042813 0.052333
0 0.861406 0.632667 0.050313 0.056000
0 0.938906 0.384833 0.037812 0.041000
0 0.159688 0.480167 0.043125 0.047000
0 0.927344 0.230833 0.030937 0.034333
0 0.287500 0.143833 0.034375 0.037667
0 0.784375 0.310833 0.034375 0.037000
0 0.839531 0.322000 0.037187 0.042667
0 0.290000 0.199167 0.036250 0.032333
0 0.912813 0.199000 0.026875 0.034667
0 0.180938 0.646667 0.039375 0.045333
0 0.742812 0.168833 0.029375 0.037000
0 0.603906 0.319667 0.048438 0.045333
0 0.604844 0.157333 0.030312 0.035333
0 0.683750 0.125167 0.028750 0.032333
0 0.006875 0.336500 0.013125 0.029667
0 0.871563 0.209167 0.033750 0.037667
0 0.339375 0.134500 0.033750 0.040333
0 0.768594 0.638500 0.043437 0.053000
0 0.005469 0.006000 0.010313 0.011333
0 0.460000 0.150667 0.030625 0.036667
0 0.460625 0.352833 0.042500 0.047667
0 0.690156 0.102167 0.029063 0.029000
0 0.020000 0.092500 0.020000 0.022333
0 0.671406 0.514667 0.049688 0.054667
0 0.664844 0.613833 0.045312 0.043667
0 0.546094 0.650000 0.064062 0.062000
0 0.523125 0.570000 0.045625 0.052000
0 0.430625 0.576500 0.050625 0.057667
0 0.385937 0.721667 0.055625 0.056667
0 0.248750 0.745500 0.051250 0.050333
0 0.111719 0.742167 0.062812 0.043000
0 0.263906 0.631167 0.055938 0.060333
0 0.209844 0.400500 0.041563 0.053000
0 0.229531 0.345000 0.040938 0.032667
0 0.972656 0.625167 0.050313 0.054333
0 0.983594 0.410167 0.032813 0.050333
0 0.980313 0.189833 0.026875 0.032333
0 0.794531 0.088833 0.024063 0.025000
0 0.724063 0.239333 0.042500 0.050000
0 0.756094 0.242167 0.026562 0.042333
0 0.752031 0.345333 0.035312 0.040000
0 0.730000 0.431500 0.042500 0.060333
0 0.659844 0.360500 0.047813 0.040333
0 0.593125 0.382667 0.048125 0.042000
0 0.525781 0.401000 0.047188 0.042667
0 0.391094 0.235500 0.031563 0.041667
0 0.323906 0.274667 0.034688 0.025333
