0 0.491875 0.413500 0.034750 0.055000
0 0.663875 0.139500 0.028750 0.031000
0 0.363625 0.138833 0.026750 0.031000
0 0.683000 0.862667 0.043000 0.028000
0 0.611500 0.340833 0.045500 0.061000
0 0.238750 0.815500 0.049500 0.069000
0 0.390125 0.848333 0.036250 0.056000
0 0.324500 0.762833 0.046000 0.069667
0 0.441500 0.753667 0.045000 0.045333
0 0.444750 0.706000 0.046500 0.057333
0 0.545250 0.661500 0.040000 0.064333
0 0.596125 0.816333 0.036750 0.060000
0 0.729250 0.687000 0.045500 0.071333
0 0.834375 0.614333 0.044250 0.062000
0 0.670000 0.576167 0.041500 0.070333
0 0.777000 0.387833 0.050000 0.065000
0 0.373500 0.597000 0.047000 0.074000
0 0.278500 0.580167 0.046000 0.069667
0 0.235625 0.524500 0.040750 0.035667
0 0.216250 0.477667 0.053500 0.060000
0 0.147875 0.366667 0.047250 0.062000
0 0.060625 0.760500 0.043250 0.047000
0 0.228750 0.345000 0.030500 0.043333
0 0.083250 0.175833 0.053500 0.057667
0 0.178000 0.140500 0.037000 0.028333
0 0.348625 0.251500 0.039750 0.062333
0 0.386125 0.328667 0.051250 0.071333
0 0.436750 0.159333 0.037500 0.060000
0 0.529375 0.148167 0.046750 0.041667
0 0.623375 0.198833 0.036750 0.061667
