0 0.560125 0.216833 0.042750 0.070333
0 0.463875 0.202833 0.055250 0.070333
0 0.353750 0.191500 0.037000 0.050333
0 0.294500 0.147833 0.043500 0.048333
0 0.390625 0.653667 0.042250 0.070000
0 0.151500 0.200167 0.051500 0.057667
0 0.637875 0.373833 0.041250 0.058333
0 0.502500 0.325667 0.038000 0.066667
0 0.680500 0.855667 0.037500 0.038667
0 0.734750 0.747833 0.038000 0.053000
0 0.673625 0.660833 0.044250 0.064333
0 0.515625 0.694667 0.043250 0.054667
0 0.438625 0.745333 0.051750 0.062000
0 0.444625 0.849833 0.056750 0.053000
0 0.341625 0.837500 0.051750 0.070333
0 0.239250 0.832167 0.045000 0.067667
0 0.056375 0.733667 0.044750 0.044667
0 0.196125 0.606333 0.052750 0.067333
0 0.310375 0.595833 0.051750 0.058333
0 0.143250 0.471333 0.057500 0.066667
0 0.147250 0.332167 0.057500 0.055000
0 0.107375 0.299167 0.043750 0.041000
0 0.420000 0.352667 0.046000 0.078000
0 0.320750 0.433333 0.045500 0.060667
0 0.436750 0.491333 0.051000 0.061333
0 0.738750 0.153000 0.053000 0.057333
0 0.689500 0.258333 0.045500 0.066667
0 0.827875 0.437500 0.043750 0.059667
0 0.755500 0.515167 0.042000 0.065000
0 0.595625 0.826167 0.056250 0.076333
