0 0.725000 0.795833 0.041500 0.063000
0 0.399375 0.361167 0.040250 0.060333
0 0.607500 0.482167 0.041000 0.069667
0 0.769375 0.143167 0.029250 0.037667
0 0.254250 0.741667 0.045000 0.058667
0 0.411875 0.161167 0.034750 0.055000
0 0.626750 0.655167 0.039500 0.055000
0 0.538625 0.197667 0.041250 0.051333
0 0.588625 0.828333 0.039250 0.067333
0 0.680250 0.852333 0.046000 0.050000
0 0.730125 0.860833 0.035750 0.041667
0 0.454000 0.808833 0.040500 0.058333
0 0.427375 0.834833 0.039250 0.065000
0 0.057375 0.755667 0.043750 0.055333
0 0.271125 0.606833 0.040250 0.062333
0 0.198875 0.573500 0.043750 0.048333
0 0.191000 0.517333 0.045000 0.054667
0 0.172750 0.374167 0.049500 0.059000
0 0.254875 0.365000 0.052250 0.061333
0 0.219125 0.237333 0.053250 0.055333
0 0.276500 0.205667 0.040000 0.062667
0 0.321125 0.230333 0.044750 0.048667
0 0.458250 0.288667 0.042000 0.066667
0 0.689500 0.195833 0.045500 0.063000
0 0.648750 0.327167 0.042000 0.063667
0 0.684125 0.420167 0.035250 0.052333
0 0.842750 0.445833 0.049500 0.058333
0 0.691750 0.613667 0.042000 0.039333
0 0.414250 0.525833 0.034500 0.059000
0 0.350000 0.625333 0.038000 0.061333
0 0.421375 0.677500 0.039750 0.064333
0 0.531625 0.437500 0.042250 0.064333
0 0.717625 0.134000 0.039250 0.018000
0 0.644250 0.561833 0.034000 0.053667
