0 0.610781 0.198333 0.034063 0.042000
0 0.309375 0.336667 0.047500 0.048667
0 0.644844 0.249000 0.047813 0.052000
0 0.221562 0.284833 0.043125 0.038333
0 0.641406 0.128167 0.035312 0.042333
0 0.179063 0.264167 0.040000 0.043000
0 0.508281 0.647667 0.070938 0.058000
0 0.563906 0.098333 0.036562 0.044000
0 0.570156 0.233000 0.041563 0.048000
0 0.170781 0.211500 0.034063 0.039000
0 0.347187 0.208833 0.036250 0.038333
0 0.946250 0.256667 0.041875 0.044667
0 0.876250 0.138167 0.034375 0.037667
0 0.662031 0.550000 0.055313 0.055333
0 0.732969 0.294333 0.053437 0.056000
0 0.355156 0.127833 0.031563 0.037000
0 0.065156 0.279000 0.035312 0.031333
0 0.067500 0.412500 0.040625 0.041667
0 0.157969 0.318833 0.040938 0.038333
0 0.297812 0.168333 0.039375 0.040667
0 0.304844 0.120000 0.029687 0.032667
0 0.716875 0.179500 0.036875 0.037000
0 0.482656 0.300667 0.040313 0.050667
0 0.096094 0.192333 0.030312 0.030667
0 0.981719 0.206333 0.029063 0.034667
0 0.116094 0.463000 0.050937 0.045333
0 0.040781 0.254167 0.023438 0.025000
0 0.436094 0.195167 0.030312 0.038333
0 0.576406 0.319000 0.046562 0.054000
0 0.359687 0.542667 0.061875 0.066000
0 0.229687 0.137500 0.027500 0.030333
0 0.798906 0.206500 0.032813 0.039000
0 0.200937 0.125167 0.026250 0.031000
0 0.984844 0.277000 0.030312 0.046000
0 0.786719 0.167167 0.034688 0.037667
0 0.579219 0.055333 0.029687 0.031333
0 0.985000 0.123500 0.030000 0.032333
0 0.752812 0.090333 0.031875 0.037333
0 0.926719 0.083167 0.030312 0.035667
0 0.382656 0.137833 0.034063 0.036333
0 0.137344 0.203167 0.024688 0.027667
0 0.501406 0.541833 0.057813 0.067000
0 0.607031 0.094667 0.034063 0.039333
0 0.810312 0.399500 0.045000 0.041000
0 0.373125 0.063500 0.025000 0.031000
0 0.244062 0.474333 0.055000 0.049333
0 0.208281 0.080333 0.022187 0.028000
0 0.121875 0.145667 0.029375 0.032000
0 0.488281 0.059500 0.024688 0.030333
0 0.432969 0.080167 0.031563 0.031000
0 0.257344 0.041667 0.029687 0.036667
0 0.817031 0.098833 0.026562 0.031000
0 0.358125 0.271500 0.040625 0.048333
0 0.069062 0.183167 0.023750 0.027667
0 0.467031 0.113333 0.034063 0.038667
0 0.159844 0.125000 0.023438 0.030000
0 0.888906 0.488500 0.043437 0.053667
0 0.797813 0.293333 0.045000 0.048667
0 0.969219 0.414500 0.054062 0.043000
0 0.688438 0.080333 0.031875 0.040667
0 0.010313 0.270167 0.020000 0.025667
0 0.791406 0.069833 0.030937 0.032333
0 0.679688 0.059667 0.032500 0.038667
0 0.083750 0.342000 0.033125 0.038667
0 0.722344 0.218833 0.039062 0.039667
0 0.175625 0.131667 0.026875 0.028000
0 0.058281 0.221833 0.020313 0.024333
0 0.077188 0.577500 0.043750 0.043667
0 0.989844 0.346500 0.020313 0.042333
0 0.383906 0.425833 0.065937 0.078333
0 0.167187 0.387167 0.036250 0.046333
0 0.454375 0.229667 0.039375 0.052000
0 0.010469 0.569667 0.020313 0.040667
0 0.281406 0.262500 0.037187 0.044333
0 0.770938 0.072667 0.023125 0.029333
0 0.929688 0.136500 0.035625 0.036333
0 0.038437 0.362333 0.040000 0.033333
0 0.904844 0.380333 0.040938 0.046000
0 0.114531 0.128833 0.028438 0.023667
0 0.119219 0.275667 0.037812 0.040000
0 0.189531 0.557667 0.051562 0.043333
0 0.926562 0.645833 0.060000 0.057667
0 0.828125 0.651167 0.058125 0.065000
0 0.693594 0.725667 0.054062 0.046667
0 0.855625 0.536667 0.045625 0.054000
0 0.750781 0.482833 0.049688 0.055667
0 0.712031 0.426333 0.045937 0.050000
0 0.613125 0.406167 0.043125 0.055667
0 0.505156 0.422833 0.055313 0.050333
0 0.318437 0.761000 0.059375 0.070667
0 0.276562 0.711667 0.061250 0.053333
0 0.117031 0.694667 0.061562 0.050000
0 0.042344 0.674667 0.048438 0.045333
0 0.011875 0.639333 0.023125 0.044667
0 0.176719 0.450500 0.050937 0.045000
0 0.019531 0.425167 0.037812 0.037000
0 0.017969 0.349333 0.023438 0.018000
0 0.108125 0.256167 0.026250 0.019667
0 0.271094 0.223667 0.037812 0.024667
0 0.302187 0.248333 0.036250 0.046000
0 0.238281 0.188667 0.024688 0.036000
0 0.622031 0.072500 0.029687 0.036333
0 0.741719 0.133333 0.034063 0.039333
0 0.878594 0.281833 0.049688 0.049000
0 0.966875 0.538167 0.046875 0.049000
0 0.944531 0.361667 0.041563 0.048000
0 0.905625 0.196167 0.033750 0.041667
