0 0.120625 0.440167 0.040250 0.053000
0 0.438125 0.225000 0.042250 0.052000
0 0.249000 0.592167 0.055000 0.075000
0 0.349000 0.191333 0.043500 0.059333
0 0.289625 0.322500 0.049750 0.073000
0 0.410250 0.858333 0.033500 0.032000
0 0.368750 0.503167 0.043500 0.072333
0 0.084875 0.342833 0.041750 0.047667
0 0.434750 0.369667 0.046000 0.061333
0 0.120625 0.440167 0.040250 0.053000
0 0.438125 0.225000 0.042250 0.052000
0 0.249000 0.592167 0.055000 0.075000
0 0.349000 0.191333 0.043500 0.059333
0 0.289625 0.322500 0.049750 0.073000
0 0.410250 0.858333 0.033500 0.032000
0 0.368750 0.503167 0.043500 0.072333
0 0.084875 0.342833 0.041750 0.047667
0 0.434750 0.369667 0.046000 0.061333
0 0.020125 0.133333 0.036250 0.022667
0 0.128250 0.140667 0.039500 0.028000
0 0.454375 0.135167 0.038750 0.017000
0 0.601500 0.200167 0.038000 0.059000
0 0.518125 0.186667 0.041750 0.064667
0 0.110000 0.202833 0.050000 0.041000
0 0.045500 0.214667 0.045000 0.036667
0 0.021625 0.285833 0.028750 0.038333
0 0.093500 0.281500 0.039500 0.045000
0 0.169875 0.231833 0.039250 0.047000
0 0.812125 0.147500 0.053750 0.045667
0 0.762875 0.259000 0.047750 0.070667
0 0.550750 0.354667 0.045500 0.069333
0 0.058500 0.441667 0.046000 0.040667
0 0.240125 0.419333 0.044750 0.038667
0 0.685000 0.408333 0.057000 0.049333
0 0.629500 0.481833 0.050500 0.050333
0 0.445000 0.503500 0.044500 0.060333
0 0.272500 0.492333 0.047500 0.062000
0 0.202375 0.516833 0.050250 0.047667
0 0.131625 0.541500 0.049750 0.038333
0 0.030250 0.597500 0.058000 0.042333
0 0.013875 0.487667 0.027250 0.064667
0 0.173375 0.578333 0.046750 0.046000
0 0.197625 0.691000 0.048750 0.051333
0 0.281000 0.699667 0.045000 0.056667
0 0.323500 0.572167 0.041500 0.071667
0 0.393875 0.651333 0.053250 0.084000
0 0.282375 0.808333 0.033750 0.048000
0 0.493625 0.766500 0.049750 0.068333
0 0.684625 0.747333 0.038250 0.074000
0 0.740250 0.736333 0.032500 0.068000
0 0.666625 0.624167 0.037250 0.069000
0 0.752500 0.594167 0.039000 0.064333
0 0.842125 0.643833 0.042250 0.055000
0 0.289000 0.760667 0.047500 0.050000
0 0.588125 0.711833 0.040250 0.058333
0 0.577625 0.582500 0.043250 0.057667
0 0.845750 0.386333 0.046500 0.063333
0 0.764875 0.325000 0.036750 0.040667
0 0.494125 0.601833 0.039750 0.052333
0 0.011125 0.202167 0.021750 0.041000
0 0.077625 0.131833 0.026250 0.018333
0 0.661250 0.275333 0.042000 0.062667
