0 0.347625 0.169000 0.040750 0.070000
0 0.093750 0.154000 0.035000 0.050000
0 0.329750 0.852000 0.043000 0.038667
0 0.450500 0.651000 0.037500 0.056667
0 0.610125 0.180833 0.036750 0.046333
0 0.242750 0.239333 0.046500 0.062000
0 0.225375 0.144667 0.038250 0.047333
0 0.651375 0.226833 0.026250 0.037667
0 0.469375 0.196667 0.035750 0.069333
0 0.560250 0.300333 0.035500 0.058667
0 0.584125 0.748500 0.026750 0.040333
0 0.607500 0.526833 0.047500 0.042333
0 0.667875 0.292667 0.011750 0.024667
0 0.675125 0.575500 0.031250 0.047667
0 0.117375 0.186833 0.048750 0.050333
0 0.444750 0.826500 0.041000 0.073000
0 0.578500 0.856000 0.030000 0.039333
0 0.679875 0.844333 0.038750 0.054000
0 0.753125 0.848333 0.035250 0.050000
0 0.837250 0.612833 0.037500 0.053000
0 0.639250 0.733667 0.045000 0.067333
0 0.543000 0.664333 0.041000 0.062000
0 0.412625 0.766167 0.040250 0.063000
0 0.410625 0.606000 0.044250 0.060667
0 0.227375 0.637833 0.043750 0.063667
0 0.056875 0.754833 0.044750 0.041667
0 0.257500 0.547667 0.040500 0.054667
0 0.176750 0.464667 0.065500 0.044667
0 0.255125 0.374333 0.043750 0.060667
0 0.161500 0.309333 0.045000 0.050667
0 0.328250 0.364333 0.041000 0.060667
0 0.417125 0.427667 0.050750 0.076667
0 0.512875 0.370333 0.047750 0.071333
0 0.425250 0.294000 0.050000 0.060667
0 0.716000 0.132833 0.038000 0.014333
0 0.701250 0.249500 0.041500 0.041667
0 0.676500 0.415500 0.038500 0.053667
0 0.244750 0.815500 0.045500 0.057000
0 0.317750 0.721167 0.032500 0.054333
0 0.307125 0.564333 0.031750 0.054667
