0 0.490316 0.442029 0.024465 0.036232
0 0.509174 0.286232 0.025484 0.036232
0 0.424567 0.399457 0.021407 0.034420
0 0.345056 0.933877 0.021407 0.034420
0 0.386850 0.490036 0.023445 0.041667
0 0.559123 0.264493 0.023445 0.032609
0 0.445464 0.308877 0.024465 0.034420
0 0.515291 0.200181 0.023445 0.038043
0 0.713048 0.534420 0.023445 0.036232
0 0.392966 0.798913 0.023445 0.036232
0 0.589195 0.424819 0.024465 0.038043
0 0.646789 0.554348 0.021407 0.036232
0 0.534149 0.803442 0.020387 0.030797
0 0.278287 0.230072 0.020387 0.032609
0 0.433231 0.799819 0.020387 0.030797
0 0.325178 0.177536 0.022426 0.036232
0 0.917431 0.865942 0.022426 0.036232
0 0.645260 0.240942 0.020387 0.032609
0 0.655454 0.643116 0.024465 0.036232
0 0.735984 0.605978 0.026504 0.030797
0 0.589195 0.500000 0.024465 0.036232
0 0.603976 0.698370 0.025484 0.034420
0 0.173802 0.586051 0.025484 0.038043
0 0.254842 0.656703 0.022426 0.034420
0 0.761468 0.273551 0.024465 0.032609
0 0.287971 0.490036 0.021407 0.038043
0 0.692151 0.442029 0.024465 0.036232
0 0.540775 0.467391 0.023445 0.039855
0 0.197248 0.730978 0.023445 0.030797
0 0.475025 0.568841 0.024465 0.036232
0 0.219674 0.571558 0.025484 0.034420
0 0.577982 0.950181 0.024465 0.038043
0 0.718145 0.692935 0.025484 0.034420
0 0.547401 0.558877 0.024465 0.038043
0 0.600917 0.596014 0.023445 0.036232
0 0.314475 0.960145 0.021407 0.036232
0 0.640673 0.398551 0.023445 0.036232
0 0.241081 0.483696 0.025484 0.036232
0 0.983180 0.599638 0.025484 0.036232
0 0.397044 0.320652 0.021407 0.032609
0 0.547401 0.350543 0.024465 0.034420
0 0.319572 0.754529 0.023445 0.030797
0 0.683486 0.384964 0.021407 0.030797
0 0.171764 0.323370 0.025484 0.038043
0 0.683996 0.494565 0.024465 0.036232
0 0.410296 0.686594 0.021407 0.036232
0 0.562691 0.862319 0.020387 0.032609
0 0.434251 0.929348 0.022426 0.032609
0 0.762487 0.517210 0.024465 0.030797
0 0.638124 0.478261 0.020387 0.032609
0 0.792049 0.448370 0.024465 0.038043
0 0.547910 0.700181 0.023445 0.034420
0 0.637615 0.355978 0.021407 0.034420
0 0.189602 0.235507 0.024465 0.039855
0 0.460754 0.983696 0.022426 0.028986
0 0.307849 0.881341 0.022426 0.034420
0 0.060143 0.127717 0.024465 0.034420
0 0.477574 0.360507 0.021407 0.036232
0 0.583588 0.220109 0.023445 0.034420
0 0.918451 0.698370 0.026504 0.034420
0 0.361876 0.407609 0.024465 0.032609
0 0.969419 0.192935 0.022426 0.030797
0 0.432722 0.598732 0.025484 0.038043
0 0.982671 0.716486 0.026504 0.034420
0 0.705403 0.278080 0.022426 0.030797
0 0.791539 0.672101 0.027523 0.039855
0 0.267584 0.600543 0.023445 0.034420
0 0.667686 0.153080 0.022426 0.034420
0 0.231397 0.869565 0.024465 0.036232
0 0.727829 0.384964 0.024465 0.034420
0 0.807339 0.898551 0.024465 0.028986
0 0.969929 0.940217 0.025484 0.028986
0 0.860856 0.528080 0.023445 0.038043
0 0.268094 0.847826 0.022426 0.036232
0 0.598369 0.307971 0.022426 0.028986
0 0.232926 0.783514 0.021407 0.030797
0 0.210499 0.287138 0.023445 0.034420
0 0.676351 0.865942 0.021407 0.032609
0 0.643221 0.961051 0.022426 0.030797
0 0.306320 0.576087 0.025484 0.036232
0 0.088175 0.799819 0.021407 0.034420
0 0.104995 0.601449 0.024465 0.039855
0 0.281346 0.736413 0.024465 0.030797
0 0.832824 0.835145 0.026504 0.036232
0 0.848114 0.778986 0.022426 0.036232
0 0.857288 0.281703 0.024465 0.034420
0 0.951580 0.813406 0.025484 0.039855
0 0.211009 0.939312 0.022426 0.034420
0 0.863914 0.348732 0.025484 0.038043
0 0.827727 0.570652 0.024465 0.036232
0 0.230377 0.373188 0.024465 0.036232
0 0.971458 0.299819 0.024465 0.034420
0 0.264526 0.432971 0.025484 0.036232
0 0.612640 0.874094 0.022426 0.030797
0 0.310398 0.261775 0.023445 0.034420
0 0.810907 0.309783 0.023445 0.032609
0 0.137105 0.241848 0.025484 0.038043
0 0.167176 0.120471 0.020387 0.030797
0 0.869521 0.897645 0.024465 0.034420
0 0.838940 0.673913 0.022426 0.032609
0 0.988787 0.826993 0.022426 0.034420
0 0.301223 0.125000 0.025484 0.036232
0 0.877166 0.218297 0.025484 0.038043
0 0.783384 0.588768 0.025484 0.039855
0 0.621814 0.811594 0.022426 0.032609
0 0.883792 0.451993 0.026504 0.030797
0 0.825178 0.498188 0.025484 0.032609
0 0.708970 0.812500 0.025484 0.038043
0 0.955657 0.479167 0.027523 0.038043
0 0.315494 0.369565 0.023445 0.032609
0 0.655963 0.753623 0.027523 0.039855
0 0.336901 0.481884 0.025484 0.036232
0 0.055046 0.973732 0.026504 0.038043
0 0.344037 0.262681 0.025484 0.036232
0 0.068298 0.734601 0.024465 0.034420
0 0.882263 0.615942 0.025484 0.036232
0 0.372579 0.586051 0.023445 0.034420
0 0.982671 0.654891 0.026504 0.034420
0 0.928135 0.297101 0.023445 0.036232
0 0.347604 0.708333 0.022426 0.036232
0 0.179918 0.512681 0.023445 0.036232
0 0.810907 0.759058 0.023445 0.032609
0 0.452599 0.451087 0.024465 0.036232
0 0.894495 0.775362 0.025484 0.032609
0 0.869521 0.958333 0.024465 0.032609
0 0.195209 0.124094 0.021407 0.030797
0 0.925076 0.389493 0.025484 0.039855
0 0.073394 0.491848 0.022426 0.023551
0 0.483180 0.697464 0.024465 0.028986
0 0.549949 0.629529 0.023445 0.030797
0 0.691641 0.950181 0.023445 0.034420
0 0.808359 0.355072 0.024465 0.032609
0 0.395005 0.165761 0.023445 0.034420
0 0.833333 0.204710 0.023445 0.032609
0 0.782365 0.312500 0.023445 0.034420
0 0.137105 0.390399 0.023445 0.030797
0 0.470948 0.179348 0.022426 0.032609
0 0.760449 0.376812 0.024465 0.036232
0 0.753823 0.774457 0.019368 0.048913
0 0.837920 0.984601 0.022426 0.030797
0 0.416412 0.192029 0.025484 0.036232
0 0.731397 0.885870 0.025484 0.039855
0 0.927625 0.949275 0.024465 0.032609
0 0.230377 0.138587 0.020387 0.030797
0 0.024465 0.253623 0.024465 0.032609
0 0.905708 0.280797 0.025484 0.036232
0 0.181957 0.426630 0.023445 0.030797
0 0.987768 0.394928 0.022426 0.032609
0 0.918960 0.171196 0.025484 0.034420
0 0.010703 0.124094 0.019368 0.030797
0 0.635576 0.712862 0.023445 0.034420
0 0.752294 0.973732 0.022426 0.034420
0 0.992355 0.173007 0.015291 0.030797
0 0.035168 0.358696 0.019368 0.028986
0 0.108563 0.212862 0.021407 0.030797
0 0.660041 0.879529 0.019368 0.027174
0 0.780326 0.197464 0.021407 0.039855
0 0.676860 0.221014 0.024465 0.036232
0 0.558104 0.163043 0.019368 0.039855
0 0.026504 0.215580 0.028542 0.028986
0 0.141692 0.456522 0.028542 0.032609
0 0.020897 0.458333 0.025484 0.036232
0 0.024465 0.625906 0.026504 0.034420
0 0.417431 0.985507 0.017329 0.028986
