0 0.623344 0.822464 0.023445 0.036232
0 0.296636 0.133152 0.024465 0.038043
0 0.424057 0.401268 0.022426 0.034420
0 0.490826 0.446558 0.023445 0.038043
0 0.580020 0.978261 0.026504 0.039855
0 0.589704 0.423007 0.025484 0.038043
0 0.715596 0.534420 0.024465 0.036232
0 0.166157 0.111413 0.022426 0.038043
0 0.498471 0.286232 0.024465 0.036232
0 0.544852 0.453804 0.023445 0.038043
0 0.969929 0.196558 0.023445 0.030797
0 0.288991 0.865942 0.021407 0.036232
0 0.338430 0.686594 0.024465 0.036232
0 0.603976 0.698370 0.025484 0.034420
0 0.397044 0.320652 0.021407 0.032609
0 0.235984 0.468297 0.025484 0.038043
0 0.546891 0.560688 0.025484 0.038043
0 0.827727 0.831522 0.024465 0.036232
0 0.232416 0.374094 0.024465 0.034420
0 0.451070 0.310688 0.021407 0.038043
0 0.642712 0.356884 0.025484 0.036232
0 0.472477 0.558877 0.023445 0.038043
0 0.324669 0.445652 0.023445 0.036232
0 0.383792 0.492754 0.023445 0.036232
0 0.951070 0.810688 0.024465 0.034420
0 0.726809 0.380435 0.022426 0.039855
0 0.173802 0.632246 0.025484 0.036232
0 0.187564 0.517210 0.022426 0.034420
0 0.683486 0.498188 0.025484 0.036232
0 0.462283 0.980072 0.021407 0.032609
0 0.244139 0.644928 0.021407 0.032609
0 0.222732 0.134058 0.021407 0.032609
0 0.539755 0.802536 0.023445 0.036232
0 0.604995 0.898551 0.023445 0.032609
0 0.275739 0.231884 0.019368 0.032609
0 0.726809 0.692029 0.024465 0.036232
0 0.601937 0.602355 0.023445 0.038043
0 0.794597 0.456522 0.025484 0.036232
0 0.879205 0.608696 0.025484 0.036232
0 0.392966 0.790761 0.025484 0.034420
0 0.331804 0.759058 0.023445 0.032609
0 0.924057 0.938406 0.025484 0.036232
0 0.060143 0.127717 0.024465 0.038043
0 0.854230 0.884058 0.024465 0.054348
0 0.514271 0.210145 0.023445 0.036232
0 0.856779 0.645833 0.025484 0.038043
0 0.804281 0.899457 0.024465 0.034420
0 0.314475 0.576087 0.023445 0.039855
0 0.655963 0.757246 0.027523 0.039855
0 0.769113 0.515399 0.027523 0.038043
0 0.913863 0.697464 0.027523 0.032609
0 0.725280 0.886775 0.025484 0.041667
0 0.756881 0.768116 0.025484 0.032609
0 0.285423 0.734601 0.022426 0.034420
0 0.338430 0.907609 0.026504 0.036232
0 0.961774 0.337862 0.023445 0.034420
0 0.286442 0.490942 0.022426 0.036232
0 0.872069 0.519022 0.025484 0.034420
0 0.733945 0.605978 0.024465 0.038043
0 0.216106 0.932065 0.026504 0.038043
0 0.811927 0.745471 0.025484 0.034420
0 0.625892 0.475543 0.022426 0.034420
0 0.545362 0.688406 0.024465 0.036232
0 0.466361 0.360507 0.023445 0.036232
0 0.854740 0.777174 0.025484 0.039855
0 0.878186 0.338768 0.025484 0.036232
0 0.548930 0.625906 0.023445 0.034420
0 0.906728 0.861413 0.023445 0.048913
0 0.308359 0.278080 0.021407 0.034420
0 0.887360 0.451087 0.027523 0.032609
0 0.895005 0.763587 0.022426 0.030797
0 0.954128 0.435688 0.026504 0.038043
0 0.261468 0.431159 0.023445 0.036232
0 0.571356 0.855072 0.021407 0.032609
0 0.317023 0.365942 0.022426 0.032609
0 0.982161 0.605072 0.025484 0.036232
0 0.866972 0.274457 0.025484 0.038043
0 0.928644 0.367754 0.024465 0.036232
0 0.068298 0.737319 0.022426 0.032609
0 0.663609 0.899457 0.022426 0.034420
0 0.691131 0.436594 0.024465 0.036232
0 0.703364 0.809783 0.024465 0.036232
0 0.557594 0.275362 0.026504 0.036232
0 0.913354 0.281703 0.026504 0.038043
0 0.219674 0.543478 0.025484 0.028986
0 0.062181 0.959239 0.022426 0.034420
0 0.757390 0.383152 0.026504 0.038043
0 0.268094 0.596014 0.026504 0.036232
0 0.604485 0.505435 0.024465 0.039855
0 0.583588 0.219203 0.025484 0.036232
0 0.186544 0.220109 0.024465 0.038043
0 0.987768 0.663949 0.024465 0.034420
0 0.781346 0.306159 0.025484 0.036232
0 0.211009 0.289855 0.024465 0.036232
0 0.866972 0.977355 0.023445 0.034420
0 0.360856 0.407609 0.024465 0.036232
0 0.775229 0.865942 0.025484 0.036232
0 0.986748 0.423007 0.022426 0.030797
0 0.132518 0.140399 0.022426 0.034420
0 0.638634 0.985507 0.025484 0.028986
0 0.817533 0.295290 0.026504 0.036232
0 0.658002 0.654891 0.023445 0.034420
0 0.435780 0.573370 0.025484 0.041667
0 0.641692 0.411232 0.025484 0.036232
0 0.822120 0.497283 0.023445 0.041667
0 0.134047 0.231884 0.023445 0.028986
0 0.653925 0.552536 0.023445 0.039855
0 0.025994 0.250906 0.025484 0.030797
0 0.338940 0.261775 0.023445 0.034420
0 0.011723 0.125000 0.021407 0.032609
0 0.073394 0.490942 0.020387 0.025362
0 0.596840 0.308877 0.023445 0.030797
0 0.479103 0.684783 0.026504 0.036232
0 0.452599 0.450181 0.024465 0.038043
0 0.821101 0.573370 0.027523 0.038043
0 0.708461 0.278986 0.024465 0.032609
0 0.143221 0.325181 0.027523 0.038043
0 0.834862 0.977355 0.026504 0.034420
0 0.092253 0.792572 0.023445 0.034420
0 0.846075 0.329710 0.024465 0.036232
0 0.678389 0.383152 0.023445 0.034420
0 0.796636 0.672101 0.029562 0.039855
0 0.137105 0.452899 0.023445 0.032609
0 0.365953 0.584239 0.028542 0.034420
0 0.646789 0.265399 0.019368 0.023551
0 0.923038 0.204710 0.031600 0.039855
0 0.987258 0.299819 0.021407 0.030797
0 0.302752 0.803442 0.022426 0.030797
0 0.838940 0.188406 0.024465 0.036232
0 0.105505 0.617754 0.023445 0.032609
0 0.694699 0.957428 0.023445 0.034420
0 0.163099 0.448370 0.024465 0.034420
0 0.419470 0.193841 0.025484 0.036232
0 0.472477 0.203804 0.025484 0.038043
0 0.392457 0.163949 0.024465 0.038043
0 0.661060 0.133152 0.019368 0.034420
0 0.781855 0.588768 0.024465 0.036232
0 0.976045 0.726449 0.021407 0.028986
0 0.426096 0.911232 0.024465 0.032609
0 0.989297 0.817935 0.021407 0.034420
0 0.656473 0.284420 0.020387 0.028986
0 0.424567 0.989130 0.021407 0.021739
0 0.879205 0.225543 0.023445 0.034420
0 0.325178 0.173007 0.026504 0.038043
0 0.971967 0.938406 0.027523 0.054348
0 0.689602 0.227355 0.021407 0.030797
0 0.780836 0.193841 0.020387 0.043478
0 0.749745 0.982790 0.021407 0.034420
0 0.566259 0.173913 0.025484 0.036232
0 0.549949 0.339674 0.023445 0.038043
0 0.433231 0.784420 0.024465 0.047101
0 0.418960 0.678442 0.022426 0.041667
0 0.023445 0.220109 0.030581 0.027174
0 0.108053 0.214674 0.026504 0.030797
0 0.041794 0.356884 0.026504 0.028986
0 0.015291 0.449275 0.028542 0.032609
0 0.033639 0.644022 0.024465 0.030797
0 0.137105 0.398551 0.027523 0.032609
