0 0.275229 0.223732 0.018349 0.030797
0 0.705403 0.819746 0.024465 0.038043
0 0.551478 0.711051 0.022426 0.038043
0 0.713558 0.534420 0.022426 0.036232
0 0.611111 0.700181 0.023445 0.030797
0 0.559633 0.268116 0.024465 0.036232
0 0.549439 0.976449 0.024465 0.039855
0 0.488787 0.440217 0.023445 0.036232
0 0.257390 0.132246 0.025484 0.036232
0 0.064220 0.953804 0.022426 0.034420
0 0.225280 0.462862 0.026504 0.038043
0 0.425586 0.398551 0.021407 0.036232
0 0.818043 0.300725 0.025484 0.036232
0 0.122834 0.114130 0.019368 0.028986
0 0.264526 0.597826 0.023445 0.036232
0 0.586646 0.509964 0.025484 0.038043
0 0.841998 0.848732 0.026504 0.038043
0 0.775229 0.307971 0.023445 0.036232
0 0.466361 0.582428 0.025484 0.038043
0 0.599898 0.596920 0.023445 0.038043
0 0.544343 0.372283 0.026504 0.038043
0 0.975535 0.955616 0.024465 0.034420
0 0.167686 0.100543 0.023445 0.034420
0 0.183486 0.224638 0.026504 0.039855
0 0.396024 0.332428 0.021407 0.030797
0 0.185525 0.535326 0.020387 0.030797
0 0.255861 0.660326 0.022426 0.030797
0 0.649337 0.492754 0.022426 0.028986
0 0.542304 0.468297 0.024465 0.038043
0 0.503058 0.276268 0.023445 0.038043
0 0.339959 0.686594 0.025484 0.039855
0 0.333843 0.465580 0.023445 0.032609
0 0.683486 0.373188 0.023445 0.032609
0 0.919980 0.292572 0.025484 0.038043
0 0.583588 0.942935 0.023445 0.030797
0 0.210499 0.288043 0.023445 0.036232
0 0.878186 0.519022 0.027523 0.034420
0 0.549949 0.567935 0.027523 0.034420
0 0.615189 0.826993 0.025484 0.038043
0 0.468400 0.357790 0.021407 0.034420
0 0.762487 0.499094 0.024465 0.034420
0 0.541794 0.806159 0.023445 0.036232
0 0.832314 0.179348 0.025484 0.036232
0 0.105505 0.207428 0.023445 0.034420
0 0.323649 0.263587 0.023445 0.030797
0 0.305810 0.298007 0.024465 0.038043
0 0.879205 0.614130 0.025484 0.036232
0 0.224261 0.377717 0.022426 0.034420
0 0.586646 0.432065 0.023445 0.038043
0 0.219674 0.557065 0.023445 0.034420
0 0.207441 0.123188 0.019368 0.032609
0 0.327727 0.757246 0.021407 0.032609
0 0.662589 0.894022 0.022426 0.030797
0 0.931193 0.390399 0.029562 0.038043
0 0.402650 0.691123 0.022426 0.038043
0 0.447503 0.302536 0.022426 0.036232
0 0.973496 0.483696 0.028542 0.039855
0 0.953109 0.826087 0.024465 0.039855
0 0.969929 0.207428 0.023445 0.030797
0 0.434251 0.625906 0.026504 0.038043
0 0.347095 0.942935 0.023445 0.034420
0 0.868502 0.284420 0.024465 0.039855
0 0.826707 0.564312 0.024465 0.034420
0 0.915392 0.698370 0.026504 0.034420
0 0.167686 0.633152 0.027523 0.034420
0 0.515291 0.209239 0.023445 0.038043
0 0.924567 0.630435 0.024465 0.036232
0 0.384302 0.496377 0.022426 0.036232
0 0.704893 0.690217 0.025484 0.039855
0 0.065240 0.732790 0.022426 0.034420
0 0.135066 0.319746 0.025484 0.030797
0 0.866463 0.917572 0.022426 0.034420
0 0.747197 0.602355 0.024465 0.030797
0 0.805301 0.676630 0.028542 0.038043
0 0.395005 0.788949 0.025484 0.041667
0 0.896534 0.449275 0.025484 0.036232
0 0.918960 0.890399 0.025484 0.034420
0 0.600917 0.314312 0.023445 0.034420
0 0.262487 0.430254 0.023445 0.034420
0 0.380224 0.612319 0.026504 0.036232
0 0.059633 0.128623 0.023445 0.032609
0 0.764526 0.380435 0.024465 0.036232
0 0.467890 0.983696 0.024465 0.032609
0 0.214577 0.935688 0.025484 0.034420
0 0.544343 0.630435 0.022426 0.032609
0 0.727829 0.892210 0.026504 0.038043
0 0.796126 0.448370 0.026504 0.034420
0 0.390928 0.156703 0.023445 0.034420
0 0.665647 0.561594 0.024465 0.039855
0 0.434760 0.777174 0.019368 0.032609
0 0.890928 0.753623 0.024465 0.036232
0 0.568807 0.862319 0.024465 0.036232
0 0.796636 0.914855 0.023445 0.036232
0 0.879205 0.217391 0.025484 0.036232
0 0.087156 0.768116 0.025484 0.036232
0 0.171254 0.471014 0.024465 0.036232
0 0.427625 0.921196 0.025484 0.034420
0 0.303262 0.919384 0.023445 0.034420
0 0.974516 0.716486 0.024465 0.030797
0 0.933231 0.964674 0.025484 0.038043
0 0.877676 0.341486 0.026504 0.034420
0 0.688583 0.489130 0.023445 0.032609
0 0.643731 0.362319 0.025484 0.032609
0 0.311927 0.370471 0.022426 0.034420
0 0.856779 0.739130 0.025484 0.036232
0 0.655454 0.753623 0.026504 0.039855
0 0.696738 0.435688 0.023445 0.034420
0 0.778287 0.181159 0.025484 0.036232
0 0.728338 0.384964 0.023445 0.038043
0 0.666157 0.155797 0.021407 0.036232
0 0.783384 0.588768 0.025484 0.036232
0 0.309888 0.140399 0.022426 0.030797
0 0.750255 0.985507 0.024465 0.028986
0 0.282875 0.726449 0.023445 0.032609
0 0.658512 0.657609 0.024465 0.039855
0 0.707441 0.272645 0.024465 0.034420
0 0.360856 0.414855 0.024465 0.036232
0 0.597350 0.236413 0.024465 0.038043
0 0.854230 0.678442 0.024465 0.034420
0 0.817533 0.493659 0.024465 0.038043
0 0.754842 0.774457 0.023445 0.030797
0 0.140163 0.400362 0.023445 0.032609
0 0.415392 0.985507 0.023445 0.028986
0 0.321101 0.561594 0.024465 0.036232
0 0.962283 0.350543 0.024465 0.038043
0 0.086137 0.639493 0.021407 0.032609
0 0.844037 0.986413 0.024465 0.027174
0 0.699286 0.957428 0.022426 0.034420
0 0.984200 0.653986 0.025484 0.032609
0 0.479613 0.692935 0.025484 0.034420
0 0.916412 0.172101 0.024465 0.036232
0 0.650866 0.259058 0.025484 0.036232
0 0.645770 0.400362 0.023445 0.032609
0 0.870540 0.987319 0.022426 0.025362
0 0.118756 0.492754 0.023445 0.032609
0 0.415902 0.199275 0.022426 0.039855
0 0.468909 0.187500 0.024465 0.030797
0 0.023955 0.259964 0.025484 0.034420
0 0.775739 0.872283 0.024465 0.034420
0 0.076453 0.493659 0.030581 0.027174
0 0.989806 0.315217 0.020387 0.036232
0 0.011213 0.582428 0.020387 0.030797
0 0.839450 0.350543 0.025484 0.034420
0 0.994393 0.190217 0.011213 0.043478
0 0.688583 0.222826 0.019368 0.039855
0 0.581040 0.184783 0.024465 0.039855
0 0.013761 0.126812 0.025484 0.025362
0 0.027013 0.211957 0.033639 0.032609
0 0.131498 0.222826 0.034659 0.032609
0 0.041794 0.357790 0.026504 0.030797
0 0.011213 0.451993 0.020387 0.034420
0 0.096840 0.990942 0.026504 0.018116
0 0.264016 0.980978 0.026504 0.038043
0 0.294597 0.494565 0.028542 0.036232
0 0.638124 0.992754 0.016310 0.014493
0 0.985729 0.812500 0.020387 0.034420
0 0.989806 0.600543 0.020387 0.041667
0 0.992355 0.430254 0.015291 0.038043
0 0.448012 0.448370 0.025484 0.034420
