0 0.253823 0.665761 0.022426 0.034420
0 0.529052 0.533514 0.026504 0.041667
0 0.440877 0.907609 0.023445 0.036232
0 0.791539 0.663949 0.029562 0.038043
0 0.608563 0.803442 0.024465 0.034420
0 0.664628 0.555254 0.022426 0.038043
0 0.596330 0.557971 0.024465 0.036232
0 0.346585 0.932971 0.024465 0.036232
0 0.859837 0.531703 0.023445 0.038043
0 0.455657 0.307971 0.024465 0.036232
0 0.306320 0.279891 0.023445 0.038043
0 0.547910 0.622283 0.023445 0.034420
0 0.186544 0.223732 0.024465 0.038043
0 0.834862 0.980978 0.026504 0.034420
0 0.277778 0.231884 0.019368 0.032609
0 0.473496 0.566123 0.023445 0.034420
0 0.503058 0.269928 0.023445 0.039855
0 0.604485 0.696558 0.026504 0.034420
0 0.471458 0.842391 0.023445 0.032609
0 0.202345 0.734601 0.021407 0.034420
0 0.547910 0.441123 0.025484 0.038043
0 0.814985 0.310688 0.025484 0.038043
0 0.871560 0.607790 0.026504 0.034420
0 0.591233 0.471014 0.024465 0.039855
0 0.819062 0.508152 0.023445 0.034420
0 0.642202 0.358696 0.022426 0.036232
0 0.558104 0.240036 0.023445 0.034420
0 0.445464 0.802536 0.020387 0.032609
0 0.209990 0.287138 0.024465 0.034420
0 0.783384 0.200181 0.023445 0.030797
0 0.298675 0.138587 0.022426 0.034420
0 0.918451 0.865036 0.024465 0.034420
0 0.645770 0.476449 0.023445 0.032609
0 0.466361 0.975543 0.023445 0.038043
0 0.658002 0.641304 0.025484 0.039855
0 0.726300 0.380435 0.023445 0.036232
0 0.305810 0.884964 0.024465 0.034420
0 0.162589 0.693841 0.021407 0.028986
0 0.969419 0.298913 0.024465 0.036232
0 0.695719 0.436594 0.023445 0.036232
0 0.851682 0.900362 0.023445 0.039855
0 0.015291 0.115036 0.020387 0.034420
0 0.516820 0.194746 0.024465 0.038043
0 0.514781 0.854167 0.022426 0.034420
0 0.304281 0.574275 0.025484 0.036232
0 0.340979 0.699275 0.025484 0.039855
0 0.099388 0.729167 0.025484 0.034420
0 0.953109 0.470109 0.026504 0.041667
0 0.832824 0.832428 0.024465 0.034420
0 0.696738 0.677536 0.023445 0.032609
0 0.312946 0.964674 0.022426 0.034420
0 0.739551 0.602355 0.025484 0.030797
0 0.826198 0.574275 0.025484 0.039855
0 0.168705 0.337862 0.023445 0.034420
0 0.765036 0.278080 0.023445 0.038043
0 0.672273 0.875000 0.023445 0.036232
0 0.397044 0.480978 0.023445 0.038043
0 0.554027 0.809783 0.023445 0.032609
0 0.717635 0.510870 0.024465 0.036232
0 0.287462 0.713768 0.022426 0.032609
0 0.683996 0.494565 0.024465 0.036232
0 0.874108 0.223732 0.023445 0.038043
0 0.492355 0.426630 0.024465 0.034420
0 0.542813 0.686594 0.025484 0.036232
0 0.846075 0.669384 0.022426 0.027174
0 0.971458 0.930254 0.024465 0.030797
0 0.257390 0.871377 0.023445 0.032609
0 0.558104 0.984601 0.023445 0.030797
0 0.641182 0.401268 0.024465 0.038043
0 0.952599 0.812500 0.025484 0.034420
0 0.982671 0.397645 0.026504 0.038043
0 0.767074 0.517210 0.025484 0.038043
0 0.206422 0.928442 0.027523 0.034420
0 0.972477 0.641304 0.026504 0.036232
0 0.883792 0.453804 0.026504 0.034420
0 0.981142 0.717391 0.023445 0.028986
0 0.752803 0.966486 0.023445 0.034420
0 0.328236 0.194746 0.026504 0.038043
0 0.865953 0.966486 0.023445 0.034420
0 0.556575 0.322464 0.026504 0.032609
0 0.759939 0.326993 0.023445 0.034420
0 0.225790 0.772645 0.019368 0.030797
0 0.810398 0.759058 0.022426 0.032609
0 0.235474 0.371377 0.022426 0.032609
0 0.819062 0.371377 0.023445 0.032609
0 0.168196 0.590580 0.026504 0.036232
0 0.427625 0.564312 0.025484 0.034420
0 0.193170 0.510870 0.025484 0.032609
0 0.176351 0.119565 0.020387 0.032609
0 0.079511 0.130435 0.028542 0.039855
0 0.392457 0.154891 0.022426 0.034420
0 0.704383 0.812500 0.026504 0.038043
0 0.392966 0.790761 0.023445 0.038043
0 0.786442 0.449275 0.023445 0.036232
0 0.755352 0.382246 0.024465 0.036232
0 0.293068 0.501812 0.023445 0.036232
0 0.830785 0.211051 0.026504 0.034420
0 0.452599 0.452899 0.026504 0.036232
0 0.469419 0.348732 0.021407 0.030797
0 0.361876 0.410326 0.024465 0.034420
0 0.859327 0.280797 0.024465 0.036232
0 0.314985 0.370471 0.022426 0.034420
0 0.262997 0.432065 0.024465 0.034420
0 0.680938 0.377717 0.022426 0.030797
0 0.219674 0.567029 0.023445 0.028986
0 0.916922 0.698370 0.025484 0.034420
0 0.401631 0.304348 0.028542 0.036232
0 0.420489 0.195652 0.025484 0.036232
0 0.267074 0.596920 0.022426 0.034420
0 0.433741 0.386775 0.023445 0.034420
0 0.847095 0.783514 0.022426 0.034420
0 0.346585 0.478261 0.024465 0.036232
0 0.146789 0.381341 0.020387 0.027174
0 0.803262 0.898551 0.022426 0.032609
0 0.865953 0.352355 0.027523 0.041667
0 0.582569 0.206522 0.023445 0.036232
0 0.027523 0.222826 0.032620 0.028986
0 0.133028 0.229167 0.023445 0.030797
0 0.341488 0.266304 0.024465 0.032609
0 0.648828 0.964674 0.021407 0.030797
0 0.238022 0.141304 0.021407 0.032609
0 0.419980 0.961051 0.022426 0.034420
0 0.183996 0.426630 0.023445 0.034420
0 0.758410 0.779891 0.022426 0.027174
0 0.704383 0.273551 0.022426 0.032609
0 0.655454 0.751812 0.028542 0.039855
0 0.894495 0.778986 0.023445 0.028986
0 0.976045 0.575181 0.027523 0.041667
0 0.412844 0.682971 0.020387 0.036232
0 0.969929 0.185688 0.021407 0.030797
0 0.110601 0.209239 0.023445 0.030797
0 0.152905 0.432065 0.024465 0.034420
0 0.988277 0.827899 0.019368 0.032609
0 0.782365 0.591486 0.025484 0.038043
0 0.312946 0.519928 0.026504 0.036232
0 0.701325 0.953804 0.022426 0.030797
0 0.569317 0.852355 0.023445 0.030797
0 0.625382 0.475543 0.021407 0.030797
0 0.235984 0.446558 0.023445 0.030797
0 0.615698 0.879529 0.024465 0.034420
0 0.920489 0.384058 0.026504 0.036232
0 0.486239 0.694746 0.022426 0.030797
0 0.590214 0.942029 0.022426 0.032609
0 0.328746 0.763587 0.023445 0.034420
0 0.474516 0.182971 0.023445 0.036232
0 0.093272 0.653080 0.021407 0.030797
0 0.063201 0.711051 0.018349 0.027174
0 0.065240 0.710145 0.020387 0.032609
0 0.140673 0.978261 0.030581 0.036232
0 0.919980 0.952899 0.025484 0.032609
0 0.205912 0.148551 0.028542 0.039855
0 0.728848 0.885870 0.024465 0.039855
0 0.905708 0.281703 0.025484 0.034420
0 0.587666 0.394022 0.023445 0.038043
0 0.111111 0.646739 0.020387 0.028986
0 0.040775 0.358696 0.030581 0.032609
0 0.029562 0.259058 0.030581 0.032609
0 0.680428 0.210145 0.023445 0.028986
0 0.817533 0.171196 0.018349 0.027174
0 0.094292 0.479167 0.031600 0.027174
0 0.597350 0.283514 0.022426 0.034420
0 0.561162 0.163949 0.027523 0.030797
0 0.674312 0.137681 0.019368 0.028986
0 0.647299 0.256341 0.022426 0.041667
0 0.046891 0.603261 0.024465 0.039855
0 0.036188 0.442935 0.029562 0.034420
0 0.925586 0.282609 0.018349 0.047101
0 0.914883 0.174819 0.027523 0.045290
0 0.993374 0.183877 0.013252 0.038043
