0 0.275229 0.222826 0.018349 0.028986
0 0.645260 0.490942 0.024465 0.032609
0 0.552497 0.375906 0.024465 0.038043
0 0.423038 0.402174 0.022426 0.032609
0 0.704893 0.820652 0.023445 0.036232
0 0.969929 0.198370 0.021407 0.030797
0 0.255861 0.133152 0.026504 0.038043
0 0.397044 0.331522 0.023445 0.032609
0 0.550968 0.709239 0.023445 0.038043
0 0.241590 0.668478 0.022426 0.032609
0 0.570846 0.866848 0.022426 0.030797
0 0.587156 0.508152 0.024465 0.038043
0 0.920489 0.289855 0.024465 0.036232
0 0.121814 0.117754 0.019368 0.028986
0 0.316004 0.755435 0.024465 0.036232
0 0.329256 0.465580 0.024465 0.036232
0 0.466361 0.581522 0.025484 0.039855
0 0.465341 0.356884 0.021407 0.032609
0 0.502039 0.276268 0.023445 0.038043
0 0.706422 0.688406 0.024465 0.036232
0 0.231397 0.474638 0.026504 0.036232
0 0.948522 0.829710 0.025484 0.036232
0 0.679918 0.380435 0.022426 0.032609
0 0.600917 0.600543 0.023445 0.038043
0 0.491335 0.449275 0.024465 0.036232
0 0.175841 0.663949 0.025484 0.038043
0 0.864424 0.914855 0.022426 0.036232
0 0.588685 0.432065 0.023445 0.038043
0 0.059633 0.128623 0.023445 0.036232
0 0.155454 0.487319 0.025484 0.036232
0 0.780836 0.309783 0.024465 0.032609
0 0.389399 0.495471 0.024465 0.038043
0 0.881753 0.608696 0.024465 0.032609
0 0.654434 0.931159 0.024465 0.036232
0 0.182467 0.224638 0.026504 0.039855
0 0.603466 0.698370 0.024465 0.034420
0 0.218654 0.921196 0.027523 0.038043
0 0.816004 0.306159 0.025484 0.036232
0 0.714067 0.542572 0.023445 0.034420
0 0.930683 0.640399 0.026504 0.034420
0 0.346075 0.941123 0.023445 0.038043
0 0.869521 0.524457 0.026504 0.038043
0 0.395515 0.685688 0.022426 0.045290
0 0.167686 0.106884 0.023445 0.036232
0 0.804791 0.900362 0.025484 0.036232
0 0.791539 0.451993 0.025484 0.038043
0 0.869521 0.272645 0.026504 0.038043
0 0.208461 0.120471 0.019368 0.030797
0 0.977064 0.949275 0.023445 0.032609
0 0.333843 0.673007 0.025484 0.038043
0 0.312946 0.363225 0.022426 0.034420
0 0.564220 0.275362 0.025484 0.036232
0 0.690112 0.445652 0.022426 0.036232
0 0.593782 0.230072 0.025484 0.036232
0 0.434760 0.781703 0.019368 0.030797
0 0.918960 0.695652 0.023445 0.032609
0 0.610092 0.833333 0.025484 0.032609
0 0.671254 0.564312 0.023445 0.038043
0 0.211009 0.291667 0.024465 0.036232
0 0.823649 0.561594 0.026504 0.036232
0 0.666157 0.153986 0.023445 0.036232
0 0.816514 0.500906 0.024465 0.038043
0 0.140673 0.320652 0.026504 0.036232
0 0.727319 0.384058 0.023445 0.036232
0 0.919470 0.881341 0.026504 0.038043
0 0.117227 0.489130 0.024465 0.032609
0 0.754842 0.777174 0.023445 0.032609
0 0.073904 0.489130 0.021407 0.028986
0 0.540775 0.802536 0.021407 0.032609
0 0.392966 0.788949 0.023445 0.034420
0 0.745158 0.605978 0.024465 0.030797
0 0.833333 0.858696 0.025484 0.036232
0 0.839959 0.364130 0.024465 0.036232
0 0.966871 0.495471 0.027523 0.041667
0 0.932722 0.380435 0.028542 0.039855
0 0.515800 0.209239 0.024465 0.038043
0 0.182977 0.542572 0.023445 0.030797
0 0.688073 0.494565 0.024465 0.032609
0 0.260449 0.607790 0.023445 0.030797
0 0.081549 0.937500 0.026504 0.034420
0 0.451070 0.447464 0.021407 0.032609
0 0.643221 0.364130 0.022426 0.028986
0 0.727829 0.891304 0.026504 0.039855
0 0.600408 0.313406 0.022426 0.032609
0 0.934760 0.963768 0.024465 0.036232
0 0.654944 0.757246 0.027523 0.039855
0 0.894495 0.782609 0.023445 0.028986
0 0.762487 0.385870 0.024465 0.032609
0 0.660550 0.653080 0.022426 0.034420
0 0.853721 0.758152 0.025484 0.038043
0 0.106014 0.738225 0.024465 0.030797
0 0.545872 0.629529 0.023445 0.034420
0 0.289501 0.498188 0.022426 0.032609
0 0.281855 0.724638 0.023445 0.032609
0 0.448012 0.302536 0.023445 0.036232
0 0.572375 0.951087 0.021407 0.032609
0 0.762487 0.498188 0.026504 0.032609
0 0.641182 0.412138 0.026504 0.038043
0 0.889908 0.451993 0.024465 0.038043
0 0.305810 0.282609 0.024465 0.036232
0 0.926606 0.211051 0.024465 0.034420
0 0.108053 0.216486 0.020387 0.030797
0 0.361876 0.412138 0.024465 0.034420
0 0.974006 0.717391 0.023445 0.025362
0 0.293068 0.914855 0.023445 0.032609
0 0.571356 0.181159 0.021407 0.032609
0 0.543323 0.548007 0.028542 0.038043
0 0.225790 0.546196 0.023445 0.030797
0 0.463812 0.985507 0.024465 0.028986
0 0.699796 0.956522 0.021407 0.032609
0 0.880224 0.338768 0.027523 0.036232
0 0.260958 0.436594 0.024465 0.036232
0 0.856269 0.663949 0.024465 0.034420
0 0.010703 0.119565 0.017329 0.028986
0 0.065749 0.723732 0.023445 0.030797
0 0.880224 0.210145 0.023445 0.036232
0 0.480632 0.694746 0.023445 0.030797
0 0.261978 0.985507 0.022426 0.028986
0 0.544343 0.988225 0.022426 0.023551
0 0.838940 0.187500 0.024465 0.034420
0 0.432722 0.228261 0.023445 0.028986
0 0.365443 0.594203 0.029562 0.039855
0 0.388889 0.164855 0.023445 0.032609
0 0.337920 0.275362 0.021407 0.028986
0 0.207951 0.375906 0.022426 0.030797
0 0.124873 0.234601 0.023445 0.034420
0 0.780326 0.584239 0.027523 0.038043
0 0.309888 0.139493 0.022426 0.032609
0 0.706422 0.310688 0.022426 0.030797
0 0.300714 0.568841 0.024465 0.036232
0 0.437309 0.638587 0.024465 0.034420
0 0.708970 0.279891 0.023445 0.030797
0 0.837920 0.961957 0.024465 0.036232
0 0.022936 0.255435 0.027523 0.032609
0 0.961774 0.350543 0.023445 0.034420
0 0.821101 0.388587 0.027523 0.038043
0 0.990826 0.610507 0.018349 0.036232
0 0.805301 0.680254 0.028542 0.038043
0 0.752803 0.985507 0.023445 0.028986
0 0.423038 0.915761 0.026504 0.034420
0 0.778287 0.188406 0.021407 0.036232
0 0.415392 0.193841 0.023445 0.036232
0 0.466361 0.191123 0.023445 0.034420
0 0.542304 0.468297 0.024465 0.038043
0 0.985219 0.812500 0.021407 0.052536
0 0.989806 0.653986 0.020387 0.047101
0 0.990316 0.433877 0.019368 0.038043
0 0.988277 0.308877 0.023445 0.038043
0 0.994393 0.190217 0.011213 0.032609
0 0.760958 0.265399 0.025484 0.041667
0 0.654434 0.278080 0.024465 0.052536
0 0.692661 0.216486 0.019368 0.038043
0 0.015800 0.210145 0.029562 0.028986
0 0.041284 0.355072 0.025484 0.025362
0 0.008665 0.445652 0.015291 0.043478
0 0.137615 0.390399 0.026504 0.030797
0 0.023445 0.602355 0.028542 0.027174
0 0.091233 0.633152 0.025484 0.027174
0 0.418451 0.985507 0.019368 0.028986
0 0.641182 0.985507 0.020387 0.028986
0 0.860347 0.986413 0.018349 0.027174
