0 0.490826 0.447464 0.023445 0.036232
0 0.868502 0.911232 0.024465 0.036232
0 0.170744 0.623188 0.025484 0.039855
0 0.544852 0.807065 0.023445 0.030797
0 0.714067 0.532609 0.023445 0.036232
0 0.970948 0.198370 0.021407 0.030797
0 0.496432 0.288043 0.024465 0.032609
0 0.703874 0.810688 0.023445 0.052536
0 0.469929 0.567935 0.024465 0.034420
0 0.779817 0.309783 0.022426 0.036232
0 0.219164 0.557065 0.024465 0.034420
0 0.584098 0.502717 0.024465 0.038043
0 0.240061 0.464674 0.025484 0.038043
0 0.295107 0.134964 0.027523 0.041667
0 0.696228 0.441123 0.022426 0.034420
0 0.277268 0.228261 0.020387 0.032609
0 0.954128 0.818841 0.026504 0.039855
0 0.542304 0.365942 0.026504 0.036232
0 0.060143 0.129529 0.022426 0.034420
0 0.820591 0.507246 0.024465 0.036232
0 0.609072 0.826993 0.023445 0.034420
0 0.551988 0.701087 0.025484 0.050725
0 0.425076 0.399457 0.022426 0.034420
0 0.223751 0.377717 0.023445 0.034420
0 0.545362 0.571558 0.026504 0.038043
0 0.182977 0.225543 0.025484 0.038043
0 0.311417 0.269022 0.023445 0.034420
0 0.266055 0.596920 0.024465 0.034420
0 0.980122 0.712862 0.027523 0.038043
0 0.878186 0.617754 0.025484 0.036232
0 0.540775 0.470109 0.023445 0.038043
0 0.818552 0.320652 0.024465 0.036232
0 0.553517 0.625000 0.026504 0.039855
0 0.246177 0.652174 0.023445 0.032609
0 0.826707 0.826087 0.024465 0.036232
0 0.589195 0.221920 0.022426 0.038043
0 0.302243 0.894928 0.023445 0.036232
0 0.604485 0.697464 0.026504 0.032609
0 0.698777 0.691123 0.023445 0.034420
0 0.383282 0.493659 0.022426 0.038043
0 0.066769 0.948370 0.025484 0.038043
0 0.925586 0.640399 0.026504 0.034420
0 0.563710 0.966486 0.026504 0.034420
0 0.683486 0.492754 0.025484 0.036232
0 0.892966 0.757246 0.024465 0.036232
0 0.464322 0.356884 0.021407 0.032609
0 0.334353 0.757246 0.022426 0.032609
0 0.560143 0.871377 0.021407 0.032609
0 0.787971 0.677536 0.026504 0.039855
0 0.905708 0.853261 0.027523 0.039855
0 0.793068 0.449275 0.024465 0.036232
0 0.684506 0.394022 0.023445 0.041667
0 0.339450 0.685688 0.024465 0.038043
0 0.635576 0.362319 0.021407 0.032609
0 0.397554 0.325181 0.022426 0.034420
0 0.726809 0.890399 0.026504 0.038043
0 0.803772 0.899457 0.023445 0.034420
0 0.346075 0.922101 0.025484 0.039855
0 0.958206 0.488225 0.026504 0.038043
0 0.449541 0.306159 0.022426 0.036232
0 0.604485 0.605072 0.024465 0.039855
0 0.374618 0.590580 0.025484 0.036232
0 0.826198 0.573370 0.023445 0.038043
0 0.215596 0.932065 0.027523 0.038043
0 0.337920 0.475543 0.025484 0.034420
0 0.755861 0.775362 0.023445 0.032609
0 0.644241 0.410326 0.024465 0.034420
0 0.913354 0.280797 0.024465 0.036232
0 0.629969 0.474638 0.024465 0.036232
0 0.985219 0.666667 0.025484 0.032609
0 0.859837 0.528080 0.023445 0.038043
0 0.761978 0.524457 0.023445 0.038043
0 0.068298 0.739130 0.024465 0.032609
0 0.515291 0.209239 0.023445 0.038043
0 0.913354 0.700181 0.026504 0.034420
0 0.395005 0.795290 0.023445 0.032609
0 0.963303 0.341486 0.024465 0.038043
0 0.865953 0.275362 0.023445 0.036232
0 0.457696 0.973732 0.026504 0.045290
0 0.597859 0.913043 0.023445 0.036232
0 0.725790 0.381341 0.022426 0.038043
0 0.163099 0.106884 0.022426 0.032609
0 0.661060 0.891304 0.021407 0.036232
0 0.656473 0.655797 0.024465 0.036232
0 0.834353 0.971920 0.025484 0.038043
0 0.737513 0.615942 0.025484 0.032609
0 0.418960 0.190217 0.024465 0.032609
0 0.315494 0.368659 0.021407 0.034420
0 0.557594 0.275362 0.026504 0.036232
0 0.134557 0.452899 0.024465 0.032609
0 0.322120 0.187500 0.022426 0.030797
0 0.857798 0.739130 0.025484 0.036232
0 0.211009 0.130435 0.024465 0.036232
0 0.072375 0.496377 0.018349 0.025362
0 0.869011 0.976449 0.025484 0.036232
0 0.209990 0.292572 0.024465 0.038043
0 0.288991 0.494565 0.021407 0.032609
0 0.358308 0.410326 0.025484 0.034420
0 0.409276 0.681159 0.021407 0.036232
0 0.261468 0.430254 0.025484 0.034420
0 0.585627 0.428442 0.023445 0.038043
0 0.486748 0.692935 0.025484 0.034420
0 0.310907 0.565217 0.024465 0.032609
0 0.695209 0.944746 0.024465 0.034420
0 0.653415 0.758152 0.022426 0.041667
0 0.876656 0.341486 0.028542 0.034420
0 0.341488 0.254529 0.024465 0.038043
0 0.432722 0.787138 0.021407 0.034420
0 0.433231 0.584239 0.028542 0.041667
0 0.838430 0.373188 0.023445 0.036232
0 0.092762 0.791667 0.024465 0.036232
0 0.705912 0.274457 0.023445 0.030797
0 0.974516 0.962862 0.022426 0.030797
0 0.118756 0.140399 0.019368 0.027174
0 0.760449 0.376812 0.024465 0.039855
0 0.161060 0.448370 0.022426 0.030797
0 0.929664 0.384058 0.028542 0.039855
0 0.285423 0.730072 0.022426 0.032609
0 0.886340 0.440217 0.025484 0.036232
0 0.933741 0.967391 0.026504 0.039855
0 0.653415 0.543478 0.022426 0.036232
0 0.112130 0.651268 0.020387 0.030797
0 0.391947 0.163043 0.025484 0.039855
0 0.835372 0.223732 0.027523 0.034420
0 0.985729 0.312500 0.024465 0.034420
0 0.452599 0.453804 0.024465 0.038043
0 0.749745 0.986413 0.027523 0.027174
0 0.106014 0.231884 0.024465 0.032609
0 0.652396 0.257246 0.024465 0.036232
0 0.668705 0.140399 0.024465 0.034420
0 0.142712 0.328804 0.026504 0.038043
0 0.594801 0.310688 0.025484 0.038043
0 0.011213 0.122283 0.018349 0.030797
0 0.779817 0.585145 0.026504 0.036232
0 0.187564 0.496377 0.022426 0.032609
0 0.944444 0.017210 0.023445 0.030797
0 0.694190 0.209239 0.020387 0.027174
0 0.023955 0.250000 0.023445 0.032609
0 0.857288 0.661232 0.024465 0.036232
0 0.645260 0.988225 0.022426 0.023551
0 0.988277 0.425725 0.021407 0.032609
0 0.427625 0.924819 0.023445 0.034420
0 0.127421 0.217391 0.026504 0.036232
0 0.778287 0.873188 0.025484 0.036232
0 0.782365 0.192935 0.019368 0.041667
0 0.878186 0.221920 0.021407 0.038043
0 0.921509 0.196558 0.024465 0.041667
0 0.987768 0.816123 0.024465 0.045290
0 0.992355 0.592391 0.015291 0.043478
0 0.023955 0.216486 0.027523 0.023551
0 0.041284 0.354167 0.023445 0.023551
0 0.016310 0.453804 0.030581 0.027174
0 0.031600 0.590580 0.024465 0.028986
0 0.251274 0.990036 0.025484 0.019928
0 0.422528 0.986413 0.021407 0.027174
0 0.141182 0.394928 0.027523 0.032609
0 0.469929 0.186594 0.026504 0.036232
0 0.571356 0.173913 0.017329 0.043478
