0 0.594292 0.486413 0.024465 0.038043
0 0.271662 0.333333 0.025484 0.036232
0 0.419980 0.286232 0.024465 0.036232
0 0.978593 0.555254 0.022426 0.038043
0 0.983180 0.917572 0.023445 0.030797
0 0.270642 0.542572 0.023445 0.034420
0 0.361876 0.802536 0.022426 0.032609
0 0.461264 0.425725 0.023445 0.036232
0 0.585117 0.555254 0.022426 0.030797
0 0.618756 0.535326 0.022426 0.034420
0 0.973496 0.397645 0.022426 0.034420
0 0.815494 0.863225 0.022426 0.034420
0 0.818552 0.134058 0.024465 0.039855
0 0.257900 0.240942 0.022426 0.028986
0 0.944444 0.183877 0.023445 0.030797
0 0.827217 0.510870 0.023445 0.039855
0 0.639653 0.754529 0.021407 0.034420
0 0.597859 0.919384 0.021407 0.030797
0 0.522426 0.673007 0.023445 0.034420
0 0.469929 0.142210 0.024465 0.030797
0 0.361366 0.298913 0.025484 0.032609
0 0.743119 0.688406 0.024465 0.036232
0 0.779817 0.937500 0.022426 0.034420
0 0.680938 0.756341 0.024465 0.034420
0 0.834862 0.796196 0.024465 0.038043
0 0.382263 0.496377 0.022426 0.028986
0 0.968909 0.808877 0.025484 0.034420
0 0.596330 0.283514 0.022426 0.030797
0 0.319062 0.586051 0.026504 0.034420
0 0.904689 0.182971 0.025484 0.036232
0 0.803262 0.409420 0.022426 0.036232
0 0.889399 0.542572 0.021407 0.034420
0 0.296636 0.379529 0.022426 0.034420
0 0.558614 0.582428 0.022426 0.034420
0 0.349643 0.466486 0.020387 0.034420
0 0.609582 0.433877 0.022426 0.038043
0 0.556575 0.232790 0.024465 0.034420
0 0.186035 0.300725 0.023445 0.036232
0 0.932212 0.770833 0.023445 0.030797
0 0.970948 0.178442 0.021407 0.030797
0 0.937309 0.900362 0.023445 0.032609
0 0.699796 0.493659 0.021407 0.034420
0 0.442915 0.774457 0.019368 0.045290
0 0.857288 0.324275 0.024465 0.036232
0 0.725790 0.399457 0.020387 0.034420
0 0.437309 0.554348 0.020387 0.032609
0 0.573394 0.807971 0.021407 0.028986
0 0.480632 0.570652 0.023445 0.036232
0 0.510703 0.855978 0.024465 0.030797
0 0.217125 0.134964 0.022426 0.034420
0 0.408257 0.143116 0.021407 0.028986
0 0.580020 0.728261 0.024465 0.032609
0 0.781346 0.835145 0.025484 0.032609
0 0.680938 0.276268 0.024465 0.034420
0 0.306830 0.210145 0.022426 0.032609
0 0.752803 0.604167 0.023445 0.038043
0 0.896534 0.648551 0.021407 0.032609
0 0.746687 0.274457 0.025484 0.034420
0 0.718145 0.954710 0.023445 0.054348
0 0.925076 0.539855 0.023445 0.032609
0 0.784404 0.742754 0.025484 0.032609
0 0.505607 0.375000 0.022426 0.032609
0 0.836901 0.385870 0.022426 0.036232
0 0.545872 0.773551 0.019368 0.025362
0 0.740061 0.474638 0.026504 0.036232
0 0.928644 0.314312 0.020387 0.030797
0 0.640673 0.876812 0.023445 0.036232
0 0.873089 0.592391 0.023445 0.039855
0 0.891947 0.451087 0.026504 0.036232
0 0.682467 0.204710 0.023445 0.028986
0 0.675331 0.683877 0.023445 0.034420
0 0.712029 0.297101 0.021407 0.032609
0 0.808869 0.349638 0.023445 0.036232
0 0.432722 0.369565 0.023445 0.036232
0 0.846075 0.629529 0.024465 0.034420
0 0.372069 0.233696 0.024465 0.032609
0 0.799694 0.629529 0.021407 0.034420
0 0.616208 0.729167 0.021407 0.034420
0 0.521916 0.333333 0.022426 0.032609
0 0.481651 0.666667 0.023445 0.032609
0 0.874618 0.386775 0.022426 0.034420
0 0.708461 0.609601 0.022426 0.030797
0 0.526504 0.190217 0.023445 0.036232
0 0.864934 0.286232 0.021407 0.032609
0 0.773191 0.384964 0.023445 0.034420
0 0.955657 0.514493 0.023445 0.036232
0 0.502039 0.472826 0.021407 0.028986
0 0.468909 0.370471 0.020387 0.034420
0 0.675331 0.454710 0.021407 0.032609
0 0.781855 0.241848 0.022426 0.030797
0 0.288991 0.769022 0.021407 0.034420
0 0.783384 0.462862 0.025484 0.034420
0 0.839450 0.271739 0.021407 0.032609
0 0.448522 0.317935 0.022426 0.038043
0 0.336391 0.138587 0.024465 0.034420
0 0.312436 0.503623 0.025484 0.036232
0 0.871560 0.948370 0.024465 0.034420
0 0.556575 0.523551 0.024465 0.032609
0 0.899592 0.273551 0.017329 0.025362
0 0.551988 0.071558 0.021407 0.034420
0 0.624873 0.663949 0.024465 0.034420
0 0.642202 0.246377 0.022426 0.036232
0 0.282875 0.120471 0.025484 0.034420
0 0.547401 0.148551 0.022426 0.036232
0 0.579001 0.637681 0.020387 0.032609
0 0.859327 0.491848 0.024465 0.038043
0 0.651886 0.179348 0.021407 0.032609
0 0.935270 0.452899 0.019368 0.028986
0 0.319062 0.672101 0.020387 0.032609
0 0.651886 0.584239 0.021407 0.034420
0 0.805810 0.238225 0.021407 0.030797
0 0.945464 0.258152 0.023445 0.030797
0 0.483180 0.209239 0.022426 0.027174
0 0.896534 0.704710 0.023445 0.036232
0 0.543833 0.711051 0.023445 0.034420
0 0.585117 0.371377 0.024465 0.036232
0 0.511723 0.928442 0.022426 0.034420
0 0.908257 0.480072 0.024465 0.036232
0 0.354230 0.562500 0.021407 0.034420
0 0.709990 0.668478 0.023445 0.032609
0 0.484709 0.518116 0.021407 0.032609
0 0.492355 0.326993 0.022426 0.034420
0 0.401631 0.335145 0.020387 0.032609
0 0.602446 0.342391 0.020387 0.032609
0 0.502548 0.222826 0.020387 0.032609
0 0.647808 0.692935 0.023445 0.034420
0 0.292559 0.285326 0.024465 0.038043
0 0.335882 0.339674 0.021407 0.034420
0 0.565240 0.669384 0.021407 0.034420
0 0.523955 0.268116 0.022426 0.032609
0 0.659021 0.792572 0.023445 0.034420
0 0.699286 0.818841 0.024465 0.036232
0 0.727829 0.857790 0.024465 0.038043
0 0.446993 0.681159 0.021407 0.036232
0 0.964832 0.671196 0.021407 0.034420
0 0.355250 0.389493 0.023445 0.036232
0 0.822120 0.983696 0.025484 0.032609
0 0.607543 0.583333 0.022426 0.032609
0 0.674312 0.341486 0.021407 0.027174
0 0.724261 0.743659 0.025484 0.034420
0 0.451580 0.605978 0.020387 0.034420
0 0.666667 0.494565 0.022426 0.036232
0 0.920489 0.711957 0.024465 0.036232
0 0.640163 0.479167 0.022426 0.034420
0 0.773700 0.584239 0.022426 0.030797
0 0.449541 0.211051 0.022426 0.034420
0 0.652905 0.408514 0.023445 0.038043
0 0.914883 0.360507 0.023445 0.032609
0 0.564220 0.329710 0.021407 0.032609
0 0.985729 0.278986 0.020387 0.032609
0 0.688583 0.383152 0.021407 0.034420
0 0.392457 0.373188 0.022426 0.032609
0 0.391947 0.565217 0.021407 0.032609
0 0.741590 0.337862 0.023445 0.034420
0 0.869521 0.171196 0.026504 0.034420
0 0.316514 0.417572 0.023445 0.034420
0 0.462793 0.269022 0.018349 0.027174
0 0.517839 0.597826 0.020387 0.025362
0 0.801733 0.563406 0.023445 0.032609
0 0.971967 0.321558 0.023445 0.034420
0 0.402141 0.606884 0.023445 0.032609
0 0.515800 0.520833 0.022426 0.034420
0 0.500510 0.163043 0.022426 0.032609
0 0.758919 0.807065 0.023445 0.034420
0 0.377166 0.432971 0.022426 0.032609
0 0.666667 0.098732 0.022426 0.034420
0 0.435270 0.487319 0.022426 0.032609
0 0.757900 0.502717 0.025484 0.034420
0 0.529052 0.560688 0.020387 0.034420
0 0.728848 0.575181 0.022426 0.034420
0 0.822120 0.454710 0.023445 0.032609
0 0.237003 0.661232 0.025484 0.032609
0 0.391947 0.272645 0.023445 0.034420
0 0.793578 0.163043 0.025484 0.036232
0 0.678899 0.570652 0.024465 0.032609
0 0.977064 0.771739 0.025484 0.032609
0 0.399592 0.676630 0.020387 0.027174
0 0.716616 0.207428 0.020387 0.030797
0 0.914373 0.841486 0.022426 0.030797
0 0.918960 0.650362 0.021407 0.032609
0 0.440367 0.166667 0.020387 0.028986
0 0.959225 0.606884 0.022426 0.028986
0 0.711009 0.345109 0.023445 0.034420
0 0.402141 0.403080 0.021407 0.038043
0 0.799694 0.673913 0.023445 0.032609
0 0.411315 0.216486 0.023445 0.034420
0 0.559633 0.288949 0.022426 0.030797
0 0.565749 0.013587 0.020387 0.023551
0 0.647808 0.333333 0.021407 0.028986
0 0.695209 0.547101 0.024465 0.032609
0 0.894495 0.321558 0.021407 0.030797
0 0.150866 0.130435 0.020387 0.032609
0 0.493884 0.265399 0.021407 0.030797
0 0.700815 0.166667 0.019368 0.028986
0 0.358818 0.657609 0.022426 0.032609
0 0.527523 0.475543 0.025484 0.034420
0 0.771662 0.173913 0.022426 0.028986
0 0.245158 0.457428 0.029562 0.034420
0 0.541284 0.917572 0.024465 0.034420
0 0.857798 0.435688 0.023445 0.034420
0 0.806320 0.284420 0.024465 0.036232
0 0.671764 0.629529 0.024465 0.030797
0 0.937819 0.582428 0.022426 0.030797
0 0.831804 0.569746 0.026504 0.034420
0 0.762997 0.440217 0.019368 0.032609
0 0.772681 0.342391 0.022426 0.028986
0 0.733435 0.642210 0.023445 0.034420
0 0.612640 0.988225 0.026504 0.023551
0 0.974516 0.447464 0.022426 0.028986
0 0.834862 0.699275 0.024465 0.032609
0 0.915392 0.420290 0.024465 0.036232
0 0.978593 0.734601 0.022426 0.034420
0 0.491845 0.717391 0.021407 0.032609
0 0.863405 0.719203 0.022426 0.028986
0 0.862895 0.828804 0.023445 0.034420
0 0.664628 0.010870 0.024465 0.018116
0 0.672273 0.037138 0.023445 0.034420
0 0.661570 0.134058 0.020387 0.043478
0 0.602446 0.174819 0.024465 0.038043
0 0.577982 0.112319 0.020387 0.039855
0 0.257900 0.165761 0.026504 0.030797
0 0.501529 0.411232 0.018349 0.043478
0 0.542813 0.383152 0.019368 0.041667
0 0.570336 0.431159 0.023445 0.036232
0 0.615189 0.393116 0.019368 0.039855
0 0.641182 0.293478 0.016310 0.039855
0 0.672783 0.903080 0.022426 0.052536
0 0.724261 0.788949 0.021407 0.045290
0 0.973496 0.981884 0.020387 0.036232
0 0.909786 0.989130 0.021407 0.021739
0 0.992864 0.684783 0.014271 0.036232
0 0.988277 0.620471 0.023445 0.034420
0 0.990826 0.516304 0.018349 0.032609
0 0.983180 0.474638 0.021407 0.028986
0 0.988277 0.368659 0.023445 0.041667
0 0.869011 0.218297 0.019368 0.027174
0 0.855250 0.241848 0.018349 0.030797
0 0.990316 0.185688 0.019368 0.038043
0 0.745668 0.214674 0.029562 0.038043
0 0.732926 0.182065 0.024465 0.027174
0 0.406728 0.464674 0.028542 0.034420
0 0.332314 0.201993 0.028542 0.034420
0 0.336901 0.282609 0.023445 0.032609
0 0.546891 0.620471 0.021407 0.041667
0 0.583078 0.260870 0.020387 0.039855
0 0.828746 0.745471 0.020387 0.034420
0 0.884811 0.758152 0.024465 0.038043
0 0.886340 0.881341 0.025484 0.038043
0 0.935270 0.381341 0.023445 0.034420
