0 0.310398 0.977355 0.025484 0.034420
0 0.546891 0.354167 0.025484 0.034420
0 0.161060 0.334239 0.024465 0.034420
0 0.491335 0.449275 0.026504 0.039855
0 0.794088 0.667572 0.026504 0.038043
0 0.277778 0.230072 0.019368 0.032609
0 0.608053 0.800725 0.025484 0.036232
0 0.433741 0.798007 0.021407 0.030797
0 0.253823 0.662138 0.022426 0.034420
0 0.306320 0.275362 0.023445 0.036232
0 0.425586 0.398551 0.021407 0.032609
0 0.577982 0.946558 0.024465 0.038043
0 0.286952 0.490036 0.021407 0.034420
0 0.345056 0.934783 0.021407 0.032609
0 0.535678 0.804348 0.021407 0.028986
0 0.220183 0.571558 0.024465 0.034420
0 0.590214 0.424819 0.024465 0.038043
0 0.307339 0.576993 0.025484 0.034420
0 0.212538 0.934783 0.023445 0.036232
0 0.327217 0.756341 0.022426 0.034420
0 0.857288 0.663949 0.024465 0.034420
0 0.513252 0.198370 0.021407 0.038043
0 0.638124 0.355978 0.022426 0.034420
0 0.603976 0.698370 0.025484 0.034420
0 0.479103 0.359601 0.024465 0.038043
0 0.435780 0.932065 0.021407 0.034420
0 0.982671 0.598732 0.026504 0.038043
0 0.566259 0.866848 0.021407 0.030797
0 0.540775 0.463768 0.023445 0.039855
0 0.085117 0.801630 0.021407 0.034420
0 0.762487 0.515399 0.024465 0.034420
0 0.446993 0.306159 0.023445 0.036232
0 0.683996 0.499094 0.024465 0.034420
0 0.228848 0.374094 0.023445 0.034420
0 0.503058 0.279891 0.025484 0.038043
0 0.735474 0.602355 0.023445 0.030797
0 0.873598 0.218297 0.024465 0.038043
0 0.658512 0.554348 0.022426 0.036232
0 0.588685 0.496377 0.025484 0.036232
0 0.668196 0.861413 0.025484 0.038043
0 0.642712 0.478261 0.023445 0.036232
0 0.410296 0.686594 0.021407 0.036232
0 0.880734 0.613225 0.026504 0.038043
0 0.967890 0.286232 0.025484 0.036232
0 0.844546 0.777174 0.025484 0.036232
0 0.961774 0.491848 0.025484 0.038043
0 0.952599 0.809783 0.025484 0.036232
0 0.060652 0.127717 0.023445 0.034420
0 0.792559 0.447464 0.025484 0.039855
0 0.396534 0.321558 0.020387 0.030797
0 0.705403 0.284420 0.024465 0.032609
0 0.595311 0.311594 0.024465 0.032609
0 0.820591 0.500906 0.022426 0.038043
0 0.175331 0.609601 0.026504 0.030797
0 0.305301 0.878623 0.021407 0.036232
0 0.712538 0.538949 0.022426 0.034420
0 0.189093 0.235507 0.025484 0.039855
0 0.340469 0.685688 0.024465 0.038043
0 0.286442 0.729167 0.022426 0.030797
0 0.295107 0.130435 0.025484 0.036232
0 0.547910 0.701087 0.023445 0.036232
0 0.892966 0.767210 0.026504 0.034420
0 0.762487 0.271739 0.024465 0.036232
0 0.865443 0.522645 0.026504 0.038043
0 0.765036 0.377717 0.023445 0.034420
0 0.583078 0.217391 0.024465 0.036232
0 0.233945 0.144928 0.021407 0.028986
0 0.461264 0.980072 0.023445 0.032609
0 0.905708 0.274457 0.023445 0.034420
0 0.180428 0.520833 0.022426 0.030797
0 0.268603 0.603261 0.023445 0.032609
0 0.229358 0.459239 0.026504 0.034420
0 0.701325 0.692935 0.024465 0.034420
0 0.640673 0.963768 0.023445 0.032609
0 0.198777 0.730978 0.022426 0.030797
0 0.317023 0.367754 0.022426 0.032609
0 0.193170 0.864130 0.025484 0.036232
0 0.388889 0.493659 0.025484 0.034420
0 0.258410 0.856884 0.023445 0.032609
0 0.811417 0.758152 0.024465 0.034420
0 0.707951 0.812500 0.025484 0.038043
0 0.602956 0.605978 0.025484 0.038043
0 0.546891 0.561594 0.025484 0.036232
0 0.548420 0.625000 0.022426 0.032609
0 0.858818 0.280797 0.025484 0.036232
0 0.829256 0.830616 0.025484 0.038043
0 0.883792 0.450181 0.024465 0.034420
0 0.325688 0.177536 0.023445 0.036232
0 0.210499 0.288043 0.023445 0.036232
0 0.471458 0.569746 0.023445 0.034420
0 0.397044 0.792572 0.023445 0.034420
0 0.167686 0.120471 0.021407 0.030797
0 0.932212 0.295290 0.023445 0.036232
0 0.928644 0.951993 0.024465 0.034420
0 0.618756 0.869565 0.022426 0.032609
0 0.697757 0.435688 0.023445 0.034420
0 0.067788 0.732790 0.023445 0.034420
0 0.824159 0.570652 0.025484 0.036232
0 0.972477 0.942935 0.024465 0.030797
0 0.925076 0.388587 0.025484 0.030797
0 0.664628 0.153986 0.022426 0.032609
0 0.646789 0.403986 0.023445 0.036232
0 0.483690 0.697464 0.025484 0.032609
0 0.348114 0.259058 0.023445 0.036232
0 0.871560 0.899457 0.024465 0.034420
0 0.557085 0.269928 0.025484 0.036232
0 0.967890 0.196558 0.023445 0.030797
0 0.361876 0.411232 0.024465 0.036232
0 0.829766 0.209239 0.022426 0.034420
0 0.777268 0.196558 0.025484 0.034420
0 0.726809 0.368659 0.022426 0.034420
0 0.055556 0.973732 0.025484 0.034420
0 0.804281 0.900362 0.024465 0.032609
0 0.260958 0.426630 0.022426 0.038043
0 0.779817 0.309783 0.022426 0.032609
0 0.656473 0.756341 0.028542 0.041667
0 0.394495 0.165761 0.024465 0.034420
0 0.867992 0.352355 0.027523 0.041667
0 0.920489 0.695652 0.026504 0.036232
0 0.430173 0.596014 0.026504 0.036232
0 0.135576 0.238225 0.024465 0.034420
0 0.676351 0.376812 0.021407 0.032609
0 0.105505 0.627717 0.023445 0.030797
0 0.870540 0.958333 0.024465 0.036232
0 0.196228 0.126812 0.023445 0.032609
0 0.655963 0.646739 0.023445 0.036232
0 0.832824 0.986413 0.026504 0.027174
0 0.635576 0.557971 0.023445 0.032609
0 0.452090 0.450181 0.023445 0.034420
0 0.339450 0.478261 0.022426 0.032609
0 0.782875 0.592391 0.026504 0.039855
0 0.807849 0.301630 0.027523 0.034420
0 0.988787 0.826087 0.020387 0.032609
0 0.815494 0.343297 0.024465 0.034420
0 0.905708 0.872283 0.029562 0.038043
0 0.984200 0.658514 0.025484 0.038043
0 0.559633 0.164855 0.024465 0.032609
0 0.684506 0.215580 0.021407 0.043478
0 0.755352 0.777174 0.022426 0.032609
0 0.989806 0.389493 0.020387 0.036232
0 0.988787 0.182971 0.020387 0.036232
0 0.179918 0.425725 0.023445 0.032609
0 0.102956 0.210145 0.020387 0.032609
0 0.722732 0.886775 0.024465 0.038043
0 0.980632 0.720109 0.024465 0.027174
0 0.751784 0.975543 0.023445 0.034420
0 0.136086 0.391304 0.023445 0.028986
0 0.916922 0.173007 0.027523 0.038043
0 0.010703 0.124094 0.019368 0.030797
0 0.468400 0.181159 0.019368 0.032609
0 0.703364 0.313406 0.020387 0.028986
0 0.696738 0.950181 0.023445 0.030797
0 0.653415 0.260870 0.020387 0.028986
0 0.079511 0.496377 0.030581 0.028986
0 0.141182 0.454710 0.021407 0.028986
0 0.857288 0.446558 0.022426 0.030797
0 0.635066 0.714674 0.024465 0.034420
0 0.022426 0.212862 0.030581 0.030797
0 0.029052 0.256341 0.029562 0.027174
0 0.041794 0.356884 0.026504 0.028986
0 0.020387 0.455616 0.028542 0.034420
0 0.022426 0.621377 0.020387 0.025362
0 0.229867 0.775362 0.021407 0.039855
0 0.418451 0.982790 0.021407 0.034420
0 0.374108 0.592391 0.022426 0.036232
0 0.417431 0.183877 0.023445 0.030797
