0 0.485734 0.507246 0.031250 0.036232
0 0.258832 0.559783 0.028533 0.032609
0 0.565897 0.500906 0.031250 0.038043
0 0.331522 0.527174 0.027174 0.032609
0 0.242527 0.499094 0.025815 0.027174
0 0.492527 0.432065 0.028533 0.038043
0 0.354620 0.565217 0.027174 0.032609
0 0.608696 0.548913 0.035326 0.039855
0 0.540082 0.419384 0.028533 0.034420
0 0.427989 0.536232 0.029891 0.032609
0 0.688179 0.445652 0.033967 0.039855
0 0.375000 0.517210 0.029891 0.030797
0 0.280571 0.492754 0.023098 0.028986
0 0.595788 0.439312 0.033967 0.038043
0 0.194973 0.464674 0.023098 0.023551
0 0.438859 0.448370 0.029891 0.034420
0 0.374321 0.448370 0.028533 0.030797
0 0.216033 0.440217 0.021739 0.021739
0 0.747283 0.332428 0.032609 0.038043
0 0.341033 0.451993 0.024457 0.027174
0 0.146060 0.495471 0.023098 0.023551
0 0.755435 0.500000 0.032609 0.036232
0 0.308424 0.437500 0.032609 0.030797
0 0.517663 0.559783 0.029891 0.036232
0 0.068614 0.494565 0.014946 0.018116
0 0.109375 0.459239 0.020380 0.019928
0 0.227582 0.550725 0.023098 0.025362
0 0.244565 0.441123 0.024457 0.023551
0 0.146060 0.446558 0.020380 0.023551
0 0.188859 0.539855 0.021739 0.021739
0 0.211277 0.496377 0.020380 0.021739
0 0.074728 0.527174 0.019022 0.014493
0 0.190897 0.432065 0.023098 0.023551
0 0.674592 0.536232 0.020380 0.032609
0 0.808424 0.707428 0.035326 0.041667
0 0.166440 0.480072 0.023098 0.018116
0 0.186141 0.511775 0.027174 0.016304
0 0.167799 0.548913 0.017663 0.014493
0 0.148098 0.543478 0.019022 0.021739
0 0.138587 0.537138 0.019022 0.023551
0 0.124321 0.523551 0.014946 0.010870
0 0.110054 0.515399 0.010870 0.016304
0 0.098505 0.512681 0.012228 0.010870
0 0.093071 0.535326 0.012228 0.009058
0 0.117527 0.554348 0.014946 0.014493
0 0.099185 0.571558 0.016304 0.012681
0 0.095788 0.482790 0.014946 0.019928
0 0.084918 0.472826 0.012228 0.010870
0 0.094429 0.442935 0.014946 0.016304
0 0.104620 0.425725 0.016304 0.025362
0 0.127717 0.422101 0.019022 0.010870
0 0.103940 0.402174 0.023098 0.018116
0 0.086277 0.398551 0.012228 0.014493
0 0.082201 0.410326 0.020380 0.016304
0 0.072011 0.442935 0.013587 0.012681
0 0.110054 0.370471 0.013587 0.016304
0 0.097147 0.373188 0.014946 0.010870
0 0.116848 0.304348 0.019022 0.021739
