0 0.527174 0.443841 0.032609 0.036232
0 0.684783 0.562500 0.029891 0.034420
0 0.171196 0.509058 0.035326 0.036232
0 0.476223 0.496377 0.036685 0.039855
0 0.605299 0.610507 0.028533 0.036232
0 0.540761 0.575181 0.032609 0.034420
0 0.587636 0.557971 0.031250 0.036232
0 0.580163 0.450181 0.029891 0.034420
0 0.652853 0.577899 0.028533 0.032609
0 0.548913 0.351449 0.029891 0.032609
0 0.378397 0.475543 0.033967 0.038043
0 0.658288 0.391304 0.025815 0.028986
0 0.699728 0.489130 0.027174 0.032609
0 0.416440 0.563406 0.033967 0.036232
0 0.453804 0.419384 0.032609 0.038043
0 0.343750 0.546196 0.032609 0.038043
0 0.627038 0.479167 0.028533 0.034420
0 0.289402 0.500000 0.032609 0.036232
0 0.644022 0.455616 0.027174 0.030797
0 0.601223 0.704710 0.028533 0.032609
0 0.575408 0.647645 0.028533 0.034420
0 0.033288 0.698370 0.031250 0.038043
0 0.489810 0.625000 0.031250 0.036232
0 0.256114 0.701993 0.031250 0.038043
0 0.094429 0.962862 0.028533 0.034420
0 0.619565 0.394928 0.029891 0.032609
0 0.730978 0.533514 0.024457 0.027174
0 0.088315 0.627717 0.029891 0.041667
0 0.029891 0.099638 0.021739 0.028986
0 0.168478 0.266304 0.032609 0.043478
0 0.883832 0.940217 0.014946 0.014493
0 0.875679 0.961051 0.014946 0.016304
0 0.713315 0.604167 0.029891 0.030797
