0 0.430489 0.449099 0.0313743 0.0407467
0 0.537942 0.567968 0.0344124 0.0380183
0 0.426292 0.366066 0.0288271 0.038689
0 0.130964 0.545644 0.0297125 0.0390502
0 0.504247 0.486438 0.0339827 0.0408827
0 0.418158 0.57579 0.0303581 0.0356735
0 0.191323 0.511241 0.033261 0.0372782
0 0.257084 0.535407 0.0381043 0.0377996
0 0.344976 0.620587 0.0307273 0.0374983
0 0.376881 0.465997 0.0296038 0.0361683
0 0.467297 0.570016 0.0315718 0.0383062
0 0.841516 0.862814 0.0304009 0.0360428
0 0.393921 0.646873 0.0318736 0.0400805
0 0.0856987 0.85153 0.0283379 0.0350908
0 0.49306 0.621623 0.0301548 0.0409889
0 0.32658 0.521737 0.0375116 0.0417708
0 0.36621 0.55416 0.0346197 0.0422997
0 0.307363 0.381646 0.0369424 0.0421567
0 0.125868 0.164337 0.0246418 0.0285438
0 0.0667423 0.557251 0.0315226 0.0397743
0 0.976459 0.124902 0.0192526 0.0226303
0 0.336302 0.96345 0.016787 0.0239038
0 0.156681 0.0389664 0.0232651 0.0239244
0 0.243854 0.705812 0.0302533 0.0360635
0 0.125926 0.989869 0.0257407 0.0202628
0 0.804871 0.662636 0.014072 0.0195236
0 0.0810796 0.169962 0.0216136 0.0239444
0 0.119155 0.772986 0.0292828 0.0367675
0 0.103524 0.95476 0.0187785 0.0222522
0 0.371917 0.39405 0.0295447 0.0388222
