0 0.457880 0.542572 0.032609 0.034420
0 0.321332 0.423913 0.028533 0.032609
0 0.669837 0.531703 0.029891 0.041667
0 0.355978 0.536232 0.032609 0.036232
0 0.436821 0.429348 0.033967 0.036232
0 0.894022 0.257246 0.029891 0.036232
0 0.296875 0.494565 0.028533 0.032609
0 0.366848 0.456522 0.027174 0.032609
0 0.853261 0.498188 0.032609 0.039855
0 0.403533 0.549819 0.032609 0.034420
0 0.254076 0.489130 0.027174 0.028986
0 0.579484 0.530797 0.031250 0.036232
0 0.916440 0.381341 0.033967 0.041667
0 0.516984 0.474638 0.031250 0.036232
0 0.654212 0.451993 0.033967 0.041667
0 0.266984 0.548913 0.025815 0.025362
0 0.118207 0.550725 0.021739 0.025362
0 0.561821 0.442935 0.033967 0.038043
0 0.883152 0.109601 0.027174 0.038043
0 0.201766 0.537138 0.023098 0.023551
0 0.273098 0.445652 0.024457 0.025362
0 0.482337 0.396739 0.021739 0.021739
0 0.959239 0.979167 0.024457 0.027174
0 0.992527 0.926630 0.014946 0.027174
0 0.813179 0.710145 0.036685 0.050725
0 0.213315 0.465580 0.024457 0.021739
0 0.194293 0.482790 0.024457 0.019928
0 0.175272 0.475543 0.016304 0.016304
0 0.178668 0.519928 0.023098 0.021739
0 0.155571 0.531703 0.023098 0.019928
0 0.148777 0.483696 0.023098 0.025362
0 0.132473 0.499094 0.017663 0.019928
0 0.113451 0.510870 0.017663 0.014493
0 0.098505 0.512681 0.014946 0.014493
0 0.086277 0.489130 0.023098 0.014493
0 0.120245 0.463768 0.017663 0.018116
0 0.103940 0.449275 0.023098 0.018116
0 0.140625 0.024457 0.014946 0.019928
