0 0.499766 0.555721 0.0375957 0.0382375
0 0.0624344 0.61889 0.0339982 0.0422187
0 0.365295 0.481377 0.0339783 0.0362335
0 0.110807 0.926603 0.0312667 0.0373399
0 0.157153 0.523186 0.0315402 0.0357753
0 0.42732 0.476298 0.0378636 0.038931
0 0.329782 0.525896 0.0305665 0.0361916
0 0.396777 0.408894 0.0316654 0.0367663
0 0.0774491 0.983997 0.0286095 0.0299571
0 0.413279 0.561625 0.0358931 0.0372513
0 0.841554 0.862766 0.030329 0.0358326
0 0.442106 0.610983 0.0306936 0.0384427
0 0.305406 0.473464 0.0298216 0.0358156
0 0.35128 0.558317 0.0335405 0.0372284
0 0.256313 0.968702 0.0292282 0.0281081
0 0.15883 0.0371689 0.0248881 0.0291231
0 0.227237 0.0364269 0.0281294 0.0278696
0 0.313747 0.413986 0.0341753 0.0421513
0 0.244216 0.705413 0.0302687 0.0369965
0 0.976541 0.124943 0.0193192 0.0224586
0 0.804803 0.662365 0.0135586 0.0189995
0 0.336314 0.963289 0.0166371 0.0241768
0 0.127601 0.162337 0.0242003 0.0279588
0 0.270411 0.533264 0.0283646 0.034139
