0 0.466712 0.592391 0.028533 0.032609
0 0.513587 0.575181 0.027174 0.030797
0 0.493207 0.491848 0.027174 0.030797
0 0.178668 0.524457 0.023098 0.027174
0 0.531250 0.515399 0.027174 0.030797
0 0.456522 0.488225 0.024457 0.030797
0 0.556386 0.443841 0.025815 0.028986
0 0.322011 0.490036 0.024457 0.027174
0 0.622283 0.442029 0.024457 0.028986
0 0.461277 0.529891 0.025815 0.027174
0 0.557065 0.370471 0.027174 0.030797
0 0.593071 0.349638 0.025815 0.028986
0 0.654212 0.566123 0.025815 0.030797
0 0.497283 0.432065 0.027174 0.027174
0 0.367527 0.424819 0.023098 0.030797
0 0.399457 0.590580 0.027174 0.032609
0 0.410326 0.426630 0.024457 0.030797
0 0.440217 0.459239 0.021739 0.027174
0 0.658967 0.348732 0.024457 0.027174
0 0.461277 0.412138 0.025815 0.030797
0 0.646739 0.426630 0.024457 0.030797
0 0.627717 0.501812 0.024457 0.028986
0 0.590353 0.419384 0.023098 0.030797
0 0.136549 0.618659 0.023098 0.027174
0 0.222826 0.546196 0.024457 0.027174
0 0.252038 0.479167 0.023098 0.027174
0 0.508832 0.380435 0.025815 0.028986
0 0.534647 0.632246 0.025815 0.025362
0 0.569293 0.495471 0.027174 0.030797
0 0.381793 0.480978 0.027174 0.027174
0 0.358696 0.505435 0.027174 0.028986
0 0.415761 0.508152 0.027174 0.030797
0 0.349864 0.466486 0.023098 0.027174
0 0.129755 0.694746 0.020380 0.023551
0 0.103940 0.725543 0.017663 0.019928
0 0.349185 0.554348 0.024457 0.025362
0 0.603261 0.558877 0.027174 0.030797
0 0.565897 0.673913 0.023098 0.025362
0 0.626359 0.698370 0.029891 0.027174
0 0.469429 0.636775 0.025815 0.030797
0 0.427989 0.674819 0.027174 0.034420
0 0.618886 0.601449 0.028533 0.028986
0 0.096467 0.647645 0.019022 0.023551
0 0.104620 0.836957 0.019022 0.025362
0 0.822690 0.177536 0.017663 0.025362
0 0.830842 0.231884 0.020380 0.028986
0 0.846467 0.505435 0.021739 0.032609
0 0.795516 0.968297 0.017663 0.027174
0 0.008832 0.662138 0.014946 0.027174
