0 0.115189 0.759964 0.018349 0.034420
0 0.722222 0.394928 0.023445 0.036232
0 0.513252 0.590580 0.023445 0.032609
0 0.747706 0.500906 0.021407 0.030797
0 0.683996 0.366848 0.024465 0.027174
0 0.660041 0.537138 0.025484 0.048913
0 0.688073 0.533514 0.020387 0.041667
0 0.772681 0.511775 0.016310 0.030797
0 0.806830 0.415761 0.019368 0.034420
0 0.656983 0.470109 0.025484 0.030797
0 0.816004 0.521739 0.025484 0.032609
0 0.471967 0.537138 0.022426 0.034420
0 0.853211 0.500906 0.022426 0.030797
0 0.527013 0.330616 0.026504 0.034420
0 0.782365 0.623188 0.023445 0.028986
0 0.553007 0.527174 0.019368 0.043478
0 0.581549 0.547101 0.021407 0.032609
0 0.506116 0.481884 0.023445 0.028986
0 0.715087 0.453804 0.025484 0.027174
0 0.606014 0.407609 0.025484 0.036232
0 0.206422 0.242754 0.019368 0.028986
0 0.750765 0.449275 0.021407 0.025362
0 0.754332 0.378623 0.022426 0.028986
0 0.772681 0.310688 0.024465 0.038043
0 0.861876 0.421196 0.023445 0.027174
0 0.867482 0.625000 0.020387 0.032609
0 0.738532 0.654891 0.023445 0.030797
0 0.747197 0.586957 0.020387 0.028986
0 0.708970 0.627717 0.023445 0.034420
0 0.673293 0.624094 0.019368 0.038043
0 0.619776 0.685688 0.020387 0.038043
0 0.567788 0.632246 0.018349 0.032609
0 0.629969 0.308877 0.018349 0.041667
0 0.643221 0.273551 0.022426 0.028986
0 0.509684 0.412138 0.022426 0.027174
0 0.451580 0.424819 0.022426 0.027174
0 0.417941 0.495471 0.022426 0.023551
0 0.354740 0.508152 0.020387 0.038043
0 0.325688 0.439312 0.019368 0.027174
0 0.276758 0.449275 0.025484 0.021739
0 0.244648 0.468297 0.020387 0.023551
0 0.221203 0.403986 0.020387 0.028986
0 0.187564 0.825181 0.020387 0.019928
0 0.199796 0.867754 0.016310 0.025362
0 0.113150 0.826993 0.014271 0.027174
0 0.178389 0.263587 0.018349 0.027174
0 0.223751 0.096014 0.019368 0.028986
0 0.181448 0.016304 0.024465 0.028986
0 0.626911 0.500906 0.016310 0.034420
0 0.970438 0.194746 0.014271 0.023551
0 0.991845 0.140399 0.016310 0.027174
0 0.937819 0.127717 0.018349 0.019928
0 0.944954 0.076087 0.016310 0.036232
0 0.915392 0.010870 0.018349 0.018116
0 0.879205 0.029891 0.017329 0.027174
0 0.850153 0.057065 0.016310 0.023551
0 0.957187 0.241848 0.018349 0.023551
