0 0.666440 0.375000 0.028533 0.032609
0 0.582880 0.309783 0.032609 0.036232
0 0.391304 0.502717 0.032609 0.038043
0 0.556386 0.387681 0.031250 0.036232
0 0.692255 0.441123 0.028533 0.030797
0 0.631114 0.405797 0.031250 0.032609
0 0.731658 0.549819 0.025815 0.027174
0 0.533967 0.533514 0.035326 0.038043
0 0.434103 0.533514 0.031250 0.038043
0 0.538723 0.464674 0.031250 0.034420
0 0.495924 0.484601 0.035326 0.038043
0 0.756114 0.588768 0.025815 0.028986
0 0.601902 0.482790 0.032609 0.034420
0 0.647418 0.603261 0.031250 0.032609
0 0.521060 0.295290 0.031250 0.036232
0 0.603261 0.596920 0.029891 0.034420
0 0.771060 0.536232 0.025815 0.028986
0 0.402174 0.434783 0.032609 0.039855
0 0.056386 0.770833 0.028533 0.038043
0 0.420516 0.732790 0.033967 0.038043
0 0.618207 0.652174 0.029891 0.036232
0 0.552310 0.731884 0.031250 0.032609
0 0.410326 0.337862 0.029891 0.038043
0 0.489810 0.379529 0.028533 0.034420
0 0.478261 0.605978 0.035326 0.038043
0 0.695652 0.506341 0.024457 0.030797
0 0.777174 0.663043 0.021739 0.025362
0 0.694973 0.612319 0.028533 0.032609
0 0.540761 0.614130 0.029891 0.032609
0 0.877717 0.495471 0.021739 0.023551
0 0.495245 0.721014 0.033967 0.039855
0 0.379755 0.555254 0.031250 0.038043
0 0.453804 0.443841 0.029891 0.036232
0 0.716033 0.403986 0.027174 0.032609
0 0.211277 0.525362 0.033967 0.036232
0 0.310462 0.509058 0.031250 0.036232
0 0.646060 0.534420 0.028533 0.032609
0 0.730978 0.692029 0.027174 0.032609
0 0.702446 0.354167 0.027174 0.030797
0 0.694973 0.548913 0.025815 0.028986
0 0.671875 0.733696 0.025815 0.028986
0 0.863451 0.391304 0.020380 0.025362
0 0.117527 0.521739 0.031250 0.039855
0 0.792799 0.432971 0.025815 0.025362
0 0.318614 0.569746 0.031250 0.038043
0 0.384511 0.661232 0.032609 0.039855
0 0.665082 0.442029 0.031250 0.032609
0 0.709918 0.652174 0.025815 0.028986
0 0.361413 0.376812 0.029891 0.036232
0 0.816576 0.521739 0.027174 0.028986
0 0.808424 0.398551 0.019022 0.021739
0 0.014266 0.603261 0.025815 0.036232
0 0.794158 0.601449 0.020380 0.025362
0 0.257473 0.701993 0.031250 0.038043
0 0.855978 0.444746 0.021739 0.019928
0 0.830842 0.581522 0.025815 0.025362
0 0.060462 0.909420 0.025815 0.028986
0 0.735734 0.355978 0.023098 0.027174
0 0.183424 0.278080 0.032609 0.045290
0 0.085598 0.031703 0.029891 0.030797
0 0.780571 0.579710 0.025815 0.021739
0 0.847826 0.584239 0.021739 0.023551
0 0.851902 0.542572 0.024457 0.019928
0 0.836277 0.517210 0.017663 0.023551
0 0.849864 0.500000 0.023098 0.021739
0 0.891984 0.543478 0.023098 0.018116
0 0.841033 0.423007 0.019022 0.019928
0 0.827446 0.446558 0.016304 0.023551
0 0.809783 0.451087 0.021739 0.021739
