0 0.579484 0.419384 0.028533 0.030797
0 0.559783 0.634058 0.029891 0.032609
0 0.497962 0.463768 0.033967 0.039855
0 0.607337 0.591486 0.029891 0.034420
0 0.540761 0.574275 0.032609 0.036232
0 0.369565 0.490036 0.032609 0.038043
0 0.530571 0.410326 0.031250 0.038043
0 0.628397 0.662138 0.031250 0.034420
0 0.544837 0.495471 0.032609 0.038043
0 0.660326 0.516304 0.027174 0.036232
0 0.480978 0.550725 0.032609 0.039855
0 0.051630 0.582428 0.032609 0.041667
0 0.563179 0.464674 0.028533 0.034420
0 0.406250 0.557971 0.035326 0.039855
0 0.490489 0.620471 0.035326 0.038043
0 0.440217 0.423913 0.032609 0.036232
0 0.140625 0.533514 0.033967 0.041667
0 0.510190 0.715580 0.031250 0.036232
0 0.042120 0.959239 0.024457 0.030797
0 0.244565 0.534420 0.032609 0.039855
0 0.028533 0.784420 0.029891 0.039855
0 0.256114 0.701993 0.031250 0.038043
0 0.627717 0.509058 0.029891 0.036232
0 0.678668 0.571558 0.023098 0.027174
0 0.338315 0.585145 0.035326 0.039855
0 0.031929 0.108696 0.028533 0.032609
0 0.165761 0.269022 0.032609 0.041667
