0 0.445652 0.509964 0.027174 0.030797
0 0.268342 0.472826 0.025815 0.028986
0 0.442935 0.450181 0.027174 0.030797
0 0.429348 0.597826 0.027174 0.028986
0 0.200408 0.513587 0.023098 0.027174
0 0.402174 0.457428 0.029891 0.030797
0 0.066576 0.780797 0.024457 0.025362
0 0.395380 0.517210 0.029891 0.030797
0 0.063859 0.691123 0.019022 0.023551
0 0.148777 0.625906 0.020380 0.023551
0 0.115489 0.586957 0.021739 0.025362
0 0.374321 0.494565 0.023098 0.028986
0 0.384511 0.593297 0.027174 0.030797
0 0.425951 0.375906 0.023098 0.030797
0 0.342391 0.533514 0.027174 0.027174
0 0.380435 0.436594 0.024457 0.028986
0 0.267663 0.516304 0.027174 0.028986
0 0.105978 0.727355 0.024457 0.016304
0 0.084239 0.830616 0.019022 0.016304
0 0.054348 0.811594 0.024457 0.014493
0 0.793478 0.980978 0.021739 0.027174
0 0.266304 0.979167 0.016304 0.027174
0 0.117527 0.849638 0.017663 0.021739
0 0.009511 0.679348 0.016304 0.021739
0 0.843750 0.499094 0.016304 0.027174
0 0.830163 0.231884 0.019022 0.025362
0 0.822690 0.180254 0.017663 0.023551
