0 0.397427 0.484449 0.032551 0.0371961
0 0.348093 0.523135 0.0320446 0.036194
0 0.0650921 0.734526 0.0326816 0.0421936
0 0.525881 0.524058 0.0368429 0.0354416
0 0.464096 0.599746 0.031678 0.0388855
0 0.0396984 0.841002 0.0291175 0.0334534
0 0.452091 0.488277 0.03275 0.0440394
0 0.41128 0.39344 0.0293042 0.0371377
0 0.149979 0.522966 0.0354759 0.0418587
0 0.357874 0.46474 0.0315272 0.0376136
0 0.345228 0.589437 0.0313848 0.0381577
0 0.304258 0.564852 0.0294827 0.034129
0 0.841433 0.862946 0.0304304 0.035762
0 0.280647 0.503308 0.0308957 0.0349705
0 0.332139 0.424818 0.0331832 0.0411399
0 0.0559847 0.567706 0.0329543 0.0443006
0 0.415447 0.544287 0.0355631 0.0362434
0 0.158789 0.0372747 0.0249919 0.0295817
0 0.227218 0.0362872 0.0284452 0.0283689
0 0.976354 0.124847 0.0187676 0.0222849
0 0.25676 0.969072 0.0291283 0.0287906
0 0.151694 0.985181 0.026623 0.0268812
0 0.80482 0.662477 0.0139613 0.0192774
0 0.244124 0.704945 0.0304776 0.035273
0 0.336385 0.963376 0.0169407 0.0239925
0 0.126611 0.161762 0.0254059 0.0274933
0 0.852217 0.638088 0.0137111 0.0149244
