0 0.504755 0.498188 0.031250 0.036232
0 0.569293 0.494565 0.032609 0.039855
0 0.354620 0.561594 0.027174 0.032609
0 0.310462 0.526268 0.025815 0.030797
0 0.890625 0.447464 0.031250 0.039855
0 0.279891 0.491848 0.024457 0.027174
0 0.376359 0.514493 0.029891 0.032609
0 0.498641 0.431159 0.029891 0.039855
0 0.800272 0.494565 0.035326 0.036232
0 0.630435 0.446558 0.032609 0.038043
0 0.542799 0.423913 0.028533 0.036232
0 0.245245 0.514493 0.023098 0.025362
0 0.668478 0.521739 0.032609 0.039855
0 0.252717 0.555254 0.027174 0.030797
0 0.429348 0.524457 0.029891 0.034420
0 0.150136 0.492754 0.020380 0.021739
0 0.190897 0.531703 0.020380 0.023551
0 0.216712 0.439312 0.020380 0.023551
0 0.216712 0.492754 0.023098 0.025362
0 0.921875 0.326993 0.031250 0.038043
0 0.265625 0.454710 0.023098 0.025362
0 0.226223 0.546196 0.023098 0.027174
0 0.302989 0.437500 0.027174 0.030797
0 0.379076 0.444746 0.029891 0.030797
0 0.441576 0.442935 0.029891 0.034420
0 0.536685 0.556159 0.032609 0.036232
0 0.131793 0.534420 0.024457 0.025362
0 0.180707 0.430254 0.021739 0.023551
0 0.069293 0.490942 0.016304 0.018116
0 0.164402 0.554348 0.021739 0.025362
0 0.182065 0.510870 0.021739 0.021739
0 0.748641 0.174819 0.021739 0.034420
0 0.814538 0.716486 0.025815 0.045290
0 0.913043 0.970109 0.024457 0.027174
0 0.202446 0.470109 0.024457 0.019928
0 0.172554 0.477355 0.024457 0.019928
0 0.165082 0.447464 0.020380 0.025362
0 0.148098 0.451087 0.019022 0.018116
0 0.133152 0.456522 0.016304 0.014493
0 0.131114 0.480072 0.023098 0.018116
0 0.111413 0.514493 0.021739 0.014493
0 0.100543 0.507246 0.024457 0.010870
0 0.099185 0.531703 0.016304 0.016304
0 0.118886 0.558877 0.020380 0.016304
0 0.103261 0.569746 0.016304 0.016304
0 0.080163 0.534420 0.016304 0.014493
0 0.095788 0.484601 0.020380 0.012681
0 0.088995 0.468297 0.017663 0.016304
0 0.072011 0.444746 0.016304 0.016304
0 0.084239 0.440217 0.013587 0.014493
0 0.095788 0.442029 0.012228 0.018116
0 0.106658 0.453804 0.009511 0.012681
0 0.118207 0.463768 0.013587 0.021739
0 0.125679 0.421196 0.017663 0.019928
0 0.105978 0.430254 0.019022 0.012681
0 0.083560 0.421196 0.023098 0.016304
0 0.101902 0.402174 0.016304 0.018116
0 0.097147 0.370471 0.014946 0.016304
0 0.103261 0.358696 0.019022 0.021739
0 0.114810 0.303442 0.017663 0.019928
