0 0.462122 0.62016 0.0344978 0.0368655
0 0.545618 0.485651 0.0325887 0.0377441
0 0.494031 0.451595 0.0292909 0.038152
0 0.465742 0.502153 0.0324658 0.0381707
0 0.366462 0.436416 0.0327571 0.03915
0 0.451271 0.416176 0.0330782 0.0345096
0 0.447087 0.553596 0.0316204 0.0369703
0 0.555394 0.603179 0.0304959 0.0401734
0 0.100027 0.538791 0.0284068 0.036567
0 0.0852385 0.699752 0.0286993 0.0407948
0 0.52227 0.519722 0.0343987 0.038446
0 0.646576 0.62534 0.0299041 0.0355976
0 0.51195 0.591387 0.0327847 0.0344614
0 0.725029 0.43062 0.0278959 0.0303717
0 0.396353 0.390091 0.0326963 0.0391867
0 0.528818 0.695461 0.0318459 0.0354141
0 0.270965 0.502919 0.0363818 0.0396626
0 0.520049 0.422777 0.0299694 0.0370213
0 0.367377 0.511437 0.0309946 0.0354922
0 0.417459 0.58916 0.0292992 0.0348923
0 0.673614 0.393105 0.02496 0.0325412
0 0.39222 0.728433 0.031002 0.0399752
0 0.435807 0.454142 0.0333347 0.0374397
0 0.348629 0.581591 0.033966 0.0413943
0 0.417433 0.488054 0.0341234 0.0394986
0 0.0369715 0.716013 0.030795 0.0369539
0 0.841663 0.863058 0.031752 0.0373825
0 0.479932 0.38883 0.0298782 0.0355835
0 0.311249 0.628295 0.0311762 0.0389155
0 0.428396 0.655708 0.0333286 0.039048
0 0.476495 0.694951 0.037186 0.0390896
0 0.176087 0.523306 0.0374295 0.0386848
0 0.394076 0.547819 0.0318905 0.0395576
0 0.385435 0.63807 0.0324211 0.0400403
0 0.441811 0.755033 0.0274759 0.0336721
0 0.158972 0.037135 0.024215 0.0286297
0 0.491689 0.554235 0.0373856 0.0376923
0 0.256486 0.969137 0.0283383 0.0287147
0 0.125788 0.164214 0.0252163 0.0290889
0 0.298324 0.407658 0.0346857 0.0410233
0 0.327107 0.456582 0.038381 0.0402854
0 0.441369 0.321421 0.031969 0.0417255
0 0.27923 0.545623 0.0300879 0.0321068
0 0.336288 0.678456 0.0326953 0.0435732
0 0.9764 0.124944 0.018702 0.0221973
0 0.336503 0.963643 0.0178186 0.0245428
0 0.242957 0.725556 0.0319013 0.0381993
0 0.101839 0.945704 0.0264963 0.0348441
0 0.0810329 0.170253 0.0220579 0.0245117
