0 0.505097 0.436594 0.021407 0.028986
0 0.384302 0.452899 0.018349 0.028986
0 0.655454 0.350543 0.020387 0.027174
0 0.670744 0.549819 0.020387 0.030797
0 0.307339 0.482790 0.023445 0.030797
0 0.657492 0.483696 0.022426 0.028986
0 0.832314 0.341486 0.019368 0.027174
0 0.767074 0.665761 0.019368 0.027174
0 0.471458 0.451087 0.019368 0.032609
0 0.598369 0.618659 0.020387 0.030797
0 0.618756 0.407609 0.020387 0.028986
0 0.592253 0.363225 0.018349 0.030797
0 0.247197 0.443841 0.021407 0.028986
0 0.668705 0.426630 0.020387 0.030797
0 0.570846 0.554348 0.022426 0.032609
0 0.402650 0.514493 0.018349 0.028986
0 0.581549 0.454710 0.021407 0.028986
0 0.493884 0.523551 0.019368 0.032609
0 0.448522 0.551630 0.020387 0.030797
0 0.714577 0.327899 0.020387 0.028986
0 0.809378 0.042572 0.016310 0.023551
0 0.427115 0.430254 0.020387 0.030797
0 0.952599 0.415761 0.019368 0.027174
0 0.188583 0.159420 0.018349 0.028986
0 0.757390 0.570652 0.018349 0.028986
0 0.746177 0.499094 0.018349 0.030797
0 0.208970 0.369565 0.020387 0.032609
0 0.212538 0.245471 0.021407 0.034420
0 0.933741 0.041667 0.018349 0.021739
0 0.639653 0.590580 0.021407 0.028986
0 0.512232 0.576087 0.017329 0.028986
0 0.862895 0.560688 0.017329 0.023551
0 0.957187 0.573370 0.020387 0.023551
0 0.959225 0.137681 0.016310 0.021739
0 0.739042 0.406703 0.022426 0.030797
0 0.538736 0.494565 0.019368 0.032609
0 0.809378 0.442029 0.018349 0.025362
0 0.783384 0.499094 0.021407 0.027174
0 0.925076 0.157609 0.017329 0.025362
0 0.790010 0.426630 0.020387 0.027174
0 0.850663 0.025362 0.015291 0.021739
0 0.877166 0.442935 0.015291 0.023551
0 0.721203 0.530797 0.019368 0.025362
0 0.627931 0.675725 0.022426 0.028986
0 0.549439 0.394928 0.022426 0.036232
0 0.701835 0.459239 0.019368 0.030797
0 0.888379 0.518116 0.017329 0.025362
0 0.845566 0.391304 0.019368 0.025362
0 0.878695 0.367754 0.020387 0.025362
0 0.612130 0.518116 0.019368 0.028986
0 0.861366 0.444746 0.018349 0.023551
0 0.889399 0.580616 0.017329 0.023551
0 0.916412 0.611413 0.020387 0.027174
0 0.775229 0.369565 0.021407 0.028986
0 0.871050 0.639493 0.019368 0.025362
0 0.809888 0.680254 0.017329 0.027174
0 0.858818 0.500906 0.017329 0.027174
0 0.935780 0.508152 0.018349 0.023551
0 0.845566 0.479167 0.017329 0.027174
0 0.918960 0.413043 0.015291 0.021739
0 0.920489 0.517210 0.016310 0.023551
0 0.841488 0.538043 0.017329 0.021739
0 0.789501 0.352355 0.017329 0.023551
0 0.826198 0.630435 0.017329 0.028986
0 0.819572 0.579710 0.018349 0.025362
0 0.111111 0.819746 0.016310 0.019928
0 0.112130 0.757246 0.018349 0.025362
0 0.176860 0.846014 0.017329 0.025362
0 0.214067 0.833333 0.018349 0.028986
0 0.224771 0.010870 0.019368 0.018116
0 0.069827 0.461051 0.025484 0.030797
