0 0.435462 0.522645 0.028533 0.034420
0 0.407609 0.424819 0.032609 0.034420
0 0.336277 0.521739 0.031250 0.036232
0 0.349185 0.455616 0.027174 0.034420
0 0.296196 0.444746 0.027174 0.030797
0 0.898098 0.423007 0.032609 0.038043
0 0.368207 0.525362 0.027174 0.032609
0 0.493886 0.474638 0.031250 0.036232
0 0.845109 0.477355 0.032609 0.038043
0 0.279891 0.510870 0.029891 0.032609
0 0.624321 0.461051 0.036685 0.038043
0 0.951766 0.283514 0.028533 0.038043
0 0.182745 0.479167 0.023098 0.023551
0 0.130435 0.499094 0.021739 0.023551
0 0.538723 0.420290 0.031250 0.036232
0 0.552310 0.546196 0.031250 0.034420
0 0.730978 0.488225 0.032609 0.034420
0 0.166440 0.461957 0.020380 0.021739
0 0.192935 0.533514 0.021739 0.023551
0 0.116168 0.448370 0.020380 0.019928
0 0.654212 0.542572 0.031250 0.038043
0 0.137908 0.471920 0.020380 0.027174
0 0.231658 0.482790 0.023098 0.023551
0 0.139946 0.530797 0.021739 0.021739
0 0.213995 0.450181 0.023098 0.023551
0 0.814538 0.709239 0.033967 0.045290
0 0.993207 0.936594 0.013587 0.025362
0 0.959918 0.978261 0.023098 0.028986
0 0.252038 0.462862 0.028533 0.019928
0 0.239810 0.524457 0.025815 0.023551
0 0.170516 0.514493 0.020380 0.018116
0 0.149457 0.509964 0.016304 0.016304
0 0.111413 0.537138 0.019022 0.019928
0 0.096467 0.510870 0.019022 0.014493
0 0.109375 0.497283 0.014946 0.016304
0 0.100543 0.467391 0.019022 0.018116
0 0.080842 0.482790 0.020380 0.012681
0 0.141304 0.021739 0.016304 0.018116
