0 0.719164 0.397645 0.019368 0.027174
0 0.641182 0.563406 0.022426 0.032609
0 0.826707 0.471920 0.018349 0.027174
0 0.928644 0.527174 0.018349 0.025362
0 0.830785 0.326087 0.018349 0.025362
0 0.881753 0.509964 0.016310 0.023551
0 0.896534 0.422101 0.017329 0.021739
0 0.953619 0.476449 0.019368 0.025362
0 0.913354 0.361413 0.016310 0.023551
0 0.779307 0.353261 0.019368 0.025362
0 0.761468 0.474638 0.020387 0.025362
0 0.535168 0.416667 0.020387 0.028986
0 0.916922 0.663949 0.019368 0.023551
0 0.942915 0.707428 0.018349 0.027174
0 0.818043 0.391304 0.021407 0.028986
0 0.819572 0.631341 0.018349 0.023551
0 0.410296 0.469203 0.023445 0.028986
0 0.504587 0.525362 0.022426 0.028986
0 0.675841 0.510870 0.018349 0.025362
0 0.710499 0.597826 0.018349 0.025362
0 0.626911 0.456522 0.022426 0.032609
0 0.977064 0.662138 0.019368 0.023551
0 0.935270 0.594203 0.021407 0.028986
0 0.985729 0.442029 0.016310 0.021739
0 0.777268 0.591486 0.021407 0.027174
0 0.931193 0.592391 0.023445 0.028986
0 0.848114 0.548913 0.018349 0.021739
0 0.200306 0.797101 0.017329 0.025362
0 0.112130 0.821558 0.016310 0.023551
0 0.928135 0.473732 0.017329 0.023551
0 0.986748 0.548913 0.018349 0.025362
0 0.974516 0.660326 0.022426 0.023551
0 0.824669 0.327899 0.020387 0.025362
0 0.882773 0.621377 0.018349 0.032609
0 0.177880 0.854167 0.017329 0.019928
0 0.125382 0.764493 0.018349 0.018116
0 0.070336 0.461957 0.022426 0.025362
