0 0.356658 0.559783 0.028533 0.032609
0 0.541440 0.515399 0.031250 0.034420
0 0.400136 0.452899 0.028533 0.032609
0 0.593750 0.509964 0.032609 0.038043
0 0.406929 0.500906 0.031250 0.034420
0 0.252038 0.566123 0.028533 0.027174
0 0.147418 0.490942 0.023098 0.025362
0 0.468750 0.523551 0.029891 0.036232
0 0.313859 0.539855 0.027174 0.032609
0 0.642663 0.457428 0.032609 0.034420
0 0.468071 0.439312 0.031250 0.038043
0 0.247962 0.508152 0.023098 0.027174
0 0.872962 0.462862 0.031250 0.038043
0 0.929348 0.345109 0.029891 0.041667
0 0.833560 0.078804 0.028533 0.034420
0 0.760870 0.484601 0.035326 0.038043
0 0.540761 0.425725 0.029891 0.036232
0 0.343071 0.433877 0.028533 0.027174
0 0.279212 0.492754 0.023098 0.028986
0 0.182065 0.431159 0.021739 0.021739
0 0.165761 0.548913 0.021739 0.021739
0 0.197690 0.468297 0.023098 0.023551
0 0.193614 0.544384 0.023098 0.023551
0 0.307745 0.439312 0.031250 0.030797
0 0.114810 0.302536 0.020380 0.021739
0 0.911685 0.969203 0.024457 0.028986
0 0.801630 0.705616 0.035326 0.041667
0 0.228940 0.548007 0.023098 0.019928
0 0.218071 0.488225 0.025815 0.019928
0 0.249321 0.435688 0.028533 0.019928
0 0.269022 0.449275 0.032609 0.021739
0 0.220788 0.433877 0.028533 0.019928
0 0.185462 0.511775 0.023098 0.019928
0 0.171875 0.478261 0.025815 0.018116
0 0.165761 0.445652 0.021739 0.025362
0 0.149457 0.446558 0.019022 0.019928
0 0.131793 0.454710 0.019022 0.014493
0 0.127717 0.479167 0.019022 0.019928
0 0.109375 0.516304 0.017663 0.014493
0 0.144701 0.541667 0.020380 0.018116
0 0.139266 0.528080 0.023098 0.016304
0 0.129755 0.549819 0.017663 0.016304
0 0.122283 0.562500 0.016304 0.016304
0 0.106658 0.565217 0.017663 0.018116
0 0.101223 0.529891 0.020380 0.016304
0 0.099185 0.510870 0.016304 0.014493
0 0.080842 0.532609 0.014946 0.014493
0 0.071332 0.496377 0.014946 0.014493
0 0.099185 0.484601 0.021739 0.019928
0 0.087636 0.479167 0.014946 0.012681
0 0.116848 0.464674 0.019022 0.016304
0 0.127038 0.423913 0.017663 0.018116
0 0.108016 0.424819 0.020380 0.016304
0 0.099185 0.443841 0.016304 0.018116
0 0.105978 0.458333 0.013587 0.010870
0 0.084918 0.449275 0.014946 0.014493
0 0.082201 0.432065 0.017663 0.009058
0 0.084239 0.422101 0.013587 0.010870
0 0.071332 0.445652 0.014946 0.010870
0 0.108016 0.392210 0.014946 0.016304
0 0.101223 0.372283 0.020380 0.019928
0 0.104620 0.355978 0.019022 0.019928
