0 0.508832 0.513587 0.033967 0.038043
0 0.468071 0.429348 0.031250 0.036232
0 0.414402 0.471014 0.032609 0.036232
0 0.541440 0.430254 0.031250 0.034420
0 0.439538 0.541667 0.031250 0.036232
0 0.243207 0.469203 0.024457 0.025362
0 0.324728 0.501812 0.027174 0.028986
0 0.281929 0.451993 0.028533 0.030797
0 0.290082 0.546196 0.025815 0.030797
0 0.644701 0.468297 0.036685 0.041667
0 0.236413 0.526268 0.024457 0.027174
0 0.801630 0.473732 0.035326 0.034420
0 0.576766 0.530797 0.033967 0.036232
0 0.941576 0.199275 0.029891 0.036232
0 0.177989 0.539855 0.021739 0.025362
0 0.353261 0.537138 0.027174 0.034420
0 0.357337 0.428442 0.029891 0.030797
0 0.922554 0.278986 0.032609 0.039855
0 0.129076 0.461957 0.019022 0.021739
0 0.900815 0.427536 0.032609 0.039855
0 0.148098 0.529891 0.016304 0.019928
0 0.144701 0.454710 0.017663 0.018116
0 0.266304 0.538949 0.027174 0.030797
0 0.203804 0.508152 0.024457 0.027174
0 0.203125 0.448370 0.020380 0.023551
0 0.959239 0.974638 0.027174 0.032609
0 0.137228 0.490036 0.019022 0.019928
0 0.716712 0.492754 0.036685 0.036232
0 0.146739 0.014493 0.019022 0.018116
0 0.156929 0.481884 0.017663 0.021739
0 0.817255 0.710145 0.033967 0.047101
0 0.120924 0.572464 0.021739 0.014493
0 0.108696 0.522645 0.019022 0.016304
0 0.091712 0.548913 0.014946 0.014493
0 0.091033 0.504529 0.016304 0.012681
0 0.126359 0.504529 0.021739 0.012681
0 0.107337 0.486413 0.019022 0.016304
0 0.108696 0.471014 0.021739 0.014493
0 0.095109 0.469203 0.013587 0.010870
0 0.092391 0.435688 0.019022 0.019928
0 0.110054 0.426630 0.016304 0.016304
0 0.091712 0.403080 0.017663 0.016304
0 0.080163 0.377717 0.016304 0.019928
0 0.989810 0.943841 0.020380 0.028986
