0 0.943935 0.360507 0.018349 0.021739
0 0.694190 0.473732 0.024465 0.034420
0 0.871560 0.421196 0.018349 0.023551
0 0.775739 0.374094 0.020387 0.027174
0 0.979103 0.536232 0.017329 0.021739
0 0.854740 0.652174 0.019368 0.025362
0 0.945973 0.503623 0.016310 0.021739
0 0.849643 0.534420 0.017329 0.021739
0 0.735984 0.610507 0.020387 0.028986
0 0.956167 0.596014 0.016310 0.021739
0 0.911825 0.519022 0.017329 0.027174
0 0.953619 0.419384 0.017329 0.019928
0 0.111111 0.822464 0.018349 0.025362
0 0.828236 0.476449 0.019368 0.028986
0 0.915392 0.626812 0.016310 0.021739
0 0.906728 0.388587 0.019368 0.023551
0 0.990316 0.657609 0.017329 0.025362
0 0.983690 0.651268 0.018349 0.023551
0 0.939857 0.669384 0.014271 0.027174
0 0.993374 0.780797 0.013252 0.025362
0 0.182977 0.777174 0.017329 0.021739
0 0.126402 0.764493 0.016310 0.021739
0 0.178389 0.850543 0.018349 0.030797
0 0.068298 0.462862 0.022426 0.027174
