0 0.177880 0.567500 0.041794 0.115000
0 0.266565 0.671250 0.056065 0.192500
0 0.334862 0.768750 0.051988 0.172500
0 0.490316 0.918750 0.063201 0.162500
0 0.017329 0.343750 0.026504 0.092500
0 0.034149 0.250000 0.023445 0.075000
0 0.008665 0.122500 0.015291 0.040000
0 0.040265 0.133750 0.019368 0.062500
0 0.084098 0.128750 0.015291 0.047500
0 0.137105 0.133750 0.017329 0.047500
0 0.163099 0.230000 0.018349 0.060000
0 0.194190 0.312500 0.023445 0.070000
0 0.242610 0.341250 0.026504 0.087500
0 0.284913 0.370000 0.021407 0.075000
0 0.266565 0.293750 0.017329 0.067500
0 0.233435 0.223750 0.024465 0.067500
0 0.185525 0.197500 0.014271 0.055000
0 0.199796 0.175000 0.014271 0.050000
0 0.156983 0.163750 0.016310 0.057500
0 0.393476 0.436250 0.028542 0.097500
0 0.372579 0.367500 0.021407 0.055000
0 0.311927 0.328750 0.026504 0.072500
0 0.708461 0.577500 0.034659 0.115000
0 0.457696 0.331250 0.026504 0.077500
0 0.430683 0.337500 0.019368 0.065000
0 0.585627 0.301250 0.019368 0.077500
0 0.658512 0.301250 0.020387 0.072500
0 0.338940 0.260000 0.025484 0.080000
0 0.785933 0.562500 0.030581 0.095000
0 0.261468 0.178750 0.013252 0.042500
0 0.219164 0.172500 0.016310 0.050000
0 0.262997 0.121250 0.014271 0.042500
0 0.281346 0.157500 0.014271 0.045000
0 0.322630 0.131250 0.015291 0.042500
0 0.326198 0.202500 0.018349 0.050000
0 0.364424 0.165000 0.017329 0.045000
0 0.360856 0.115000 0.012232 0.035000
0 0.414883 0.198750 0.018349 0.047500
0 0.445464 0.205000 0.014271 0.045000
0 0.466871 0.231250 0.016310 0.047500
0 0.492864 0.216250 0.015291 0.052500
0 0.477064 0.167500 0.016310 0.050000
0 0.441386 0.151250 0.016310 0.042500
0 0.455148 0.150000 0.013252 0.045000
0 0.560143 0.227500 0.021407 0.050000
0 0.530071 0.240000 0.018349 0.055000
0 0.528542 0.172500 0.019368 0.045000
0 0.518349 0.115000 0.015291 0.035000
0 0.557594 0.131250 0.014271 0.042500
0 0.580020 0.177500 0.016310 0.055000
0 0.599898 0.221250 0.013252 0.047500
0 0.616208 0.212500 0.015291 0.055000
0 0.636595 0.190000 0.015291 0.050000
0 0.636595 0.137500 0.013252 0.040000
0 0.683486 0.122500 0.011213 0.040000
0 0.660041 0.166250 0.021407 0.047500
0 0.688583 0.217500 0.017329 0.055000
0 0.712029 0.172500 0.017329 0.055000
0 0.749745 0.217500 0.019368 0.055000
0 0.768094 0.260000 0.017329 0.070000
0 0.774720 0.197500 0.016310 0.045000
0 0.784913 0.178750 0.018349 0.042500
0 0.820082 0.196250 0.015291 0.047500
0 0.875637 0.320000 0.022426 0.070000
0 0.879205 0.103750 0.011213 0.032500
0 0.891947 0.098750 0.014271 0.037500
0 0.908257 0.131250 0.012232 0.047500
0 0.962793 0.183750 0.017329 0.052500
0 0.990826 0.201250 0.018349 0.047500
