0 0.130989 0.591250 0.039755 0.117500
0 0.034659 0.337500 0.028542 0.080000
0 0.080020 0.320000 0.025484 0.075000
0 0.283894 0.658750 0.058104 0.177500
0 0.347095 0.760000 0.062181 0.155000
0 0.425076 0.558750 0.040775 0.107500
0 0.495413 0.560000 0.034659 0.110000
0 0.390418 0.358750 0.026504 0.062500
0 0.191131 0.355000 0.029562 0.085000
0 0.176860 0.315000 0.021407 0.055000
0 0.243119 0.335000 0.023445 0.075000
0 0.297146 0.350000 0.021407 0.065000
0 0.557594 0.502500 0.030581 0.090000
0 0.475025 0.478750 0.032620 0.097500
0 0.463812 0.395000 0.026504 0.095000
0 0.576962 0.417500 0.026504 0.085000
0 0.652396 0.375000 0.026504 0.075000
0 0.720183 0.663750 0.035678 0.127500
0 0.805810 0.642500 0.039755 0.130000
0 0.849643 0.802500 0.054027 0.155000
0 0.842508 0.935000 0.045872 0.130000
0 0.916922 0.757500 0.039755 0.140000
0 0.943935 0.655000 0.036697 0.130000
0 0.904179 0.511250 0.032620 0.102500
0 0.742610 0.383750 0.027523 0.087500
0 0.878695 0.413750 0.028542 0.092500
0 0.962283 0.465000 0.024465 0.090000
0 0.175841 0.128750 0.015291 0.047500
0 0.030581 0.146250 0.016310 0.042500
0 0.009684 0.143750 0.015291 0.057500
0 0.097859 0.103750 0.012232 0.037500
0 0.121305 0.148750 0.012232 0.037500
0 0.146279 0.083750 0.011213 0.032500
0 0.176351 0.216250 0.026504 0.047500
0 0.215596 0.123750 0.011213 0.032500
0 0.234964 0.178750 0.017329 0.057500
0 0.252294 0.266250 0.021407 0.052500
0 0.294597 0.246250 0.018349 0.062500
0 0.283894 0.151250 0.017329 0.052500
0 0.246687 0.096250 0.012232 0.032500
0 0.227829 0.113750 0.011213 0.042500
0 0.181448 0.061250 0.012232 0.042500
0 0.339959 0.200000 0.013252 0.040000
0 0.365443 0.270000 0.015291 0.045000
0 0.415902 0.232500 0.014271 0.055000
0 0.402141 0.146250 0.015291 0.042500
0 0.365443 0.140000 0.015291 0.045000
0 0.511213 0.175000 0.017329 0.050000
0 0.444444 0.123750 0.012232 0.027500
0 0.348114 0.077500 0.011213 0.030000
0 0.324669 0.108750 0.013252 0.032500
0 0.522426 0.112500 0.013252 0.045000
0 0.498471 0.092500 0.012232 0.035000
0 0.472477 0.097500 0.013252 0.035000
0 0.595311 0.125000 0.012232 0.045000
0 0.579001 0.108750 0.012232 0.037500
0 0.545872 0.076250 0.013252 0.032500
0 0.608563 0.095000 0.010194 0.025000
0 0.645260 0.122500 0.012232 0.045000
0 0.637615 0.205000 0.019368 0.050000
0 0.677880 0.213750 0.020387 0.047500
0 0.683996 0.172500 0.016310 0.040000
0 0.711519 0.187500 0.016310 0.045000
0 0.820591 0.150000 0.014271 0.040000
0 0.884302 0.102500 0.013252 0.040000
0 0.878186 0.238750 0.017329 0.047500
0 0.897554 0.145000 0.015291 0.035000
0 0.915902 0.138750 0.015291 0.047500
0 0.925076 0.267500 0.021407 0.060000
0 0.941896 0.182500 0.016310 0.050000
0 0.983180 0.198750 0.017329 0.052500
