0 0.614843 0.521559 0.0311842 0.123292
0 0.59947 0.404074 0.0314778 0.0971894
0 0.845136 0.544383 0.0366421 0.132015
0 0.759216 0.562554 0.0388362 0.127892
0 0.208943 0.74928 0.0413181 0.140828
0 0.473127 0.674937 0.0402947 0.140258
0 0.579562 0.579566 0.0322763 0.132312
0 0.396602 0.55969 0.035905 0.126448
0 0.731282 0.503001 0.0303989 0.120663
0 0.44443 0.365318 0.027999 0.083094
0 0.207621 0.503581 0.0338657 0.120366
0 0.92826 0.483474 0.033071 0.100079
0 0.977246 0.613661 0.0439068 0.143886
0 0.403695 0.709392 0.0349912 0.144026
0 0.727526 0.943579 0.0535505 0.112842
0 0.0736093 0.519749 0.0365438 0.107886
0 0.462704 0.568327 0.0407839 0.113231
0 0.984568 0.449687 0.0306579 0.11763
0 0.118095 0.579674 0.0405768 0.145094
0 0.501488 0.192485 0.0181178 0.0586697
0 0.705785 0.270397 0.0267872 0.0849858
0 0.215649 0.304745 0.0260392 0.088589
0 0.67871 0.188556 0.0215691 0.0719134
0 0.586099 0.311382 0.0243108 0.0769188
0 0.366198 0.322035 0.0277125 0.0760158
0 0.468998 0.217259 0.0228142 0.0769152
0 0.888261 0.375641 0.0266718 0.0805503
0 0.62257 0.293604 0.0283856 0.0859267
0 0.507687 0.361461 0.0309967 0.0882412
0 0.376603 0.39737 0.027806 0.0911107
0 0.0632882 0.284277 0.0240669 0.0924189
0 0.682688 0.0891296 0.0145088 0.0468429
0 0.288283 0.261638 0.0231758 0.0810515
0 0.535655 0.27015 0.0261039 0.0783
0 0.0134201 0.289014 0.0245652 0.0925078
0 0.131662 0.15733 0.0192131 0.0584855
0 0.0906387 0.162714 0.0182586 0.0512619
0 0.347292 0.218996 0.0201322 0.0737119
0 0.747983 0.163582 0.0162309 0.0530504
0 0.804805 0.316103 0.0213264 0.0737439
0 0.187587 0.306882 0.026641 0.0837379
0 0.522598 0.201337 0.0179735 0.0610025
0 0.542061 0.154601 0.0187391 0.0552697
0 0.715876 0.152987 0.0191476 0.0562254
0 0.718351 0.367802 0.0247457 0.0878009
0 0.631082 0.192059 0.0218853 0.0697077
0 0.0552786 0.134278 0.0161625 0.0526694
0 0.415639 0.181739 0.0193922 0.058708
0 0.252257 0.121821 0.0157568 0.0570618
0 0.436709 0.231644 0.0204862 0.0660771
0 0.763382 0.261842 0.0199747 0.0683203
0 0.861192 0.307909 0.019849 0.0552896
0 0.739684 0.284039 0.0205433 0.0653953
0 0.599129 0.202709 0.0189289 0.0602184
0 0.866165 0.159108 0.0143653 0.0479632
0 0.822805 0.165576 0.0171864 0.0524735
0 0.395814 0.171318 0.0182777 0.0588726
0 0.283012 0.129642 0.0165143 0.0565657
0 0.909355 0.304293 0.0206194 0.0630042
0 0.307364 0.187163 0.0164646 0.0534624
0 0.98788 0.27781 0.0215063 0.0682969
0 0.0145089 0.132926 0.017434 0.0561204
0 0.856058 0.105978 0.01441 0.0491295
0 0.359778 0.0985847 0.0154842 0.0544324
0 0.36598 0.210272 0.0182294 0.0667499
0 0.573618 0.169804 0.0142706 0.0497338
0 0.455062 0.139123 0.0139291 0.0489455
0 0.0467931 0.0636675 0.0122023 0.0350309
0 0.108647 0.0967091 0.0139529 0.0538601
0 0.184806 0.107334 0.01489 0.0456552
0 0.127793 0.0754978 0.0133279 0.0440755
0 0.728395 0.0337848 0.0117057 0.0416712
0 0.768872 0.194993 0.0191011 0.0568778
0 0.888936 0.230916 0.0190987 0.0604383
0 0.2885 0.424715 0.0341898 0.11688
0 0.071737 0.0840667 0.0150883 0.0513104
0 0.321279 0.0826937 0.0139209 0.0408986
0 0.334578 0.0560624 0.0118928 0.036925
0 0.156715 0.0797196 0.0132789 0.0425143
0 0.842105 0.103567 0.0126343 0.0452053
0 0.615187 0.0416405 0.0103836 0.0350155
0 0.461779 0.094444 0.0143756 0.0481846
0 0.945519 0.13728 0.0152544 0.0484193
0 0.140055 0.0852612 0.01281 0.0449482
0 0.679516 0.0308352 0.0137086 0.0440474
0 0.987224 0.191895 0.0170465 0.0555062
0 0.269703 0.114194 0.0144269 0.0475901
0 0.518458 0.112362 0.0149017 0.0549283
0 0.0392017 0.122959 0.0135622 0.0486384
0 0.770905 0.150822 0.0145954 0.040042
0 0.204703 0.0511029 0.0143284 0.0444898
0 0.65055 0.119257 0.0165001 0.0409668
0 0.402271 0.0731536 0.0166697 0.0502473
0 0.223196 0.126195 0.0159688 0.0485325
0 0.473704 0.0349435 0.0114223 0.0367973
0 0.652513 0.165563 0.0196671 0.0602271
0 0.583528 0.116185 0.0165132 0.0487508
0 0.455166 0.0523436 0.0119312 0.0373955
0 0.501495 0.117093 0.0145523 0.0465296
0 0.970003 0.153655 0.0158611 0.0508823
0 0.610423 0.0748732 0.0110665 0.0370698
0 0.496324 0.0396443 0.0115807 0.0360059
0 0.420289 0.122063 0.0129716 0.0475692
0 0.900429 0.0926231 0.0142952 0.0423243
0 0.879281 0.101231 0.0120039 0.043432
0 0.627373 0.110211 0.0153412 0.0510018
0 0.793174 0.121959 0.0143673 0.0462704
0 0.932088 0.135791 0.0136882 0.0414284
0 0.937447 0.387324 0.0204609 0.0621037
0 0.300316 0.0877053 0.0137769 0.0454698
0 0.588917 0.163596 0.0149878 0.0471356
0 0.472991 0.148475 0.0198351 0.0609994
0 0.350813 0.0525286 0.0136465 0.0407445
0 0.917347 0.091711 0.0122986 0.0389187
0 0.304562 0.0412531 0.016311 0.0427876
0 0.00861917 0.075169 0.0142234 0.0424558
0 0.278956 0.0297879 0.0104393 0.0315286
0 0.567556 0.0796673 0.0123285 0.0391483
0 0.542708 0.0395524 0.0131618 0.038402
0 0.816502 0.115195 0.0124588 0.0342596
0 0.385742 0.0673636 0.013771 0.0424706
0 0.777516 0.108833 0.0143547 0.0414254
0 0.987411 0.104725 0.0137726 0.0410289
0 0.285235 0.0668958 0.013714 0.0416466
0 0.171359 0.0864485 0.0122357 0.0386065
0 0.586771 0.0427398 0.0120046 0.0400738
0 0.481799 0.0861315 0.0139872 0.0424535
