0 0.678389 0.915000 0.047910 0.165000
0 0.778797 0.850000 0.046891 0.155000
0 0.497452 0.716250 0.040775 0.132500
0 0.388889 0.638750 0.033639 0.122500
0 0.423038 0.508750 0.034659 0.092500
0 0.492355 0.508750 0.032620 0.097500
0 0.658002 0.767500 0.035678 0.135000
0 0.950051 0.871250 0.048930 0.157500
0 0.898573 0.536250 0.031600 0.122500
0 0.628950 0.670000 0.034659 0.125000
0 0.277778 0.897500 0.060143 0.165000
0 0.344037 0.467500 0.033639 0.095000
0 0.282875 0.430000 0.027523 0.080000
0 0.726809 0.342500 0.022426 0.075000
0 0.159531 0.562500 0.043833 0.135000
0 0.019368 0.543750 0.036697 0.117500
0 0.981142 0.788750 0.035678 0.142500
0 0.893476 0.295000 0.021407 0.065000
0 0.395515 0.321250 0.022426 0.067500
0 0.321101 0.335000 0.022426 0.075000
0 0.593272 0.150000 0.016310 0.050000
0 0.343017 0.278750 0.019368 0.062500
0 0.365953 0.235000 0.022426 0.070000
0 0.294597 0.261250 0.022426 0.067500
0 0.061672 0.477500 0.029562 0.095000
0 0.062181 0.243750 0.022426 0.067500
0 0.434760 0.328750 0.033639 0.082500
0 0.482671 0.181250 0.017329 0.047500
0 0.192151 0.381250 0.021407 0.072500
0 0.623853 0.355000 0.022426 0.075000
0 0.864424 0.188750 0.016310 0.047500
0 0.121305 0.205000 0.020387 0.055000
0 0.778287 0.322500 0.023445 0.070000
0 0.833333 0.181250 0.017329 0.052500
0 0.519368 0.231250 0.021407 0.062500
0 0.617227 0.206250 0.017329 0.057500
0 0.588685 0.238750 0.017329 0.062500
0 0.802752 0.272500 0.019368 0.060000
0 0.154434 0.251250 0.019368 0.067500
0 0.577982 0.112500 0.012232 0.040000
0 0.286952 0.203750 0.015291 0.047500
0 0.090214 0.261250 0.021407 0.057500
0 0.687564 0.217500 0.019368 0.070000
0 0.537207 0.318750 0.022426 0.057500
0 0.260449 0.206250 0.017329 0.057500
0 0.182467 0.113750 0.012232 0.042500
0 0.475025 0.258750 0.018349 0.062500
0 0.196738 0.186250 0.016310 0.052500
0 0.652396 0.345000 0.020387 0.070000
0 0.326707 0.207500 0.019368 0.060000
0 0.449541 0.213750 0.018349 0.062500
0 0.241590 0.296250 0.024465 0.062500
0 0.578491 0.446250 0.023445 0.077500
0 0.458206 0.390000 0.019368 0.070000
0 0.144750 0.092500 0.012232 0.045000
0 0.985729 0.147500 0.018349 0.050000
0 0.364424 0.142500 0.013252 0.045000
0 0.273191 0.127500 0.014271 0.045000
0 0.576962 0.361250 0.024465 0.072500
0 0.304281 0.157500 0.015291 0.050000
0 0.540265 0.136250 0.014271 0.042500
0 0.606524 0.253750 0.018349 0.057500
0 0.433231 0.190000 0.018349 0.050000
0 0.823649 0.305000 0.018349 0.065000
0 0.903670 0.158750 0.015291 0.047500
0 0.396534 0.241250 0.022426 0.072500
0 0.922018 0.173750 0.015291 0.052500
0 0.697757 0.138750 0.015291 0.047500
0 0.034659 0.208750 0.018349 0.052500
0 0.634557 0.068750 0.013252 0.037500
0 0.240571 0.130000 0.016310 0.050000
0 0.809888 0.333750 0.017329 0.062500
0 0.660041 0.171250 0.017329 0.047500
0 0.941386 0.118750 0.015291 0.042500
0 0.944954 0.190000 0.022426 0.050000
0 0.565749 0.118750 0.012232 0.042500
0 0.707441 0.198750 0.018349 0.052500
0 0.080020 0.122500 0.015291 0.045000
0 0.346075 0.137500 0.015291 0.045000
0 0.515291 0.113750 0.015291 0.037500
0 0.848114 0.108750 0.014271 0.042500
0 0.725280 0.095000 0.013252 0.040000
0 0.894495 0.105000 0.015291 0.040000
0 0.156473 0.130000 0.015291 0.050000
0 0.755352 0.258750 0.016310 0.062500
0 0.210499 0.287500 0.021407 0.060000
0 0.442406 0.068750 0.012232 0.037500
0 0.808869 0.141250 0.011213 0.037500
0 0.744139 0.185000 0.016310 0.040000
0 0.551478 0.120000 0.012232 0.040000
0 0.113150 0.150000 0.016310 0.045000
0 0.726809 0.153750 0.014271 0.042500
0 0.643221 0.098750 0.012232 0.037500
0 0.018349 0.110000 0.016310 0.040000
0 0.402141 0.110000 0.013252 0.040000
0 0.884302 0.185000 0.015291 0.050000
0 0.517839 0.148750 0.014271 0.042500
0 0.209480 0.106250 0.013252 0.037500
0 0.600917 0.101250 0.013252 0.037500
0 0.450561 0.136250 0.014271 0.042500
0 0.256371 0.132500 0.013252 0.040000
0 0.388379 0.092500 0.012232 0.040000
0 0.109072 0.113750 0.014271 0.037500
0 0.302752 0.115000 0.014271 0.040000
0 0.055556 0.078750 0.013252 0.042500
0 0.399592 0.163750 0.014271 0.042500
0 0.538736 0.273750 0.019368 0.047500
0 0.674822 0.082500 0.014271 0.045000
0 0.490826 0.107500 0.013252 0.040000
0 0.761978 0.107500 0.013252 0.035000
0 0.199796 0.135000 0.014271 0.040000
0 0.227829 0.115000 0.011213 0.040000
0 0.824669 0.242500 0.018349 0.050000
0 0.370540 0.078750 0.011213 0.032500
0 0.430173 0.108750 0.012232 0.037500
0 0.202345 0.138750 0.015291 0.042500
0 0.463303 0.112500 0.011213 0.035000
0 0.322630 0.085000 0.011213 0.035000
0 0.047401 0.120000 0.013252 0.040000
0 0.756371 0.152500 0.014271 0.040000
0 0.370540 0.107500 0.013252 0.035000
0 0.166667 0.370000 0.021407 0.070000
0 0.511213 0.607500 0.039755 0.105000
0 0.824159 0.101250 0.013252 0.032500
0 0.772681 0.263750 0.022426 0.047500
0 0.664118 0.312500 0.021407 0.070000
0 0.402650 0.975000 0.046891 0.050000
