0 0.71334 0.860271 0.0461575 0.17937
0 0.672889 0.569231 0.0332485 0.103766
0 0.508681 0.578968 0.0437583 0.127648
0 0.829239 0.534808 0.0283102 0.100315
0 0.587983 0.654289 0.0395258 0.127597
0 0.854403 0.816908 0.0437737 0.17672
0 0.716951 0.536312 0.035751 0.123483
0 0.202808 0.587367 0.0383982 0.128742
0 0.879398 0.50355 0.0360676 0.115308
0 0.24433 0.35395 0.0222424 0.0835909
0 0.860705 0.681224 0.0433844 0.103421
0 0.915482 0.474065 0.0317569 0.115993
0 0.295347 0.260509 0.0201481 0.0680177
0 0.310518 0.492538 0.0356721 0.123094
0 0.556934 0.439018 0.0297194 0.105865
0 0.945171 0.659836 0.0348903 0.115914
0 0.436311 0.462602 0.0296463 0.105276
0 0.218433 0.412725 0.0258078 0.091019
0 0.272862 0.318817 0.0240032 0.0856378
0 0.509517 0.332614 0.0248444 0.0851988
0 0.949409 0.564657 0.0344246 0.0810373
0 0.843444 0.364024 0.0250405 0.076789
0 0.657348 0.360751 0.0228943 0.0929735
0 0.35591 0.377633 0.0254975 0.0786555
0 0.581636 0.440594 0.0233325 0.107342
0 0.465901 0.387482 0.0269267 0.0898999
0 0.634881 0.454347 0.0275911 0.108519
0 0.477866 0.244171 0.0198059 0.0722955
0 0.435139 0.367089 0.0292965 0.0871694
0 0.354787 0.586554 0.036078 0.0982342
0 0.387598 0.234319 0.0212312 0.0787461
0 0.331375 0.349145 0.0221202 0.0779809
0 0.578788 0.149676 0.0171364 0.047876
0 0.754548 0.400776 0.0258965 0.0773057
0 0.41602 0.270263 0.0212184 0.0648148
0 0.588518 0.247709 0.0198409 0.0620343
0 0.363187 0.472085 0.0280119 0.101276
0 0.119791 0.254501 0.0189411 0.0562414
0 0.541386 0.247505 0.0224678 0.0651619
0 0.393651 0.152574 0.0161155 0.0547844
0 0.357462 0.235488 0.019904 0.0623139
0 0.308852 0.175527 0.018133 0.0653568
0 0.240214 0.248092 0.0187267 0.0661829
0 0.0623057 0.286253 0.0269488 0.0754349
0 0.945846 0.415827 0.0272026 0.0932513
0 0.450469 0.278875 0.0232717 0.0725678
0 0.0921843 0.185615 0.0176504 0.0550546
0 0.628653 0.15294 0.0168541 0.0567277
0 0.199599 0.265158 0.0239561 0.0755581
0 0.840634 0.169658 0.018824 0.0620657
0 0.974245 0.362822 0.0240001 0.0830781
0 0.749801 0.186733 0.019734 0.0672919
0 0.329427 0.237916 0.0192612 0.0693183
0 0.387469 0.370525 0.0224538 0.0835537
0 0.049428 0.208561 0.0192638 0.0702383
0 0.360168 0.121478 0.0177812 0.0596317
0 0.348029 0.301388 0.0210995 0.0627914
0 0.535706 0.172769 0.0150598 0.0544512
0 0.177558 0.236723 0.0229649 0.0735047
0 0.412859 0.348933 0.0219047 0.0764528
0 0.506415 0.168637 0.0170298 0.0600698
0 0.259906 0.147918 0.0152028 0.0611502
0 0.489464 0.18195 0.0143103 0.0489125
0 0.710461 0.254709 0.0231175 0.0637086
0 0.230594 0.158784 0.0144085 0.0517962
0 0.121744 0.118577 0.0123351 0.0396023
0 0.926599 0.10634 0.0152569 0.0443404
0 0.450751 0.20188 0.0238817 0.0674781
0 0.962486 0.178546 0.0173016 0.0577689
0 0.129115 0.183114 0.0211472 0.0602047
0 0.420017 0.592848 0.037447 0.125481
0 0.920967 0.363513 0.0252472 0.0792726
0 0.754594 0.531186 0.0319229 0.0970013
0 0.0861066 0.539579 0.0307473 0.11036
0 0.165442 0.151247 0.0173977 0.0538456
0 0.68424 0.129338 0.0132162 0.0410837
0 0.244871 0.176215 0.0166284 0.0586057
0 0.154914 0.0733036 0.0125589 0.0398708
0 0.13875 0.393671 0.0240613 0.0869209
0 0.653128 0.10712 0.01453 0.0514541
0 0.274157 0.149991 0.0137929 0.0567503
0 0.693902 0.235957 0.0187278 0.0668775
0 0.592541 0.103567 0.0123177 0.0427346
0 0.0645664 0.500311 0.0253987 0.0830368
0 0.384439 0.0532391 0.0129431 0.0419187
0 0.290887 0.189572 0.0175836 0.0577866
0 0.963432 0.287087 0.0169094 0.0571344
0 0.116067 0.0645105 0.0137854 0.0421409
0 0.203836 0.0863267 0.0123721 0.0414523
0 0.179534 0.0886871 0.0129604 0.0386083
0 0.94672 0.148363 0.0156406 0.0492986
0 0.990379 0.138942 0.0181503 0.0634355
0 0.43476 0.117534 0.0147991 0.0511419
0 0.0364117 0.401818 0.0247911 0.070983
0 0.78594 0.316069 0.0208126 0.0747906
0 0.0181227 0.108927 0.0150632 0.0446796
0 0.889008 0.142654 0.0173721 0.0507543
0 0.79655 0.240149 0.0197976 0.0603838
0 0.526712 0.14367 0.0177062 0.0507851
0 0.250039 0.629845 0.0397482 0.124163
0 0.52607 0.0605119 0.0131114 0.0457671
0 0.541312 0.126127 0.0118986 0.0426831
0 0.0773309 0.0265638 0.0115667 0.0367312
0 0.845559 0.0581677 0.0107086 0.0313527
0 0.148025 0.124334 0.0130307 0.0444629
0 0.289007 0.0340971 0.0119406 0.039268
0 0.381658 0.122582 0.0167859 0.0543638
0 0.416438 0.0815658 0.0143829 0.0407189
0 0.687298 0.185777 0.0183723 0.0483896
0 0.460591 0.121212 0.0155598 0.0454799
0 0.133767 0.0591283 0.0131091 0.0458556
0 0.280066 0.22257 0.0159207 0.0582511
0 0.80591 0.146403 0.0124546 0.0457847
0 0.889213 0.0743803 0.0114136 0.0360524
0 0.10115 0.0952965 0.012025 0.0427054
0 0.0492278 0.045815 0.0135363 0.0407409
0 0.221215 0.123888 0.012621 0.0391092
0 0.770841 0.079314 0.0131205 0.0362762
0 0.0888167 0.132244 0.0117934 0.0408683
0 0.0507502 0.143716 0.014408 0.0460974
0 0.907423 0.192004 0.0185152 0.0593155
0 0.352191 0.0744175 0.012919 0.0371584
0 0.316955 0.0685101 0.0112356 0.0360781
0 0.467971 0.0877151 0.0133841 0.0372088
0 0.612066 0.105961 0.0135347 0.0412387
0 0.579049 0.100148 0.0133486 0.041045
0 0.253778 0.102879 0.0130229 0.0377287
0 0.881659 0.232699 0.0158917 0.0547636
0 0.492345 0.0762904 0.013282 0.0389498
0 0.105187 0.434006 0.0285049 0.0990687
0 0.722837 0.211637 0.0161581 0.0538391
0 0.792586 0.167523 0.0165729 0.041669
0 0.865807 0.166719 0.0151767 0.0522415
0 0.911984 0.0827115 0.0135224 0.0398836
0 0.572406 0.0328535 0.00994456 0.0319671
0 0.23209 0.100503 0.0116163 0.0388781
0 0.608099 0.060882 0.0114023 0.0379081
0 0.759258 0.320716 0.0307396 0.0699831
0 0.0763655 0.134596 0.0125788 0.0466837
0 0.538305 0.0833358 0.0130282 0.0417845
0 0.014515 0.0502659 0.0129725 0.0367951
0 0.758305 0.0619187 0.0116359 0.0341746
0 0.496658 0.0456929 0.0117289 0.0321808
0 0.486275 0.128737 0.0130794 0.0449518
0 0.564902 0.0878152 0.0115982 0.0380509
0 0.211705 0.0350376 0.0119908 0.0374677
0 0.827386 0.0842465 0.0115585 0.0373148
0 0.856885 0.0618908 0.0121798 0.0352384
0 0.0417646 0.48853 0.0211984 0.0834981
0 0.0289724 0.0507625 0.0118271 0.0351454
0 0.643285 0.0377946 0.0126356 0.0373202
0 0.474048 0.0377728 0.0134418 0.0403821
0 0.981527 0.23546 0.0202667 0.067734
0 0.41747 0.0366314 0.0109795 0.0342489
0 0.192477 0.0295515 0.0117216 0.0336884
0 0.195558 0.0673717 0.0105902 0.0352498
0 0.824398 0.160338 0.0144385 0.0498198
