0 0.709990 0.546250 0.033639 0.112500
0 0.689093 0.932500 0.050968 0.135000
0 0.561162 0.600000 0.037717 0.115000
0 0.207441 0.552500 0.039755 0.135000
0 0.439857 0.931250 0.045872 0.137500
0 0.342508 0.402500 0.026504 0.085000
0 0.490316 0.580000 0.034659 0.125000
0 0.497961 0.445000 0.027523 0.100000
0 0.392457 0.466250 0.032620 0.107500
0 0.432722 0.368750 0.027523 0.082500
0 0.095821 0.563750 0.034659 0.127500
0 0.906728 0.478750 0.031600 0.117500
0 0.831295 0.302500 0.023445 0.065000
0 0.782875 0.307500 0.022426 0.065000
0 0.271662 0.441250 0.025484 0.082500
0 0.445973 0.692500 0.035678 0.110000
0 0.757900 0.395000 0.031600 0.090000
0 0.491335 0.306250 0.022426 0.072500
0 0.252294 0.603750 0.041794 0.137500
0 0.328746 0.597500 0.025484 0.100000
0 0.171764 0.385000 0.035678 0.095000
0 0.256881 0.277500 0.020387 0.065000
0 0.441896 0.222500 0.017329 0.055000
0 0.701325 0.365000 0.026504 0.080000
0 0.140673 0.532500 0.030581 0.115000
0 0.876656 0.280000 0.018349 0.065000
0 0.212029 0.273750 0.018349 0.062500
0 0.321101 0.206250 0.020387 0.057500
0 0.601427 0.333750 0.022426 0.067500
0 0.539755 0.316250 0.021407 0.072500
0 0.389399 0.295000 0.022426 0.070000
0 0.492864 0.201250 0.017329 0.057500
0 0.270642 0.203750 0.019368 0.057500
0 0.311417 0.275000 0.019368 0.070000
0 0.586646 0.225000 0.021407 0.065000
0 0.055046 0.236250 0.018349 0.062500
0 0.051478 0.157500 0.015291 0.045000
0 0.767584 0.198750 0.018349 0.062500
0 0.800714 0.202500 0.015291 0.050000
0 0.373598 0.191250 0.019368 0.057500
0 0.822630 0.181250 0.014271 0.047500
0 0.680428 0.193750 0.015291 0.052500
0 0.077472 0.303750 0.022426 0.067500
0 0.628950 0.212500 0.016310 0.060000
0 0.194699 0.195000 0.016310 0.050000
0 0.917941 0.305000 0.027523 0.070000
0 0.723751 0.216250 0.014271 0.052500
0 0.738022 0.296250 0.022426 0.067500
0 0.014781 0.132500 0.015291 0.045000
0 0.627931 0.361250 0.024465 0.072500
0 0.654944 0.168750 0.015291 0.047500
0 0.933741 0.142500 0.018349 0.050000
0 0.085117 0.188750 0.015291 0.047500
0 0.009174 0.307500 0.016310 0.075000
0 0.304281 0.138750 0.015291 0.047500
0 0.181448 0.306250 0.018349 0.052500
0 0.101427 0.182500 0.019368 0.050000
0 0.164628 0.221250 0.019368 0.062500
0 0.877676 0.148750 0.016310 0.042500
0 0.458206 0.202500 0.015291 0.050000
0 0.445464 0.140000 0.016310 0.045000
0 0.743629 0.123750 0.013252 0.042500
0 0.417431 0.197500 0.019368 0.055000
0 0.139653 0.150000 0.014271 0.045000
0 0.122834 0.178750 0.017329 0.047500
0 0.684506 0.083750 0.015291 0.042500
0 0.251784 0.367500 0.022426 0.075000
0 0.117737 0.093750 0.011213 0.037500
0 0.474006 0.181250 0.018349 0.062500
0 0.594292 0.172500 0.014271 0.040000
0 0.020387 0.202500 0.016310 0.055000
0 0.183486 0.092500 0.012232 0.035000
0 0.893476 0.106250 0.015291 0.037500
0 0.653415 0.090000 0.014271 0.040000
0 0.551988 0.196250 0.019368 0.052500
0 0.673802 0.141250 0.014271 0.047500
0 0.543833 0.105000 0.015291 0.035000
0 0.376656 0.255000 0.019368 0.060000
0 0.509174 0.137500 0.013252 0.040000
0 0.602446 0.130000 0.014271 0.045000
0 0.746177 0.197500 0.016310 0.045000
0 0.155454 0.130000 0.015291 0.045000
0 0.429664 0.632500 0.029562 0.090000
0 0.037717 0.187500 0.016310 0.050000
0 0.422528 0.311250 0.021407 0.052500
0 0.395515 0.133750 0.016310 0.047500
0 0.852701 0.211250 0.019368 0.057500
0 0.251784 0.125000 0.014271 0.045000
0 0.553007 0.146250 0.017329 0.042500
0 0.626911 0.125000 0.014271 0.040000
0 0.568298 0.096250 0.015291 0.042500
0 0.813965 0.121250 0.015291 0.037500
0 0.285933 0.150000 0.015291 0.045000
0 0.012232 0.528750 0.022426 0.107500
0 0.361876 0.160000 0.014271 0.045000
0 0.913354 0.161250 0.014271 0.042500
0 0.192151 0.120000 0.013252 0.035000
0 0.382263 0.106250 0.012232 0.037500
0 0.842508 0.147500 0.013252 0.040000
0 0.521916 0.208750 0.018349 0.062500
0 0.591743 0.901250 0.066259 0.157500
0 0.583078 0.127500 0.014271 0.045000
0 0.343527 0.092500 0.012232 0.040000
0 0.523445 0.203750 0.017329 0.057500
0 0.708970 0.207500 0.015291 0.055000
0 0.085627 0.121250 0.014271 0.047500
0 0.355759 0.098750 0.012232 0.037500
0 0.415902 0.270000 0.020387 0.055000
0 0.457696 0.106250 0.014271 0.042500
0 0.482161 0.122500 0.014271 0.045000
0 0.498471 0.098750 0.012232 0.037500
0 0.373089 0.096250 0.012232 0.037500
0 0.217125 0.152500 0.014271 0.045000
0 0.716106 0.098750 0.013252 0.032500
0 0.951070 0.343750 0.020387 0.067500
0 0.422528 0.137500 0.015291 0.045000
0 0.597350 0.096250 0.012232 0.037500
0 0.269113 0.080000 0.014271 0.040000
0 0.270133 0.117500 0.012232 0.040000
0 0.317023 0.085000 0.012232 0.040000
0 0.244648 0.208750 0.016310 0.052500
0 0.330785 0.101250 0.013252 0.037500
0 0.100917 0.136250 0.014271 0.042500
0 0.271152 0.156250 0.014271 0.037500
0 0.041794 0.092500 0.014271 0.045000
0 0.005607 0.167500 0.009174 0.050000
0 0.406218 0.096250 0.015291 0.037500
0 0.328236 0.163750 0.016310 0.037500
0 0.707951 0.177500 0.017329 0.060000
0 0.145770 0.096250 0.012232 0.037500
0 0.652905 0.328750 0.025484 0.072500
0 0.933231 0.231250 0.017329 0.062500
0 0.229358 0.088750 0.010194 0.037500
0 0.709990 0.118750 0.013252 0.037500
0 0.975535 0.262500 0.016310 0.060000
0 0.444954 0.092500 0.011213 0.035000
0 0.467380 0.087500 0.011213 0.035000
0 0.287971 0.077500 0.013252 0.040000
0 0.197757 0.395000 0.020387 0.085000
0 0.769113 0.115000 0.013252 0.040000
0 0.238022 0.100000 0.013252 0.040000
0 0.064730 0.118750 0.013252 0.037500
0 0.084608 0.133750 0.014271 0.042500
0 0.175841 0.532500 0.029562 0.110000
0 0.164628 0.161250 0.017329 0.042500
0 0.301733 0.091250 0.012232 0.032500
0 0.207441 0.081250 0.013252 0.027500
0 0.259939 0.522500 0.034659 0.070000
0 0.432722 0.083750 0.011213 0.027500
0 0.519878 0.116250 0.014271 0.042500
0 0.870031 0.957500 0.068298 0.085000
