0 0.954638 0.427632 0.025484 0.081579
0 0.349134 0.292105 0.017329 0.057895
0 0.508155 0.396053 0.021407 0.065789
0 0.390418 0.415789 0.020387 0.063158
0 0.322120 0.417105 0.020387 0.065789
0 0.529562 0.285526 0.019368 0.060526
0 0.829256 0.263158 0.017329 0.052632
0 0.624873 0.403947 0.022426 0.076316
0 0.657492 0.225000 0.014271 0.050000
0 0.776249 0.319737 0.021407 0.060526
0 0.910805 0.336842 0.017329 0.057895
0 0.023955 0.740789 0.027523 0.086842
0 0.656983 0.296053 0.017329 0.050000
0 0.298165 0.467105 0.019368 0.065789
0 0.410805 0.376316 0.020387 0.057895
0 0.543833 0.400000 0.019368 0.063158
0 0.542813 0.198684 0.015291 0.050000
0 0.412844 0.292105 0.016310 0.052632
0 0.563201 0.231579 0.015291 0.047368
0 0.735474 0.252632 0.017329 0.047368
0 0.525994 0.371053 0.016310 0.063158
0 0.776249 0.238158 0.017329 0.050000
0 0.214067 0.389474 0.018349 0.063158
0 0.966871 0.198684 0.017329 0.055263
0 0.694699 0.303947 0.017329 0.055263
0 0.162080 0.444737 0.016310 0.063158
0 0.053007 0.294737 0.014271 0.052632
0 0.468909 0.248684 0.014271 0.050000
0 0.197757 0.464474 0.024465 0.060526
0 0.867482 0.235526 0.016310 0.050000
0 0.496942 0.061842 0.013252 0.039474
0 0.602446 0.389474 0.018349 0.068421
0 0.519878 0.040789 0.012232 0.039474
0 0.045872 0.214474 0.016310 0.044737
0 0.168196 0.063158 0.012232 0.036842
0 0.443935 0.272368 0.017329 0.050000
0 0.077982 0.482895 0.019368 0.065789
0 0.546381 0.067105 0.012232 0.039474
0 0.232416 0.157895 0.014271 0.047368
0 0.302243 0.134211 0.013252 0.042105
0 0.431702 0.115789 0.013252 0.042105
0 0.024975 0.230263 0.015291 0.044737
0 0.489297 0.167105 0.016310 0.044737
0 0.865443 0.096053 0.016310 0.039474
0 0.993884 0.211842 0.012232 0.055263
0 0.139144 0.161842 0.011213 0.039474
0 0.186035 0.250000 0.015291 0.047368
0 0.343017 0.185526 0.015291 0.044737
0 0.603976 0.236842 0.017329 0.057895
0 0.204383 0.268421 0.015291 0.052632
0 0.376656 0.169737 0.013252 0.050000
0 0.065240 0.225000 0.014271 0.044737
0 0.221713 0.060526 0.011213 0.031579
0 0.784404 0.052632 0.015291 0.042105
0 0.245668 0.246053 0.014271 0.044737
0 0.692151 0.092105 0.012232 0.036842
0 0.101937 0.228947 0.014271 0.036842
0 0.435270 0.209211 0.018349 0.055263
0 0.290520 0.207895 0.014271 0.042105
0 0.845056 0.096053 0.014271 0.039474
0 0.272171 0.128947 0.012232 0.036842
0 0.403160 0.219737 0.015291 0.050000
0 0.615698 0.200000 0.016310 0.047368
0 0.900102 0.078947 0.014271 0.042105
0 0.450561 0.165789 0.016310 0.052632
0 0.121305 0.330263 0.016310 0.050000
0 0.010194 0.205263 0.014271 0.042105
0 0.933231 0.025000 0.011213 0.039474
0 0.585627 0.196053 0.015291 0.044737
0 0.525484 0.150000 0.015291 0.042105
0 0.082569 0.206579 0.016310 0.039474
0 0.416922 0.247368 0.016310 0.042105
0 0.085627 0.248684 0.016310 0.044737
0 0.622834 0.044737 0.012232 0.042105
0 0.440367 0.040789 0.010194 0.034211
0 0.671764 0.169737 0.014271 0.044737
0 0.639144 0.093421 0.012232 0.039474
0 0.738022 0.140789 0.014271 0.039474
0 0.606014 0.025000 0.013252 0.039474
0 0.134047 0.219737 0.013252 0.039474
0 0.756371 0.034211 0.012232 0.036842
0 0.756371 0.107895 0.014271 0.042105
0 0.628950 0.110526 0.012232 0.036842
0 0.087156 0.134211 0.013252 0.042105
0 0.994393 0.021053 0.011213 0.036842
0 0.151376 0.072368 0.011213 0.034211
0 0.585627 0.132895 0.015291 0.044737
0 0.133537 0.128947 0.012232 0.036842
0 0.660550 0.069737 0.012232 0.034211
0 0.447503 0.164474 0.018349 0.050000
0 0.827217 0.031579 0.013252 0.036842
0 0.640163 0.053947 0.014271 0.039474
0 0.247706 0.163158 0.014271 0.042105
0 0.355250 0.178947 0.013252 0.042105
0 0.266055 0.256579 0.016310 0.050000
0 0.102956 0.739474 0.022426 0.078947
0 0.114679 0.389474 0.021407 0.068421
0 0.073904 0.178947 0.011213 0.031579
0 0.166157 0.138158 0.018349 0.050000
0 0.229358 0.443421 0.016310 0.044737
0 0.371050 0.425000 0.018349 0.060526
0 0.263507 0.044737 0.011213 0.036842
0 0.231397 0.018421 0.014271 0.031579
0 0.382263 0.089474 0.012232 0.031579
0 0.354740 0.122368 0.018349 0.039474
0 0.471458 0.094737 0.015291 0.047368
0 0.431193 0.069737 0.020387 0.034211
0 0.583078 0.019737 0.014271 0.034211
0 0.529052 0.602632 0.026504 0.084211
0 0.661060 0.497368 0.019368 0.073684
0 0.687564 0.464474 0.025484 0.076316
0 0.731906 0.506579 0.036697 0.086842
0 0.753313 0.630263 0.030581 0.097368
0 0.804281 0.636842 0.028542 0.100000
0 0.784404 0.106579 0.017329 0.044737
0 0.667686 0.014474 0.016310 0.023684
0 0.687054 0.011842 0.014271 0.018421
0 0.957696 0.232895 0.017329 0.044737
0 0.911315 0.035526 0.012232 0.039474
0 0.704383 0.281579 0.016310 0.047368
0 0.610601 0.300000 0.018349 0.042105
0 0.749235 0.260526 0.014271 0.052632
0 0.172273 0.939474 0.038736 0.110526
