0 0.45726 0.705217 0.0443714 0.116188
0 0.374871 0.512418 0.0308345 0.123179
0 0.217208 0.52788 0.036322 0.121634
0 0.883434 0.703945 0.0433975 0.151328
0 0.213269 0.745443 0.0397086 0.134534
0 0.6607 0.874681 0.0463383 0.174216
0 0.109314 0.300401 0.0285558 0.0859632
0 0.846674 0.568973 0.0373054 0.133233
0 0.703457 0.571578 0.0354439 0.130953
0 0.832851 0.850291 0.0666376 0.182677
0 0.0675162 0.439672 0.03005 0.0994504
0 0.937753 0.843163 0.0606897 0.145062
0 0.417872 0.268397 0.0233535 0.08735
0 0.341752 0.929565 0.0584152 0.140871
0 0.5415 0.542191 0.0346233 0.110989
0 0.463986 0.503189 0.031931 0.115164
0 0.269194 0.487659 0.0298071 0.0970662
0 0.607412 0.708733 0.0308293 0.120478
0 0.731706 0.932276 0.0533028 0.135449
0 0.666424 0.406816 0.0277218 0.104789
0 0.767817 0.871678 0.0401236 0.137339
0 0.963311 0.562187 0.032016 0.12441
0 0.331751 0.635106 0.0274592 0.115651
0 0.559305 0.464155 0.0338022 0.102598
0 0.24133 0.379079 0.0261531 0.0977837
0 0.220144 0.198993 0.0187934 0.058498
0 0.811321 0.53075 0.0279137 0.092286
0 0.397612 0.398318 0.0258617 0.0944738
0 0.385249 0.302194 0.0219753 0.059097
0 0.43366 0.586009 0.0348016 0.103896
0 0.152718 0.31044 0.0249315 0.0955287
0 0.200318 0.351555 0.025027 0.092202
0 0.225491 0.264883 0.0214593 0.0745332
0 0.282381 0.217997 0.016776 0.05765
0 0.14789 0.223084 0.0214816 0.0665714
0 0.540453 0.39294 0.0283514 0.0729791
0 0.8834 0.28718 0.0237356 0.0740123
0 0.31559 0.287068 0.0264801 0.0905022
0 0.947349 0.451972 0.0303825 0.102906
0 0.266384 0.351913 0.0225388 0.0812016
0 0.374895 0.372595 0.021258 0.0727908
0 0.918985 0.32349 0.0230625 0.0869045
0 0.480099 0.419944 0.0292009 0.110999
0 0.79161 0.258285 0.0223932 0.0743012
0 0.855795 0.382166 0.0280146 0.0944643
0 0.173555 0.225443 0.0194365 0.0641586
0 0.358576 0.298589 0.0232381 0.0735321
0 0.310107 0.148716 0.0193526 0.0645074
0 0.660067 0.229842 0.0248219 0.0840401
0 0.169935 0.150401 0.0173061 0.0547058
0 0.852696 0.285227 0.0221878 0.0747853
0 0.389211 0.245497 0.0187463 0.0582733
0 0.480055 0.305029 0.0273757 0.0871803
0 0.458751 0.365429 0.0240256 0.082422
0 0.229356 0.138594 0.0162401 0.0520418
0 0.282 0.147528 0.0184641 0.0642714
0 0.399967 0.176452 0.019781 0.0655221
0 0.136802 0.151384 0.0164646 0.0558732
0 0.623581 0.209583 0.0252948 0.0734754
0 0.336224 0.116048 0.0170525 0.0561187
0 0.612901 0.365323 0.0351121 0.0946678
0 0.517492 0.16035 0.0229218 0.0665246
0 0.735277 0.300732 0.0235008 0.0664851
0 0.110105 0.154875 0.0170927 0.0562966
0 0.435007 0.119998 0.0155546 0.0540592
0 0.295371 0.269609 0.0191178 0.0658708
0 0.788023 0.148265 0.0171963 0.0603264
0 0.469218 0.0879264 0.0142818 0.0487401
0 0.880045 0.220568 0.0189736 0.0565169
0 0.963582 0.178557 0.0210579 0.0691776
0 0.769592 0.153086 0.0151403 0.049308
0 0.497411 0.107376 0.0140687 0.0491821
0 0.81597 0.199495 0.0191383 0.0654808
0 0.658987 0.0229561 0.0131212 0.0394152
0 0.968042 0.284055 0.0222801 0.0673889
0 0.600264 0.107939 0.0177582 0.049289
0 0.0773915 0.344487 0.0253283 0.0807149
0 0.190433 0.109154 0.0142793 0.0455622
0 0.721403 0.161066 0.0180136 0.0522316
0 0.247525 0.115802 0.0160061 0.0501344
0 0.567775 0.104266 0.0147357 0.0463349
0 0.580839 0.238716 0.0250929 0.0763063
0 0.0401286 0.145988 0.0175158 0.0564285
0 0.447006 0.0906928 0.0152337 0.0483772
0 0.681822 0.0702516 0.0134193 0.046237
0 0.740907 0.205682 0.0147598 0.0422375
0 0.993315 0.494308 0.0124132 0.114355
0 0.902369 0.0478554 0.0127489 0.0419535
0 0.684738 0.238148 0.0225246 0.0650724
0 0.153742 0.0968159 0.0143404 0.0448169
0 0.838247 0.174268 0.0221802 0.0679194
0 0.0961255 0.114354 0.0141394 0.046512
0 0.202289 0.138309 0.0151539 0.0584329
0 0.363679 0.173355 0.0225294 0.0620437
0 0.0285436 0.203334 0.0227376 0.0512423
0 0.529925 0.305275 0.0231964 0.0703822
0 0.967876 0.943481 0.0609295 0.0674577
0 0.428138 0.0294714 0.0122545 0.0379037
0 0.295789 0.100323 0.0136363 0.0449865
0 0.0155019 0.112638 0.0144342 0.0457644
0 0.732127 0.0714806 0.0124127 0.0386811
0 0.0568649 0.0642452 0.015134 0.0455534
0 0.0650689 0.128236 0.0164334 0.0477134
0 0.665787 0.0946694 0.0143547 0.0449646
0 0.905858 0.120008 0.0147161 0.0448801
0 0.991205 0.256529 0.0175901 0.0601117
0 0.623708 0.149638 0.0144385 0.0437937
0 0.646624 0.108405 0.0167107 0.0459141
0 0.770475 0.0956826 0.0136656 0.0436976
0 0.744446 0.132586 0.0149756 0.0507904
0 0.648681 0.160437 0.0206562 0.0620859
0 0.384382 0.0746491 0.0126174 0.0405139
0 0.858818 0.218805 0.0182808 0.055527
0 0.340053 0.270561 0.0175863 0.0872003
0 0.3406 0.25808 0.0191257 0.0804109
0 0.740286 0.253172 0.0196168 0.0493628
0 0.85944 0.103466 0.0147434 0.0393509
0 0.942028 0.701508 0.0435677 0.111932
0 0.172875 0.30388 0.0170396 0.0666438
0 0.435857 0.248404 0.0157722 0.0710559
0 0.714293 0.115331 0.0132849 0.0405018
0 0.293482 0.0425932 0.01125 0.0323804
0 0.755524 0.14057 0.0146365 0.0541951
0 0.99438 0.909603 0.0112396 0.129958
0 0.0822378 0.0868215 0.0136449 0.041804
0 0.341484 0.0643089 0.0123128 0.0433337
0 0.88576 0.958686 0.0638653 0.0784429
0 0.210578 0.0842657 0.011913 0.0340383
0 0.459579 0.0442186 0.0128272 0.0377931
0 0.0402942 0.0844757 0.0127016 0.0376388
0 0.698907 0.030546 0.0119364 0.0366065
0 0.803836 0.984064 0.0555431 0.031873
0 0.596542 0.199257 0.0210602 0.065711
0 0.0185782 0.0730246 0.0107916 0.031899
0 0.91726 0.219757 0.0174465 0.056112
0 0.319586 0.102299 0.0152813 0.0413443
0 0.443351 0.214382 0.0214027 0.06708
0 0.236395 0.0850315 0.0127516 0.0445398
0 0.0631233 0.13292 0.0163209 0.0467724
0 0.727943 0.122827 0.0130251 0.0415307
0 0.522298 0.0653824 0.0117524 0.0342443
0 0.594282 0.160825 0.0194302 0.0426087
0 0.879924 0.100927 0.013965 0.0372433
0 0.829525 0.111594 0.0134911 0.0362415
0 0.99009 0.138922 0.0147236 0.0427856
0 0.830746 0.0695352 0.0127259 0.0386428
