0 0.963406 0.549095 0.0420216 0.130784
0 0.576118 0.638468 0.0394391 0.1202
0 0.951842 0.739646 0.0484798 0.157249
0 0.22112 0.508898 0.0347513 0.116628
0 0.336926 0.822325 0.0516653 0.200857
0 0.790974 0.484298 0.0346143 0.107372
0 0.209668 0.651803 0.0435276 0.127667
0 0.534474 0.518345 0.0319526 0.114394
0 0.0866765 0.508774 0.0357745 0.124617
0 0.607437 0.388783 0.0268682 0.096025
0 0.132219 0.597174 0.0402822 0.119943
0 0.803167 0.32468 0.0276515 0.0856747
0 0.500554 0.420942 0.0282364 0.0899531
0 0.751066 0.374809 0.0244293 0.0859189
0 0.71244 0.547768 0.0318347 0.100069
0 0.821365 0.486787 0.0282379 0.0959039
0 0.709413 0.350374 0.0261926 0.0903516
0 0.443618 0.461747 0.0246441 0.0906795
0 0.851137 0.45901 0.0279785 0.0888814
0 0.128052 0.395173 0.024741 0.08656
0 0.0210401 0.419231 0.0345351 0.106326
0 0.47073 0.327515 0.0261328 0.0903706
0 0.128405 0.487907 0.0346182 0.0922299
0 0.165131 0.269861 0.0206989 0.077383
0 0.669701 0.667983 0.0473375 0.175461
0 0.548228 0.261633 0.0218628 0.0799785
0 0.167624 0.163226 0.0180615 0.0561274
0 0.414271 0.291536 0.0210846 0.0651961
0 0.865703 0.224054 0.0193985 0.0638437
0 0.267665 0.268526 0.0209917 0.0613085
0 0.471633 0.217397 0.0227926 0.0765077
0 0.667395 0.293432 0.0250353 0.0747888
0 0.206943 0.230569 0.0206391 0.0738644
0 0.495052 0.26576 0.0207831 0.0756644
0 0.141322 0.185283 0.0186338 0.0616186
0 0.332476 0.242551 0.0201643 0.0707631
0 0.626091 0.258704 0.0244842 0.0790121
0 0.264701 0.179759 0.0219743 0.0645276
0 0.584412 0.211103 0.0190058 0.0669379
0 0.924906 0.229349 0.0197208 0.0707189
0 0.311791 0.241639 0.0200683 0.0779424
0 0.64662 0.184369 0.0176168 0.0642202
0 0.654446 0.538307 0.0330136 0.0746752
0 0.243962 0.2812 0.0172056 0.060147
0 0.296335 0.0444777 0.0135449 0.0427687
0 0.820373 0.274069 0.0219467 0.0738634
0 0.837808 0.25643 0.0173748 0.0628047
0 0.523455 0.159161 0.0205019 0.0663869
0 0.0359565 0.294419 0.0271261 0.0770222
0 0.463603 0.0912176 0.0151285 0.0521095
0 0.218297 0.139043 0.0169046 0.0586814
0 0.654091 0.0574646 0.0129595 0.0394548
0 0.445745 0.096412 0.0161684 0.0524978
0 0.0959509 0.280468 0.0225362 0.0730394
0 0.284865 0.104851 0.0147301 0.0484621
0 0.824672 0.134468 0.0173434 0.0625926
0 0.493286 0.104168 0.0156927 0.0505311
0 0.953618 0.214103 0.0186384 0.0605956
0 0.115832 0.102133 0.0132088 0.045307
0 0.725076 0.228222 0.0173159 0.0588052
0 0.991363 0.366022 0.0172748 0.097592
0 0.354822 0.0439089 0.0143803 0.0457582
0 0.405162 0.0896449 0.0151596 0.046709
0 0.622192 0.108766 0.0143598 0.047535
0 0.065406 0.124599 0.0126018 0.0445571
0 0.089408 0.0863319 0.0139132 0.0419489
0 0.805362 0.127281 0.0158989 0.0523652
0 0.568679 0.178395 0.0172912 0.0517171
0 0.520628 0.0918566 0.0129649 0.0447042
0 0.00591478 0.0867898 0.011641 0.0479061
0 0.418965 0.10295 0.0135787 0.048287
0 0.0487583 0.222885 0.0244922 0.072192
0 0.0293192 0.0806848 0.0148776 0.044134
0 0.959553 0.139108 0.01595 0.0501322
0 0.10026 0.220934 0.0206018 0.0532238
0 0.702568 0.11804 0.0126829 0.0467448
0 0.34351 0.194355 0.0190993 0.0622171
0 0.728452 0.107198 0.0121788 0.0418662
0 0.227561 0.0393473 0.0146093 0.0453253
0 0.680303 0.0708367 0.0125013 0.0383658
0 0.53262 0.0669374 0.0126518 0.0425175
0 0.0481154 0.161085 0.0185731 0.049384
0 0.249402 0.0962691 0.015182 0.052841
0 0.681014 0.209735 0.0207977 0.0667894
0 0.943542 0.106658 0.0143593 0.041768
0 0.844553 0.06665 0.0146156 0.0387837
0 0.119397 0.0543883 0.01344 0.0396686
0 0.787784 0.103928 0.0149573 0.0453189
0 0.83057 0.0646258 0.0137457 0.0396062
0 0.664338 0.16724 0.020171 0.0656818
0 0.754944 0.226323 0.0224298 0.0722375
0 0.573676 0.0586181 0.0143784 0.0455547
0 0.501162 0.206858 0.0206961 0.0517299
0 0.335425 0.0537613 0.0149485 0.0454629
0 0.895579 0.040894 0.0121082 0.0385976
0 0.143413 0.0949691 0.0145285 0.046811
0 0.199789 0.153732 0.0179738 0.0547909
0 0.885061 0.111319 0.0135688 0.0411695
0 0.0471424 0.0706683 0.0112149 0.036631
0 0.727939 0.0292393 0.0117376 0.0409965
0 0.844122 0.115495 0.0154304 0.0469447
0 0.858444 0.141163 0.0167068 0.0495346
0 0.790359 0.205757 0.0183287 0.0575476
0 0.558648 0.790926 0.05192 0.172053
0 0.676388 0.115966 0.0155101 0.0519049
0 0.19196 0.111418 0.017031 0.0457988
0 0.585794 0.0370528 0.0123148 0.0409945
0 0.0250152 0.133755 0.0143924 0.0522889
0 0.881218 0.0721165 0.0123191 0.0327066
0 0.068361 0.0810306 0.0128668 0.0370953
0 0.753478 0.0739479 0.0135571 0.0396962
0 0.557762 0.044503 0.0126532 0.0383665
0 0.0785869 0.063826 0.0109441 0.0349543
0 0.352996 0.155128 0.0161078 0.0488086
0 0.409086 0.1591 0.0205808 0.0570245
0 0.260883 0.140138 0.0161238 0.0416181
0 0.864999 0.0994947 0.0155834 0.0437891
0 0.71515 0.0331646 0.0105304 0.0369055
0 0.504356 0.0811045 0.0122799 0.0392148
0 0.164244 0.0778508 0.0152173 0.0478978
0 0.779283 0.0617448 0.0127181 0.0377288
0 0.716185 0.0793372 0.0134371 0.0358437
0 0.611686 0.0299336 0.0119126 0.0392332
0 0.9185 0.087629 0.0147995 0.0459378
0 0.92811 0.314969 0.0232332 0.0597105
0 0.320492 0.128325 0.0178272 0.0527693
0 0.00439591 0.264181 0.00879182 0.0823803
0 0.213484 0.0613293 0.0161275 0.0425781
