0 0.650357 0.775000 0.044852 0.145000
0 0.931193 0.505000 0.027523 0.100000
0 0.562691 0.652500 0.038736 0.105000
0 0.291539 0.710000 0.044852 0.155000
0 0.276758 0.477500 0.029562 0.100000
0 0.691131 0.502500 0.032620 0.115000
0 0.545362 0.503750 0.038736 0.112500
0 0.583588 0.350000 0.023445 0.080000
0 0.474516 0.510000 0.031600 0.090000
0 0.490826 0.620000 0.035678 0.125000
0 0.804281 0.577500 0.030581 0.100000
0 0.350663 0.496250 0.032620 0.087500
0 0.712029 0.346250 0.025484 0.072500
0 0.551478 0.322500 0.022426 0.070000
0 0.239551 0.390000 0.026504 0.085000
0 0.801223 0.452500 0.028542 0.085000
0 0.906728 0.303750 0.023445 0.072500
0 0.436290 0.487500 0.028542 0.095000
0 0.939857 0.607500 0.028542 0.090000
0 0.428135 0.246250 0.020387 0.067500
0 0.663099 0.467500 0.027523 0.085000
0 0.170234 0.388750 0.028542 0.097500
0 0.614169 0.418750 0.025484 0.082500
0 0.599388 0.492500 0.024465 0.080000
0 0.511723 0.338750 0.026504 0.082500
0 0.319062 0.401250 0.018349 0.072500
0 0.870540 0.375000 0.026504 0.085000
0 0.292559 0.225000 0.020387 0.060000
0 0.681448 0.203750 0.017329 0.052500
0 0.654944 0.215000 0.017329 0.050000
0 0.811417 0.355000 0.024465 0.080000
0 0.769623 0.320000 0.022426 0.070000
0 0.378186 0.358750 0.022426 0.077500
0 0.214577 0.276250 0.017329 0.062500
0 0.733945 0.466250 0.024465 0.077500
0 0.893476 0.458750 0.029562 0.077500
0 0.019878 0.206250 0.019368 0.057500
0 0.333843 0.118750 0.013252 0.042500
0 0.503058 0.168750 0.017329 0.057500
0 0.984200 0.491250 0.025484 0.077500
0 0.215596 0.148750 0.015291 0.042500
0 0.532620 0.227500 0.017329 0.065000
0 0.082059 0.202500 0.017329 0.050000
0 0.385321 0.255000 0.022426 0.060000
0 0.129460 0.193750 0.016310 0.052500
0 0.631498 0.095000 0.013252 0.040000
0 0.918451 0.168750 0.018349 0.047500
0 0.251274 0.193750 0.019368 0.052500
0 0.059633 0.167500 0.015291 0.045000
0 0.282875 0.117500 0.015291 0.045000
0 0.199796 0.212500 0.016310 0.055000
0 0.150866 0.100000 0.014271 0.045000
0 0.048930 0.247500 0.016310 0.050000
0 0.706932 0.087500 0.011213 0.035000
0 0.443935 0.373750 0.023445 0.072500
0 0.132518 0.256250 0.016310 0.057500
0 0.148828 0.207500 0.018349 0.065000
0 0.260958 0.261250 0.018349 0.052500
0 0.111111 0.366250 0.020387 0.092500
0 0.465341 0.151250 0.013252 0.042500
0 0.832824 0.278750 0.022426 0.072500
0 0.871560 0.181250 0.014271 0.042500
0 0.088685 0.345000 0.020387 0.075000
0 0.987258 0.183750 0.015291 0.052500
0 0.875637 0.851250 0.063201 0.167500
0 0.864424 0.242500 0.022426 0.065000
0 0.191131 0.143750 0.015291 0.047500
0 0.669215 0.153750 0.013252 0.047500
0 0.597350 0.168750 0.016310 0.057500
0 0.173802 0.168750 0.013252 0.042500
0 0.949032 0.158750 0.018349 0.047500
0 0.891437 0.106250 0.013252 0.042500
0 0.359837 0.126250 0.012232 0.042500
0 0.315494 0.125000 0.015291 0.045000
0 0.718145 0.121250 0.013252 0.037500
0 0.762487 0.201250 0.016310 0.052500
0 0.470948 0.087500 0.012232 0.035000
0 0.084608 0.138750 0.012232 0.037500
0 0.983180 0.307500 0.023445 0.075000
0 0.378186 0.095000 0.014271 0.040000
0 0.381244 0.471250 0.026504 0.092500
0 0.578491 0.105000 0.015291 0.045000
0 0.017329 0.967500 0.032620 0.065000
0 0.237513 0.155000 0.016310 0.050000
0 0.805301 0.147500 0.012232 0.040000
0 0.454128 0.093750 0.013252 0.037500
0 0.856779 0.140000 0.013252 0.045000
0 0.531091 0.091250 0.014271 0.037500
0 0.021407 0.103750 0.014271 0.042500
0 0.812946 0.281250 0.027523 0.072500
0 0.433741 0.335000 0.023445 0.065000
0 0.459225 0.275000 0.023445 0.055000
0 0.030071 0.150000 0.015291 0.045000
0 0.538736 0.133750 0.015291 0.042500
0 0.735474 0.138750 0.013252 0.042500
0 0.054027 0.128750 0.014271 0.042500
0 0.397554 0.123750 0.014271 0.042500
0 0.769623 0.110000 0.012232 0.035000
0 0.099898 0.127500 0.014271 0.040000
0 0.732416 0.551250 0.027523 0.102500
0 0.620285 0.210000 0.017329 0.055000
0 0.261978 0.107500 0.014271 0.040000
0 0.661570 0.083750 0.012232 0.037500
0 0.511213 0.081250 0.013252 0.037500
0 0.098369 0.087500 0.013252 0.035000
0 0.068298 0.092500 0.012232 0.035000
0 0.675841 0.088750 0.012232 0.037500
0 0.808869 0.100000 0.013252 0.035000
0 0.170744 0.105000 0.013252 0.040000
0 0.359327 0.325000 0.017329 0.065000
0 0.068298 0.140000 0.012232 0.040000
0 0.116718 0.150000 0.013252 0.040000
0 0.223242 0.108750 0.014271 0.032500
0 0.611111 0.152500 0.013252 0.045000
0 0.234964 0.332500 0.023445 0.050000
0 0.361366 0.282500 0.015291 0.045000
0 0.004587 0.141250 0.007136 0.042500
0 0.840979 0.101250 0.012232 0.032500
0 0.005607 0.190000 0.009174 0.055000
0 0.411825 0.138750 0.014271 0.042500
0 0.846585 0.130000 0.011213 0.035000
0 0.555046 0.143750 0.013252 0.037500
0 0.759939 0.110000 0.011213 0.035000
0 0.404689 0.087500 0.012232 0.035000
0 0.165647 0.137500 0.013252 0.040000
0 0.185525 0.858750 0.050968 0.117500
0 0.360347 0.977500 0.058104 0.045000
0 0.595311 0.960000 0.046891 0.080000
0 0.593782 0.258750 0.029562 0.067500
0 0.033129 0.576250 0.029562 0.057500
0 0.352192 0.087500 0.017329 0.055000
0 0.575433 0.067500 0.013252 0.025000
0 0.262997 0.885000 0.055046 0.145000
