0 0.798165 0.718421 0.036697 0.105263
0 0.720693 0.597368 0.030581 0.094737
0 0.483180 0.519737 0.026504 0.081579
0 0.891437 0.755263 0.035678 0.100000
0 0.583078 0.710526 0.028542 0.089474
0 0.140673 0.482895 0.020387 0.065789
0 0.536188 0.628947 0.028542 0.084211
0 0.658002 0.190789 0.017329 0.050000
0 0.376656 0.626316 0.029562 0.094737
0 0.742100 0.314474 0.018349 0.060526
0 0.428644 0.531579 0.025484 0.084211
0 0.596840 0.240789 0.017329 0.055263
0 0.679409 0.297368 0.019368 0.052632
0 0.343527 0.314474 0.018349 0.055263
0 0.334862 0.231579 0.019368 0.052632
0 0.359837 0.417105 0.020387 0.071053
0 0.514781 0.284211 0.016310 0.057895
0 0.401121 0.272368 0.017329 0.050000
0 0.910805 0.090789 0.013252 0.044737
0 0.210499 0.271053 0.017329 0.052632
0 0.538226 0.280263 0.018349 0.055263
0 0.139144 0.205263 0.015291 0.047368
0 0.736493 0.184211 0.017329 0.052632
0 0.377166 0.536842 0.026504 0.063158
0 0.909276 0.156579 0.014271 0.044737
0 0.373598 0.336842 0.019368 0.057895
0 0.838430 0.150000 0.015291 0.047368
0 0.292049 0.330263 0.021407 0.060526
0 0.272171 0.406579 0.020387 0.060526
0 0.886340 0.147368 0.017329 0.042105
0 0.146279 0.122368 0.013252 0.039474
0 0.418451 0.189474 0.017329 0.052632
0 0.431193 0.265789 0.016310 0.052632
0 0.059123 0.248684 0.014271 0.044737
0 0.245668 0.293421 0.020387 0.055263
0 0.551478 0.164474 0.018349 0.050000
0 0.257390 0.064474 0.013252 0.039474
0 0.484709 0.250000 0.017329 0.052632
0 0.234964 0.159211 0.017329 0.050000
0 0.173802 0.131579 0.015291 0.052632
0 0.991845 0.044737 0.014271 0.042105
0 0.659021 0.080263 0.015291 0.039474
0 0.273700 0.235526 0.017329 0.055263
0 0.765036 0.073684 0.013252 0.042105
0 0.513761 0.123684 0.014271 0.042105
0 0.680938 0.634211 0.028542 0.089474
0 0.987258 0.165789 0.015291 0.052632
0 0.970948 0.142105 0.015291 0.047368
0 0.027523 0.271053 0.016310 0.047368
0 0.699796 0.151316 0.015291 0.044737
0 0.197248 0.030263 0.013252 0.039474
0 0.479103 0.135526 0.014271 0.044737
0 0.006116 0.264474 0.010194 0.050000
0 0.779817 0.028947 0.012232 0.036842
0 0.088685 0.256579 0.014271 0.050000
0 0.590214 0.160526 0.016310 0.042105
0 0.356269 0.181579 0.017329 0.047368
0 0.644241 0.155263 0.014271 0.047368
0 0.204893 0.134211 0.014271 0.036842
0 0.801733 0.067105 0.013252 0.034211
0 0.389908 0.151316 0.015291 0.044737
0 0.020387 0.197368 0.012232 0.042105
0 0.706932 0.022368 0.013252 0.039474
0 0.298165 0.268421 0.017329 0.047368
0 0.328746 0.051316 0.013252 0.039474
0 0.577472 0.136842 0.013252 0.042105
0 0.967890 0.039474 0.011213 0.036842
0 0.547910 0.039474 0.011213 0.036842
0 0.045362 0.176316 0.013252 0.036842
0 0.240061 0.027632 0.011213 0.034211
0 0.093782 0.147368 0.014271 0.042105
0 0.282875 0.022368 0.011213 0.034211
0 0.105505 0.256579 0.015291 0.050000
0 0.686035 0.068421 0.012232 0.042105
0 0.567278 0.050000 0.011213 0.036842
0 0.405199 0.135526 0.015291 0.050000
0 0.137105 0.060526 0.013252 0.036842
0 0.955148 0.057895 0.012232 0.031579
0 0.440877 0.021053 0.013252 0.036842
0 0.327217 0.148684 0.018349 0.044737
0 0.175841 0.064474 0.013252 0.039474
0 0.458716 0.101316 0.014271 0.044737
0 0.420999 0.055263 0.014271 0.047368
0 0.607034 0.131579 0.013252 0.042105
0 0.966361 0.930263 0.032620 0.055263
0 0.349134 0.027632 0.011213 0.034211
0 0.493374 0.080263 0.014271 0.039474
0 0.294597 0.098684 0.014271 0.039474
0 0.119776 0.167105 0.015291 0.044737
0 0.460754 0.234211 0.016310 0.047368
0 0.742100 0.064474 0.012232 0.039474
0 0.029562 0.846053 0.028542 0.086842
0 0.433741 0.153947 0.015291 0.044737
0 0.444444 0.098684 0.014271 0.050000
0 0.104995 0.094737 0.012232 0.036842
0 0.440367 0.051316 0.012232 0.034211
0 0.633537 0.117105 0.015291 0.039474
0 0.042813 0.132895 0.014271 0.039474
0 0.760958 0.148684 0.015291 0.039474
0 0.914883 0.522368 0.031600 0.097368
0 0.731397 0.093421 0.013252 0.039474
0 0.564730 0.953947 0.026504 0.092105
0 0.522426 0.763158 0.035678 0.089474
0 0.427625 0.959211 0.033639 0.081579
0 0.194699 0.540789 0.024465 0.050000
0 0.122324 0.601316 0.024465 0.065789
0 0.253313 0.564474 0.027523 0.060526
0 0.316004 0.532895 0.022426 0.092105
0 0.336391 0.547368 0.028542 0.073684
0 0.367992 0.117105 0.014271 0.039474
0 0.356269 0.106579 0.013252 0.044737
0 0.398573 0.072368 0.016310 0.044737
0 0.545872 0.094737 0.013252 0.036842
0 0.642202 0.032895 0.012232 0.039474
0 0.625892 0.017105 0.012232 0.028947
0 0.610092 0.018421 0.011213 0.031579
0 0.109072 0.898684 0.046891 0.118421
