0 0.904387 0.677769 0.0514433 0.137659
0 0.581328 0.685014 0.0493687 0.143731
0 0.504183 0.796766 0.0509703 0.146378
0 0.0592517 0.821132 0.0539915 0.159984
0 0.374045 0.364241 0.0333127 0.0998948
0 0.622721 0.443052 0.0324163 0.103676
0 0.721923 0.698464 0.0402841 0.143265
0 0.093507 0.249644 0.0242652 0.0769307
0 0.80779 0.534269 0.0282791 0.0890281
0 0.791882 0.647868 0.0490864 0.145598
0 0.473068 0.373146 0.0301514 0.0991366
0 0.756256 0.531196 0.029816 0.101652
0 0.119753 0.855287 0.0487784 0.157982
0 0.731678 0.409588 0.0279219 0.0966399
0 0.20848 0.240956 0.0215479 0.0730998
0 0.807186 0.379692 0.0258089 0.0799281
0 0.22176 0.333847 0.025903 0.0949985
0 0.664052 0.618508 0.0325439 0.118656
0 0.911381 0.859853 0.0560024 0.205027
0 0.548318 0.624893 0.0304847 0.104452
0 0.2382 0.532587 0.0359652 0.124205
0 0.289387 0.394011 0.0261988 0.0890329
0 0.67515 0.472749 0.0285448 0.105213
0 0.459101 0.655395 0.0403208 0.120507
0 0.563795 0.261478 0.0221872 0.0775635
0 0.45139 0.546482 0.0321131 0.104374
0 0.480245 0.529608 0.0302652 0.0997349
0 0.987705 0.708714 0.0243286 0.135755
0 0.491877 0.233679 0.024048 0.0762475
0 0.764822 0.361892 0.0252083 0.0826644
0 0.905155 0.210155 0.0183582 0.0623956
0 0.403131 0.352162 0.0254973 0.08667
0 0.903334 0.293036 0.0217716 0.0800681
0 0.983386 0.34611 0.03087 0.0947676
0 0.456803 0.129249 0.0177176 0.0549013
0 0.427679 0.177929 0.0199954 0.0673469
0 0.27152 0.186896 0.0214122 0.0656877
0 0.379627 0.122163 0.0190954 0.0600911
0 0.0940038 0.132242 0.019895 0.0534695
0 0.194926 0.126069 0.0154466 0.0524795
0 0.195605 0.923636 0.0614469 0.152728
0 0.965899 0.250533 0.0211678 0.0671118
0 0.767545 0.144358 0.0148559 0.049668
0 0.675848 0.167317 0.0159525 0.0560651
0 0.499544 0.35932 0.0215884 0.0725395
0 0.396355 0.10903 0.0160726 0.0541587
0 0.0725163 0.0949583 0.014975 0.0501071
0 0.244261 0.116491 0.0158816 0.0540897
0 0.437808 0.120002 0.0186872 0.0506133
0 0.599203 0.117373 0.0178683 0.0566759
0 0.305855 0.179059 0.0218081 0.0742707
0 0.98774 0.571548 0.0241234 0.135526
0 0.723242 0.136625 0.0157014 0.041347
0 0.578212 0.214341 0.0175007 0.0668894
0 0.41326 0.105432 0.0141735 0.0530791
0 0.136073 0.13283 0.0151105 0.0489201
0 0.596504 0.222964 0.0162116 0.0632829
0 0.25238 0.0588065 0.0150302 0.0453978
0 0.786399 0.10326 0.0143736 0.0433555
0 0.495539 0.0530901 0.0137156 0.0435619
0 0.109417 0.63681 0.0471632 0.13115
0 0.11467 0.0798361 0.0150002 0.0515498
0 0.290975 0.0500414 0.0157007 0.0432723
0 0.939381 0.12765 0.0154579 0.0424994
0 0.629479 0.211943 0.0186371 0.0507487
0 0.358206 0.0438034 0.0144371 0.0407656
0 0.363192 0.294615 0.0237789 0.0578018
0 0.869506 0.102494 0.0139808 0.0473477
0 0.0311747 0.115473 0.0181653 0.0557671
0 0.652442 0.106438 0.0148025 0.0513436
0 0.193644 0.0714827 0.0140022 0.0460906
0 0.404865 0.0497137 0.01303 0.0432645
0 0.675973 0.263189 0.0252387 0.0827123
0 0.0933005 0.0428845 0.0139508 0.0403707
0 0.476378 0.0671486 0.0119552 0.0374277
0 0.823562 0.125581 0.0139742 0.0437143
0 0.96387 0.0907945 0.0128643 0.0416953
0 0.618627 0.150769 0.0169727 0.0498784
0 0.332866 0.0576706 0.0140935 0.0394475
0 0.679494 0.0320609 0.0126323 0.0395716
0 0.627038 0.0281587 0.0123695 0.0345586
0 0.547197 0.092962 0.0123857 0.0373822
0 0.923782 0.0903048 0.0133797 0.0378507
0 0.509299 0.112603 0.0141119 0.042381
0 0.182875 0.0350993 0.0133093 0.0408113
0 0.127522 0.0599584 0.0134837 0.0475531
0 0.959904 0.160057 0.0143953 0.0446461
0 0.4491 0.0211264 0.012956 0.0403918
0 0.645738 0.175357 0.0157848 0.0504748
0 0.714656 0.0370499 0.0112937 0.0352901
0 0.595575 0.0762751 0.0174837 0.0411999
0 0.732366 0.0684909 0.0115419 0.0357226
0 0.705218 0.0527249 0.0126056 0.0374595
0 0.226822 0.0609236 0.0123886 0.0411831
0 0.894506 0.0539299 0.0125513 0.0333828
0 0.500093 0.168863 0.0198912 0.0559198
0 0.0516412 0.0365629 0.0109071 0.0393379
0 0.161902 0.0470904 0.0133045 0.0420611
0 0.523996 0.0320987 0.0114649 0.0364395
0 0.541904 0.119916 0.0139522 0.0379796
0 0.251517 0.187145 0.0180544 0.0611664
0 0.752795 0.0926828 0.0105041 0.0331774
0 0.714384 0.330133 0.0194304 0.0616641
0 0.880207 0.0663808 0.0117635 0.0335308
0 0.538944 0.0685211 0.0118519 0.0365567
0 0.611758 0.20531 0.0147039 0.0535258
0 0.745437 0.076308 0.0105208 0.0340269
