0 0.453109 0.597500 0.041794 0.115000
0 0.221713 0.705000 0.043833 0.140000
0 0.483690 0.910000 0.064220 0.180000
0 0.794597 0.460000 0.035678 0.110000
0 0.666667 0.490000 0.034659 0.100000
0 0.286442 0.876250 0.063201 0.182500
0 0.077472 0.377500 0.026504 0.090000
0 0.169215 0.536250 0.036697 0.132500
0 0.856779 0.473750 0.031600 0.097500
0 0.701325 0.500000 0.030581 0.100000
0 0.854230 0.350000 0.028542 0.090000
0 0.744139 0.421250 0.024465 0.077500
0 0.671764 0.397500 0.028542 0.080000
0 0.433231 0.446250 0.030581 0.102500
0 0.533639 0.501250 0.027523 0.077500
0 0.593272 0.578750 0.042813 0.112500
0 0.322120 0.287500 0.024465 0.075000
0 0.615698 0.305000 0.020387 0.065000
0 0.392966 0.352500 0.023445 0.075000
0 0.653925 0.311250 0.021407 0.077500
0 0.542304 0.590000 0.030581 0.100000
0 0.523445 0.433750 0.029562 0.072500
0 0.720693 0.302500 0.022426 0.080000
0 0.455148 0.335000 0.031600 0.085000
0 0.544852 0.193750 0.019368 0.057500
0 0.571865 0.318750 0.022426 0.067500
0 0.097350 0.310000 0.025484 0.070000
0 0.029052 0.292500 0.025484 0.080000
0 0.620285 0.212500 0.015291 0.050000
0 0.964322 0.208750 0.018349 0.057500
0 0.225790 0.581250 0.039755 0.107500
0 0.402650 0.192500 0.016310 0.050000
0 0.156983 0.320000 0.026504 0.070000
0 0.959225 0.385000 0.026504 0.095000
0 0.671254 0.182500 0.015291 0.050000
0 0.384811 0.205000 0.015291 0.050000
0 0.285423 0.280000 0.022426 0.070000
0 0.568298 0.197500 0.017329 0.055000
0 0.064220 0.222500 0.018349 0.055000
0 0.499490 0.235000 0.020387 0.060000
0 0.765545 0.157500 0.014271 0.045000
0 0.939857 0.192500 0.016310 0.055000
0 0.128440 0.192500 0.016310 0.050000
0 0.356779 0.198750 0.016310 0.047500
0 0.701835 0.175000 0.015291 0.050000
0 0.524465 0.178750 0.019368 0.057500
0 0.501529 0.298750 0.020387 0.062500
0 0.437819 0.185000 0.017329 0.055000
0 0.212029 0.262500 0.022426 0.070000
0 0.269623 0.178750 0.017329 0.052500
0 0.676860 0.132500 0.014271 0.045000
0 0.912844 0.173750 0.017329 0.052500
0 0.546381 0.103750 0.014271 0.042500
0 0.703874 0.286250 0.019368 0.067500
0 0.195719 0.200000 0.016310 0.055000
0 0.157492 0.170000 0.015291 0.050000
0 0.959225 0.286250 0.024465 0.077500
0 0.061162 0.115000 0.014271 0.040000
0 0.093782 0.075000 0.014271 0.040000
0 0.898573 0.098750 0.015291 0.037500
0 0.315494 0.147500 0.017329 0.050000
0 0.715596 0.132500 0.014271 0.045000
0 0.896024 0.138750 0.014271 0.042500
0 0.132518 0.082500 0.012232 0.040000
0 0.870540 0.132500 0.014271 0.040000
0 0.492864 0.098750 0.015291 0.047500
0 0.396534 0.942500 0.059123 0.110000
0 0.460245 0.173750 0.015291 0.047500
0 0.265036 0.118750 0.014271 0.047500
0 0.093782 0.150000 0.018349 0.050000
0 0.249235 0.203750 0.015291 0.047500
0 0.586646 0.122500 0.015291 0.045000
0 0.593782 0.162500 0.013252 0.040000
0 0.241590 0.097500 0.014271 0.040000
0 0.611111 0.175000 0.015291 0.050000
0 0.298165 0.128750 0.013252 0.042500
0 0.639144 0.102500 0.014271 0.045000
0 0.754332 0.100000 0.012232 0.035000
0 0.838430 0.165000 0.013252 0.045000
0 0.302752 0.185000 0.016310 0.050000
0 0.005097 0.121250 0.008155 0.042500
0 0.211009 0.192500 0.016310 0.050000
0 0.188073 0.146250 0.017329 0.052500
0 0.497961 0.182500 0.015291 0.040000
0 0.133028 0.135000 0.013252 0.040000
0 0.280326 0.118750 0.016310 0.047500
0 0.909276 0.336250 0.022426 0.067500
0 0.622834 0.140000 0.016310 0.045000
0 0.344037 0.112500 0.013252 0.040000
0 0.647299 0.567500 0.034659 0.105000
0 0.175841 0.101250 0.013252 0.037500
0 0.689602 0.108750 0.013252 0.042500
0 0.462283 0.122500 0.015291 0.045000
0 0.451580 0.091250 0.012232 0.037500
0 0.363914 0.147500 0.016310 0.045000
0 0.191641 0.100000 0.014271 0.040000
0 0.113660 0.170000 0.015291 0.050000
0 0.015291 0.171250 0.014271 0.052500
0 0.981142 0.373750 0.019368 0.072500
0 0.400102 0.273750 0.019368 0.057500
0 0.604995 0.502500 0.029562 0.065000
0 0.995413 0.512500 0.009174 0.090000
0 0.158002 0.130000 0.014271 0.035000
0 0.664118 0.085000 0.013252 0.035000
0 0.036697 0.116250 0.012232 0.037500
0 0.079001 0.107500 0.013252 0.040000
0 0.117227 0.115000 0.014271 0.040000
0 0.369521 0.981250 0.035678 0.037500
0 0.004587 0.378750 0.007136 0.072500
0 0.418451 0.120000 0.013252 0.045000
0 0.391437 0.107500 0.014271 0.040000
0 0.309378 0.086250 0.013252 0.037500
0 0.430173 0.131250 0.014271 0.037500
0 0.429154 0.090000 0.014271 0.035000
0 0.660041 0.160000 0.013252 0.040000
0 0.405199 0.112500 0.013252 0.040000
0 0.400612 0.150000 0.014271 0.035000
0 0.434760 0.141250 0.015291 0.037500
0 0.592762 0.983750 0.056065 0.032500
