0 0.043833 0.272500 0.018349 0.070000
0 0.108053 0.408750 0.028542 0.097500
0 0.126911 0.515000 0.031600 0.110000
0 0.046891 0.111250 0.014271 0.042500
0 0.030071 0.113750 0.013252 0.037500
0 0.074414 0.102500 0.012232 0.040000
0 0.003568 0.095000 0.005097 0.035000
0 0.064730 0.225000 0.019368 0.065000
0 0.082059 0.152500 0.013252 0.030000
0 0.109582 0.225000 0.017329 0.055000
0 0.140673 0.278750 0.020387 0.052500
0 0.141692 0.216250 0.018349 0.057500
0 0.117737 0.117500 0.015291 0.035000
0 0.179918 0.361250 0.019368 0.077500
0 0.280326 0.387500 0.024465 0.080000
0 0.259429 0.293750 0.023445 0.072500
0 0.213558 0.255000 0.019368 0.050000
0 0.184506 0.237500 0.018349 0.065000
0 0.160041 0.203750 0.020387 0.057500
0 0.163099 0.176250 0.014271 0.047500
0 0.385831 0.506250 0.027523 0.112500
0 0.157492 0.103750 0.011213 0.042500
0 0.203874 0.115000 0.012232 0.050000
0 0.181448 0.075000 0.010194 0.030000
0 0.167686 0.085000 0.011213 0.035000
0 0.234455 0.196250 0.016310 0.057500
0 0.340469 0.350000 0.024465 0.085000
0 0.224771 0.125000 0.013252 0.040000
0 0.208970 0.168750 0.014271 0.047500
0 0.124873 0.101250 0.009174 0.037500
0 0.178389 0.175000 0.014271 0.040000
0 0.306830 0.875000 0.059123 0.165000
0 0.260958 0.215000 0.018349 0.055000
0 0.235474 0.095000 0.012232 0.040000
0 0.257900 0.113750 0.014271 0.052500
0 0.457696 0.525000 0.032620 0.090000
0 0.557594 0.468750 0.028542 0.102500
0 0.410296 0.378750 0.025484 0.077500
0 0.386340 0.156250 0.016310 0.047500
0 0.295617 0.206250 0.014271 0.047500
0 0.284913 0.160000 0.013252 0.035000
0 0.388379 0.337500 0.020387 0.065000
0 0.378186 0.296250 0.024465 0.062500
0 0.341488 0.188750 0.014271 0.042500
0 0.326198 0.182500 0.014271 0.045000
0 0.299694 0.135000 0.012232 0.040000
0 0.275229 0.106250 0.014271 0.052500
0 0.307849 0.106250 0.014271 0.042500
0 0.340469 0.132500 0.012232 0.045000
0 0.359327 0.141250 0.013252 0.047500
0 0.403670 0.217500 0.014271 0.055000
0 0.422528 0.118750 0.013252 0.042500
0 0.457696 0.103750 0.014271 0.047500
0 0.472477 0.238750 0.017329 0.052500
0 0.440877 0.326250 0.023445 0.067500
0 0.458716 0.426250 0.028542 0.087500
0 0.488277 0.370000 0.024465 0.080000
0 0.502039 0.243750 0.021407 0.067500
0 0.527523 0.282500 0.021407 0.075000
0 0.567788 0.357500 0.026504 0.085000
0 0.510703 0.366250 0.020387 0.072500
0 0.516310 0.207500 0.017329 0.060000
0 0.452599 0.195000 0.016310 0.050000
0 0.431702 0.171250 0.017329 0.047500
0 0.455657 0.155000 0.010194 0.030000
0 0.476555 0.200000 0.017329 0.035000
0 0.501019 0.123750 0.015291 0.037500
0 0.530071 0.080000 0.010194 0.035000
0 0.500000 0.080000 0.011213 0.030000
0 0.469419 0.071250 0.011213 0.042500
0 0.620285 0.351250 0.023445 0.062500
0 0.590214 0.225000 0.018349 0.065000
0 0.543323 0.196250 0.014271 0.042500
0 0.564220 0.173750 0.017329 0.047500
0 0.573394 0.090000 0.013252 0.040000
0 0.522426 0.151250 0.019368 0.052500
0 0.540265 0.157500 0.012232 0.035000
0 0.622324 0.136250 0.015291 0.047500
0 0.641182 0.201250 0.016310 0.052500
0 0.668705 0.518750 0.030581 0.112500
0 0.669215 0.210000 0.017329 0.050000
0 0.710499 0.302500 0.024465 0.085000
0 0.598369 0.086250 0.012232 0.032500
0 0.596840 0.138750 0.017329 0.042500
0 0.709990 0.137500 0.011213 0.045000
0 0.696228 0.151250 0.014271 0.042500
0 0.700306 0.215000 0.014271 0.050000
0 0.718654 0.207500 0.016310 0.050000
0 0.732416 0.202500 0.017329 0.060000
0 0.735984 0.132500 0.012232 0.040000
0 0.690622 0.110000 0.011213 0.035000
0 0.752803 0.163750 0.013252 0.042500
0 0.780836 0.126250 0.012232 0.037500
0 0.776758 0.225000 0.016310 0.060000
0 0.838430 0.413750 0.029562 0.077500
0 0.792049 0.558750 0.036697 0.112500
0 0.711009 0.566250 0.037717 0.127500
0 0.695209 0.658750 0.038736 0.117500
0 0.760449 0.531250 0.034659 0.117500
0 0.839450 0.628750 0.031600 0.102500
0 0.854230 0.505000 0.032620 0.115000
0 0.806320 0.172500 0.016310 0.045000
0 0.805301 0.115000 0.012232 0.035000
0 0.826707 0.117500 0.010194 0.040000
0 0.844037 0.127500 0.012232 0.030000
0 0.878186 0.237500 0.017329 0.060000
0 0.873089 0.147500 0.015291 0.045000
0 0.889399 0.096250 0.011213 0.032500
0 0.924057 0.281250 0.023445 0.067500
0 0.914373 0.485000 0.026504 0.085000
0 0.946993 0.668750 0.042813 0.142500
0 0.925586 0.131250 0.014271 0.047500
0 0.902650 0.096250 0.013252 0.037500
0 0.855759 0.107500 0.013252 0.045000
0 0.952090 0.131250 0.016310 0.047500
0 0.975025 0.221250 0.017329 0.057500
0 0.916922 0.227500 0.019368 0.050000
0 0.986239 0.515000 0.027523 0.115000
0 0.508665 0.790000 0.044852 0.130000
0 0.520387 0.610000 0.043833 0.135000
0 0.658512 0.915000 0.046891 0.135000
0 0.810907 0.946250 0.058104 0.107500
0 0.356269 0.958750 0.072375 0.082500
0 0.048420 0.961250 0.060143 0.077500
0 0.982161 0.882500 0.035678 0.155000
0 0.536188 0.836250 0.040775 0.112500
