0 0.688073 0.447368 0.024465 0.073684
0 0.592253 0.502632 0.024465 0.078947
0 0.291030 0.417105 0.023445 0.071053
0 0.515800 0.461842 0.022426 0.076316
0 0.702345 0.197368 0.016310 0.052632
0 0.753823 0.378947 0.025484 0.068421
0 0.698777 0.318421 0.023445 0.068421
0 0.080020 0.511842 0.023445 0.076316
0 0.533129 0.355263 0.016310 0.057895
0 0.327217 0.378947 0.018349 0.063158
0 0.853211 0.234211 0.016310 0.047368
0 0.626402 0.348684 0.019368 0.065789
0 0.455657 0.335526 0.018349 0.055263
0 0.490826 0.263158 0.015291 0.052632
0 0.566769 0.173684 0.014271 0.042105
0 0.445973 0.463158 0.021407 0.063158
0 0.920999 0.371053 0.019368 0.063158
0 0.202854 0.360526 0.018349 0.063158
0 0.748216 0.234211 0.016310 0.052632
0 0.380734 0.426316 0.021407 0.068421
0 0.797655 0.427632 0.021407 0.071053
0 0.611111 0.156579 0.015291 0.050000
0 0.586646 0.282895 0.019368 0.060526
0 0.191131 0.692105 0.039755 0.142105
0 0.624363 0.244737 0.017329 0.052632
0 0.741081 0.332895 0.018349 0.055263
0 0.894495 0.169737 0.015291 0.050000
0 0.416922 0.363158 0.016310 0.047368
0 0.966361 0.335526 0.018349 0.060526
0 0.029562 0.321053 0.018349 0.052632
0 0.432212 0.217105 0.016310 0.050000
0 0.547401 0.267105 0.016310 0.055263
0 0.531091 0.161842 0.018349 0.044737
0 0.370031 0.252632 0.016310 0.052632
0 0.400612 0.248684 0.022426 0.055263
0 0.458206 0.202632 0.019368 0.057895
0 0.120795 0.202632 0.015291 0.042105
0 0.337920 0.260526 0.017329 0.052632
0 0.027013 0.200000 0.013252 0.042105
0 0.056575 0.109211 0.013252 0.039474
0 0.128950 0.115789 0.013252 0.047368
0 0.315494 0.185526 0.019368 0.055263
0 0.405708 0.155263 0.016310 0.052632
0 0.876656 0.689474 0.032620 0.089474
0 0.790520 0.177632 0.013252 0.044737
0 0.653925 0.239474 0.015291 0.052632
0 0.050459 0.244737 0.017329 0.047368
0 0.075433 0.280263 0.016310 0.050000
0 0.467890 0.263158 0.024465 0.052632
0 0.106014 0.601316 0.026504 0.081579
0 0.430683 0.290789 0.017329 0.060526
0 0.791030 0.055263 0.012232 0.042105
0 0.240571 0.152632 0.014271 0.042105
0 0.205912 0.093421 0.014271 0.039474
0 0.805810 0.665789 0.035678 0.110526
0 0.777778 0.157895 0.016310 0.052632
0 0.177370 0.136842 0.014271 0.042105
0 0.456677 0.118421 0.014271 0.042105
0 0.010194 0.214474 0.016310 0.044737
0 0.273700 0.171053 0.015291 0.042105
0 0.235984 0.211842 0.015291 0.044737
0 0.658512 0.123684 0.012232 0.042105
0 0.935780 0.207895 0.012232 0.042105
0 0.711519 0.121053 0.012232 0.036842
0 0.009684 0.090789 0.011213 0.034211
0 0.352192 0.161842 0.015291 0.044737
0 0.948522 0.332895 0.017329 0.060526
0 0.194190 0.500000 0.019368 0.068421
0 0.122324 0.402632 0.016310 0.052632
0 0.635576 0.489474 0.023445 0.063158
0 0.022426 0.500000 0.030581 0.094737
0 0.563201 0.222368 0.015291 0.044737
0 0.904689 0.059211 0.011213 0.034211
0 0.045362 0.185526 0.013252 0.044737
0 0.754842 0.040789 0.013252 0.034211
0 0.621814 0.061842 0.012232 0.039474
0 0.502548 0.052632 0.012232 0.036842
0 0.492355 0.115789 0.012232 0.042105
0 0.521407 0.023684 0.011213 0.036842
0 0.919470 0.065789 0.014271 0.036842
0 0.091743 0.127632 0.012232 0.039474
0 0.104995 0.182895 0.018349 0.050000
0 0.544343 0.128947 0.014271 0.047368
0 0.657492 0.050000 0.016310 0.036842
0 0.729867 0.051316 0.012232 0.034211
0 0.369521 0.188158 0.017329 0.050000
0 0.244139 0.409211 0.019368 0.055263
0 0.682977 0.092105 0.012232 0.031579
0 0.386340 0.140789 0.016310 0.050000
0 0.639144 0.646053 0.024465 0.086842
0 0.854740 0.027632 0.009174 0.034211
0 0.546381 0.043421 0.012232 0.039474
0 0.986748 0.069737 0.012232 0.039474
0 0.579001 0.057895 0.012232 0.036842
0 0.595821 0.067105 0.013252 0.039474
0 0.117737 0.131579 0.013252 0.036842
0 0.172783 0.032895 0.013252 0.039474
0 0.487768 0.078947 0.013252 0.036842
0 0.503058 0.150000 0.013252 0.042105
0 0.057085 0.163158 0.014271 0.047368
0 0.990826 0.289474 0.014271 0.068421
0 0.944444 0.038158 0.011213 0.034211
0 0.540265 0.093421 0.012232 0.034211
0 0.325178 0.471053 0.020387 0.084211
0 0.128950 0.515789 0.025484 0.073684
0 0.162589 0.428947 0.021407 0.057895
0 0.110092 0.423684 0.018349 0.057895
0 0.177370 0.471053 0.022426 0.073684
0 0.155454 0.394737 0.015291 0.052632
0 0.065749 0.193421 0.015291 0.034211
0 0.155454 0.071053 0.017329 0.047368
0 0.338430 0.043421 0.014271 0.034211
0 0.263507 0.072368 0.011213 0.023684
0 0.231906 0.078947 0.013252 0.031579
0 0.224771 0.015789 0.009174 0.026316
0 0.283894 0.017105 0.015291 0.028947
0 0.416412 0.021053 0.009174 0.031579
0 0.423547 0.413158 0.019368 0.052632
0 0.472477 0.046053 0.009174 0.034211
0 0.437309 0.030263 0.012232 0.034211
0 0.456167 0.015789 0.013252 0.026316
0 0.563201 0.550000 0.023445 0.084211
0 0.563710 0.125000 0.012232 0.034211
0 0.455148 0.442105 0.019368 0.073684
0 0.926096 0.244737 0.013252 0.047368
0 0.865953 0.051316 0.013252 0.039474
0 0.842508 0.057895 0.011213 0.042105
0 0.829256 0.035526 0.013252 0.044737
