0 0.227319 0.588750 0.040775 0.137500
0 0.835372 0.777500 0.049949 0.130000
0 0.141692 0.528750 0.038736 0.132500
0 0.255352 0.726250 0.049949 0.132500
0 0.930173 0.781250 0.043833 0.122500
0 0.487768 0.517500 0.033639 0.105000
0 0.626402 0.767500 0.043833 0.135000
0 0.556575 0.813750 0.044852 0.132500
0 0.756881 0.487500 0.027523 0.105000
0 0.725280 0.570000 0.031600 0.120000
0 0.648828 0.496250 0.031600 0.112500
0 0.693680 0.808750 0.051988 0.147500
0 0.259429 0.900000 0.049949 0.170000
0 0.573904 0.396250 0.024465 0.077500
0 0.389908 0.942500 0.058104 0.115000
0 0.655963 0.403750 0.027523 0.077500
0 0.795107 0.172500 0.016310 0.045000
0 0.678899 0.236250 0.018349 0.062500
0 0.616718 0.172500 0.014271 0.050000
0 0.800714 0.281250 0.019368 0.067500
0 0.875637 0.372500 0.026504 0.085000
0 0.643221 0.225000 0.018349 0.055000
0 0.954128 0.356250 0.024465 0.072500
0 0.610092 0.251250 0.019368 0.057500
0 0.567278 0.180000 0.015291 0.045000
0 0.396534 0.093750 0.012232 0.042500
0 0.738532 0.296250 0.019368 0.062500
0 0.548420 0.145000 0.016310 0.045000
0 0.084608 0.181250 0.018349 0.052500
0 0.724261 0.216250 0.015291 0.047500
0 0.598369 0.132500 0.016310 0.040000
0 0.521407 0.245000 0.021407 0.060000
0 0.878695 0.183750 0.016310 0.047500
0 0.167176 0.182500 0.016310 0.055000
0 0.954128 0.218750 0.018349 0.057500
0 0.690622 0.122500 0.013252 0.040000
0 0.772171 0.196250 0.017329 0.052500
0 0.169215 0.113750 0.014271 0.042500
0 0.116208 0.183750 0.016310 0.047500
0 0.416922 0.106250 0.014271 0.042500
0 0.442406 0.162500 0.014271 0.045000
0 0.469419 0.122500 0.013252 0.040000
0 0.983180 0.200000 0.015291 0.050000
0 0.215596 0.161250 0.015291 0.042500
0 0.738022 0.736250 0.044852 0.117500
0 0.376147 0.101250 0.014271 0.042500
0 0.151886 0.107500 0.014271 0.040000
0 0.682977 0.085000 0.012232 0.035000
0 0.856779 0.120000 0.013252 0.040000
0 0.932722 0.227500 0.020387 0.065000
0 0.049439 0.157500 0.019368 0.050000
0 0.453109 0.111250 0.011213 0.032500
0 0.823140 0.221250 0.015291 0.052500
0 0.476555 0.088750 0.011213 0.032500
0 0.848114 0.171250 0.014271 0.042500
0 0.023955 0.138750 0.015291 0.052500
0 0.494903 0.117500 0.011213 0.035000
0 0.249745 0.176250 0.016310 0.047500
0 0.330275 0.136250 0.012232 0.037500
0 0.389399 0.150000 0.014271 0.050000
0 0.906218 0.130000 0.014271 0.040000
0 0.351172 0.090000 0.013252 0.040000
0 0.239042 0.112500 0.013252 0.040000
0 0.284913 0.165000 0.017329 0.045000
0 0.506626 0.080000 0.010194 0.030000
0 0.576453 0.107500 0.011213 0.035000
0 0.732416 0.083750 0.013252 0.032500
0 0.889399 0.123750 0.013252 0.037500
0 0.844546 0.116250 0.011213 0.037500
0 0.294597 0.102500 0.014271 0.040000
0 0.106014 0.120000 0.014271 0.050000
0 0.187054 0.103750 0.015291 0.042500
0 0.541284 0.085000 0.012232 0.035000
0 0.439348 0.083750 0.012232 0.037500
0 0.316514 0.107500 0.013252 0.040000
0 0.830785 0.190000 0.012232 0.035000
0 0.120285 0.086250 0.010194 0.032500
0 0.923038 0.142500 0.013252 0.040000
0 0.005607 0.125000 0.009174 0.050000
0 0.211519 0.110000 0.013252 0.040000
0 0.529052 0.087500 0.012232 0.035000
0 0.976045 0.470000 0.019368 0.060000
0 0.774210 0.098750 0.013252 0.037500
0 0.995413 0.203750 0.009174 0.052500
0 0.088175 0.105000 0.015291 0.045000
0 0.200306 0.150000 0.013252 0.045000
0 0.634557 0.090000 0.011213 0.035000
0 0.241590 0.080000 0.012232 0.030000
0 0.269623 0.146250 0.013252 0.047500
0 0.314985 0.075000 0.012232 0.035000
0 0.119266 0.125000 0.012232 0.045000
0 0.300204 0.180000 0.013252 0.040000
0 0.144241 0.143750 0.021407 0.047500
0 0.046381 0.135000 0.015291 0.035000
0 0.335882 0.078750 0.011213 0.037500
0 0.177370 0.171250 0.012232 0.047500
0 0.723242 0.093750 0.013252 0.047500
0 0.485219 0.057500 0.012232 0.040000
0 0.784404 0.155000 0.013252 0.045000
0 0.890928 0.098750 0.012232 0.027500
