0 0.325647 0.7709 0.0515377 0.136872
0 0.275905 0.59762 0.0462869 0.150584
0 0.216157 0.519327 0.0361544 0.12399
0 0.467237 0.934466 0.0526646 0.131067
0 0.105325 0.507967 0.0332799 0.120162
0 0.0224141 0.696262 0.0448282 0.145617
0 0.629533 0.483602 0.0399953 0.106856
0 0.158501 0.839952 0.0527712 0.183746
0 0.684321 0.47894 0.0329967 0.0993052
0 0.87733 0.406393 0.0274088 0.0951177
0 0.268115 0.379963 0.0248765 0.0857859
0 0.64299 0.315295 0.0260452 0.080476
0 0.537301 0.946371 0.0575722 0.107258
0 0.803763 0.386336 0.0264328 0.0847972
0 0.843567 0.278068 0.0267612 0.0753162
0 0.963637 0.366005 0.0284933 0.0980034
0 0.574422 0.281212 0.0235612 0.0669679
0 0.48049 0.196689 0.019969 0.0668407
0 0.44974 0.259803 0.0174225 0.064724
0 0.565274 0.359512 0.0230639 0.0790787
0 0.305537 0.118765 0.0141965 0.0468854
0 0.434994 0.419761 0.0259112 0.0861443
0 0.739652 0.449431 0.0269723 0.0961739
0 0.34423 0.140999 0.0171669 0.0551562
0 0.383806 0.194993 0.0189 0.0660224
0 0.462694 0.373071 0.0222139 0.0804499
0 0.349859 0.385828 0.0235798 0.091566
0 0.698545 0.389297 0.0292315 0.0836577
0 0.539541 0.240928 0.0217956 0.0747727
0 0.279078 0.324061 0.026827 0.0798363
0 0.856201 0.36871 0.0217113 0.0837167
0 0.215665 0.153313 0.0137706 0.0511442
0 0.175382 0.224306 0.0227833 0.063962
0 0.360319 0.263593 0.0229009 0.0734595
0 0.918255 0.30174 0.021479 0.0756635
0 0.734989 0.315826 0.0258803 0.0935002
0 0.67199 0.252069 0.0207189 0.066018
0 0.278023 0.214313 0.0230822 0.0716655
0 0.819938 0.0964222 0.015332 0.0454182
0 0.75619 0.281524 0.0212532 0.0735154
0 0.37935 0.138584 0.0155831 0.0440524
0 0.617366 0.279563 0.0185375 0.0694562
0 0.80399 0.125388 0.015 0.0475302
0 0.781518 0.173976 0.0192469 0.0615947
0 0.969255 0.151406 0.0173748 0.0593398
0 0.191977 0.088532 0.0128957 0.0455854
0 0.164435 0.150575 0.0156386 0.0537226
0 0.748503 0.130619 0.0164197 0.0537726
0 0.683021 0.145322 0.0163391 0.0543446
0 0.646843 0.0697685 0.0136398 0.0444353
0 0.417601 0.211144 0.0193251 0.0623327
0 0.122579 0.215046 0.0203987 0.066913
0 0.424794 0.294249 0.0188545 0.0756207
0 0.517609 0.155415 0.0146953 0.0551241
0 0.811143 0.218476 0.0211964 0.062013
0 0.698762 0.138057 0.0154341 0.0535379
0 0.0904861 0.0998638 0.0141769 0.0459733
0 0.321436 0.116522 0.0135284 0.044953
0 0.584632 0.122509 0.0168045 0.0450854
0 0.0666227 0.0565227 0.0109334 0.0339295
0 0.0469838 0.569111 0.033491 0.120297
0 0.0444242 0.121429 0.0143819 0.0511688
0 0.905572 0.115454 0.0150837 0.0429855
0 0.628967 0.191902 0.0170367 0.0556417
0 0.703391 0.314148 0.0226523 0.0613168
0 0.121288 0.0525333 0.0146877 0.0411551
0 0.84371 0.17578 0.0200989 0.0566327
0 0.455865 0.0854368 0.0154793 0.0436198
0 0.293108 0.174457 0.0188486 0.056627
0 0.601094 0.249727 0.015885 0.0634683
0 0.632276 0.105274 0.0137571 0.0436312
0 0.873033 0.127623 0.0153624 0.0429668
0 0.345942 0.22172 0.0176983 0.0645222
0 0.582659 0.174294 0.0175686 0.0517842
0 0.910218 0.177466 0.0161983 0.0534247
0 0.30962 0.0609308 0.0129826 0.0408583
0 0.156576 0.0560121 0.0134653 0.0359275
0 0.363922 0.144873 0.0173342 0.0558156
0 0.267984 0.0815238 0.0122435 0.0455544
0 0.562743 0.122895 0.0156236 0.0459147
0 0.312377 0.926185 0.0386953 0.136632
0 0.425121 0.126825 0.0153715 0.047759
0 0.00403064 0.0686642 0.00791474 0.0367563
0 0.43214 0.0666065 0.0134066 0.0447698
0 0.258292 0.0438908 0.0121512 0.0369171
0 0.290643 0.0538155 0.0130434 0.0410416
0 0.781482 0.0864544 0.0127909 0.0393525
0 0.0930005 0.853838 0.0678842 0.152205
0 0.10332 0.146701 0.0144488 0.0392627
0 0.941577 0.11713 0.0159145 0.0448765
0 0.49901 0.157235 0.0187624 0.050023
0 0.206422 0.105546 0.0130972 0.0425921
0 0.0722101 0.207677 0.0235264 0.0640373
0 0.383007 0.0742201 0.0105788 0.0359736
0 0.965222 0.289292 0.0253559 0.0593694
0 0.340829 0.0881466 0.0139499 0.0396199
0 0.419641 0.975612 0.0662171 0.048776
0 0.327512 0.0596515 0.0123544 0.0416244
0 0.289876 0.102253 0.0114045 0.0395107
0 0.509849 0.0354093 0.0104421 0.0376479
0 0.874097 0.196847 0.0193893 0.0682635
0 0.159302 0.107257 0.0139653 0.0375005
0 0.652438 0.243981 0.0183209 0.0566836
0 0.616184 0.0966669 0.0123529 0.0419621
0 0.0897804 0.046818 0.0136444 0.0407118
0 0.414782 0.0828524 0.0132898 0.040492
0 0.597124 0.0640024 0.0115387 0.0337198
0 0.369702 0.0623066 0.0123605 0.0374533
0 0.47035 0.151889 0.0146577 0.0443142
0 0.840186 0.0664339 0.0134582 0.0401197
0 0.694894 0.0779227 0.0133518 0.0370209
0 0.406003 0.111915 0.0122266 0.0397474
0 0.102181 0.199881 0.0189972 0.0591115
0 0.523799 0.117444 0.0143105 0.0413572
0 0.472595 0.0984673 0.0137854 0.042052
0 0.920537 0.0908651 0.0130165 0.0394133
0 0.18355 0.0444884 0.0112453 0.0326376
0 0.543494 0.142892 0.0147914 0.0438062
0 0.131171 0.135845 0.0103188 0.0323408
0 0.545751 0.0702665 0.0126766 0.0376841
0 0.232948 0.0564172 0.010486 0.0293114
0 0.397025 0.0807262 0.0129407 0.0395017
0 0.405774 0.0430516 0.0120598 0.0365439
0 0.360861 0.0947505 0.0140566 0.0380722
0 0.75186 0.0801597 0.0139717 0.039743
0 0.716459 0.026657 0.0126331 0.0317082
0 0.773062 0.0653899 0.0110372 0.0339
0 0.629112 0.166862 0.015542 0.0407566
