0 0.233435 0.610000 0.044852 0.145000
0 0.609582 0.411250 0.032620 0.097500
0 0.636595 0.671250 0.037717 0.122500
0 0.111621 0.697500 0.045872 0.140000
0 0.774720 0.845000 0.053007 0.160000
0 0.170744 0.537500 0.037717 0.140000
0 0.913354 0.586250 0.038736 0.122500
0 0.786442 0.570000 0.033639 0.120000
0 0.796636 0.436250 0.035678 0.092500
0 0.830785 0.778750 0.042813 0.122500
0 0.688073 0.878750 0.065240 0.167500
0 0.537717 0.678750 0.035678 0.117500
0 0.062181 0.585000 0.040775 0.140000
0 0.562181 0.317500 0.027523 0.090000
0 0.733435 0.421250 0.027523 0.082500
0 0.443935 0.573750 0.035678 0.107500
0 0.823140 0.597500 0.033639 0.095000
0 0.556065 0.596250 0.031600 0.102500
0 0.953619 0.480000 0.029562 0.100000
0 0.491335 0.262500 0.024465 0.070000
0 0.821101 0.292500 0.021407 0.070000
0 0.472477 0.352500 0.027523 0.080000
0 0.676860 0.403750 0.028542 0.097500
0 0.309378 0.307500 0.027523 0.075000
0 0.076453 0.397500 0.026504 0.110000
0 0.942915 0.210000 0.018349 0.055000
0 0.448012 0.695000 0.035678 0.110000
0 0.418960 0.500000 0.032620 0.090000
0 0.492864 0.127500 0.015291 0.045000
0 0.467380 0.108750 0.013252 0.042500
0 0.924567 0.322500 0.020387 0.075000
0 0.942915 0.362500 0.020387 0.065000
0 0.065749 0.296250 0.023445 0.077500
0 0.886340 0.411250 0.025484 0.082500
0 0.891437 0.328750 0.021407 0.062500
0 0.387360 0.321250 0.022426 0.077500
0 0.443425 0.141250 0.014271 0.047500
0 0.468400 0.192500 0.017329 0.055000
0 0.422018 0.248750 0.018349 0.062500
0 0.354740 0.338750 0.030581 0.077500
0 0.547401 0.182500 0.016310 0.055000
0 0.151886 0.157500 0.016310 0.050000
0 0.109582 0.181250 0.017329 0.057500
0 0.405199 0.118750 0.019368 0.047500
0 0.450051 0.275000 0.021407 0.060000
0 0.083588 0.202500 0.018349 0.055000
0 0.572885 0.236250 0.018349 0.057500
0 0.741590 0.205000 0.019368 0.055000
0 0.526504 0.283750 0.021407 0.077500
0 0.889908 0.217500 0.016310 0.050000
0 0.134047 0.226250 0.019368 0.057500
0 0.855759 0.281250 0.019368 0.057500
0 0.205912 0.246250 0.018349 0.057500
0 0.659531 0.286250 0.018349 0.052500
0 0.974006 0.283750 0.017329 0.062500
0 0.182467 0.207500 0.018349 0.055000
0 0.247197 0.143750 0.015291 0.047500
0 0.349643 0.222500 0.018349 0.065000
0 0.630479 0.255000 0.017329 0.055000
0 0.522426 0.198750 0.019368 0.057500
0 0.636086 0.402500 0.022426 0.090000
0 0.849134 0.347500 0.022426 0.070000
0 0.320591 0.248750 0.021407 0.067500
0 0.428135 0.137500 0.014271 0.050000
0 0.699796 0.170000 0.017329 0.040000
0 0.567788 0.178750 0.016310 0.047500
0 0.322630 0.116250 0.013252 0.047500
0 0.603466 0.158750 0.016310 0.042500
0 0.415902 0.580000 0.026504 0.085000
0 0.297655 0.171250 0.014271 0.047500
0 0.745158 0.152500 0.014271 0.040000
0 0.697248 0.213750 0.018349 0.057500
0 0.596840 0.111250 0.013252 0.037500
0 0.214067 0.070000 0.014271 0.035000
0 0.075433 0.138750 0.014271 0.047500
0 0.889399 0.105000 0.017329 0.040000
0 0.704893 0.413750 0.021407 0.067500
0 0.727319 0.113750 0.013252 0.037500
0 0.305301 0.106250 0.013252 0.042500
0 0.650866 0.100000 0.015291 0.040000
0 0.627421 0.172500 0.015291 0.050000
0 0.668196 0.172500 0.015291 0.050000
0 0.764526 0.115000 0.014271 0.040000
0 0.356269 0.175000 0.017329 0.045000
0 0.835372 0.246250 0.015291 0.047500
0 0.352701 0.100000 0.014271 0.035000
0 0.169215 0.238750 0.016310 0.057500
0 0.401631 0.215000 0.016310 0.060000
0 0.123344 0.093750 0.010194 0.032500
0 0.681957 0.182500 0.016310 0.050000
0 0.025484 0.175000 0.016310 0.055000
0 0.801223 0.126250 0.014271 0.037500
0 0.146279 0.081250 0.013252 0.037500
0 0.175331 0.170000 0.016310 0.040000
0 0.582569 0.098750 0.013252 0.042500
0 0.875637 0.147500 0.014271 0.045000
0 0.271662 0.090000 0.013252 0.040000
0 0.291030 0.123750 0.015291 0.037500
0 0.674312 0.091250 0.013252 0.037500
0 0.046381 0.135000 0.013252 0.035000
0 0.112130 0.137500 0.014271 0.035000
0 0.552497 0.080000 0.010194 0.030000
0 0.362895 0.130000 0.016310 0.045000
0 0.048420 0.165000 0.015291 0.040000
0 0.700306 0.116250 0.012232 0.032500
0 0.533129 0.156250 0.016310 0.037500
0 0.571865 0.105000 0.012232 0.035000
0 0.192661 0.181250 0.012232 0.042500
0 0.173293 0.097500 0.010194 0.035000
0 0.763507 0.963750 0.059123 0.072500
0 0.098879 0.078750 0.012232 0.032500
0 0.255352 0.068750 0.011213 0.032500
0 0.513252 0.087500 0.011213 0.025000
0 0.538736 0.087500 0.009174 0.030000
0 0.613660 0.098750 0.012232 0.032500
