0 0.914373 0.376316 0.026504 0.068421
0 0.764526 0.264474 0.016310 0.055263
0 0.145770 0.478947 0.024465 0.078947
0 0.426606 0.427632 0.023445 0.076316
0 0.431702 0.223684 0.017329 0.052632
0 0.378695 0.409211 0.025484 0.065789
0 0.676860 0.273684 0.018349 0.052632
0 0.799694 0.235526 0.019368 0.050000
0 0.561162 0.357895 0.027523 0.068421
0 0.702345 0.278947 0.018349 0.057895
0 0.982671 0.152632 0.014271 0.047368
0 0.697757 0.219737 0.017329 0.050000
0 0.672273 0.328947 0.021407 0.057895
0 0.944444 0.175000 0.013252 0.044737
0 0.310907 0.327632 0.016310 0.050000
0 0.093782 0.385526 0.020387 0.060526
0 0.616208 0.157895 0.017329 0.052632
0 0.519368 0.232895 0.017329 0.055263
0 0.660550 0.201316 0.018349 0.044737
0 0.624873 0.311842 0.018349 0.060526
0 0.467380 0.389474 0.021407 0.078947
0 0.320082 0.255263 0.016310 0.057895
0 0.560143 0.248684 0.019368 0.055263
0 0.797146 0.076316 0.012232 0.042105
0 0.149847 0.107895 0.014271 0.042105
0 0.109582 0.123684 0.013252 0.042105
0 0.009174 0.311842 0.016310 0.060526
0 0.092253 0.122368 0.011213 0.039474
0 0.381753 0.255263 0.015291 0.052632
0 0.360347 0.181579 0.015291 0.052632
0 0.484709 0.188158 0.017329 0.055263
0 0.444954 0.186842 0.015291 0.047368
0 0.803772 0.176316 0.017329 0.047368
0 0.032110 0.219737 0.015291 0.055263
0 0.841488 0.463158 0.021407 0.068421
0 0.737513 0.228947 0.015291 0.052632
0 0.489297 0.347368 0.020387 0.063158
0 0.062691 0.239474 0.019368 0.047368
0 0.803772 0.123684 0.011213 0.042105
0 0.505607 0.114474 0.014271 0.039474
0 0.021407 0.117105 0.014271 0.044737
0 0.430683 0.132895 0.013252 0.044737
0 0.336901 0.221053 0.019368 0.052632
0 0.966361 0.105263 0.012232 0.042105
0 0.258919 0.285526 0.020387 0.055263
0 0.288481 0.176316 0.016310 0.042105
0 0.181448 0.176316 0.016310 0.052632
0 0.145770 0.167105 0.018349 0.044737
0 0.590724 0.046053 0.011213 0.034211
0 0.663609 0.155263 0.014271 0.036842
0 0.708970 0.086842 0.011213 0.036842
0 0.910805 0.115789 0.011213 0.036842
0 0.560143 0.042105 0.011213 0.036842
0 0.283894 0.064474 0.011213 0.028947
0 0.941896 0.114474 0.014271 0.039474
0 0.758919 0.111842 0.013252 0.039474
0 0.219674 0.055263 0.013252 0.036842
0 0.050459 0.307895 0.019368 0.052632
0 0.177370 0.090789 0.012232 0.034211
0 0.004587 0.167105 0.007136 0.039474
0 0.416412 0.190789 0.013252 0.050000
0 0.543833 0.028947 0.009174 0.031579
0 0.248216 0.069737 0.011213 0.034211
0 0.222732 0.188158 0.015291 0.044737
0 0.899592 0.131579 0.013252 0.036842
0 0.490316 0.036842 0.012232 0.031579
0 0.077982 0.146053 0.013252 0.039474
0 0.738022 0.136842 0.012232 0.036842
0 0.506626 0.164474 0.014271 0.044737
0 0.884811 0.102632 0.012232 0.036842
0 0.470438 0.032895 0.011213 0.034211
0 0.572885 0.026316 0.010194 0.031579
0 0.453619 0.151316 0.012232 0.039474
0 0.376147 0.036842 0.012232 0.036842
0 0.110601 0.082895 0.011213 0.034211
0 0.451070 0.043421 0.011213 0.034211
0 0.067278 0.489474 0.026504 0.063158
0 0.205403 0.140789 0.013252 0.039474
0 0.065749 0.092105 0.011213 0.036842
0 0.857288 0.106579 0.010194 0.034211
0 0.199286 0.072368 0.013252 0.034211
0 0.115698 0.164474 0.013252 0.039474
0 0.483690 0.073684 0.011213 0.031579
0 0.130479 0.785526 0.042813 0.102632
0 0.229358 0.581579 0.034659 0.094737
0 0.200306 0.438158 0.019368 0.076316
0 0.318552 0.506579 0.023445 0.071053
0 0.340979 0.397368 0.019368 0.063158
0 0.327727 0.576316 0.025484 0.073684
0 0.356779 0.552632 0.022426 0.084211
0 0.389908 0.572368 0.045872 0.113158
0 0.474006 0.626316 0.026504 0.068421
0 0.607034 0.446053 0.023445 0.065789
0 0.636595 0.382895 0.027523 0.076316
0 0.732926 0.580263 0.024465 0.097368
0 0.738532 0.452632 0.023445 0.073684
0 0.690622 0.436842 0.025484 0.094737
0 0.703364 0.368421 0.016310 0.068421
0 0.797655 0.427632 0.025484 0.097368
0 0.931702 0.528947 0.026504 0.110526
0 0.989806 0.335526 0.020387 0.076316
0 0.218654 0.300000 0.015291 0.052632
0 0.257900 0.038158 0.014271 0.050000
0 0.399083 0.022368 0.013252 0.034211
0 0.550968 0.147368 0.013252 0.036842
0 0.606524 0.234211 0.022426 0.052632
0 0.686035 0.021053 0.012232 0.036842
0 0.654944 0.015789 0.013252 0.026316
0 0.892966 0.019737 0.012232 0.034211
0 0.723751 0.017105 0.018349 0.028947
