0 0.510194 0.915789 0.060143 0.163158
0 0.633028 0.697368 0.053007 0.157895
0 0.371560 0.557895 0.033639 0.110526
0 0.658512 0.475000 0.030581 0.102632
0 0.402650 0.444737 0.030581 0.100000
0 0.918451 0.790789 0.048930 0.192105
0 0.836901 0.397368 0.038736 0.110526
0 0.514271 0.694737 0.047910 0.152632
0 0.406218 0.642105 0.035678 0.136842
0 0.840469 0.811842 0.051988 0.171053
0 0.312946 0.548684 0.030581 0.102632
0 0.735474 0.671053 0.037717 0.110526
0 0.695209 0.443421 0.034659 0.118421
0 0.344546 0.414474 0.026504 0.097368
0 0.578491 0.550000 0.035678 0.121053
0 0.307339 0.384211 0.025484 0.100000
0 0.922528 0.468421 0.030581 0.100000
0 0.217125 0.277632 0.028542 0.086842
0 0.130989 0.551316 0.037717 0.128947
0 0.092762 0.428947 0.030581 0.110526
0 0.774720 0.264474 0.024465 0.086842
0 0.895515 0.392105 0.027523 0.105263
0 0.267584 0.194737 0.019368 0.068421
0 0.770133 0.534211 0.033639 0.131579
0 0.224261 0.375000 0.026504 0.092105
0 0.431193 0.389474 0.030581 0.094737
0 0.948012 0.692105 0.034659 0.131579
0 0.620285 0.309211 0.027523 0.076316
0 0.549949 0.735526 0.031600 0.118421
0 0.302243 0.134211 0.015291 0.042105
0 0.814475 0.221053 0.022426 0.068421
0 0.991845 0.656579 0.016310 0.128947
0 0.876147 0.256579 0.023445 0.076316
0 0.437819 0.626316 0.031600 0.126316
0 0.721203 0.932895 0.047910 0.134211
0 0.087666 0.261842 0.022426 0.065789
0 0.929664 0.194737 0.018349 0.057895
0 0.029052 0.480263 0.033639 0.113158
0 0.595821 0.281579 0.023445 0.073684
0 0.237513 0.771053 0.055046 0.184211
0 0.949541 0.446053 0.025484 0.107895
0 0.987258 0.511842 0.025484 0.113158
0 0.459225 0.281579 0.023445 0.073684
0 0.518349 0.155263 0.017329 0.057895
0 0.572375 0.210526 0.019368 0.073684
0 0.013761 0.772368 0.025484 0.165789
0 0.304281 0.290789 0.023445 0.076316
0 0.343017 0.171053 0.021407 0.068421
0 0.360856 0.269737 0.022426 0.071053
0 0.871560 0.385526 0.024465 0.102632
0 0.481142 0.119737 0.018349 0.055263
0 0.212029 0.543421 0.032620 0.076316
0 0.733945 0.125000 0.016310 0.055263
0 0.636595 0.168421 0.019368 0.057895
0 0.181957 0.228947 0.019368 0.063158
0 0.976045 0.328947 0.027523 0.084211
0 0.363914 0.165789 0.018349 0.063158
0 0.846075 0.178947 0.018349 0.057895
0 0.708461 0.278947 0.020387 0.063158
0 0.193170 0.127632 0.015291 0.044737
0 0.603466 0.190789 0.016310 0.055263
0 0.094801 0.122368 0.018349 0.050000
0 0.242610 0.086842 0.012232 0.042105
0 0.503058 0.217105 0.021407 0.055263
0 0.535168 0.140789 0.014271 0.044737
0 0.478084 0.310526 0.020387 0.078947
0 0.759429 0.213158 0.016310 0.052632
0 0.479103 0.196053 0.018349 0.060526
0 0.909276 0.643421 0.032620 0.113158
0 0.142712 0.088158 0.014271 0.044737
0 0.638634 0.273684 0.019368 0.068421
0 0.023445 0.060526 0.014271 0.042105
0 0.132518 0.159211 0.016310 0.050000
0 0.575433 0.105263 0.015291 0.052632
0 0.686544 0.298684 0.021407 0.065789
0 0.557085 0.067105 0.013252 0.044737
0 0.328746 0.106579 0.017329 0.055263
0 0.073394 0.167105 0.016310 0.055263
0 0.276758 0.092105 0.015291 0.047368
0 0.732926 0.046053 0.012232 0.039474
0 0.593782 0.034211 0.011213 0.036842
0 0.307849 0.060526 0.014271 0.047368
0 0.397044 0.081579 0.015291 0.047368
0 0.604995 0.123684 0.013252 0.042105
0 0.655454 0.034211 0.010194 0.031579
0 0.627421 0.110526 0.015291 0.047368
0 0.583078 0.055263 0.012232 0.036842
0 0.826707 0.075000 0.012232 0.039474
0 0.431702 0.078947 0.015291 0.047368
0 0.751274 0.060526 0.014271 0.042105
0 0.430173 0.175000 0.018349 0.055263
0 0.203874 0.076316 0.012232 0.036842
0 0.642202 0.101316 0.014271 0.050000
0 0.601937 0.430263 0.033639 0.102632
0 0.184506 0.064474 0.012232 0.039474
0 0.366972 0.103947 0.014271 0.044737
0 0.258919 0.289474 0.024465 0.084211
0 0.097859 0.044737 0.012232 0.042105
0 0.124873 0.109211 0.015291 0.044737
0 0.517329 0.051316 0.015291 0.044737
0 0.069827 0.042105 0.013252 0.036842
0 0.664628 0.106579 0.014271 0.044737
0 0.253313 0.075000 0.011213 0.039474
0 0.808359 0.076316 0.012232 0.036842
0 0.214577 0.101316 0.013252 0.044737
0 0.116208 0.456579 0.026504 0.086842
0 0.022426 0.110526 0.014271 0.042105
0 0.416412 0.110526 0.013252 0.047368
0 0.335372 0.053947 0.012232 0.039474
0 0.706932 0.214474 0.023445 0.060526
0 0.386340 0.219737 0.020387 0.060526
0 0.226809 0.098684 0.011213 0.039474
0 0.493374 0.105263 0.014271 0.047368
0 0.665647 0.152632 0.016310 0.042105
0 0.045872 0.135526 0.014271 0.039474
0 0.883792 0.040789 0.012232 0.039474
0 0.141692 0.443421 0.024465 0.081579
0 0.826198 0.960526 0.060143 0.078947
0 0.418451 0.914474 0.062181 0.171053
0 0.781346 0.789474 0.037717 0.168421
0 0.121814 0.060526 0.013252 0.036842
0 0.445973 0.069737 0.011213 0.039474
0 0.231906 0.060526 0.011213 0.036842
0 0.445973 0.172368 0.017329 0.055263
0 0.593272 0.959211 0.057085 0.081579
0 0.290010 0.092105 0.011213 0.036842
0 0.129460 0.752632 0.079511 0.205263
0 0.063710 0.121053 0.015291 0.047368
0 0.818552 0.290789 0.018349 0.065789
0 0.935780 0.318421 0.018349 0.068421
0 0.500510 0.328947 0.028542 0.078947
0 0.456167 0.406579 0.019368 0.076316
0 0.662589 0.227632 0.020387 0.055263
0 0.623853 0.023684 0.012232 0.036842
0 0.541794 0.077632 0.015291 0.050000
0 0.472477 0.056579 0.013252 0.050000
0 0.460245 0.069737 0.015291 0.065789
0 0.378186 0.298684 0.024465 0.086842
0 0.267074 0.403947 0.028542 0.092105
0 0.179918 0.138158 0.013252 0.050000
0 0.163609 0.056579 0.011213 0.044737
0 0.261978 0.050000 0.012232 0.042105
0 0.111111 0.221053 0.026504 0.089474
