0 0.237423 0.518481 0.0348595 0.122799
0 0.824346 0.77378 0.0400339 0.134075
0 0.917053 0.639737 0.0373062 0.136616
0 0.124357 0.510995 0.0289608 0.117576
0 0.620023 0.817399 0.0400901 0.146796
0 0.336498 0.408916 0.0302971 0.110058
0 0.558428 0.84105 0.052199 0.173475
0 0.914687 0.435543 0.0300302 0.0920232
0 0.489658 0.479169 0.0304584 0.115562
0 0.198134 0.743127 0.0405961 0.153911
0 0.915116 0.824219 0.0347469 0.129999
0 0.483452 0.717586 0.0469718 0.152273
0 0.0163708 0.569527 0.0327416 0.0968432
0 0.741297 0.41295 0.0288843 0.0961312
0 0.867564 0.314546 0.024868 0.0814163
0 0.841823 0.340255 0.0264099 0.0923721
0 0.755471 0.789604 0.0480513 0.144632
0 0.160779 0.566614 0.0369525 0.14047
0 0.121395 0.362783 0.0297167 0.107912
0 0.4941 0.206494 0.0248888 0.0799361
0 0.644482 0.219065 0.0210255 0.0698977
0 0.378486 0.279175 0.0220517 0.0655303
0 0.937228 0.330291 0.023826 0.0842536
0 0.762468 0.667317 0.0523304 0.103369
0 0.545426 0.34961 0.0264132 0.0826865
0 0.319599 0.276656 0.0202282 0.0680122
0 0.280565 0.359655 0.0251659 0.076786
0 0.388673 0.829831 0.0625498 0.185123
0 0.204468 0.254298 0.0207243 0.071364
0 0.611545 0.32243 0.0265167 0.0793867
0 0.844405 0.241575 0.0239811 0.0691768
0 0.290658 0.218301 0.0212006 0.069724
0 0.737648 0.257467 0.0209553 0.071966
0 0.962668 0.329807 0.0223095 0.078205
0 0.940343 0.214095 0.0189953 0.0654836
0 0.39728 0.155205 0.0167276 0.0599886
0 0.354965 0.216377 0.0201877 0.0630258
0 0.800895 0.30048 0.022194 0.0717618
0 0.125591 0.214087 0.0190809 0.0653452
0 0.422696 0.25018 0.0234447 0.0712859
0 0.228442 0.393259 0.0263278 0.0825968
0 0.463353 0.256552 0.0206261 0.0697874
0 0.25484 0.198566 0.0154712 0.0579918
0 0.041352 0.202878 0.0191987 0.0678428
0 0.176628 0.206234 0.0206135 0.0655497
0 0.0856234 0.287204 0.019502 0.0722417
0 0.865723 0.197971 0.020108 0.0627233
0 0.423341 0.180216 0.0176769 0.0575144
0 0.0844902 0.202597 0.019645 0.0622073
0 0.842052 0.143213 0.0177013 0.0588283
0 0.758076 0.946601 0.0594553 0.106799
0 0.646034 0.14131 0.0168989 0.0541559
0 0.226465 0.146552 0.016415 0.0538688
0 0.679569 0.199965 0.0182377 0.0630145
0 0.966026 0.125651 0.0164867 0.0535105
0 0.252107 0.115147 0.0142244 0.049642
0 0.746915 0.122438 0.0174915 0.0505851
0 0.936443 0.14349 0.0200951 0.0545409
0 0.136775 0.132133 0.0164258 0.0579312
0 0.980002 0.25859 0.022797 0.0677594
0 0.556898 0.121948 0.0165596 0.0476626
0 0.791157 0.140109 0.0184064 0.0552011
0 0.985837 0.453095 0.0283268 0.0834616
0 0.80715 0.0990932 0.0135817 0.0477647
0 0.614682 0.126894 0.0167528 0.0563291
0 0.462914 0.155366 0.0183802 0.0621264
0 0.268109 0.197709 0.015924 0.0591079
0 0.260261 0.287384 0.0191994 0.068362
0 0.11751 0.155369 0.0125351 0.0468533
0 0.630045 0.133374 0.0159071 0.0537207
0 0.502624 0.150446 0.0152519 0.0465136
0 0.35666 0.154361 0.0163927 0.0463229
0 0.0811861 0.121064 0.0145489 0.052074
0 0.518843 0.153594 0.0152238 0.0464483
0 0.00588227 0.201398 0.0114964 0.0634001
0 0.318325 0.0857119 0.0120645 0.035083
0 0.922397 0.100557 0.0152504 0.0450462
0 0.059341 0.0652741 0.012781 0.0370777
0 0.338678 0.162886 0.0159068 0.0552611
0 0.122989 0.0735301 0.0128529 0.0413333
0 0.748485 0.18792 0.0177586 0.0590803
0 0.392174 0.0633515 0.0128901 0.0355136
0 0.487667 0.133083 0.0154917 0.0494188
0 0.013907 0.0921512 0.0129164 0.0453361
0 0.894127 0.0571019 0.0139858 0.0430872
0 0.640077 0.0850117 0.0129165 0.0385196
0 0.72098 0.0670604 0.0124086 0.0375108
0 0.576979 0.150538 0.0179876 0.0573908
0 0.589172 0.0910388 0.0132709 0.0393415
0 0.18575 0.128568 0.015506 0.042728
0 0.509286 0.0624791 0.0124071 0.0401336
0 0.597925 0.139217 0.0152253 0.0458116
0 0.826186 0.108673 0.0150066 0.0490265
0 0.492978 0.0334113 0.0103567 0.033012
0 0.109529 0.10677 0.0146706 0.0392143
0 0.729261 0.0328933 0.0108417 0.0380487
0 0.37801 0.122329 0.0143803 0.0423856
0 0.61459 0.253907 0.0215242 0.0513361
0 0.415201 0.0981709 0.0129417 0.0430626
0 0.721635 0.140558 0.0155789 0.0505519
0 0.669761 0.157806 0.0162525 0.0498904
0 0.790307 0.0485301 0.0112263 0.0367332
0 0.435746 0.0756669 0.0161987 0.0492182
0 0.17236 0.15319 0.0162473 0.0448085
0 0.0618186 0.166474 0.0176007 0.0551449
0 0.247346 0.0611383 0.0106814 0.0343872
0 0.891844 0.139181 0.0192692 0.049889
0 0.700552 0.151919 0.0198204 0.0661991
0 0.0579713 0.370453 0.0250202 0.0896817
0 0.452793 0.0844738 0.0114971 0.0365125
0 0.16164 0.0877722 0.0138283 0.0400368
0 0.544338 0.0886182 0.011493 0.0321239
0 0.47765 0.0939879 0.0114673 0.0390337
0 0.154704 0.133136 0.0138812 0.0466621
0 0.104687 0.0370975 0.0125315 0.0381387
0 0.71049 0.0591721 0.0112135 0.0399826
0 0.475962 0.0512645 0.011635 0.0363001
0 0.134769 0.067421 0.0114482 0.0389314
0 0.348212 0.0931301 0.0125491 0.0405779
0 0.10276 0.15331 0.0159882 0.0526949
0 0.788759 0.103906 0.0148314 0.0330423
0 0.14841 0.0916813 0.0123739 0.0351048
0 0.0199816 0.0641511 0.0108737 0.0283631
0 0.616085 0.218305 0.0196562 0.058758
0 0.680744 0.0299702 0.0123817 0.0434719
0 0.995249 0.370199 0.00950294 0.0837842
0 0.304744 0.0638755 0.0104922 0.0320309
0 0.333513 0.0924309 0.0110038 0.0309736
0 0.380903 0.158247 0.0151699 0.0468799
0 0.292558 0.120518 0.0192167 0.0541021
0 0.0925154 0.077366 0.011597 0.0362905
0 0.779641 0.0496074 0.0111863 0.0370082
0 0.774261 0.109454 0.0128913 0.0407893
0 0.00376564 0.0525879 0.00753129 0.0391436
0 0.343641 0.0368211 0.00985329 0.0278592
