0 0.45064 0.746523 0.0405663 0.147073
0 0.301839 0.907797 0.0579817 0.165366
0 0.773369 0.741248 0.0545875 0.151358
0 0.590786 0.410177 0.0302242 0.0960231
0 0.58318 0.68888 0.043125 0.13901
0 0.151724 0.506809 0.0317653 0.107806
0 0.413104 0.595658 0.0429701 0.128999
0 0.682767 0.797949 0.0546779 0.189187
0 0.0596686 0.581206 0.0385639 0.122552
0 0.501463 0.578853 0.0374842 0.130708
0 0.686737 0.649139 0.0496551 0.121
0 0.22025 0.430981 0.0314276 0.103264
0 0.0931814 0.348837 0.022369 0.0746176
0 0.934832 0.891572 0.0420124 0.138229
0 0.473312 0.368856 0.0307029 0.102379
0 0.151022 0.909225 0.0596536 0.18155
0 0.70914 0.499472 0.0353353 0.109125
0 0.45194 0.564543 0.0329552 0.116126
0 0.618476 0.687676 0.0335529 0.132805
0 0.319674 0.536148 0.0308783 0.116749
0 0.78071 0.607512 0.0319985 0.112833
0 0.84092 0.325751 0.0278682 0.0933421
0 0.381968 0.51027 0.0272086 0.0980236
0 0.0403191 0.344814 0.0248138 0.0821207
0 0.899192 0.487555 0.026742 0.0949461
0 0.807104 0.482624 0.0345596 0.109146
0 0.775902 0.432005 0.0259743 0.0912123
0 0.865237 0.410524 0.0270347 0.105555
0 0.186043 0.332366 0.0208996 0.0816393
0 0.53764 0.341267 0.024741 0.0764014
0 0.28809 0.338409 0.023672 0.0816651
0 0.419595 0.334144 0.0262489 0.104463
0 0.754746 0.357376 0.0228075 0.0782221
0 0.201908 0.246424 0.0199678 0.0645546
0 0.730755 0.626249 0.0317649 0.111302
0 0.63475 0.346761 0.0272215 0.0838072
0 0.979721 0.630585 0.0405571 0.126207
0 0.507007 0.200876 0.0202633 0.0668394
0 0.69027 0.321099 0.0221497 0.0821274
0 0.935989 0.339943 0.0243225 0.0939785
0 0.346096 0.319495 0.0255561 0.0674861
0 0.511573 0.285671 0.0260827 0.0811531
0 0.715775 0.35526 0.0253596 0.0800225
0 0.636233 0.253557 0.0217499 0.0729033
0 0.885025 0.341566 0.025762 0.0835271
0 0.506936 0.424459 0.0238747 0.0982435
0 0.340989 0.143187 0.0175642 0.057824
0 0.359973 0.253849 0.0200962 0.0627043
0 0.6072 0.235687 0.0233154 0.0737143
0 0.670069 0.169648 0.0173946 0.0568346
0 0.0942788 0.118772 0.0153811 0.0512996
0 0.100566 0.213381 0.0185304 0.0596483
0 0.213958 0.140602 0.0158717 0.0520331
0 0.013572 0.136488 0.017005 0.0460102
0 0.762997 0.226821 0.0195785 0.0676414
0 0.806469 0.587804 0.0256299 0.108807
0 0.175867 0.141869 0.0171552 0.0487518
0 0.29752 0.177975 0.0163436 0.0576611
0 0.143726 0.148772 0.0216369 0.0677706
0 0.277708 0.215181 0.0238203 0.0692448
0 0.71465 0.205371 0.0206804 0.0678504
0 0.566173 0.19873 0.0174673 0.0542221
0 0.699812 0.168208 0.0174755 0.0558304
0 0.0592779 0.187002 0.0179373 0.0668504
0 0.398756 0.157737 0.0164791 0.0528151
0 0.907945 0.253407 0.022398 0.0689559
0 0.622662 0.180858 0.023484 0.0601353
0 0.362922 0.121994 0.0154448 0.0496954
0 0.00875099 0.713953 0.0169985 0.153316
0 0.268215 0.0898531 0.0124519 0.0396555
0 0.00628207 0.214509 0.0125538 0.0651183
0 0.704966 0.415822 0.032178 0.0730298
0 0.888299 0.122312 0.0182703 0.0552025
0 0.864728 0.0845789 0.0127403 0.0419071
0 0.40941 0.0634513 0.014365 0.0436501
0 0.243255 0.172008 0.01791 0.0549926
0 0.470255 0.279373 0.0253286 0.0694328
0 0.750655 0.119189 0.0162629 0.0533748
0 0.234996 0.110452 0.014564 0.0459488
0 0.698886 0.0462305 0.0137257 0.0453722
0 0.732849 0.193724 0.0168891 0.0545465
0 0.989505 0.915739 0.0209896 0.139559
0 0.25128 0.0429717 0.0123521 0.0395654
0 0.800576 0.174348 0.0182203 0.0571387
0 0.679219 0.0292761 0.0123439 0.0401335
0 0.654582 0.0583569 0.0138529 0.0431936
0 0.342608 0.21065 0.017156 0.0567686
0 0.272208 0.142707 0.0165659 0.049337
0 0.418649 0.158352 0.0213289 0.0656242
0 0.972265 0.0898414 0.0145443 0.0397091
0 0.465576 0.239618 0.0239153 0.0627247
0 0.0897304 0.0773488 0.0123422 0.0353838
0 0.547477 0.100665 0.013899 0.0414397
0 0.817438 0.139525 0.0156651 0.050223
0 0.119988 0.102016 0.0140764 0.0432998
0 0.485899 0.0387693 0.0115154 0.0367063
0 0.315072 0.158654 0.0155364 0.0609904
0 0.885313 0.270433 0.0235486 0.0688282
0 0.690675 0.249164 0.0232281 0.0645406
0 0.197089 0.0388077 0.0130664 0.0384329
0 0.313737 0.105021 0.0137621 0.0397088
0 0.953535 0.131357 0.0138931 0.0477782
0 0.481958 0.125642 0.0202488 0.0543815
0 0.943791 0.273673 0.0178493 0.0501357
0 0.281179 0.0348706 0.0114453 0.0374456
0 0.429946 0.0626895 0.0154119 0.0414899
0 0.750706 0.291832 0.0227268 0.0556933
0 0.506658 0.0882888 0.0160872 0.0435425
0 0.184254 0.0697881 0.0129995 0.0394172
0 0.377013 0.19441 0.0170428 0.0555896
0 0.923097 0.079775 0.0134468 0.037356
0 0.770429 0.106198 0.0149924 0.0407046
0 0.161279 0.0433088 0.0115579 0.0363878
0 0.601168 0.17134 0.016137 0.0538759
0 0.224794 0.977592 0.0568836 0.0448157
0 0.585628 0.159285 0.018714 0.0624454
0 0.626774 0.03494 0.0111828 0.0387835
0 0.016884 0.0611596 0.0107627 0.0288928
0 0.0371936 0.139826 0.0165689 0.0454354
0 0.966212 0.808684 0.0413063 0.124644
0 0.830778 0.131739 0.0160011 0.0526755
0 0.327648 0.202286 0.012656 0.0564751
0 0.351722 0.0438591 0.0114862 0.0404924
0 0.583526 0.245713 0.0192621 0.0587022
0 0.384924 0.129591 0.0163398 0.0497342
0 0.532141 0.173291 0.0143728 0.0520091
0 0.32274 0.0723563 0.0127485 0.0415978
0 0.593798 0.0279279 0.0115984 0.0335234
0 0.794818 0.06094 0.0136964 0.0422806
0 0.281186 0.0824782 0.0116466 0.0367727
0 0.888163 0.208842 0.0172037 0.0604355
0 0.99338 0.0996633 0.0127975 0.053498
0 0.967661 0.136229 0.0143077 0.0498803
0 0.968888 0.268129 0.0216045 0.0604098
0 0.559812 0.136486 0.014986 0.0470129
0 0.816943 0.0750076 0.0151079 0.0436317
0 0.81967 0.301544 0.0199951 0.073369
0 0.644701 0.026694 0.0112652 0.0341327
0 0.183869 0.233612 0.0150356 0.0559474
0 0.994911 0.250459 0.00999944 0.071364
0 0.331487 0.0595327 0.0103344 0.0339796
0 0.121051 0.0654648 0.0121444 0.0287095
0 0.927247 0.111292 0.0143928 0.0399634
0 0.139631 0.0971198 0.013598 0.0317414
