0 0.813456 0.795000 0.050968 0.145000
0 0.352701 0.707500 0.040775 0.150000
0 0.889908 0.822500 0.053007 0.185000
0 0.824669 0.602500 0.038736 0.125000
0 0.163099 0.537500 0.038736 0.135000
0 0.207441 0.610000 0.043833 0.140000
0 0.611621 0.676250 0.040775 0.112500
0 0.620795 0.556250 0.034659 0.102500
0 0.805810 0.327500 0.025484 0.075000
0 0.452090 0.908750 0.047910 0.167500
0 0.696738 0.610000 0.033639 0.115000
0 0.919980 0.463750 0.025484 0.097500
0 0.468909 0.768750 0.036697 0.112500
0 0.653415 0.375000 0.028542 0.085000
0 0.089195 0.461250 0.031600 0.097500
0 0.123853 0.395000 0.027523 0.090000
0 0.664118 0.816250 0.035678 0.147500
0 0.409786 0.506250 0.032620 0.087500
0 0.155454 0.290000 0.021407 0.075000
0 0.970948 0.582500 0.029562 0.120000
0 0.729867 0.932500 0.040775 0.130000
0 0.467890 0.321250 0.022426 0.072500
0 0.604485 0.472500 0.028542 0.080000
0 0.891947 0.430000 0.026504 0.085000
0 0.751274 0.396250 0.026504 0.087500
0 0.270133 0.888750 0.061162 0.157500
0 0.839959 0.367500 0.024465 0.065000
0 0.344037 0.486250 0.029562 0.082500
0 0.890928 0.295000 0.020387 0.070000
0 0.768603 0.952500 0.046891 0.090000
0 0.795107 0.908750 0.053007 0.167500
0 0.868502 0.273750 0.020387 0.057500
0 0.600917 0.311250 0.021407 0.072500
0 0.677880 0.393750 0.020387 0.077500
0 0.129969 0.195000 0.021407 0.060000
0 0.099388 0.171250 0.017329 0.052500
0 0.545362 0.166250 0.016310 0.057500
0 0.216616 0.286250 0.019368 0.062500
0 0.519368 0.313750 0.021407 0.062500
0 0.198777 0.216250 0.018349 0.057500
0 0.657492 0.230000 0.018349 0.060000
0 0.533639 0.846250 0.039755 0.162500
0 0.171254 0.237500 0.018349 0.055000
0 0.077982 0.152500 0.013252 0.045000
0 0.406218 0.173750 0.017329 0.052500
0 0.420999 0.178750 0.014271 0.047500
0 0.498471 0.268750 0.018349 0.057500
0 0.701325 0.290000 0.020387 0.060000
0 0.075943 0.218750 0.019368 0.062500
0 0.443935 0.187500 0.017329 0.055000
0 0.685525 0.226250 0.021407 0.062500
0 0.549949 0.328750 0.021407 0.072500
0 0.460754 0.248750 0.018349 0.057500
0 0.065749 0.290000 0.021407 0.070000
0 0.287462 0.267500 0.022426 0.070000
0 0.697248 0.838750 0.026504 0.107500
0 0.798165 0.152500 0.014271 0.045000
0 0.935270 0.352500 0.019368 0.060000
0 0.331295 0.211250 0.018349 0.057500
0 0.296636 0.363750 0.024465 0.077500
0 0.632518 0.180000 0.013252 0.045000
0 0.047910 0.138750 0.014271 0.037500
0 0.509174 0.186250 0.015291 0.047500
0 0.190622 0.126250 0.014271 0.042500
0 0.043323 0.201250 0.017329 0.052500
0 0.577472 0.197500 0.019368 0.065000
0 0.480122 0.163750 0.018349 0.052500
0 0.158512 0.196250 0.019368 0.047500
0 0.237003 0.483750 0.029562 0.082500
0 0.255352 0.277500 0.017329 0.065000
0 0.463303 0.158750 0.017329 0.042500
0 0.647808 0.286250 0.019368 0.062500
0 0.275229 0.168750 0.016310 0.052500
0 0.354230 0.318750 0.023445 0.067500
0 0.251274 0.222500 0.017329 0.050000
0 0.017329 0.198750 0.016310 0.057500
0 0.228338 0.195000 0.016310 0.055000
0 0.315494 0.250000 0.017329 0.065000
0 0.600917 0.201250 0.013252 0.047500
0 0.851682 0.175000 0.015291 0.050000
0 0.571356 0.312500 0.019368 0.060000
0 0.817533 0.197500 0.018349 0.050000
0 0.453109 0.090000 0.011213 0.035000
0 0.333333 0.087500 0.014271 0.045000
0 0.561162 0.147500 0.015291 0.055000
0 0.626402 0.312500 0.021407 0.070000
0 0.069317 0.086250 0.012232 0.037500
0 0.685525 0.177500 0.017329 0.045000
0 0.708970 0.095000 0.013252 0.035000
0 0.100408 0.101250 0.015291 0.042500
0 0.216616 0.217500 0.017329 0.050000
0 0.165647 0.092500 0.013252 0.045000
0 0.967380 0.410000 0.024465 0.075000
0 0.404179 0.100000 0.013252 0.040000
0 0.708461 0.200000 0.018349 0.055000
0 0.332314 0.147500 0.012232 0.040000
0 0.464832 0.086250 0.010194 0.032500
0 0.760449 0.248750 0.022426 0.077500
0 0.784913 0.082500 0.012232 0.035000
0 0.301733 0.098750 0.014271 0.047500
0 0.828746 0.518750 0.028542 0.077500
0 0.523955 0.122500 0.014271 0.040000
0 0.756881 0.150000 0.013252 0.040000
0 0.194699 0.173750 0.016310 0.037500
0 0.035678 0.112500 0.012232 0.040000
0 0.780326 0.141250 0.013252 0.037500
0 0.933741 0.173750 0.014271 0.042500
0 0.390418 0.117500 0.012232 0.045000
0 0.815494 0.155000 0.012232 0.035000
0 0.523955 0.175000 0.014271 0.045000
0 0.282875 0.081250 0.011213 0.032500
0 0.614679 0.107500 0.014271 0.040000
0 0.942406 0.297500 0.019368 0.055000
0 0.292049 0.141250 0.013252 0.042500
0 0.627421 0.960000 0.062181 0.080000
0 0.874618 0.077500 0.014271 0.040000
0 0.972987 0.228750 0.015291 0.052500
0 0.498981 0.107500 0.013252 0.035000
0 0.720693 0.126250 0.014271 0.042500
0 0.131498 0.098750 0.014271 0.037500
0 0.253823 0.175000 0.016310 0.040000
0 0.242100 0.351250 0.029562 0.072500
0 0.314475 0.088750 0.011213 0.037500
0 0.897044 0.103750 0.014271 0.037500
0 0.627421 0.230000 0.015291 0.050000
0 0.234455 0.847500 0.059123 0.150000
0 0.084098 0.120000 0.011213 0.030000
0 0.834353 0.128750 0.013252 0.037500
0 0.114679 0.157500 0.013252 0.045000
0 0.140163 0.142500 0.013252 0.040000
0 0.479103 0.110000 0.012232 0.035000
0 0.435270 0.118750 0.012232 0.037500
0 0.511213 0.525000 0.031600 0.085000
0 0.742610 0.136250 0.015291 0.037500
0 0.330275 0.300000 0.018349 0.065000
0 0.167686 0.158750 0.013252 0.037500
0 0.367482 0.285000 0.019368 0.050000
0 0.361366 0.166250 0.013252 0.042500
0 0.348114 0.181250 0.015291 0.047500
0 0.655454 0.143750 0.016310 0.047500
0 0.226300 0.116250 0.014271 0.042500
0 0.216616 0.368750 0.021407 0.072500
0 0.917941 0.155000 0.015291 0.040000
0 0.321101 0.128750 0.012232 0.037500
0 0.300204 0.221250 0.015291 0.042500
0 0.707951 0.131250 0.013252 0.037500
0 0.313456 0.721250 0.033639 0.112500
0 0.448012 0.320000 0.017329 0.060000
0 0.818552 0.117500 0.014271 0.035000
0 0.216106 0.173750 0.014271 0.042500
0 0.636086 0.141250 0.014271 0.037500
0 0.114169 0.091250 0.010194 0.032500
0 0.776249 0.195000 0.017329 0.055000
0 0.238022 0.093750 0.013252 0.037500
0 0.004587 0.205000 0.007136 0.060000
0 0.827727 0.256250 0.016310 0.052500
0 0.600917 0.145000 0.011213 0.040000
0 0.005097 0.122500 0.008155 0.040000
0 0.963812 0.285000 0.019368 0.055000
0 0.235474 0.152500 0.014271 0.040000
0 0.940877 0.126250 0.014271 0.037500
0 0.588175 0.156250 0.014271 0.037500
0 0.948522 0.163750 0.013252 0.042500
0 0.488787 0.092500 0.011213 0.035000
0 0.910296 0.218750 0.014271 0.042500
0 0.362895 0.091250 0.012232 0.037500
0 0.032620 0.543750 0.036697 0.117500
0 0.135066 0.511250 0.031600 0.107500
0 0.970438 0.150000 0.020387 0.055000
0 0.958206 0.205000 0.020387 0.055000
0 0.880224 0.193750 0.019368 0.057500
0 0.511213 0.073750 0.013252 0.042500
