0 0.239551 0.698750 0.046891 0.177500
0 0.219674 0.606250 0.035678 0.102500
0 0.361876 0.795000 0.050968 0.185000
0 0.508155 0.681250 0.041794 0.122500
0 0.361366 0.261250 0.019368 0.062500
0 0.438328 0.251250 0.020387 0.067500
0 0.954128 0.618750 0.030581 0.102500
0 0.858308 0.446250 0.026504 0.072500
0 0.799694 0.407500 0.035678 0.100000
0 0.082059 0.152500 0.015291 0.045000
0 0.111621 0.132500 0.013252 0.045000
0 0.158512 0.131250 0.015291 0.037500
0 0.165138 0.196250 0.022426 0.042500
0 0.198777 0.181250 0.016310 0.042500
0 0.183996 0.101250 0.019368 0.042500
0 0.223751 0.106250 0.015291 0.037500
0 0.250255 0.232500 0.021407 0.060000
0 0.256371 0.152500 0.015291 0.045000
0 0.302752 0.165000 0.016310 0.050000
0 0.247706 0.110000 0.014271 0.040000
0 0.258919 0.092500 0.010194 0.030000
0 0.282875 0.087500 0.011213 0.030000
0 0.301733 0.116250 0.016310 0.042500
0 0.319062 0.118750 0.014271 0.042500
0 0.353211 0.121250 0.015291 0.042500
0 0.458716 0.147500 0.014271 0.045000
0 0.464832 0.083750 0.012232 0.032500
0 0.508665 0.087500 0.010194 0.035000
0 0.565749 0.157500 0.012232 0.040000
0 0.586646 0.185000 0.015291 0.045000
0 0.609582 0.108750 0.012232 0.032500
0 0.641182 0.171250 0.014271 0.042500
0 0.662080 0.200000 0.013252 0.050000
0 0.668705 0.057500 0.012232 0.035000
0 0.722222 0.156250 0.015291 0.047500
0 0.683486 0.277500 0.017329 0.050000
0 0.703874 0.296250 0.017329 0.057500
0 0.698267 0.227500 0.016310 0.040000
0 0.717635 0.242500 0.014271 0.050000
0 0.765036 0.207500 0.015291 0.045000
0 0.777268 0.227500 0.013252 0.035000
0 0.791539 0.243750 0.015291 0.057500
0 0.800714 0.210000 0.019368 0.055000
0 0.829256 0.220000 0.015291 0.045000
0 0.859837 0.253750 0.017329 0.057500
0 0.866463 0.117500 0.012232 0.030000
0 0.878695 0.133750 0.014271 0.047500
0 0.891437 0.101250 0.013252 0.042500
0 0.898573 0.163750 0.019368 0.052500
0 0.926096 0.221250 0.021407 0.057500
0 0.948012 0.213750 0.014271 0.052500
0 0.982161 0.306250 0.021407 0.067500
