0 0.356269 0.540000 0.029562 0.090000
0 0.413354 0.790000 0.031600 0.110000
0 0.149847 0.277500 0.020387 0.065000
0 0.044852 0.232500 0.020387 0.070000
0 0.510194 0.721250 0.033639 0.127500
0 0.479613 0.576250 0.031600 0.102500
0 0.449541 0.485000 0.026504 0.095000
0 0.653925 0.718750 0.054027 0.132500
0 0.701835 0.617500 0.031600 0.115000
0 0.772171 0.623750 0.031600 0.097500
0 0.809378 0.678750 0.046891 0.122500
0 0.593782 0.516250 0.047910 0.122500
0 0.545362 0.443750 0.028542 0.107500
0 0.667686 0.453750 0.030581 0.097500
0 0.774210 0.522500 0.025484 0.090000
0 0.714067 0.518750 0.027523 0.087500
0 0.018858 0.138750 0.015291 0.042500
0 0.050968 0.117500 0.012232 0.040000
0 0.063710 0.087500 0.009174 0.030000
0 0.079001 0.076250 0.011213 0.032500
0 0.074414 0.126250 0.012232 0.037500
0 0.094292 0.117500 0.013252 0.035000
0 0.110601 0.118750 0.011213 0.037500
0 0.140163 0.137500 0.013252 0.045000
0 0.129460 0.105000 0.012232 0.035000
0 0.172273 0.205000 0.014271 0.050000
0 0.125892 0.218750 0.015291 0.052500
0 0.215087 0.203750 0.016310 0.062500
0 0.200306 0.148750 0.013252 0.047500
0 0.168196 0.087500 0.012232 0.035000
0 0.248216 0.145000 0.011213 0.035000
0 0.152396 0.108750 0.017329 0.047500
0 0.205912 0.103750 0.012232 0.037500
0 0.224771 0.086250 0.011213 0.032500
0 0.233945 0.190000 0.015291 0.050000
0 0.253313 0.267500 0.023445 0.070000
0 0.298165 0.266250 0.021407 0.062500
0 0.322630 0.276250 0.019368 0.067500
0 0.326707 0.181250 0.017329 0.057500
0 0.273700 0.172500 0.017329 0.050000
0 0.266565 0.227500 0.021407 0.055000
0 0.343017 0.163750 0.015291 0.042500
0 0.344037 0.207500 0.015291 0.050000
0 0.247706 0.102500 0.014271 0.040000
0 0.285933 0.118750 0.015291 0.042500
0 0.298675 0.118750 0.014271 0.052500
0 0.352701 0.252500 0.020387 0.060000
0 0.359837 0.172500 0.014271 0.050000
0 0.299694 0.075000 0.012232 0.035000
0 0.256371 0.081250 0.013252 0.037500
0 0.346585 0.061250 0.016310 0.042500
0 0.318043 0.086250 0.012232 0.032500
0 0.366972 0.116250 0.020387 0.042500
0 0.332824 0.083750 0.011213 0.027500
0 0.385321 0.206250 0.016310 0.052500
0 0.405199 0.181250 0.017329 0.062500
0 0.396534 0.267500 0.024465 0.075000
0 0.434251 0.300000 0.020387 0.070000
0 0.440367 0.217500 0.016310 0.055000
0 0.478593 0.208750 0.019368 0.072500
0 0.439857 0.123750 0.013252 0.042500
0 0.400612 0.091250 0.014271 0.037500
0 0.391947 0.142500 0.017329 0.045000
0 0.414883 0.141250 0.012232 0.037500
0 0.477064 0.096250 0.012232 0.042500
0 0.492864 0.178750 0.015291 0.057500
0 0.502548 0.151250 0.014271 0.052500
0 0.525994 0.273750 0.026504 0.077500
0 0.535168 0.213750 0.024465 0.062500
0 0.564220 0.227500 0.017329 0.065000
0 0.521407 0.126250 0.015291 0.042500
0 0.562691 0.126250 0.014271 0.042500
0 0.602956 0.206250 0.021407 0.062500
0 0.582569 0.211250 0.017329 0.057500
0 0.646789 0.317500 0.023445 0.070000
0 0.649337 0.258750 0.018349 0.047500
0 0.616208 0.133750 0.015291 0.047500
0 0.615698 0.193750 0.016310 0.057500
0 0.661570 0.192500 0.018349 0.060000
0 0.679409 0.226250 0.019368 0.067500
0 0.632518 0.100000 0.013252 0.040000
0 0.660041 0.118750 0.013252 0.047500
0 0.699286 0.166250 0.016310 0.052500
0 0.719164 0.205000 0.017329 0.055000
0 0.724771 0.296250 0.022426 0.067500
0 0.773700 0.298750 0.020387 0.067500
0 0.742610 0.420000 0.031600 0.115000
0 0.795107 0.396250 0.026504 0.097500
0 0.683486 0.121250 0.017329 0.042500
0 0.762487 0.142500 0.016310 0.045000
0 0.737513 0.147500 0.017329 0.045000
0 0.830785 0.190000 0.020387 0.060000
0 0.784913 0.252500 0.024465 0.080000
0 0.852192 0.432500 0.032620 0.100000
0 0.879715 0.385000 0.026504 0.085000
0 0.858818 0.291250 0.021407 0.072500
0 0.890418 0.492500 0.031600 0.105000
0 0.936799 0.538750 0.038736 0.122500
0 0.978593 0.406250 0.028542 0.107500
0 0.917431 0.308750 0.026504 0.072500
0 0.941386 0.315000 0.021407 0.075000
0 0.928644 0.155000 0.016310 0.045000
0 0.968909 0.203750 0.017329 0.057500
0 0.895515 0.101250 0.017329 0.042500
0 0.833843 0.098750 0.014271 0.037500
0 0.805301 0.118750 0.014271 0.042500
0 0.771152 0.092500 0.015291 0.035000
