0 0.596840 0.292105 0.019368 0.057895
0 0.295107 0.352632 0.019368 0.057895
0 0.191641 0.290789 0.020387 0.055263
0 0.511723 0.350000 0.020387 0.063158
0 0.463303 0.310526 0.017329 0.068421
0 0.564220 0.511842 0.025484 0.065789
0 0.667686 0.338158 0.018349 0.055263
0 0.332314 0.603947 0.026504 0.071053
0 0.222732 0.260526 0.017329 0.057895
0 0.473496 0.539474 0.025484 0.084211
0 0.777778 0.132895 0.016310 0.044737
0 0.812436 0.276316 0.018349 0.052632
0 0.589704 0.190789 0.015291 0.050000
0 0.859837 0.309211 0.019368 0.060526
0 0.765545 0.272368 0.018349 0.055263
0 0.897554 0.126316 0.013252 0.042105
0 0.748726 0.278947 0.015291 0.047368
0 0.356779 0.142105 0.014271 0.042105
0 0.671254 0.535526 0.029562 0.060526
0 0.385831 0.067105 0.013252 0.039474
0 0.156473 0.127632 0.013252 0.039474
0 0.149337 0.303947 0.019368 0.065789
0 0.519878 0.111842 0.014271 0.039474
0 0.728848 0.100000 0.014271 0.042105
0 0.106524 0.077632 0.011213 0.039474
0 0.782875 0.073684 0.012232 0.036842
0 0.244139 0.755263 0.031600 0.089474
0 0.809888 0.138158 0.013252 0.044737
0 0.835372 0.113158 0.017329 0.047368
0 0.344037 0.230263 0.017329 0.060526
0 0.379715 0.396053 0.019368 0.065789
0 0.531091 0.267105 0.014271 0.050000
0 0.395005 0.194737 0.015291 0.047368
0 0.493374 0.106579 0.014271 0.044737
0 0.935780 0.105263 0.014271 0.047368
0 0.616208 0.098684 0.015291 0.039474
0 0.754332 0.131579 0.014271 0.042105
0 0.008155 0.228947 0.014271 0.047368
0 0.159021 0.063158 0.012232 0.031579
0 0.652396 0.134211 0.016310 0.047368
0 0.435780 0.155263 0.013252 0.042105
0 0.686544 0.115789 0.015291 0.042105
0 0.234964 0.155263 0.015291 0.047368
0 0.258410 0.248684 0.017329 0.055263
0 0.123344 0.136842 0.012232 0.042105
0 0.320082 0.218421 0.016310 0.052632
0 0.411315 0.102632 0.013252 0.036842
0 0.281855 0.243421 0.015291 0.044737
0 0.092253 0.285526 0.015291 0.044737
0 0.610601 0.148684 0.016310 0.044737
0 0.552497 0.042105 0.012232 0.036842
0 0.568298 0.125000 0.013252 0.039474
0 0.952090 0.115789 0.014271 0.042105
0 0.993374 0.785526 0.013252 0.128947
0 0.554536 0.402632 0.022426 0.052632
0 0.129969 0.061842 0.011213 0.034211
0 0.027523 0.152632 0.012232 0.042105
0 0.877676 0.088158 0.012232 0.039474
0 0.083588 0.117105 0.014271 0.044737
0 0.629969 0.306579 0.016310 0.050000
0 0.007645 0.156579 0.013252 0.039474
0 0.285423 0.071053 0.014271 0.036842
0 0.649847 0.135526 0.015291 0.044737
0 0.310907 0.057895 0.012232 0.036842
0 0.645260 0.086842 0.012232 0.036842
0 0.567278 0.047368 0.011213 0.036842
0 0.451580 0.165789 0.014271 0.047368
0 0.170744 0.057895 0.009174 0.031579
0 0.050968 0.167105 0.012232 0.039474
0 0.211009 0.082895 0.012232 0.034211
0 0.524465 0.232895 0.013252 0.044737
0 0.136086 0.160526 0.013252 0.042105
0 0.847604 0.056579 0.013252 0.039474
0 0.483180 0.109211 0.012232 0.039474
0 0.178389 0.031579 0.008155 0.026316
0 0.661570 0.069737 0.012232 0.039474
0 0.362385 0.340789 0.017329 0.055263
0 0.705912 0.063158 0.011213 0.036842
0 0.206932 0.161842 0.014271 0.039474
0 0.136086 0.093421 0.011213 0.034211
0 0.434760 0.067105 0.013252 0.034211
0 0.495413 0.180263 0.016310 0.044737
0 0.300714 0.155263 0.014271 0.052632
0 0.588685 0.053947 0.011213 0.034211
0 0.640163 0.022368 0.010194 0.034211
0 0.979613 0.123684 0.010194 0.036842
0 0.070846 0.103947 0.011213 0.039474
0 0.467890 0.181579 0.014271 0.042105
0 0.186544 0.881579 0.032620 0.121053
0 0.292559 0.832895 0.034659 0.102632
0 0.079001 0.060526 0.011213 0.042105
0 0.209990 0.026316 0.012232 0.031579
0 0.380224 0.592105 0.022426 0.073684
0 0.424567 0.419737 0.019368 0.055263
0 0.584098 0.623684 0.026504 0.078947
0 0.674312 0.068421 0.011213 0.031579
0 0.744139 0.051316 0.014271 0.044737
0 0.726300 0.050000 0.013252 0.036842
0 0.932212 0.063158 0.011213 0.036842
0 0.910296 0.025000 0.014271 0.039474
0 0.962283 0.035526 0.014271 0.044737
0 0.450561 0.848684 0.036697 0.102632
0 0.340979 0.768421 0.041794 0.105263
0 0.383282 0.144737 0.012232 0.036842
