0 0.897108 0.577588 0.0441852 0.13812
0 0.239118 0.654624 0.039723 0.115483
0 0.854156 0.872475 0.0523762 0.148129
0 0.724245 0.729863 0.0373972 0.122927
0 0.957755 0.721718 0.0467754 0.151208
0 0.200364 0.597598 0.0375165 0.127672
0 0.520003 0.539293 0.0388587 0.116279
0 0.933668 0.395875 0.030829 0.104747
0 0.120306 0.493003 0.0330291 0.109083
0 0.528803 0.874529 0.0514271 0.18917
0 0.639688 0.752338 0.0502924 0.175509
0 0.591986 0.730854 0.0414853 0.118891
0 0.30964 0.466417 0.0280239 0.0984879
0 0.120044 0.407309 0.0296947 0.0630285
0 0.474683 0.473181 0.029158 0.103924
0 0.458074 0.697986 0.0405704 0.163039
0 0.393561 0.388078 0.0243094 0.102512
0 0.779135 0.584675 0.0399265 0.111308
0 0.686807 0.579393 0.0284159 0.101405
0 0.36781 0.535125 0.0312996 0.0908181
0 0.555147 0.218327 0.0214363 0.0724634
0 0.982126 0.480098 0.0347195 0.12948
0 0.574475 0.430385 0.0275322 0.105588
0 0.684414 0.35338 0.0292526 0.0883627
0 0.555803 0.642177 0.039282 0.134788
0 0.667961 0.225441 0.0213148 0.0753878
0 0.244213 0.315529 0.0272968 0.0709813
0 0.148299 0.389787 0.0246266 0.0908768
0 0.472082 0.19268 0.0183998 0.0626985
0 0.803508 0.480671 0.0288321 0.107965
0 0.497964 0.410333 0.025694 0.0937686
0 0.533686 0.209568 0.0189139 0.067668
0 0.697238 0.1942 0.0198785 0.0603136
0 0.867036 0.355577 0.0253712 0.0911593
0 0.620066 0.283818 0.0214735 0.0695563
0 0.918108 0.515209 0.0278755 0.0983124
0 0.79272 0.286715 0.02171 0.0855038
0 0.27469 0.293147 0.0228729 0.0897769
0 0.693558 0.28318 0.0217066 0.0649324
0 0.244488 0.205926 0.0178014 0.0586415
0 0.42886 0.36987 0.023197 0.081162
0 0.522446 0.32313 0.0223312 0.0860792
0 0.799558 0.379368 0.0246519 0.0839996
0 0.835436 0.312989 0.0258938 0.0755282
0 0.498669 0.20539 0.0214737 0.0731854
0 0.166994 0.288139 0.0221844 0.0748799
0 0.585501 0.164999 0.0164354 0.0573768
0 0.251683 0.130002 0.0187131 0.0568852
0 0.688145 0.970007 0.0511299 0.0599859
0 0.0951166 0.27263 0.0251828 0.0706912
0 0.615549 0.217103 0.0195973 0.0645388
0 0.673387 0.503885 0.0270903 0.0910927
0 0.829413 0.202179 0.0206245 0.0681095
0 0.706523 0.122684 0.0169067 0.0533733
0 0.450351 0.161527 0.0191164 0.0656833
0 0.755299 0.329354 0.0246369 0.0784345
0 0.383755 0.253118 0.020487 0.068941
0 0.0196316 0.209784 0.0234507 0.0681775
0 0.489402 0.112583 0.0145346 0.0483315
0 0.761843 0.240666 0.0225635 0.074396
0 0.63386 0.205095 0.0166761 0.0633221
0 0.172813 0.182342 0.0167739 0.0603075
0 0.674898 0.136483 0.0173708 0.0508214
0 0.58464 0.347872 0.0246849 0.0739486
0 0.0352158 0.130044 0.0152441 0.0541865
0 0.334469 0.222052 0.0213787 0.0697412
0 0.215606 0.194295 0.0181359 0.0612082
0 0.10874 0.105337 0.0173368 0.0529137
0 0.218134 0.267912 0.0233717 0.0785263
0 0.530796 0.116017 0.0145718 0.0529861
0 0.00793456 0.0598457 0.0136329 0.0481631
0 0.610797 0.366319 0.0275866 0.102937
0 0.0743889 0.23815 0.0236392 0.0744453
0 0.933029 0.105931 0.0139174 0.042642
0 0.0448463 0.0420359 0.0162024 0.0470615
0 0.169672 0.108056 0.0174272 0.0547002
0 0.143721 0.285462 0.0224829 0.0778993
0 0.772969 0.377451 0.0265658 0.0886087
0 0.390325 0.113002 0.0153015 0.0485658
0 0.964517 0.229543 0.017955 0.0846411
0 0.129737 0.193766 0.0177081 0.0592628
0 0.91133 0.297348 0.0182102 0.0684863
0 0.280328 0.119401 0.0152272 0.0505874
0 0.114569 0.236745 0.0177314 0.0607647
0 0.746684 0.101872 0.0120781 0.0411865
0 0.189934 0.177119 0.0165843 0.0607742
0 0.406365 0.0732008 0.0138329 0.0386748
0 0.899912 0.141184 0.0159236 0.0492241
0 0.0909017 0.107028 0.0138295 0.0484276
0 0.214158 0.128771 0.0154537 0.0475892
0 0.466098 0.0515442 0.015522 0.0493309
0 0.340375 0.14791 0.0206078 0.0586535
0 0.681759 0.0705397 0.0136532 0.0434321
0 0.779273 0.103463 0.0148505 0.0431113
0 0.308334 0.132229 0.0185313 0.0556037
0 0.42412 0.136867 0.0158108 0.0505265
0 0.867186 0.127147 0.017802 0.0477379
0 0.392648 0.0686415 0.0129112 0.0370978
0 0.892912 0.0458873 0.0145577 0.0428561
0 0.50468 0.0592971 0.0134384 0.0398693
0 0.588588 0.120919 0.0154268 0.0403635
0 0.583141 0.0656539 0.0127229 0.0366215
0 0.235516 0.0521462 0.0136777 0.0410062
0 0.302168 0.202184 0.0173746 0.0538844
0 0.069435 0.127036 0.0150939 0.0587773
0 0.802981 0.0695955 0.0112823 0.0344102
0 0.434879 0.101347 0.0158797 0.0476203
0 0.355175 0.0973568 0.0164307 0.0458605
0 0.408028 0.165212 0.0222181 0.0636879
0 0.0397597 0.390661 0.0326709 0.101811
0 0.362164 0.139131 0.0151519 0.0458092
0 0.983363 0.875076 0.0318688 0.18467
0 0.779411 0.0572541 0.0127384 0.0340983
0 0.794015 0.20456 0.0143189 0.0535994
0 0.728825 0.0817841 0.0133854 0.0390311
0 0.809635 0.303505 0.0167705 0.076553
0 0.205702 0.0647159 0.0136325 0.0389789
0 0.291192 0.0468404 0.0109905 0.0360589
0 0.125895 0.0726169 0.012924 0.0404259
0 0.351874 0.32466 0.0265647 0.0933339
0 0.800701 0.117151 0.0131571 0.0405926
0 0.50648 0.285871 0.0177886 0.0561802
0 0.725891 0.185124 0.014389 0.0477438
0 0.86712 0.0819803 0.0147774 0.0390321
0 0.948783 0.168239 0.0196499 0.0568047
0 0.238346 0.111035 0.0144957 0.0467154
0 0.976901 0.872796 0.043346 0.187418
0 0.820951 0.0897398 0.0117787 0.0330589
0 0.138324 0.110923 0.0137762 0.045441
0 0.881453 0.088015 0.0135532 0.0393169
0 0.302075 0.0761502 0.0126667 0.0386027
0 0.321616 0.0980189 0.013322 0.0418399
0 0.910168 0.0840013 0.0119423 0.0369693
0 0.619392 0.106118 0.0142706 0.0435794
0 0.181255 0.0478841 0.0149216 0.0381299
0 0.785838 0.555387 0.0325834 0.117406
0 0.422176 0.235184 0.0189867 0.0570959
0 0.647345 0.109187 0.0128836 0.0421124
0 0.452626 0.0464017 0.0120981 0.0411996
0 0.138162 0.0536272 0.0137882 0.0402576
0 0.334872 0.0889534 0.0125788 0.0419342
0 0.904013 0.366052 0.0236214 0.0798299
0 0.728052 0.036354 0.0115646 0.0357259
0 0.27297 0.076313 0.0135639 0.0367076
0 0.499047 0.337191 0.0235808 0.0538695
0 0.625472 0.075197 0.0128757 0.0378482
0 0.992874 0.180946 0.0142521 0.0510648
0 0.108002 0.0557934 0.0134604 0.0398256
