0 0.740061 0.626316 0.053007 0.131579
0 0.487258 0.582895 0.036697 0.128947
0 0.409786 0.553947 0.032620 0.134211
0 0.935780 0.667105 0.040775 0.144737
0 0.654944 0.652632 0.039755 0.126316
0 0.221203 0.644737 0.038736 0.121053
0 0.158002 0.775000 0.044852 0.186842
0 0.664628 0.860526 0.057085 0.189474
0 0.553517 0.639474 0.032620 0.126316
0 0.823649 0.481579 0.030581 0.110526
0 0.527013 0.926316 0.055046 0.147368
0 0.601427 0.682895 0.042813 0.118421
0 0.438328 0.405263 0.030581 0.094737
0 0.343527 0.525000 0.028542 0.102632
0 0.748216 0.423684 0.032620 0.094737
0 0.665138 0.421053 0.029562 0.115789
0 0.796636 0.378947 0.029562 0.089474
0 0.975025 0.878947 0.049949 0.163158
0 0.245668 0.438158 0.028542 0.113158
0 0.569317 0.275000 0.021407 0.076316
0 0.102446 0.534211 0.041794 0.131579
0 0.532110 0.439474 0.032620 0.105263
0 0.279307 0.377632 0.026504 0.081579
0 0.534149 0.550000 0.030581 0.105263
0 0.313456 0.331579 0.025484 0.089474
0 0.838940 0.275000 0.022426 0.076316
0 0.749745 0.325000 0.025484 0.086842
0 0.023955 0.681579 0.027523 0.110526
0 0.511723 0.336842 0.024465 0.078947
0 0.584608 0.494737 0.027523 0.100000
0 0.983690 0.650000 0.032620 0.163158
0 0.980122 0.421053 0.027523 0.100000
0 0.910296 0.853947 0.046891 0.165789
0 0.700815 0.231579 0.021407 0.073684
0 0.313965 0.197368 0.018349 0.063158
0 0.598879 0.263158 0.021407 0.073684
0 0.515291 0.273684 0.019368 0.057895
0 0.615189 0.163158 0.017329 0.057895
0 0.674822 0.257895 0.020387 0.073684
0 0.930173 0.115789 0.017329 0.052632
0 0.811927 0.182895 0.019368 0.071053
0 0.435780 0.323684 0.023445 0.068421
0 0.896024 0.210526 0.018349 0.068421
0 0.609072 0.094737 0.015291 0.047368
0 0.489806 0.886842 0.035678 0.152632
0 0.134557 0.155263 0.014271 0.047368
0 0.165138 0.121053 0.014271 0.047368
0 0.709990 0.172368 0.019368 0.050000
0 0.437309 0.172368 0.018349 0.060526
0 0.226809 0.551316 0.033639 0.086842
0 0.545362 0.152632 0.014271 0.052632
0 0.667686 0.052632 0.012232 0.042105
0 0.905708 0.134211 0.015291 0.047368
0 0.335882 0.146053 0.017329 0.055263
0 0.097859 0.935526 0.055046 0.128947
0 0.564730 0.188158 0.016310 0.055263
0 0.389908 0.110526 0.015291 0.052632
0 0.467380 0.181579 0.017329 0.052632
0 0.032620 0.103947 0.012232 0.039474
0 0.646789 0.140789 0.019368 0.060526
0 0.408257 0.063158 0.013252 0.036842
0 0.088685 0.072368 0.012232 0.039474
0 0.434760 0.267105 0.027523 0.065789
0 0.481651 0.078947 0.015291 0.047368
0 0.457187 0.248684 0.019368 0.071053
0 0.292559 0.148684 0.014271 0.050000
0 0.561162 0.135526 0.015291 0.050000
0 0.845056 0.411842 0.032620 0.102632
0 0.211009 0.171053 0.016310 0.052632
0 0.244139 0.180263 0.017329 0.060526
0 0.092253 0.150000 0.013252 0.047368
0 0.757390 0.109211 0.016310 0.050000
0 0.071865 0.118421 0.015291 0.042105
0 0.220693 0.243421 0.021407 0.055263
0 0.607034 0.346053 0.025484 0.071053
0 0.253823 0.043421 0.012232 0.044737
0 0.749235 0.165789 0.020387 0.063158
0 0.065240 0.157895 0.014271 0.042105
0 0.941386 0.351316 0.029562 0.086842
0 0.103976 0.101316 0.012232 0.039474
0 0.858818 0.118421 0.013252 0.042105
0 0.702345 0.094737 0.016310 0.042105
0 0.365953 0.144737 0.018349 0.057895
0 0.106524 0.223684 0.019368 0.068421
0 0.149337 0.113158 0.013252 0.042105
0 0.114169 0.117105 0.012232 0.039474
0 0.640673 0.073684 0.015291 0.042105
0 0.657492 0.109211 0.014271 0.044737
0 0.273700 0.157895 0.015291 0.042105
0 0.779817 0.115789 0.012232 0.042105
0 0.259429 0.114474 0.013252 0.044737
0 0.178899 0.114474 0.013252 0.044737
0 0.215087 0.047368 0.012232 0.036842
0 0.570846 0.065789 0.010194 0.036842
0 0.434251 0.073684 0.012232 0.036842
0 0.833333 0.075000 0.015291 0.044737
0 0.678899 0.764474 0.040775 0.118421
0 0.307849 0.057895 0.010194 0.031579
0 0.128950 0.206579 0.011213 0.044737
0 0.272171 0.069737 0.012232 0.039474
0 0.051988 0.142105 0.012232 0.042105
0 0.130989 0.078947 0.011213 0.036842
0 0.591233 0.142105 0.018349 0.052632
0 0.379205 0.061842 0.012232 0.039474
0 0.290520 0.102632 0.012232 0.042105
0 0.874108 0.067105 0.013252 0.044737
0 0.116718 0.286842 0.021407 0.052632
0 0.531600 0.051316 0.011213 0.034211
0 0.800714 0.300000 0.023445 0.057895
0 0.007136 0.653947 0.012232 0.150000
0 0.493884 0.152632 0.019368 0.052632
0 0.235984 0.077632 0.013252 0.039474
0 0.226300 0.132895 0.014271 0.039474
0 0.203874 0.063158 0.012232 0.036842
0 0.744139 0.081579 0.014271 0.042105
0 0.005607 0.665789 0.009174 0.131579
0 0.778797 0.067105 0.014271 0.039474
0 0.335372 0.035526 0.012232 0.039474
0 0.204893 0.134211 0.016310 0.036842
0 0.547910 0.034211 0.011213 0.031579
0 0.246177 0.115789 0.013252 0.042105
0 0.008665 0.110526 0.011213 0.042105
0 0.628440 0.036842 0.011213 0.036842
0 0.590214 0.415789 0.026504 0.068421
0 0.341998 0.069737 0.013252 0.039474
0 0.684506 0.096053 0.011213 0.034211
0 0.537717 0.092105 0.013252 0.042105
0 0.409786 0.023684 0.010194 0.031579
0 0.005097 0.115789 0.008155 0.042105
0 0.995413 0.356579 0.009174 0.076316
0 0.469419 0.032895 0.015291 0.044737
0 0.302752 0.085526 0.010194 0.034211
0 0.235474 0.085526 0.012232 0.039474
0 0.270133 0.271053 0.022426 0.068421
0 0.005607 0.480263 0.009174 0.092105
0 0.151886 0.531579 0.042813 0.152632
