0 0.556575 0.368421 0.024465 0.068421
0 0.071356 0.636842 0.026504 0.073684
0 0.532110 0.540789 0.026504 0.071053
0 0.694699 0.564474 0.027523 0.076316
0 0.642202 0.561842 0.030581 0.092105
0 0.183996 0.548684 0.025484 0.076316
0 0.146279 0.438158 0.025484 0.076316
0 0.322120 0.330263 0.018349 0.060526
0 0.698267 0.289474 0.016310 0.057895
0 0.733945 0.322368 0.018349 0.055263
0 0.389399 0.406579 0.022426 0.071053
0 0.589704 0.306579 0.019368 0.060526
0 0.486748 0.298684 0.019368 0.065789
0 0.850663 0.364474 0.019368 0.065789
0 0.191131 0.264474 0.017329 0.055263
0 0.265545 0.376316 0.019368 0.063158
0 0.420999 0.255263 0.016310 0.052632
0 0.779817 0.580263 0.026504 0.076316
0 0.631498 0.200000 0.015291 0.052632
0 0.054536 0.155263 0.015291 0.042105
0 0.550968 0.217105 0.019368 0.050000
0 0.012742 0.693421 0.023445 0.076316
0 0.777268 0.113158 0.013252 0.042105
0 0.154944 0.175000 0.018349 0.044737
0 0.101937 0.219737 0.018349 0.055263
0 0.222732 0.164474 0.017329 0.050000
0 0.019368 0.234211 0.016310 0.047368
0 0.550459 0.272368 0.020387 0.050000
0 0.649337 0.293421 0.016310 0.055263
0 0.869011 0.131579 0.015291 0.042105
0 0.243629 0.334211 0.018349 0.047368
0 0.491335 0.205263 0.016310 0.052632
0 0.006116 0.173684 0.010194 0.052632
0 0.769623 0.273684 0.016310 0.057895
0 0.800714 0.275000 0.019368 0.055263
0 0.197248 0.365789 0.019368 0.057895
0 0.048930 0.222368 0.014271 0.044737
0 0.816514 0.031579 0.012232 0.036842
0 0.668196 0.211842 0.015291 0.050000
0 0.515291 0.031579 0.013252 0.042105
0 0.169725 0.036842 0.011213 0.031579
0 0.117737 0.150000 0.013252 0.042105
0 0.024465 0.130263 0.014271 0.050000
0 0.472987 0.506579 0.024465 0.071053
0 0.962793 0.301316 0.017329 0.055263
0 0.143221 0.119737 0.015291 0.044737
0 0.742610 0.078947 0.013252 0.036842
0 0.696738 0.139474 0.015291 0.047368
0 0.660041 0.107895 0.013252 0.036842
0 0.501019 0.126316 0.013252 0.042105
0 0.619776 0.032895 0.012232 0.034211
0 0.974006 0.084211 0.013252 0.042105
0 0.738022 0.144737 0.014271 0.042105
0 0.635576 0.294737 0.015291 0.052632
0 0.423547 0.138158 0.013252 0.044737
0 0.432212 0.572368 0.026504 0.086842
0 0.092253 0.103947 0.013252 0.039474
0 0.619776 0.147368 0.014271 0.042105
0 0.365953 0.071053 0.012232 0.036842
0 0.616208 0.075000 0.015291 0.044737
0 0.469929 0.139474 0.014271 0.042105
0 0.576962 0.125000 0.014271 0.039474
0 0.379205 0.152632 0.014271 0.042105
0 0.798675 0.869737 0.033639 0.113158
0 0.581040 0.040789 0.014271 0.044737
0 0.348624 0.534211 0.026504 0.068421
0 0.389908 0.111842 0.013252 0.039474
0 0.935780 0.022368 0.010194 0.034211
0 0.548930 0.038158 0.013252 0.039474
0 0.996432 0.053947 0.007136 0.044737
0 0.072375 0.111842 0.012232 0.039474
0 0.857288 0.038158 0.014271 0.039474
0 0.278287 0.384211 0.014271 0.063158
0 0.749745 0.197368 0.015291 0.047368
0 0.439857 0.139474 0.013252 0.042105
0 0.076962 0.219737 0.015291 0.044737
0 0.473496 0.250000 0.017329 0.052632
0 0.136086 0.530263 0.023445 0.065789
0 0.799694 0.159211 0.015291 0.044737
0 0.983180 0.053947 0.015291 0.044737
0 0.319062 0.092105 0.014271 0.036842
0 0.992864 0.385526 0.014271 0.065789
0 0.659531 0.146053 0.014271 0.039474
0 0.384302 0.034211 0.014271 0.042105
0 0.764016 0.188158 0.013252 0.050000
0 0.283384 0.090789 0.012232 0.034211
0 0.532110 0.244737 0.016310 0.052632
0 0.896024 0.015789 0.012232 0.026316
0 0.335882 0.497368 0.023445 0.078947
0 0.451580 0.042105 0.014271 0.042105
0 0.430173 0.094737 0.012232 0.036842
0 0.721713 0.150000 0.014271 0.042105
0 0.645260 0.030263 0.010194 0.028947
0 0.124363 0.609211 0.030581 0.071053
0 0.104485 0.098684 0.013252 0.044737
0 0.237003 0.507895 0.029562 0.084211
0 0.318552 0.596053 0.031600 0.092105
0 0.548420 0.940789 0.034659 0.113158
0 0.617227 0.948684 0.037717 0.102632
0 0.389399 0.280263 0.018349 0.044737
0 0.433741 0.415789 0.021407 0.063158
0 0.491845 0.484211 0.017329 0.073684
0 0.858818 0.546053 0.035678 0.097368
0 0.972477 0.122368 0.010194 0.034211
0 0.615698 0.465789 0.018349 0.063158
0 0.126911 0.096053 0.017329 0.039474
0 0.148828 0.052632 0.014271 0.031579
0 0.128440 0.685526 0.032620 0.086842
0 0.006116 0.359211 0.010194 0.050000
