0 0.821101 0.559211 0.029562 0.102632
0 0.074414 0.415789 0.022426 0.057895
0 0.219674 0.576316 0.029562 0.078947
0 0.458206 0.230263 0.015291 0.050000
0 0.952090 0.247368 0.018349 0.057895
0 0.136086 0.422368 0.017329 0.060526
0 0.449541 0.481579 0.022426 0.073684
0 0.746687 0.371053 0.023445 0.063158
0 0.539755 0.330263 0.017329 0.050000
0 0.864424 0.198684 0.014271 0.050000
0 0.437819 0.253947 0.017329 0.055263
0 0.498471 0.213158 0.016310 0.052632
0 0.418960 0.152632 0.018349 0.047368
0 0.362385 0.406579 0.021407 0.065789
0 0.912844 0.332895 0.019368 0.060526
0 0.704893 0.192105 0.017329 0.047368
0 0.603466 0.214474 0.016310 0.055263
0 0.698777 0.369737 0.019368 0.060526
0 0.327727 0.264474 0.015291 0.050000
0 0.280836 0.257895 0.015291 0.047368
0 0.767074 0.585526 0.027523 0.086842
0 0.242100 0.197368 0.017329 0.052632
0 0.031091 0.218421 0.013252 0.042105
0 0.233435 0.371053 0.016310 0.052632
0 0.574924 0.214474 0.016310 0.050000
0 0.808359 0.122368 0.014271 0.044737
0 0.106014 0.117105 0.014271 0.044737
0 0.283384 0.536842 0.020387 0.078947
0 0.339450 0.138158 0.012232 0.039474
0 0.134047 0.811842 0.035678 0.102632
0 0.719164 0.118421 0.015291 0.047368
0 0.011213 0.326316 0.016310 0.047368
0 0.264526 0.181579 0.015291 0.047368
0 0.372579 0.278947 0.017329 0.052632
0 0.991845 0.090789 0.014271 0.039474
0 0.005607 0.231579 0.009174 0.047368
0 0.911315 0.255263 0.016310 0.052632
0 0.976555 0.648684 0.026504 0.081579
0 0.306830 0.421053 0.026504 0.063158
0 0.425076 0.615789 0.022426 0.078947
0 0.470438 0.148684 0.015291 0.044737
0 0.068298 0.198684 0.014271 0.050000
0 0.117737 0.188158 0.015291 0.039474
0 0.958206 0.072368 0.016310 0.044737
0 0.767584 0.175000 0.018349 0.050000
0 0.660550 0.217105 0.014271 0.050000
0 0.913863 0.114474 0.015291 0.039474
0 0.618247 0.094737 0.015291 0.047368
0 0.038736 0.106579 0.016310 0.044737
0 0.378695 0.115789 0.015291 0.042105
0 0.145260 0.164474 0.015291 0.050000
0 0.751274 0.122368 0.012232 0.039474
0 0.523955 0.127632 0.014271 0.044737
0 0.892966 0.257895 0.018349 0.068421
0 0.528033 0.785526 0.046891 0.134211
0 0.016310 0.427632 0.026504 0.065789
0 0.336391 0.056579 0.012232 0.034211
0 0.633537 0.207895 0.017329 0.047368
0 0.493374 0.076316 0.014271 0.042105
0 0.755352 0.043421 0.014271 0.039474
0 0.599898 0.075000 0.013252 0.039474
0 0.588685 0.196053 0.013252 0.050000
0 0.317023 0.084211 0.014271 0.042105
0 0.680428 0.077632 0.013252 0.039474
0 0.579001 0.072368 0.012232 0.034211
0 0.781346 0.098684 0.011213 0.034211
0 0.847604 0.101316 0.013252 0.034211
0 0.169215 0.088158 0.014271 0.044737
0 0.687054 0.159211 0.014271 0.044737
0 0.346585 0.271053 0.018349 0.052632
0 0.185525 0.093421 0.012232 0.039474
0 0.126402 0.147368 0.014271 0.042105
0 0.147299 0.053947 0.011213 0.034211
0 0.396024 0.107895 0.013252 0.042105
0 0.995923 0.582895 0.008155 0.092105
0 0.968400 0.118421 0.012232 0.036842
0 0.927115 0.219737 0.015291 0.050000
0 0.995413 0.596053 0.009174 0.113158
0 0.532620 0.068421 0.011213 0.036842
0 0.135066 0.097368 0.013252 0.036842
0 0.137105 0.026316 0.013252 0.036842
0 0.162589 0.048684 0.013252 0.039474
0 0.192151 0.035526 0.013252 0.039474
0 0.162589 0.135526 0.009174 0.034211
0 0.151886 0.102632 0.012232 0.036842
0 0.183996 0.153947 0.011213 0.050000
0 0.231397 0.186842 0.016310 0.052632
0 0.311927 0.557895 0.024465 0.073684
0 0.173802 0.815789 0.027523 0.100000
0 0.416922 0.757895 0.038736 0.089474
0 0.378186 0.619737 0.028542 0.097368
0 0.287971 0.026316 0.011213 0.031579
0 0.304281 0.028947 0.011213 0.036842
0 0.363405 0.059211 0.015291 0.050000
0 0.437819 0.038158 0.015291 0.039474
0 0.453619 0.114474 0.016310 0.055263
0 0.499490 0.132895 0.012232 0.039474
0 0.476045 0.030263 0.012232 0.039474
0 0.353721 0.119737 0.010194 0.039474
0 0.470948 0.350000 0.016310 0.047368
0 0.378186 0.260526 0.024465 0.068421
0 0.635066 0.022368 0.014271 0.039474
0 0.600408 0.035526 0.012232 0.034211
0 0.568298 0.144737 0.013252 0.036842
0 0.662080 0.150000 0.011213 0.031579
0 0.826707 0.015789 0.016310 0.026316
0 0.847095 0.017105 0.016310 0.028947
0 0.681957 0.017105 0.012232 0.028947
0 0.719674 0.036842 0.014271 0.042105
0 0.772681 0.022368 0.012232 0.039474
0 0.575943 0.696053 0.028542 0.081579
0 0.532620 0.632895 0.023445 0.065789
0 0.600917 0.577632 0.017329 0.065789
0 0.614679 0.601316 0.020387 0.071053
0 0.577472 0.969737 0.045872 0.060526
0 0.712538 0.973684 0.034659 0.052632
0 0.661060 0.500000 0.021407 0.063158
0 0.701835 0.446053 0.031600 0.086842
0 0.238532 0.817105 0.032620 0.086842
0 0.078491 0.746053 0.032620 0.097368
