0 0.628950 0.315789 0.018349 0.057895
0 0.031091 0.347368 0.019368 0.063158
0 0.146279 0.426316 0.021407 0.057895
0 0.349134 0.244737 0.019368 0.057895
0 0.695719 0.118421 0.013252 0.042105
0 0.247706 0.159211 0.016310 0.050000
0 0.303262 0.265789 0.019368 0.057895
0 0.328236 0.090789 0.014271 0.039474
0 0.333333 0.039474 0.010194 0.031579
0 0.180938 0.097368 0.013252 0.031579
0 0.058614 0.302632 0.019368 0.052632
0 0.359327 0.042105 0.011213 0.031579
0 0.127421 0.043421 0.010194 0.034211
0 0.981651 0.078947 0.012232 0.036842
0 0.663099 0.118421 0.013252 0.042105
0 0.114169 0.107895 0.012232 0.036842
0 0.813456 0.122368 0.012232 0.039474
0 0.566769 0.022368 0.010194 0.028947
0 0.253823 0.064474 0.010194 0.028947
0 0.160550 0.038158 0.009174 0.034211
0 0.598369 0.036842 0.012232 0.036842
0 0.182977 0.077632 0.011213 0.034211
0 0.080530 0.067105 0.016310 0.044737
0 0.241081 0.022368 0.011213 0.034211
0 0.259939 0.032895 0.010194 0.034211
0 0.298165 0.084211 0.013252 0.036842
0 0.220183 0.028947 0.012232 0.031579
0 0.226809 0.131579 0.015291 0.036842
0 0.384811 0.030263 0.013252 0.039474
0 0.399083 0.019737 0.013252 0.028947
0 0.421509 0.018421 0.011213 0.031579
0 0.474516 0.014474 0.013252 0.023684
0 0.450561 0.015789 0.012232 0.026316
0 0.487768 0.010526 0.009174 0.015789
0 0.611111 0.019737 0.013252 0.034211
0 0.642202 0.035526 0.014271 0.034211
0 0.850663 0.027632 0.011213 0.039474
0 0.840469 0.019737 0.009174 0.034211
0 0.794597 0.100000 0.009174 0.031579
0 0.944954 0.023684 0.012232 0.042105
