0 0.021916 0.350000 0.017329 0.057895
0 0.641182 0.161842 0.014271 0.050000
0 0.618247 0.198684 0.015291 0.050000
0 0.459735 0.256579 0.018349 0.055263
0 0.975535 0.490789 0.022426 0.060526
0 0.399083 0.230263 0.017329 0.055263
0 0.548420 0.255263 0.018349 0.068421
0 0.240571 0.152632 0.016310 0.047368
0 0.193170 0.075000 0.013252 0.044737
0 0.317533 0.059211 0.011213 0.034211
0 0.343017 0.260526 0.017329 0.063158
0 0.208461 0.080263 0.013252 0.039474
0 0.426096 0.119737 0.014271 0.044737
0 0.369521 0.130263 0.015291 0.050000
0 0.733945 0.057895 0.010194 0.026316
0 0.516310 0.242105 0.019368 0.052632
0 0.483180 0.111842 0.012232 0.034211
0 0.563201 0.232895 0.013252 0.050000
0 0.272171 0.121053 0.014271 0.042105
0 0.079001 0.094737 0.011213 0.031579
0 0.255352 0.131579 0.013252 0.047368
0 0.521916 0.100000 0.012232 0.036842
0 0.670744 0.064474 0.010194 0.028947
0 0.461264 0.207895 0.019368 0.042105
0 0.455657 0.131579 0.014271 0.042105
0 0.227319 0.078947 0.012232 0.036842
0 0.566769 0.014474 0.010194 0.023684
0 0.498981 0.113158 0.013252 0.036842
0 0.109582 0.060526 0.011213 0.031579
0 0.587156 0.040789 0.012232 0.039474
0 0.068807 0.098684 0.009174 0.028947
0 0.959225 0.031579 0.010194 0.036842
0 0.024975 0.113158 0.011213 0.036842
0 0.654434 0.048684 0.014271 0.034211
0 0.748726 0.040789 0.011213 0.028947
0 0.824159 0.036842 0.015291 0.036842
0 0.385831 0.146053 0.017329 0.039474
0 0.288481 0.044737 0.010194 0.031579
0 0.525994 0.056579 0.012232 0.044737
0 0.787462 0.021053 0.011213 0.036842
0 0.808359 0.117105 0.010194 0.034211
0 0.245158 0.027632 0.011213 0.034211
