0 0.718145 0.730000 0.037717 0.125000
0 0.689093 0.573750 0.034659 0.107500
0 0.612640 0.711250 0.038736 0.142500
0 0.576453 0.496250 0.035678 0.112500
0 0.906218 0.680000 0.042813 0.135000
0 0.452599 0.538750 0.032620 0.117500
0 0.938838 0.907500 0.050968 0.125000
0 0.660550 0.468750 0.028542 0.087500
0 0.132518 0.697500 0.042813 0.150000
0 0.226809 0.533750 0.035678 0.102500
0 0.815494 0.542500 0.032620 0.105000
0 0.615189 0.347500 0.023445 0.085000
0 0.276758 0.898750 0.058104 0.162500
0 0.246177 0.393750 0.031600 0.097500
0 0.450051 0.451250 0.025484 0.067500
0 0.345566 0.448750 0.026504 0.077500
0 0.748216 0.552500 0.028542 0.095000
0 0.802243 0.376250 0.024465 0.082500
0 0.610601 0.511250 0.028542 0.087500
0 0.846585 0.837500 0.047910 0.185000
0 0.340979 0.248750 0.017329 0.067500
0 0.897044 0.543750 0.036697 0.112500
0 0.701835 0.955000 0.064220 0.090000
0 0.494903 0.347500 0.025484 0.090000
0 0.724771 0.420000 0.026504 0.080000
0 0.211519 0.405000 0.025484 0.095000
0 0.661570 0.362500 0.024465 0.095000
0 0.726809 0.350000 0.026504 0.065000
0 0.175841 0.305000 0.019368 0.065000
0 0.025994 0.542500 0.035678 0.120000
0 0.689602 0.210000 0.017329 0.065000
0 0.353721 0.555000 0.032620 0.090000
0 0.387360 0.406250 0.024465 0.092500
0 0.628950 0.217500 0.018349 0.060000
0 0.548420 0.360000 0.026504 0.080000
0 0.233435 0.195000 0.016310 0.050000
0 0.069317 0.222500 0.020387 0.060000
0 0.012742 0.323750 0.021407 0.077500
0 0.377166 0.326250 0.020387 0.062500
0 0.264016 0.195000 0.018349 0.055000
0 0.324669 0.333750 0.025484 0.072500
0 0.835882 0.476250 0.026504 0.092500
0 0.865953 0.458750 0.029562 0.082500
0 0.065749 0.350000 0.025484 0.075000
0 0.601427 0.222500 0.016310 0.055000
0 0.644750 0.173750 0.017329 0.052500
0 0.345566 0.166250 0.020387 0.062500
0 0.168196 0.167500 0.016310 0.050000
0 0.956677 0.180000 0.015291 0.050000
0 0.220183 0.296250 0.018349 0.067500
0 0.693680 0.146250 0.015291 0.047500
0 0.400102 0.972500 0.062181 0.055000
0 0.395005 0.170000 0.015291 0.050000
0 0.853721 0.225000 0.019368 0.060000
0 0.170234 0.110000 0.014271 0.045000
0 0.585117 0.136250 0.014271 0.047500
0 0.586646 0.268750 0.019368 0.067500
0 0.905708 0.142500 0.013252 0.040000
0 0.499490 0.212500 0.018349 0.060000
0 0.545362 0.227500 0.018349 0.055000
0 0.202854 0.137500 0.014271 0.045000
0 0.659531 0.170000 0.014271 0.050000
0 0.284913 0.543750 0.023445 0.072500
0 0.126911 0.173750 0.015291 0.047500
0 0.970948 0.321250 0.019368 0.067500
0 0.435780 0.182500 0.015291 0.055000
0 0.405199 0.228750 0.019368 0.072500
0 0.192661 0.226250 0.014271 0.047500
0 0.556575 0.130000 0.014271 0.045000
0 0.992355 0.131250 0.015291 0.042500
0 0.310907 0.206250 0.020387 0.057500
0 0.420999 0.197500 0.016310 0.055000
0 0.503568 0.096250 0.012232 0.037500
0 0.578491 0.201250 0.015291 0.047500
0 0.822120 0.211250 0.017329 0.042500
0 0.785933 0.205000 0.016310 0.045000
0 0.023445 0.142500 0.014271 0.045000
0 0.134557 0.113750 0.016310 0.047500
0 0.926606 0.392500 0.028542 0.080000
0 0.397554 0.118750 0.014271 0.037500
0 0.749745 0.203750 0.017329 0.052500
0 0.790010 0.272500 0.020387 0.070000
0 0.358308 0.075000 0.015291 0.045000
0 0.211009 0.076250 0.012232 0.042500
0 0.338430 0.106250 0.012232 0.037500
0 0.547910 0.098750 0.015291 0.042500
0 0.279307 0.082500 0.012232 0.035000
0 0.640673 0.382500 0.019368 0.065000
0 0.872579 0.187500 0.014271 0.045000
0 0.419980 0.093750 0.012232 0.037500
0 0.055556 0.141250 0.017329 0.047500
0 0.281346 0.141250 0.014271 0.042500
0 0.427115 0.403750 0.018349 0.067500
0 0.008155 0.142500 0.014271 0.050000
0 0.370540 0.163750 0.015291 0.047500
0 0.452090 0.145000 0.015291 0.055000
0 0.483690 0.203750 0.013252 0.052500
0 0.041794 0.105000 0.014271 0.040000
0 0.518349 0.161250 0.017329 0.052500
0 0.044343 0.198750 0.017329 0.047500
0 0.071356 0.162500 0.016310 0.050000
0 0.727319 0.146250 0.011213 0.042500
0 0.809888 0.151250 0.015291 0.042500
0 0.678389 0.106250 0.015291 0.042500
0 0.067278 0.112500 0.012232 0.040000
0 0.812946 0.275000 0.017329 0.055000
0 0.149337 0.153750 0.013252 0.042500
0 0.771152 0.186250 0.011213 0.037500
0 0.321101 0.091250 0.014271 0.037500
0 0.253313 0.152500 0.015291 0.040000
0 0.958206 0.416250 0.022426 0.072500
0 0.636595 0.111250 0.013252 0.037500
0 0.607034 0.181250 0.013252 0.037500
0 0.571865 0.121250 0.010194 0.037500
0 0.853211 0.160000 0.014271 0.045000
0 0.878186 0.355000 0.025484 0.080000
0 0.108563 0.117500 0.015291 0.045000
0 0.826198 0.102500 0.013252 0.035000
0 0.108053 0.078750 0.016310 0.037500
0 0.608053 0.142500 0.017329 0.045000
0 0.886850 0.116250 0.014271 0.037500
0 0.474006 0.090000 0.012232 0.035000
0 0.388889 0.088750 0.013252 0.037500
0 0.249745 0.097500 0.014271 0.040000
0 0.304281 0.155000 0.013252 0.035000
0 0.852192 0.165000 0.014271 0.045000
0 0.190112 0.115000 0.011213 0.040000
0 0.995923 0.943750 0.008155 0.112500
0 0.603976 0.075000 0.011213 0.030000
0 0.006116 0.198750 0.010194 0.057500
0 0.453619 0.137500 0.016310 0.050000
0 0.225790 0.136250 0.013252 0.042500
0 0.242100 0.148750 0.013252 0.047500
0 0.359327 0.131250 0.013252 0.037500
0 0.086646 0.130000 0.016310 0.045000
0 0.146279 0.082500 0.011213 0.035000
0 0.840979 0.155000 0.012232 0.040000
0 0.058614 0.082500 0.011213 0.035000
0 0.102956 0.357500 0.022426 0.075000
0 0.746687 0.143750 0.015291 0.042500
0 0.778287 0.152500 0.013252 0.040000
0 0.844037 0.752500 0.046891 0.100000
0 0.580530 0.420000 0.033639 0.065000
0 0.368502 0.406250 0.019368 0.072500
