0 0.041284 0.635000 0.027523 0.095000
0 0.097350 0.515000 0.029562 0.090000
0 0.050968 0.482500 0.024465 0.075000
0 0.020897 0.401250 0.025484 0.087500
0 0.174312 0.611250 0.034659 0.102500
0 0.173293 0.492500 0.030581 0.095000
0 0.099388 0.363750 0.023445 0.077500
0 0.328236 0.581250 0.032620 0.097500
0 0.340469 0.471250 0.028542 0.097500
0 0.298165 0.413750 0.027523 0.062500
0 0.250765 0.452500 0.026504 0.080000
0 0.202345 0.476250 0.027523 0.082500
0 0.200306 0.398750 0.031600 0.072500
0 0.250255 0.372500 0.027523 0.070000
0 0.155963 0.313750 0.018349 0.062500
0 0.264016 0.318750 0.022426 0.062500
0 0.469419 0.676250 0.037717 0.097500
0 0.454128 0.561250 0.029562 0.092500
0 0.498471 0.633750 0.024465 0.097500
0 0.183486 0.332500 0.020387 0.060000
0 0.219674 0.338750 0.017329 0.067500
0 0.222732 0.237500 0.017329 0.060000
0 0.186035 0.100000 0.017329 0.045000
0 0.225790 0.102500 0.015291 0.040000
0 0.403670 0.388750 0.024465 0.087500
0 0.457696 0.472500 0.032620 0.070000
0 0.486239 0.421250 0.026504 0.082500
0 0.087666 0.087500 0.012232 0.030000
0 0.106014 0.070000 0.012232 0.040000
0 0.048930 0.083750 0.014271 0.037500
0 0.026504 0.065000 0.012232 0.040000
0 0.326198 0.145000 0.016310 0.045000
0 0.363405 0.122500 0.015291 0.040000
0 0.388379 0.132500 0.014271 0.040000
0 0.408257 0.131250 0.015291 0.037500
0 0.133537 0.068750 0.014271 0.037500
0 0.445973 0.178750 0.015291 0.047500
0 0.516820 0.401250 0.020387 0.057500
0 0.543833 0.578750 0.027523 0.092500
0 0.572885 0.663750 0.028542 0.097500
0 0.549439 0.455000 0.028542 0.090000
0 0.522936 0.341250 0.024465 0.072500
0 0.452090 0.242500 0.017329 0.055000
0 0.485219 0.196250 0.014271 0.042500
0 0.514781 0.231250 0.016310 0.057500
0 0.478084 0.156250 0.014271 0.032500
0 0.450561 0.113750 0.014271 0.037500
0 0.432722 0.168750 0.011213 0.042500
0 0.613150 0.575000 0.035678 0.110000
0 0.633537 0.506250 0.023445 0.067500
0 0.639653 0.457500 0.023445 0.075000
0 0.643221 0.342500 0.026504 0.075000
0 0.558614 0.178750 0.014271 0.042500
0 0.588685 0.215000 0.019368 0.060000
0 0.510703 0.138750 0.016310 0.032500
0 0.607034 0.182500 0.013252 0.040000
0 0.546381 0.136250 0.014271 0.037500
0 0.565749 0.116250 0.014271 0.042500
0 0.571865 0.136250 0.016310 0.037500
0 0.646279 0.170000 0.018349 0.045000
0 0.661570 0.137500 0.016310 0.045000
0 0.694699 0.150000 0.011213 0.045000
0 0.712538 0.151250 0.016310 0.042500
0 0.699796 0.375000 0.031600 0.090000
0 0.765545 0.176250 0.012232 0.032500
0 0.695719 0.255000 0.019368 0.050000
0 0.745668 0.243750 0.019368 0.077500
0 0.760958 0.401250 0.025484 0.072500
0 0.782365 0.438750 0.029562 0.067500
0 0.785933 0.540000 0.034659 0.115000
0 0.805810 0.517500 0.023445 0.105000
0 0.827727 0.640000 0.036697 0.135000
0 0.827217 0.488750 0.027523 0.102500
0 0.891947 0.571250 0.034659 0.122500
0 0.895005 0.393750 0.030581 0.082500
0 0.823140 0.331250 0.023445 0.087500
0 0.774720 0.335000 0.018349 0.060000
0 0.794088 0.303750 0.020387 0.062500
0 0.817023 0.242500 0.017329 0.050000
0 0.804791 0.180000 0.015291 0.045000
0 0.849134 0.187500 0.018349 0.050000
0 0.867992 0.173750 0.013252 0.042500
0 0.897044 0.187500 0.014271 0.040000
0 0.906218 0.137500 0.012232 0.035000
0 0.943425 0.535000 0.027523 0.095000
0 0.964322 0.632500 0.030581 0.110000
0 0.984200 0.471250 0.027523 0.092500
0 0.970438 0.146250 0.012232 0.042500
0 0.899592 0.098750 0.013252 0.037500
0 0.929664 0.160000 0.012232 0.035000
0 0.871050 0.100000 0.015291 0.040000
0 0.636086 0.091250 0.012232 0.027500
0 0.616208 0.097500 0.013252 0.030000
0 0.316004 0.476250 0.024465 0.092500
