0 0.888889 0.757895 0.030581 0.094737
0 0.708461 0.318421 0.018349 0.057895
0 0.481142 0.427632 0.024465 0.071053
0 0.749745 0.463158 0.019368 0.068421
0 0.051988 0.455263 0.018349 0.063158
0 0.944444 0.315789 0.019368 0.052632
0 0.328236 0.314474 0.016310 0.050000
0 0.550968 0.327632 0.019368 0.055263
0 0.776758 0.334211 0.016310 0.057895
0 0.098879 0.536842 0.022426 0.073684
0 0.612130 0.317105 0.019368 0.055263
0 0.293068 0.580263 0.025484 0.076316
0 0.396024 0.282895 0.017329 0.055263
0 0.786442 0.431579 0.023445 0.068421
0 0.539246 0.219737 0.016310 0.050000
0 0.537207 0.388158 0.020387 0.050000
0 0.173293 0.360526 0.020387 0.068421
0 0.233945 0.315789 0.019368 0.052632
0 0.205912 0.296053 0.018349 0.050000
0 0.009684 0.231579 0.017329 0.047368
0 0.332314 0.123684 0.014271 0.047368
0 0.986239 0.653947 0.025484 0.102632
0 0.343017 0.210526 0.017329 0.047368
0 0.412844 0.543421 0.028542 0.076316
0 0.068807 0.286842 0.013252 0.047368
0 0.345566 0.572368 0.030581 0.086842
0 0.913863 0.138158 0.017329 0.050000
0 0.207951 0.402632 0.018349 0.057895
0 0.440367 0.193421 0.018349 0.044737
0 0.630989 0.726316 0.038736 0.110526
0 0.627421 0.203947 0.017329 0.044737
0 0.702854 0.138158 0.015291 0.044737
0 0.089704 0.188158 0.014271 0.050000
0 0.399083 0.138158 0.015291 0.044737
0 0.224771 0.584211 0.023445 0.078947
0 0.273700 0.185526 0.015291 0.055263
0 0.577982 0.134211 0.016310 0.047368
0 0.874108 0.138158 0.015291 0.044737
0 0.032620 0.150000 0.014271 0.042105
0 0.108053 0.102632 0.012232 0.042105
0 0.376147 0.118421 0.014271 0.042105
0 0.500000 0.185526 0.015291 0.050000
0 0.276758 0.353947 0.017329 0.050000
0 0.841488 0.526316 0.021407 0.063158
0 0.154944 0.027632 0.012232 0.034211
0 0.007136 0.456579 0.012232 0.071053
0 0.083588 0.088158 0.012232 0.034211
0 0.114169 0.372368 0.016310 0.050000
0 0.679409 0.114474 0.015291 0.039474
0 0.723242 0.038158 0.015291 0.044737
0 0.854230 0.047368 0.012232 0.036842
0 0.249745 0.184211 0.014271 0.047368
0 0.293068 0.196053 0.017329 0.055263
0 0.030071 0.093421 0.013252 0.044737
0 0.128950 0.428947 0.017329 0.057895
0 0.762997 0.118421 0.013252 0.042105
0 0.049439 0.235526 0.015291 0.055263
0 0.995413 0.292105 0.009174 0.068421
0 0.144750 0.190789 0.016310 0.055263
0 0.872069 0.030263 0.009174 0.028947
0 0.132008 0.175000 0.013252 0.044737
0 0.004587 0.171053 0.007136 0.042105
0 0.233945 0.185526 0.015291 0.050000
0 0.127931 0.102632 0.011213 0.036842
0 0.199286 0.561842 0.029562 0.102632
0 0.161060 0.194737 0.014271 0.042105
0 0.668196 0.082895 0.013252 0.039474
0 0.114679 0.060526 0.011213 0.031579
0 0.581549 0.027632 0.011213 0.034211
0 0.133537 0.136842 0.012232 0.036842
0 0.064220 0.110526 0.014271 0.042105
0 0.252294 0.296053 0.013252 0.039474
0 0.812436 0.059211 0.012232 0.039474
0 0.790010 0.061842 0.012232 0.034211
0 0.098369 0.142105 0.011213 0.036842
0 0.300714 0.256579 0.018349 0.060526
0 0.774720 0.090789 0.012232 0.044737
0 0.510703 0.159211 0.014271 0.044737
0 0.198267 0.206579 0.013252 0.044737
0 0.211009 0.152632 0.018349 0.052632
0 0.066769 0.185526 0.019368 0.044737
0 0.165138 0.084211 0.012232 0.036842
0 0.623853 0.101316 0.014271 0.050000
0 0.206932 0.093421 0.014271 0.039474
0 0.238532 0.272368 0.016310 0.039474
0 0.748726 0.067105 0.013252 0.034211
0 0.961774 0.269737 0.015291 0.044737
0 0.405199 0.057895 0.011213 0.031579
0 0.760958 0.040789 0.011213 0.039474
0 0.641692 0.094737 0.015291 0.052632
0 0.471458 0.127632 0.015291 0.039474
0 0.493884 0.061842 0.015291 0.044737
0 0.544343 0.751316 0.042813 0.113158
0 0.442406 0.728947 0.030581 0.089474
0 0.707441 0.889474 0.038736 0.084211
0 0.320591 0.442105 0.021407 0.063158
0 0.396534 0.493421 0.020387 0.060526
0 0.425586 0.115789 0.013252 0.042105
0 0.433231 0.051316 0.014271 0.034211
0 0.490316 0.106579 0.014271 0.034211
0 0.553517 0.134211 0.014271 0.042105
0 0.540775 0.035526 0.013252 0.034211
0 0.524465 0.119737 0.015291 0.044737
0 0.467890 0.034211 0.014271 0.036842
0 0.926606 0.032895 0.014271 0.039474
0 0.896024 0.019737 0.014271 0.034211
0 0.771662 0.828947 0.046891 0.121053
0 0.008155 0.855263 0.014271 0.094737
