0 0.368308 0.435858 0.0260878 0.0909768
0 0.80805 0.899643 0.0455885 0.162679
0 0.716453 0.814991 0.0591615 0.171263
0 0.39326 0.585119 0.0344189 0.126451
0 0.922116 0.475385 0.0332533 0.109996
0 0.251967 0.535511 0.0322222 0.109877
0 0.472386 0.521089 0.0354447 0.112816
0 0.680187 0.268156 0.0239904 0.0768479
0 0.519263 0.618712 0.0366679 0.1355
0 0.628753 0.645383 0.0364611 0.12767
0 0.459878 0.416048 0.0268942 0.0818918
0 0.33032 0.371828 0.0240476 0.0823529
0 0.608764 0.565784 0.0264903 0.104295
0 0.55429 0.25854 0.0260937 0.0651161
0 0.305248 0.3057 0.0263556 0.0688096
0 0.41552 0.405804 0.0259668 0.0813204
0 0.341021 0.22644 0.0195451 0.0615393
0 0.0925901 0.344829 0.022998 0.086681
0 0.509252 0.394886 0.0244354 0.0790512
0 0.516169 0.225805 0.0233431 0.0689795
0 0.869819 0.944361 0.0585483 0.104858
0 0.553684 0.340359 0.0237736 0.0736688
0 0.773019 0.271577 0.0233348 0.0630817
0 0.831596 0.281499 0.0216367 0.0701892
0 0.107141 0.189747 0.0195397 0.0569846
0 0.605266 0.228164 0.0200518 0.0678678
0 0.55988 0.194506 0.0168151 0.0566958
0 0.762908 0.178731 0.017552 0.0565898
0 0.460671 0.253665 0.0236334 0.0771964
0 0.366985 0.948006 0.0703267 0.103987
0 0.887618 0.245972 0.0238731 0.0732707
0 0.704721 0.145716 0.0167394 0.0480211
0 0.960423 0.261981 0.0220958 0.0782202
0 0.0359721 0.33023 0.0308118 0.0992897
0 0.167252 0.216973 0.0182522 0.0655756
0 0.989414 0.458394 0.0211716 0.103762
0 0.0583339 0.175351 0.020558 0.0696626
0 0.516668 0.153569 0.0176227 0.0543345
0 0.0444608 0.572904 0.0421583 0.126524
0 0.2282 0.178793 0.0172568 0.0656243
0 0.572993 0.138331 0.0164899 0.0486421
0 0.628035 0.264044 0.0208172 0.0632573
0 0.329664 0.190463 0.0163433 0.0553235
0 0.795671 0.129459 0.0144767 0.0451126
0 0.257052 0.287798 0.0230996 0.0734317
0 0.276131 0.200552 0.0167157 0.068732
0 0.0281518 0.217452 0.0197084 0.0670405
0 0.222863 0.281165 0.0224643 0.074094
0 0.945296 0.136269 0.0151607 0.0457797
0 0.38277 0.21591 0.0172569 0.0654894
0 0.923609 0.249423 0.0170444 0.0566287
0 0.408026 0.144255 0.01796 0.0641419
0 0.183221 0.179036 0.0153665 0.0568099
0 0.652952 0.238276 0.0165178 0.0608852
0 0.144956 0.126853 0.0141203 0.0462936
0 0.985036 0.897431 0.0297086 0.137053
0 0.290487 0.108621 0.0143821 0.0449461
0 0.429148 0.201515 0.0182476 0.061023
0 0.195844 0.246907 0.0183296 0.0611273
0 0.0303149 0.125083 0.0153006 0.0524879
0 0.0810872 0.199504 0.0213983 0.0614127
0 0.00970315 0.0784034 0.0152613 0.0429152
0 0.429706 0.114869 0.0148659 0.0439287
0 0.504395 0.0404718 0.0151499 0.0429861
0 0.593825 0.100361 0.0125526 0.0438781
0 0.0620697 0.0667533 0.0143119 0.0437247
0 0.245046 0.134917 0.0166439 0.0577532
0 0.555436 0.13883 0.0138742 0.0480324
0 0.218519 0.0879254 0.013338 0.0390172
0 0.73926 0.136615 0.0134254 0.0425
0 0.978785 0.122597 0.0157684 0.0439147
0 0.662202 0.111578 0.0143404 0.0444248
0 0.372318 0.171363 0.0192062 0.0561106
0 0.101753 0.0996306 0.0126871 0.0462208
0 0.619267 0.0388519 0.0111263 0.0361217
0 0.217753 0.536564 0.0314016 0.0831883
0 0.834935 0.146879 0.0145219 0.0476198
0 0.863129 0.201365 0.0195515 0.0695434
0 0.413634 0.0752653 0.0141037 0.0451672
0 0.124625 0.116645 0.0131641 0.0453724
0 0.613625 0.118262 0.0152063 0.0474471
0 0.243494 0.032774 0.0125969 0.0410407
0 0.647379 0.0381683 0.0120159 0.0392593
0 0.969478 0.16067 0.014851 0.0512693
0 0.698237 0.0287878 0.0119122 0.0428623
0 0.204395 0.100322 0.0110197 0.0397378
0 0.451862 0.0993933 0.0134107 0.0505054
0 0.157421 0.158368 0.0201726 0.0542012
0 0.728809 0.0301817 0.0116062 0.0399987
0 0.536326 0.0618022 0.01353 0.041615
0 0.529333 0.139756 0.0134306 0.0498947
0 0.178009 0.0729265 0.0137671 0.0426462
0 0.309752 0.061922 0.0133514 0.0401972
0 0.25958 0.142898 0.013739 0.0508668
0 0.354898 0.0884612 0.0168346 0.0438451
0 0.198948 0.205886 0.0173277 0.0478719
0 0.931751 0.103159 0.013488 0.0403865
0 0.337172 0.0676269 0.0135626 0.0454716
0 0.833265 0.0999246 0.0133066 0.0385328
0 0.658854 0.0649712 0.0134945 0.0380283
0 0.359745 0.0237856 0.010101 0.0284736
0 0.761382 0.120012 0.0144212 0.0400729
0 0.896826 0.0797096 0.0123825 0.0360418
0 0.0840807 0.0825207 0.0128059 0.0392949
0 0.848814 0.106237 0.013049 0.0436281
0 0.180037 0.124586 0.013289 0.0410514
0 0.343321 0.147288 0.0181555 0.0513568
0 0.480678 0.0570371 0.0130107 0.0315201
0 0.770806 0.0474914 0.0107773 0.0343599
0 0.211879 0.171025 0.0145276 0.0531287
0 0.372889 0.0774819 0.0119737 0.0389707
0 0.266356 0.0495287 0.0109964 0.0373137
0 0.293637 0.0685183 0.0126749 0.0350778
0 0.811326 0.0775864 0.0127857 0.0402846
0 0.193413 0.0542464 0.0125376 0.0407132
0 0.660567 0.801618 0.0546028 0.149611
0 0.260455 0.294105 0.0221249 0.0720587
0 0.382982 0.084636 0.0121927 0.0375909
0 0.220068 0.0469725 0.0108581 0.0324891
0 0.00509075 0.246379 0.00953208 0.0676053
0 0.110436 0.246248 0.0163272 0.0534149
0 0.0866355 0.0414695 0.0120525 0.037822
0 0.704133 0.211604 0.0163317 0.0464532
0 0.56696 0.0610767 0.0129273 0.0366116
0 0.902778 0.263075 0.0130859 0.0531102
0 0.114804 0.0866195 0.0116395 0.0387587
0 0.341205 0.0353219 0.0108223 0.0262806
0 0.797804 0.0709321 0.0113583 0.0367168
0 0.4444 0.211368 0.0149019 0.0584831
0 0.373239 0.328526 0.0272447 0.0777322
0 0.880575 0.0582867 0.0122174 0.0382592
0 0.642832 0.0798886 0.0131326 0.0378747
0 0.160488 0.067183 0.0101707 0.0342022
