0 0.22313 0.759121 0.0416709 0.147749
0 0.186673 0.52764 0.0346811 0.12862
0 0.760093 0.765481 0.042186 0.165148
0 0.959724 0.776451 0.0526127 0.177729
0 0.345667 0.658577 0.0379387 0.124483
0 0.455893 0.614036 0.036437 0.140053
0 0.369224 0.365417 0.0272327 0.0867045
0 0.501495 0.347353 0.0290859 0.0908478
0 0.594053 0.657679 0.0383961 0.15348
0 0.258626 0.319658 0.0279829 0.0970815
0 0.944869 0.467442 0.0363952 0.112647
0 0.0302987 0.573584 0.0386602 0.135367
0 0.320905 0.195961 0.0214623 0.0739548
0 0.124043 0.363506 0.0262638 0.0856482
0 0.434219 0.334627 0.0302274 0.0899736
0 0.53895 0.303994 0.025188 0.0811007
0 0.157169 0.318961 0.0218458 0.0803162
0 0.578429 0.252196 0.0247046 0.0785402
0 0.840481 0.191749 0.0166581 0.0606328
0 0.31597 0.336975 0.0266069 0.0747528
0 0.492701 0.231009 0.0191721 0.0588279
0 0.385565 0.290665 0.0203394 0.0663205
0 0.539644 0.207375 0.0201398 0.0672218
0 0.113574 0.278891 0.0224928 0.0762917
0 0.227017 0.205254 0.0205445 0.0698443
0 0.607482 0.132514 0.0169028 0.0545663
0 0.286323 0.247884 0.0236207 0.0644838
0 0.369428 0.26198 0.0178202 0.06331
0 0.408678 0.180577 0.0207544 0.0671901
0 0.419736 0.246564 0.0222113 0.0675075
0 0.482538 0.294603 0.0239998 0.0761464
0 0.689717 0.254251 0.0253942 0.0771756
0 0.451707 0.206513 0.0189765 0.0709091
0 0.480689 0.140462 0.0132572 0.0488608
0 0.34425 0.123169 0.0170204 0.059555
0 0.744853 0.208755 0.0213917 0.0580022
0 0.652773 0.206889 0.0201556 0.0608788
0 0.201439 0.19697 0.0194782 0.063465
0 0.550444 0.963904 0.0615429 0.0687084
0 0.508486 0.138378 0.0159044 0.0523654
0 0.723002 0.223056 0.0198473 0.0730114
0 0.473749 0.209657 0.0190779 0.06761
0 0.235748 0.134976 0.017669 0.0561204
0 0.81432 0.212724 0.0187031 0.0566946
0 0.214328 0.260743 0.0184548 0.0645315
0 0.308115 0.0884125 0.0137587 0.0475042
0 0.0657921 0.120856 0.0156961 0.0486774
0 0.851364 0.876697 0.0615511 0.160574
0 0.557066 0.12138 0.0153717 0.0535354
0 0.395585 0.136034 0.0170481 0.0537173
0 0.579737 0.178172 0.0190717 0.0518535
0 0.442579 0.137591 0.0160522 0.0526878
0 0.15605 0.115785 0.0141004 0.0485986
0 0.877236 0.104271 0.012728 0.0444039
0 0.262822 0.142441 0.0166881 0.0502693
0 0.988049 0.923691 0.0232914 0.152617
0 0.488916 0.0746547 0.0145695 0.0458108
0 0.667936 0.0349602 0.0137094 0.043438
0 0.66159 0.295902 0.0199793 0.0644236
0 0.533732 0.113129 0.0137213 0.0466022
0 0.674309 0.126197 0.0135708 0.0459027
0 0.624343 0.308947 0.0226315 0.0651543
0 0.458374 0.0667464 0.0136559 0.0441286
0 0.0980545 0.143006 0.0153127 0.0483101
0 0.294755 0.167204 0.0177077 0.0549581
0 0.116773 0.11714 0.0134949 0.0429874
0 0.373757 0.0894903 0.0173352 0.0526031
0 0.0218542 0.243551 0.0222573 0.0757547
0 0.654721 0.108949 0.0142652 0.0432377
0 0.700987 0.175594 0.0183562 0.0572925
0 0.0495232 0.108449 0.0148465 0.0459921
0 0.741684 0.0762662 0.0145384 0.0430402
0 0.0710332 0.242515 0.0203269 0.0638995
0 0.683626 0.0965029 0.0115043 0.0358946
0 0.0852502 0.164576 0.0155088 0.0516134
0 0.851614 0.100674 0.0121429 0.0388909
0 0.190124 0.0407205 0.0140913 0.0461382
0 0.937823 0.167357 0.016239 0.0466565
0 0.626452 0.117101 0.0132028 0.0470546
0 0.137797 0.134593 0.0144285 0.0511033
0 0.259074 0.06519 0.0115964 0.035068
0 0.174744 0.123774 0.0149496 0.0480739
0 0.0841398 0.112155 0.0132626 0.0405925
0 0.332609 0.100445 0.0121062 0.046684
0 0.331394 0.0437492 0.0136115 0.0396588
0 0.3656 0.0438256 0.0118159 0.0338108
0 0.289456 0.126738 0.0127236 0.0417809
0 0.991209 0.140284 0.0148739 0.0409524
0 0.418502 0.0880593 0.0159385 0.0411628
0 0.398141 0.0686308 0.0145946 0.0442527
0 0.851904 0.84747 0.0607124 0.103236
0 0.210961 0.11564 0.0149366 0.047104
0 0.592292 0.104624 0.0142798 0.0454241
0 0.724069 0.029385 0.0117965 0.0402504
0 0.209947 0.0663751 0.0151595 0.0445217
0 0.0930816 0.0327674 0.0122147 0.0376454
0 0.235424 0.0490226 0.0136313 0.0444119
0 0.347668 0.0526351 0.0141177 0.0417163
0 0.044768 0.0705068 0.0135389 0.0351784
0 0.8947 0.0877859 0.0154077 0.0419401
0 0.601474 0.249813 0.0239733 0.0777877
0 0.0351644 0.116925 0.0116418 0.0400489
0 0.773281 0.0459274 0.0118303 0.0341408
0 0.412474 0.128404 0.0155752 0.0441447
0 0.818178 0.141016 0.0154011 0.0437504
0 0.770014 0.241734 0.0163868 0.0536408
0 0.522557 0.130556 0.0132153 0.0474972
0 0.714911 0.134264 0.0146351 0.0499632
0 0.021204 0.175729 0.0179699 0.054462
0 0.642361 0.0937039 0.0125049 0.0406433
0 0.793848 0.156233 0.0166324 0.0505663
0 0.599004 0.0403347 0.0119873 0.0366475
0 0.696973 0.07728 0.0106518 0.0340739
0 0.0707818 0.318114 0.0204041 0.0720181
0 0.747852 0.120696 0.0137979 0.0465505
0 0.484664 0.0340121 0.0122965 0.0337868
0 0.0681971 0.170648 0.0175114 0.0507451
0 0.437791 0.0656502 0.0164792 0.0441935
0 0.521046 0.0561543 0.0130052 0.0429297
0 0.869804 0.070075 0.0148933 0.0400098
0 0.790502 0.0442573 0.0105667 0.0306189
0 0.785082 0.242641 0.0150021 0.0491739
