0 0.335372 0.568421 0.032620 0.089474
0 0.292559 0.494737 0.024465 0.073684
0 0.226300 0.607895 0.026504 0.068421
0 0.492864 0.222368 0.015291 0.050000
0 0.536697 0.435526 0.027523 0.076316
0 0.474516 0.513158 0.027523 0.073684
0 0.707951 0.310526 0.019368 0.057895
0 0.942915 0.361842 0.024465 0.065789
0 0.832824 0.280263 0.018349 0.050000
0 0.145260 0.543421 0.023445 0.071053
0 0.804281 0.594737 0.026504 0.078947
0 0.665138 0.284211 0.017329 0.063158
0 0.607034 0.214474 0.015291 0.050000
0 0.446993 0.218421 0.015291 0.047368
0 0.527523 0.151316 0.015291 0.039474
0 0.945464 0.157895 0.015291 0.047368
0 0.965341 0.190789 0.012232 0.044737
0 0.405708 0.180263 0.016310 0.044737
0 0.442406 0.075000 0.012232 0.039474
0 0.254842 0.064474 0.012232 0.039474
0 0.478084 0.218421 0.012232 0.047368
0 0.360856 0.184211 0.016310 0.047368
0 0.515800 0.109211 0.014271 0.039474
0 0.562691 0.223684 0.016310 0.047368
0 0.020387 0.194737 0.014271 0.042105
0 0.899592 0.156579 0.013252 0.044737
0 0.135576 0.168421 0.014271 0.042105
0 0.059123 0.148684 0.014271 0.044737
0 0.577982 0.200000 0.016310 0.047368
0 0.232926 0.160526 0.015291 0.047368
0 0.293068 0.189474 0.013252 0.052632
0 0.155963 0.064474 0.012232 0.034211
0 0.407238 0.096053 0.013252 0.039474
0 0.643731 0.201316 0.015291 0.044737
0 0.541284 0.111842 0.012232 0.039474
0 0.651376 0.252632 0.014271 0.052632
0 0.004587 0.146053 0.007136 0.044737
0 0.706932 0.064474 0.011213 0.028947
0 0.006116 0.231579 0.010194 0.052632
0 0.530581 0.202632 0.015291 0.047368
0 0.271152 0.252632 0.016310 0.047368
0 0.301223 0.268421 0.019368 0.057895
0 0.667176 0.563158 0.029562 0.084211
0 0.889908 0.103947 0.012232 0.039474
0 0.178389 0.055263 0.012232 0.031579
0 0.615698 0.088158 0.010194 0.034211
0 0.348114 0.107895 0.015291 0.042105
0 0.530581 0.086842 0.013252 0.042105
0 0.175841 0.134211 0.013252 0.036842
0 0.117737 0.142105 0.013252 0.042105
0 0.403670 0.036842 0.010194 0.031579
0 0.739551 0.130263 0.023445 0.055263
0 0.606524 0.489474 0.028542 0.084211
0 0.127421 0.055263 0.010194 0.031579
0 0.374108 0.102632 0.012232 0.036842
0 0.069317 0.082895 0.012232 0.034211
0 0.391947 0.043421 0.011213 0.034211
0 0.228848 0.082895 0.013252 0.034211
0 0.172783 0.132895 0.015291 0.039474
0 0.478593 0.019737 0.011213 0.034211
0 0.538226 0.660526 0.030581 0.078947
0 0.725280 0.564474 0.037717 0.102632
0 0.093782 0.178947 0.014271 0.042105
0 0.096330 0.206579 0.011213 0.034211
0 0.108053 0.047368 0.010194 0.031579
0 0.099898 0.082895 0.012232 0.034211
0 0.196738 0.055263 0.010194 0.042105
0 0.212029 0.057895 0.010194 0.031579
0 0.353721 0.053947 0.012232 0.039474
0 0.496942 0.014474 0.013252 0.023684
0 0.571865 0.046053 0.012232 0.034211
0 0.603976 0.319737 0.021407 0.050000
0 0.649337 0.051316 0.014271 0.039474
0 0.903670 0.102632 0.013252 0.052632
0 0.985729 0.040789 0.016310 0.034211
