0 0.550061 0.541604 0.0337356 0.107467
0 0.792417 0.573629 0.0390398 0.119665
0 0.868591 0.634283 0.0506853 0.14749
0 0.97594 0.601997 0.0471485 0.124811
0 0.58324 0.776297 0.0480439 0.143661
0 0.233461 0.529214 0.0324147 0.124288
0 0.791628 0.413687 0.0338835 0.105226
0 0.843727 0.321495 0.0249773 0.10558
0 0.7375 0.531828 0.0316281 0.119041
0 0.723706 0.187342 0.0164755 0.0631925
0 0.0236396 0.839436 0.0472792 0.179061
0 0.618864 0.587272 0.0325359 0.1085
0 0.433126 0.631394 0.0401045 0.143954
0 0.301431 0.361429 0.0262259 0.081316
0 0.788979 0.85281 0.0475819 0.192197
0 0.569572 0.248728 0.0207453 0.0605125
0 0.293146 0.285961 0.0221741 0.0755826
0 0.112969 0.858974 0.057278 0.15764
0 0.605853 0.29691 0.0242982 0.0809447
0 0.884421 0.353046 0.0290959 0.0950147
0 0.925275 0.414207 0.0272222 0.0895237
0 0.231654 0.248699 0.0210122 0.0735777
0 0.466587 0.234312 0.0210555 0.0583399
0 0.981943 0.438742 0.0316522 0.109206
0 0.89998 0.575342 0.0307476 0.127367
0 0.459423 0.305845 0.0243301 0.0718388
0 0.384328 0.196399 0.0234834 0.0646146
0 0.940298 0.895445 0.0596684 0.139411
0 0.208569 0.231709 0.018425 0.0598254
0 0.93795 0.287355 0.0222805 0.0750306
0 0.304259 0.20483 0.0184429 0.0669863
0 0.661831 0.313805 0.0266621 0.0807026
0 0.382888 0.295579 0.027079 0.0829877
0 0.491617 0.227929 0.0176403 0.0660446
0 0.682024 0.257674 0.0203909 0.075323
0 0.699402 0.206558 0.0178528 0.0618286
0 0.972184 0.838788 0.0412392 0.145477
0 0.0271248 0.541485 0.0402566 0.11723
0 0.571533 0.194077 0.0203964 0.0586891
0 0.0909349 0.129749 0.016088 0.0531774
0 0.154634 0.12643 0.0181173 0.0542655
0 0.757109 0.147227 0.0169282 0.051341
0 0.885761 0.21116 0.0191963 0.0652302
0 0.619601 0.179018 0.0190351 0.0607895
0 0.472833 0.0934376 0.0138349 0.0468206
0 0.263087 0.221256 0.0177296 0.0617918
0 0.984055 0.350122 0.0248045 0.0683131
0 0.519455 0.180776 0.0199152 0.0725793
0 0.830283 0.212378 0.0198654 0.0697036
0 0.501658 0.110692 0.0174877 0.0523236
0 0.953837 0.151079 0.0161359 0.0554032
0 0.43926 0.193182 0.0169861 0.0587511
0 0.26636 0.137758 0.0146438 0.0413058
0 0.675829 0.18844 0.019253 0.0635221
0 0.594649 0.210653 0.0168426 0.0548671
0 0.581208 0.0699292 0.0149922 0.0433182
0 0.247627 0.15809 0.0177358 0.0553394
0 0.159244 0.183352 0.0194826 0.0588747
0 0.431203 0.0996872 0.0169851 0.0498982
0 0.0471797 0.216196 0.0185523 0.0624765
0 0.068189 0.0695046 0.0124912 0.0380297
0 0.972208 0.0975119 0.0153922 0.0476396
0 0.213167 0.157708 0.0181987 0.0630934
0 0.719314 0.954464 0.0494368 0.0898671
0 0.229296 0.110188 0.0154562 0.0482748
0 0.825464 0.148224 0.0179045 0.0458439
0 0.325717 0.115954 0.0184648 0.0551183
0 0.2961 0.0768797 0.0146164 0.0458581
0 0.198713 0.149201 0.0143265 0.0530917
0 0.0132324 0.222853 0.0205667 0.06695
0 0.634954 0.271231 0.020105 0.0621682
0 0.992807 0.284608 0.0143853 0.0723223
0 0.0625179 0.12495 0.0158152 0.0501287
0 0.51827 0.0419686 0.0117218 0.039739
0 0.384435 0.108358 0.0162182 0.0441609
0 0.356461 0.108068 0.016956 0.0510303
0 0.658859 0.0379861 0.0119751 0.0359602
0 0.770204 0.297716 0.021971 0.0752541
0 0.717068 0.0262311 0.011693 0.0396377
0 0.108855 0.0768538 0.0108422 0.0342623
0 0.218827 0.0777377 0.012417 0.0422815
0 0.154352 0.0606712 0.0147052 0.0393152
0 0.558749 0.0621956 0.0111794 0.0402415
0 0.83258 0.857772 0.0292034 0.0985501
0 0.756069 0.0652379 0.0107153 0.0351459
0 0.900676 0.154957 0.0141857 0.0499469
0 0.629409 0.0666262 0.0134748 0.0377581
0 0.926256 0.0903309 0.0141653 0.0410086
0 0.45641 0.0944963 0.0170574 0.0473611
0 0.0140255 0.0749749 0.0113138 0.0342889
0 0.680962 0.0313646 0.0111927 0.03613
0 0.794813 0.0776158 0.0121912 0.0377606
0 0.443319 0.153449 0.0185591 0.0464962
0 0.456563 0.0283457 0.0136288 0.038921
0 0.692324 0.0641602 0.013283 0.0370351
0 0.430861 0.040193 0.0132971 0.0356691
0 0.12356 0.0877968 0.0133626 0.0420737
0 0.031561 0.71474 0.0433364 0.165829
0 0.0541754 0.0560645 0.00966711 0.0309235
0 0.379861 0.0569084 0.0122705 0.0349208
0 0.53916 0.0582096 0.0147646 0.0411126
0 0.809845 0.0786354 0.0123962 0.0370638
0 0.31012 0.0995115 0.0142275 0.0519573
0 0.833165 0.0687981 0.0134132 0.0399236
0 0.727943 0.0702227 0.0115104 0.0357612
0 0.412133 0.0577246 0.0130436 0.0372803
0 0.871567 0.1162 0.014973 0.0384448
0 0.410627 0.103918 0.0138848 0.0405623
0 0.00374106 0.146573 0.006774 0.0473678
0 0.216063 0.0293089 0.0113052 0.0341277
0 0.606242 0.0540283 0.0149479 0.0411635
