0 0.539115 0.679597 0.0425303 0.147384
0 0.220288 0.769477 0.0503962 0.15545
0 0.618798 0.639101 0.0419961 0.143685
0 0.802274 0.850003 0.0478106 0.169582
0 0.4207 0.864488 0.0631128 0.180024
0 0.461421 0.749221 0.0403673 0.142439
0 0.883475 0.709271 0.0443281 0.156056
0 0.115541 0.442836 0.0357874 0.111236
0 0.556333 0.883985 0.0422876 0.16805
0 0.341143 0.690003 0.0534685 0.170451
0 0.721074 0.520768 0.0372912 0.112982
0 0.696538 0.815475 0.0510856 0.170241
0 0.575053 0.332865 0.0314014 0.088697
0 0.509173 0.528363 0.036993 0.111994
0 0.302869 0.461624 0.030036 0.114795
0 0.966927 0.353002 0.0279356 0.0958541
0 0.0875668 0.566913 0.0320805 0.110157
0 0.453671 0.464181 0.030228 0.103107
0 0.470783 0.623063 0.0433958 0.126888
0 0.0942535 0.847173 0.0549713 0.158707
0 0.838635 0.456515 0.0315628 0.117532
0 0.268663 0.513812 0.032468 0.104648
0 0.787619 0.480017 0.0312754 0.109463
0 0.782821 0.619142 0.0390015 0.13246
0 0.518044 0.390838 0.0267182 0.0847573
0 0.915103 0.361709 0.0352278 0.111
0 0.171926 0.515921 0.0318531 0.124007
0 0.431118 0.596827 0.0359472 0.116382
0 0.404499 0.512383 0.0367513 0.112732
0 0.680252 0.212869 0.0216532 0.0812672
0 0.157548 0.193971 0.0180254 0.0597555
0 0.0313817 0.43151 0.0293469 0.115794
0 0.664297 0.522981 0.0295529 0.11913
0 0.374878 0.624418 0.0302441 0.147916
0 0.181512 0.206832 0.0201751 0.0681495
0 0.285138 0.345976 0.0296035 0.0935193
0 0.483322 0.291985 0.0249638 0.0756846
0 0.606716 0.265082 0.023861 0.0840431
0 0.745979 0.968134 0.0552018 0.0637319
0 0.983829 0.848121 0.0323412 0.159625
0 0.0982766 0.190402 0.0166826 0.0575729
0 0.120518 0.198811 0.0199681 0.0731638
0 0.726152 0.316102 0.023873 0.0766854
0 0.266786 0.246884 0.02206 0.0680618
0 0.260202 0.434598 0.0338711 0.0820692
0 0.429717 0.242371 0.0256241 0.0762966
0 0.576476 0.196468 0.020307 0.0563119
0 0.369175 0.474639 0.029402 0.107655
0 0.703753 0.256517 0.0211372 0.0712512
0 0.236777 0.270985 0.0252469 0.0687209
0 0.177266 0.376672 0.0221792 0.0766694
0 0.677102 0.454227 0.0319176 0.108327
0 0.241933 0.343916 0.0214178 0.0762346
0 0.12557 0.802419 0.0342424 0.175911
0 0.353528 0.1673 0.0186106 0.0629379
0 0.549916 0.178259 0.0191546 0.0559399
0 0.460985 0.222998 0.0222413 0.0707437
0 0.897877 0.946104 0.0506029 0.10403
0 0.779456 0.226774 0.0206602 0.0658519
0 0.196664 0.502016 0.0250861 0.134211
0 0.526195 0.219983 0.0179477 0.0632474
0 0.283753 0.181352 0.01915 0.0633243
0 0.920097 0.236491 0.0193071 0.0613115
0 0.214307 0.283467 0.0197714 0.0728424
0 0.773148 0.306544 0.0237378 0.0869747
0 0.13981 0.28067 0.0235358 0.0751082
0 0.595368 0.476526 0.0350217 0.110047
0 0.654384 0.174425 0.0183584 0.0621418
0 0.201236 0.220435 0.0186382 0.0651941
0 0.0609087 0.0901249 0.0141448 0.0518053
0 0.04289 0.0897925 0.0145931 0.0472524
0 0.79765 0.314018 0.020198 0.0750605
0 0.972817 0.228306 0.0235958 0.0710684
0 0.629579 0.532556 0.0393022 0.115887
0 0.145441 0.0744172 0.0137017 0.0451655
0 0.845922 0.286931 0.0226623 0.0642588
0 0.320807 0.257654 0.0234042 0.0590946
0 0.805072 0.178328 0.0193267 0.0639062
0 0.709736 0.187356 0.0215258 0.0628871
0 0.890285 0.168994 0.0189544 0.0608716
0 0.22041 0.390431 0.022971 0.0935686
0 0.432881 0.172688 0.0171707 0.0584598
0 0.932324 0.161987 0.0176384 0.0626593
0 0.592779 0.119892 0.0184299 0.0625184
0 0.728039 0.0348995 0.013215 0.0430531
0 0.633265 0.339471 0.0263799 0.0615128
0 0.161992 0.120056 0.014773 0.0471709
0 0.410808 0.203447 0.0173712 0.0642652
0 0.0806976 0.0818762 0.0154289 0.0511924
0 0.192318 0.0748081 0.0157263 0.0470936
0 0.876406 0.250514 0.0199776 0.0737918
0 0.107748 0.0296332 0.0149599 0.0445396
0 0.628246 0.264968 0.0201857 0.0687639
0 0.55012 0.127413 0.0164847 0.0474008
0 0.629919 0.137097 0.015456 0.0418868
0 0.13322 0.148516 0.0174368 0.0522501
0 0.131126 0.0976073 0.0146782 0.0425213
0 0.40661 0.307717 0.0180731 0.0786891
0 0.418216 0.0995251 0.014617 0.0507765
0 0.808556 0.0852927 0.0133567 0.0431763
0 0.496204 0.230588 0.0199265 0.059579
0 0.327352 0.320569 0.0226802 0.0907918
0 0.293583 0.0918148 0.0140798 0.0505008
0 0.199878 0.64729 0.0319897 0.111391
0 0.797329 0.984319 0.0444888 0.0313621
0 0.403636 0.0655246 0.0155068 0.050635
0 0.596968 0.20517 0.0181765 0.0603377
0 0.243965 0.0560336 0.0148555 0.0433363
0 0.00558734 0.551957 0.0108167 0.103698
0 0.984435 0.159083 0.0172699 0.0561298
0 0.339512 0.146578 0.0166198 0.0545535
0 0.837512 0.103731 0.0168819 0.0480279
0 0.753513 0.207972 0.021835 0.0720014
0 0.342343 0.268678 0.0183378 0.0662689
0 0.179556 0.0644305 0.0122643 0.0417115
0 0.481767 0.151606 0.0191232 0.05964
0 0.310646 0.347432 0.0186886 0.0817242
0 0.865266 0.117856 0.0168829 0.046964
0 0.646345 0.0778629 0.0169179 0.0460643
0 0.76161 0.147668 0.0147165 0.047365
0 0.672222 0.0420243 0.0142309 0.0412722
0 0.785193 0.106908 0.0148155 0.0478928
0 0.373257 0.0888077 0.0152775 0.0487995
0 0.711157 0.114728 0.0135056 0.0441016
0 0.470249 0.0946819 0.0136307 0.0467445
0 0.10528 0.13531 0.0132907 0.0445581
0 0.432379 0.042831 0.0148941 0.0400729
0 0.971909 0.129424 0.0139538 0.0466781
0 0.354678 0.0888885 0.0139892 0.0464383
0 0.114067 0.0803062 0.0133833 0.0446559
0 0.334939 0.050576 0.015692 0.04575
0 0.243587 0.152313 0.0166575 0.0566705
0 0.565163 0.488802 0.0252897 0.1061
0 0.544477 0.0711007 0.0153791 0.0468412
0 0.502195 0.100139 0.0138968 0.043646
0 0.690996 0.0280708 0.0130535 0.0410744
0 0.261477 0.150923 0.0135875 0.0501467
0 0.699453 0.0830401 0.013635 0.041941
0 0.197982 0.159158 0.0168283 0.0533802
0 0.747839 0.0511853 0.0125808 0.0356859
0 0.747151 0.283708 0.0221332 0.0773683
0 0.835588 0.228897 0.0198291 0.0598944
0 0.684131 0.0778954 0.012904 0.0416953
0 0.00481619 0.178077 0.00891808 0.0518102
0 0.750525 0.117404 0.0125936 0.0417208
0 0.00506398 0.0949127 0.009734 0.0441767
0 0.228881 0.220753 0.0192674 0.0471131
0 0.384381 0.985506 0.0616176 0.0289874
0 0.264857 0.044273 0.0127658 0.0398097
0 0.773565 0.0858958 0.0119781 0.0388194
0 0.221072 0.0857318 0.0151132 0.04767
0 0.59637 0.0702123 0.0166179 0.0382562
0 0.32281 0.119726 0.0120601 0.0399853
0 0.311923 0.136901 0.0139931 0.0455392
0 0.84574 0.169244 0.0175568 0.047121
0 0.223596 0.0812432 0.0146912 0.0452835
0 0.681793 0.144902 0.0138646 0.0450029
0 0.49085 0.0912934 0.012705 0.0425988
0 0.359686 0.0537915 0.0127468 0.0375049
0 0.00832405 0.323427 0.0166481 0.074916
0 0.826749 0.0649308 0.0126314 0.0386775
0 0.924945 0.11684 0.0153992 0.0464021
0 0.0480727 0.304971 0.0271406 0.0569535
0 0.449919 0.385094 0.0276335 0.0630805
0 0.526185 0.284263 0.0205332 0.064117
0 0.0215965 0.166006 0.0164207 0.0547235
0 0.340075 0.0953556 0.0129329 0.040712
0 0.501193 0.159456 0.0189365 0.0566832
0 0.0390068 0.195274 0.0163127 0.0446416
0 0.457572 0.0943672 0.0124331 0.040796
0 0.503907 0.0324918 0.0110581 0.0339428
0 0.865995 0.0737312 0.0131207 0.036018
0 0.255679 0.0978616 0.0156516 0.0450511
