0 0.404179 0.353947 0.019368 0.060526
0 0.863405 0.434211 0.020387 0.073684
0 0.260958 0.525000 0.022426 0.071053
0 0.417941 0.273684 0.020387 0.052632
0 0.462283 0.265789 0.019368 0.052632
0 0.816004 0.359211 0.019368 0.060526
0 0.230887 0.373684 0.021407 0.052632
0 0.650866 0.351316 0.023445 0.065789
0 0.571356 0.255263 0.017329 0.052632
0 0.260449 0.413158 0.019368 0.063158
0 0.589704 0.367105 0.019368 0.071053
0 0.143731 0.411842 0.020387 0.060526
0 0.326198 0.336842 0.022426 0.063158
0 0.757390 0.218421 0.018349 0.052632
0 0.664628 0.484211 0.022426 0.073684
0 0.486748 0.355263 0.023445 0.068421
0 0.379205 0.292105 0.018349 0.057895
0 0.130479 0.313158 0.016310 0.047368
0 0.349134 0.386842 0.019368 0.063158
0 0.783384 0.490789 0.029562 0.097368
0 0.626911 0.247368 0.018349 0.057895
0 0.057085 0.248684 0.018349 0.050000
0 0.267584 0.260526 0.017329 0.052632
0 0.062181 0.615789 0.022426 0.084211
0 0.601427 0.177632 0.014271 0.044737
0 0.129969 0.176316 0.015291 0.042105
0 0.512742 0.280263 0.018349 0.050000
0 0.181957 0.268421 0.015291 0.052632
0 0.709990 0.307895 0.019368 0.063158
0 0.302243 0.351316 0.017329 0.055263
0 0.173802 0.526316 0.019368 0.068421
0 0.735474 0.181579 0.017329 0.052632
0 0.747197 0.305263 0.018349 0.063158
0 0.906218 0.131579 0.014271 0.047368
0 0.313456 0.272368 0.019368 0.055263
0 0.520387 0.175000 0.015291 0.044737
0 0.977574 0.142105 0.014271 0.047368
0 0.455148 0.339474 0.017329 0.057895
0 0.909786 0.268421 0.019368 0.052632
0 0.649337 0.219737 0.014271 0.050000
0 0.640163 0.085526 0.014271 0.044737
0 0.166157 0.115789 0.014271 0.042105
0 0.656983 0.269737 0.015291 0.055263
0 0.331804 0.069737 0.015291 0.039474
0 0.357798 0.331579 0.018349 0.052632
0 0.712538 0.240789 0.018349 0.050000
0 0.202345 0.227632 0.015291 0.050000
0 0.765036 0.027632 0.013252 0.039474
0 0.691641 0.226316 0.017329 0.052632
0 0.006626 0.169737 0.011213 0.039474
0 0.585627 0.153947 0.017329 0.050000
0 0.232926 0.171053 0.015291 0.042105
0 0.099388 0.163158 0.013252 0.042105
0 0.079511 0.117105 0.012232 0.039474
0 0.016820 0.286842 0.015291 0.042105
0 0.030581 0.118421 0.014271 0.042105
0 0.701835 0.103947 0.015291 0.044737
0 0.056065 0.135526 0.012232 0.039474
0 0.742610 0.536842 0.027523 0.089474
0 0.405199 0.521053 0.025484 0.084211
0 0.417941 0.180263 0.018349 0.055263
0 0.945973 0.190789 0.014271 0.050000
0 0.620795 0.068421 0.014271 0.047368
0 0.491335 0.148684 0.014271 0.044737
0 0.313965 0.082895 0.012232 0.039474
0 0.109582 0.119737 0.013252 0.039474
0 0.757900 0.368421 0.017329 0.052632
0 0.330275 0.239474 0.018349 0.052632
0 0.208970 0.107895 0.012232 0.036842
0 0.142202 0.052632 0.011213 0.036842
0 0.300714 0.218421 0.016310 0.052632
0 0.201835 0.053947 0.010194 0.028947
0 0.247197 0.215789 0.015291 0.042105
0 0.765036 0.289474 0.017329 0.052632
0 0.089195 0.539474 0.025484 0.073684
0 0.594801 0.051316 0.013252 0.044737
0 0.464832 0.136842 0.014271 0.047368
0 0.305301 0.150000 0.011213 0.042105
0 0.817023 0.006579 0.011213 0.007895
0 0.685525 0.090789 0.011213 0.039474
0 0.798165 0.228947 0.016310 0.057895
0 0.173802 0.731579 0.035678 0.115789
0 0.569317 0.139474 0.015291 0.052632
0 0.723751 0.094737 0.014271 0.042105
0 0.958206 0.148684 0.016310 0.044737
0 0.515291 0.093421 0.017329 0.050000
0 0.289501 0.118421 0.012232 0.036842
0 0.487258 0.498684 0.020387 0.076316
0 0.576453 0.050000 0.013252 0.042105
0 0.360856 0.185526 0.014271 0.044737
0 0.511723 0.127632 0.014271 0.044737
0 0.345566 0.155263 0.014271 0.047368
0 0.678899 0.156579 0.016310 0.044737
0 0.857798 0.065789 0.011213 0.036842
0 0.366972 0.190789 0.014271 0.039474
0 0.277268 0.109211 0.012232 0.039474
0 0.078491 0.185526 0.012232 0.039474
0 0.841488 0.002632 0.013252 0.000000
0 0.025484 0.323684 0.014271 0.057895
0 0.073904 0.772368 0.033639 0.102632
0 0.246177 0.617105 0.027523 0.071053
0 0.443425 0.773684 0.034659 0.089474
0 0.395515 0.967105 0.032620 0.065789
0 0.428135 0.547368 0.020387 0.089474
0 0.560143 0.759211 0.031600 0.097368
0 0.599388 0.557895 0.028542 0.078947
0 0.628950 0.492105 0.026504 0.084211
0 0.903160 0.865789 0.032620 0.094737
0 0.437819 0.182895 0.019368 0.050000
0 0.318043 0.539474 0.022426 0.068421
0 0.533639 0.369737 0.017329 0.044737
0 0.542813 0.319737 0.015291 0.044737
0 0.196228 0.285526 0.017329 0.039474
0 0.801223 0.846053 0.040775 0.113158
0 0.682467 0.581579 0.025484 0.073684
0 0.606524 0.331579 0.014271 0.047368
0 0.579001 0.330263 0.016310 0.044737
0 0.587156 0.248684 0.016310 0.044737
0 0.497452 0.317105 0.018349 0.060526
0 0.416412 0.331579 0.021407 0.063158
0 0.013252 0.119737 0.014271 0.039474
0 0.221713 0.040789 0.017329 0.034211
0 0.253313 0.026316 0.013252 0.031579
0 0.419470 0.040789 0.013252 0.039474
0 0.361366 0.105263 0.011213 0.031579
0 0.402650 0.118421 0.014271 0.036842
0 0.349134 0.117105 0.017329 0.028947
0 0.356779 0.046053 0.012232 0.028947
0 0.393476 0.077632 0.014271 0.034211
0 0.380734 0.053947 0.011213 0.028947
0 0.370540 0.021053 0.009174 0.026316
0 0.434251 0.034211 0.012232 0.036842
0 0.421509 0.134211 0.011213 0.026316
0 0.642202 0.022368 0.012232 0.034211
0 0.536188 0.014474 0.016310 0.023684
0 0.511723 0.035526 0.010194 0.028947
0 0.543833 0.151316 0.013252 0.044737
0 0.556065 0.147368 0.011213 0.047368
0 0.550968 0.103947 0.013252 0.028947
0 0.528033 0.097368 0.010194 0.036842
0 0.501019 0.080263 0.011213 0.028947
0 0.486239 0.111842 0.016310 0.028947
0 0.459735 0.025000 0.016310 0.044737
0 0.496432 0.047368 0.010194 0.031579
0 0.520387 0.019737 0.013252 0.028947
0 0.567278 0.023684 0.015291 0.036842
0 0.607034 0.018421 0.011213 0.031579
0 0.604995 0.065789 0.013252 0.047368
0 0.595311 0.017105 0.012232 0.028947
0 0.663609 0.013158 0.012232 0.021053
0 0.732926 0.047368 0.014271 0.036842
0 0.524465 0.298684 0.015291 0.039474
0 0.707441 0.059211 0.012232 0.028947
0 0.717125 0.027632 0.013252 0.028947
0 0.768094 0.068421 0.013252 0.031579
0 0.898063 0.086842 0.014271 0.042105
0 0.912844 0.042105 0.015291 0.047368
0 0.867992 0.015789 0.011213 0.026316
