0 0.529562 0.350000 0.017329 0.057895
0 0.636595 0.577632 0.027523 0.081579
0 0.570846 0.260526 0.022426 0.057895
0 0.030581 0.451316 0.020387 0.065789
0 0.901121 0.321053 0.016310 0.057895
0 0.436290 0.260526 0.016310 0.052632
0 0.540265 0.526316 0.026504 0.078947
0 0.824669 0.340789 0.018349 0.050000
0 0.096330 0.448684 0.025484 0.065789
0 0.354740 0.250000 0.018349 0.052632
0 0.556575 0.435526 0.022426 0.065789
0 0.982671 0.251316 0.018349 0.060526
0 0.476555 0.267105 0.017329 0.055263
0 0.382263 0.267105 0.018349 0.055263
0 0.621814 0.185526 0.016310 0.050000
0 0.294088 0.238158 0.017329 0.055263
0 0.378695 0.372368 0.019368 0.065789
0 0.290010 0.301316 0.017329 0.050000
0 0.874108 0.193421 0.015291 0.044737
0 0.766565 0.330263 0.016310 0.055263
0 0.600917 0.286842 0.017329 0.057895
0 0.698267 0.497368 0.022426 0.068421
0 0.318043 0.315789 0.020387 0.057895
0 0.946483 0.260526 0.015291 0.063158
0 0.615698 0.298684 0.014271 0.044737
0 0.410805 0.311842 0.018349 0.055263
0 0.055556 0.240789 0.017329 0.050000
0 0.423547 0.373684 0.021407 0.063158
0 0.663099 0.253947 0.017329 0.044737
0 0.309888 0.410526 0.020387 0.073684
0 0.161060 0.153947 0.014271 0.039474
0 0.256371 0.314474 0.017329 0.050000
0 0.915902 0.248684 0.017329 0.050000
0 0.130989 0.205263 0.015291 0.042105
0 0.954638 0.209211 0.015291 0.044737
0 0.735984 0.303947 0.018349 0.055263
0 0.203364 0.288158 0.017329 0.055263
0 0.134047 0.122368 0.013252 0.034211
0 0.331295 0.236842 0.018349 0.063158
0 0.055046 0.139474 0.014271 0.047368
0 0.147299 0.073684 0.013252 0.036842
0 0.119266 0.052632 0.012232 0.036842
0 0.204893 0.030263 0.012232 0.039474
0 0.521916 0.453947 0.020387 0.065789
0 0.136086 0.259211 0.015291 0.050000
0 0.686035 0.089474 0.012232 0.036842
0 0.542813 0.210526 0.017329 0.047368
0 0.015291 0.321053 0.020387 0.063158
0 0.785423 0.101316 0.015291 0.044737
0 0.754842 0.393421 0.023445 0.065789
0 0.259939 0.461842 0.024465 0.071053
0 0.493884 0.131579 0.015291 0.042105
0 0.406728 0.131579 0.014271 0.042105
0 0.177880 0.263158 0.013252 0.036842
0 0.271152 0.289474 0.016310 0.052632
0 0.363914 0.065789 0.012232 0.036842
0 0.667686 0.342105 0.018349 0.047368
0 0.413354 0.192105 0.017329 0.047368
0 0.192661 0.125000 0.012232 0.039474
0 0.092762 0.111842 0.014271 0.039474
0 0.871050 0.094737 0.013252 0.042105
0 0.926096 0.167105 0.017329 0.044737
0 0.140163 0.453947 0.025484 0.086842
0 0.224771 0.311842 0.017329 0.050000
0 0.978593 0.094737 0.012232 0.036842
0 0.232416 0.380263 0.016310 0.050000
0 0.153415 0.309211 0.017329 0.050000
0 0.567788 0.180263 0.014271 0.039474
0 0.050968 0.302632 0.018349 0.047368
0 0.584608 0.103947 0.013252 0.039474
0 0.740571 0.101316 0.013252 0.044737
0 0.376147 0.131579 0.016310 0.052632
0 0.794088 0.157895 0.014271 0.047368
0 0.942406 0.119737 0.015291 0.044737
0 0.721203 0.167105 0.015291 0.044737
0 0.312946 0.186842 0.016310 0.047368
0 0.076453 0.103947 0.012232 0.039474
0 0.202854 0.440789 0.018349 0.060526
0 0.647299 0.060526 0.014271 0.042105
0 0.218145 0.085526 0.012232 0.039474
0 0.243629 0.026316 0.012232 0.036842
0 0.636595 0.115789 0.015291 0.042105
0 0.416412 0.057895 0.013252 0.036842
0 0.041284 0.409211 0.017329 0.055263
0 0.853721 0.032895 0.011213 0.039474
0 0.226300 0.042105 0.012232 0.036842
0 0.465851 0.217105 0.016310 0.050000
0 0.380224 0.082895 0.016310 0.039474
0 0.934760 0.038158 0.010194 0.034211
0 0.784913 0.051316 0.012232 0.039474
0 0.517839 0.060526 0.012232 0.036842
0 0.742100 0.185526 0.016310 0.044737
0 0.091743 0.355263 0.022426 0.068421
0 0.396024 0.250000 0.015291 0.052632
0 0.724261 0.042105 0.011213 0.036842
0 0.324159 0.093421 0.012232 0.039474
0 0.826198 0.121053 0.013252 0.047368
0 0.233945 0.189474 0.015291 0.042105
0 0.456167 0.107895 0.013252 0.036842
0 0.179918 0.048684 0.011213 0.034211
0 0.994903 0.173684 0.010194 0.047368
0 0.006116 0.184211 0.010194 0.042105
0 0.728848 0.109211 0.012232 0.039474
0 0.177880 0.397368 0.023445 0.063158
0 0.946993 0.064474 0.010194 0.034211
0 0.167686 0.073684 0.013252 0.042105
0 0.696228 0.042105 0.012232 0.031579
0 0.503058 0.194737 0.015291 0.042105
0 0.236493 0.151316 0.014271 0.039474
0 0.073394 0.276316 0.014271 0.047368
0 0.672273 0.044737 0.011213 0.036842
0 0.970948 0.057895 0.013252 0.036842
0 0.104485 0.152632 0.013252 0.042105
0 0.663609 0.401316 0.022426 0.071053
0 0.567278 0.140789 0.013252 0.039474
0 0.808869 0.671053 0.031600 0.089474
0 0.708970 0.614474 0.027523 0.081579
0 0.734964 0.461842 0.024465 0.071053
0 0.313965 0.482895 0.022426 0.071053
0 0.343527 0.494737 0.022426 0.078947
0 0.273700 0.398684 0.023445 0.060526
0 0.243119 0.414474 0.019368 0.055263
0 0.369521 0.467105 0.023445 0.071053
0 0.086137 0.180263 0.015291 0.050000
0 0.146789 0.225000 0.012232 0.039474
0 0.083078 0.585526 0.025484 0.081579
0 0.274720 0.022368 0.013252 0.039474
0 0.262997 0.046053 0.014271 0.039474
0 0.453619 0.486842 0.020387 0.078947
0 0.472987 0.443421 0.018349 0.071053
0 0.381753 0.198684 0.015291 0.044737
0 0.445973 0.200000 0.011213 0.036842
0 0.511213 0.243421 0.019368 0.050000
0 0.494903 0.013158 0.015291 0.021053
0 0.442915 0.014474 0.011213 0.023684
0 0.462283 0.036842 0.013252 0.036842
0 0.487768 0.089474 0.017329 0.036842
0 0.540775 0.052632 0.011213 0.031579
0 0.539755 0.096053 0.013252 0.034211
0 0.569827 0.030263 0.012232 0.039474
0 0.601427 0.076316 0.012232 0.031579
0 0.624363 0.046053 0.015291 0.044737
0 0.674822 0.152632 0.016310 0.047368
0 0.740571 0.051316 0.013252 0.039474
0 0.430683 0.135526 0.017329 0.050000
0 0.824159 0.065789 0.015291 0.042105
0 0.993374 0.065789 0.013252 0.047368
0 0.865953 0.048684 0.011213 0.039474
0 0.880224 0.061842 0.015291 0.039474
0 0.097859 0.755263 0.034659 0.115789
0 0.014271 0.747368 0.024465 0.115789
0 0.245668 0.747368 0.028542 0.084211
0 0.347095 0.813158 0.029562 0.094737
0 0.823140 0.872368 0.031600 0.081579
