0 0.551061 0.640606 0.0500013 0.144834
0 0.721447 0.634072 0.0495022 0.154709
0 0.810745 0.745244 0.0528251 0.142617
0 0.790145 0.512337 0.0400461 0.123583
0 0.407428 0.697886 0.0449121 0.141194
0 0.669773 0.879295 0.0567093 0.166436
0 0.250012 0.529036 0.0364526 0.118124
0 0.677976 0.454424 0.0311796 0.104781
0 0.477315 0.439056 0.0297895 0.0963331
0 0.841736 0.341432 0.0287992 0.0908252
0 0.434311 0.507607 0.0282429 0.0930165
0 0.348928 0.635893 0.0341979 0.128666
0 0.160748 0.533508 0.0318991 0.104358
0 0.855322 0.716267 0.0345043 0.120708
0 0.436762 0.623062 0.0329338 0.132134
0 0.881284 0.477808 0.030468 0.11293
0 0.891554 0.303505 0.026165 0.0744334
0 0.298712 0.423663 0.0240927 0.0949846
0 0.792833 0.353581 0.0326157 0.0930178
0 0.606024 0.191998 0.0186596 0.0628359
0 0.384951 0.369548 0.0213661 0.092253
0 0.425452 0.397994 0.0255827 0.0891598
0 0.587525 0.258859 0.0241438 0.0736739
0 0.484984 0.292505 0.0243383 0.075204
0 0.57661 0.394081 0.0258238 0.0921818
0 0.0327688 0.587461 0.0408983 0.119939
0 0.335998 0.458757 0.0270874 0.111761
0 0.847801 0.252493 0.0203301 0.0637541
0 0.406257 0.389145 0.0190957 0.0872217
0 0.452458 0.275658 0.0242297 0.0684802
0 0.212752 0.337658 0.0233208 0.0765914
0 0.556202 0.344896 0.0272257 0.0951786
0 0.361613 0.492236 0.0305481 0.0838091
0 0.982648 0.281533 0.0216435 0.0820661
0 0.413546 0.298689 0.0217136 0.0749049
0 0.31036 0.321 0.0245853 0.0729681
0 0.290394 0.289622 0.0187691 0.0697959
0 0.699689 0.201272 0.0216108 0.0723621
0 0.749153 0.606485 0.0237036 0.11219
0 0.0301207 0.35669 0.0254372 0.08284
0 0.207113 0.185488 0.0178203 0.0567035
0 0.342627 0.214711 0.0228058 0.0674587
0 0.558406 0.206088 0.0191398 0.0624041
0 0.481308 0.143951 0.0137547 0.0501589
0 0.431688 0.215675 0.0192363 0.061956
0 0.943937 0.511729 0.0296318 0.119008
0 0.164092 0.121976 0.0146992 0.0464357
0 0.192449 0.230885 0.0170051 0.0673001
0 0.132037 0.233091 0.01815 0.0573655
0 0.830044 0.103526 0.016127 0.0469988
0 0.263054 0.172571 0.0196106 0.0561511
0 0.586406 0.175809 0.0191117 0.0619729
0 0.160711 0.284488 0.0213577 0.0735763
0 0.170583 0.227223 0.0187423 0.0633793
0 0.447017 0.152922 0.0165253 0.0531029
0 0.708908 0.140096 0.0181279 0.0479285
0 0.466738 0.139589 0.0143883 0.0473988
0 0.47267 0.661131 0.0280867 0.0877304
0 0.786695 0.219133 0.0191449 0.0690961
0 0.959498 0.439115 0.0270271 0.10192
0 0.210965 0.130557 0.0144732 0.041887
0 0.0855956 0.0957523 0.0138973 0.0407663
0 0.398797 0.966495 0.0604449 0.0670107
0 0.109126 0.0710032 0.0124718 0.0437537
0 0.0508618 0.199657 0.019186 0.060402
0 0.362356 0.132271 0.0156761 0.0530699
0 0.760904 0.162364 0.0157974 0.0477348
0 0.362086 0.263875 0.0191215 0.0645166
0 0.480819 0.0713556 0.0147572 0.0420042
0 0.697951 0.0295097 0.0126228 0.0396859
0 0.90872 0.12056 0.0212379 0.0634622
0 0.220764 0.529283 0.0183996 0.0855007
0 0.149461 0.118837 0.0132738 0.0435643
0 0.401369 0.114445 0.016955 0.0485296
0 0.126211 0.145536 0.0135149 0.0412903
0 0.835975 0.590868 0.0382919 0.106449
0 0.948394 0.123514 0.0158405 0.0470067
0 0.51683 0.119032 0.013166 0.0406624
0 0.235947 0.116361 0.0133592 0.0402796
0 0.882097 0.0767966 0.0134167 0.0403075
0 0.330736 0.110939 0.0132138 0.0427378
0 0.552244 0.150338 0.0160767 0.0449072
0 0.665777 0.0782441 0.0157302 0.0403316
0 0.39618 0.171217 0.0173223 0.0548017
0 0.0561756 0.0450814 0.0101581 0.0329569
0 0.0868813 0.148914 0.0134304 0.0469346
0 0.975871 0.116759 0.0145531 0.0448862
0 0.143647 0.0550631 0.0121993 0.0397955
0 0.456641 0.100897 0.014088 0.0436843
0 0.167196 0.0534629 0.0114248 0.0338049
0 0.19368 0.137854 0.0135334 0.0418791
0 0.641851 0.171365 0.0174444 0.0533043
0 0.730957 0.119427 0.0140237 0.0435118
0 0.994144 0.152784 0.0117113 0.0432164
0 0.528323 0.100198 0.0132662 0.043003
0 0.121914 0.0781606 0.0128979 0.0412223
0 0.252876 0.139725 0.0151703 0.0382756
0 0.192673 0.0453366 0.0134942 0.0407426
0 0.922163 0.497387 0.0227924 0.106754
0 0.136445 0.0943171 0.0144339 0.043215
0 0.80255 0.233291 0.0154847 0.0620295
0 0.306844 0.15043 0.0149692 0.0480987
0 0.895025 0.0850898 0.0135889 0.0425017
0 0.0491796 0.281431 0.0250928 0.055875
0 0.403233 0.246841 0.0180771 0.0630711
0 0.570972 0.0938525 0.014743 0.0381969
0 0.872167 0.137205 0.0141544 0.0441417
0 0.242665 0.234355 0.0196927 0.0704363
0 0.0830122 0.056861 0.0100359 0.0284466
0 0.297448 0.0630597 0.011978 0.0359167
0 0.543902 0.217488 0.0173713 0.0548063
0 0.203515 0.0732563 0.0119305 0.0401677
0 0.505452 0.0550098 0.012681 0.0420135
0 0.0454866 0.077305 0.0105039 0.033542
0 0.322217 0.0463114 0.012123 0.0414765
0 0.0191566 0.167423 0.0173057 0.0400128
0 0.485111 0.226533 0.0190094 0.0520147
0 0.684768 0.172797 0.0150298 0.0554747
0 0.295531 0.142874 0.015211 0.0514025
0 0.609093 0.0485135 0.011766 0.0364149
0 0.178307 0.134094 0.0132419 0.0391698
0 0.373864 0.582031 0.0292963 0.0918441
0 0.710083 0.0964984 0.0135778 0.034112
0 0.86895 0.197924 0.0200817 0.0585461
0 0.284617 0.147584 0.0118882 0.0367201
0 0.596588 0.0786396 0.0147854 0.0413875
0 0.790464 0.104417 0.013365 0.0403322
0 0.304428 0.0963238 0.0123615 0.0391414
0 0.725642 0.0944857 0.0128934 0.0382195
0 0.857889 0.0666085 0.0108196 0.032336
0 0.121283 0.214797 0.0147406 0.051677
0 0.726114 0.0292093 0.0116287 0.0405803
0 0.0364448 0.0239832 0.0114878 0.0343135
0 0.264052 0.0580306 0.0115605 0.0334544
0 0.423699 0.0613108 0.0133776 0.0402806
0 0.223487 0.10909 0.0124089 0.0412642
0 0.676469 0.1115 0.0140652 0.0479492
0 0.114311 0.127785 0.0129065 0.0479865
0 0.533855 0.0528807 0.0131458 0.0385162
0 0.219587 0.0736698 0.0142776 0.0391771
0 0.435603 0.0712412 0.0119389 0.0401707
0 0.345221 0.0348445 0.00980684 0.029426
0 0.158855 0.210949 0.015128 0.0530857
0 0.310656 0.0555994 0.0109567 0.0356031
0 0.631887 0.163146 0.0164244 0.0502772
