0 0.426606 0.196053 0.017329 0.055263
0 0.609582 0.273684 0.018349 0.057895
0 0.554027 0.263158 0.015291 0.052632
0 0.362895 0.207895 0.018349 0.057895
0 0.232416 0.171053 0.018349 0.047368
0 0.738532 0.222368 0.019368 0.060526
0 0.509684 0.148684 0.016310 0.055263
0 0.639653 0.210526 0.019368 0.047368
0 0.671254 0.246053 0.017329 0.050000
0 0.092253 0.135526 0.013252 0.039474
0 0.417941 0.150000 0.012232 0.042105
0 0.154944 0.543421 0.026504 0.065789
0 0.469419 0.135526 0.015291 0.044737
0 0.698267 0.202632 0.020387 0.057895
0 0.193680 0.134211 0.012232 0.042105
0 0.132518 0.111842 0.014271 0.039474
0 0.530071 0.119737 0.014271 0.044737
0 0.178389 0.036842 0.012232 0.036842
0 0.644750 0.105263 0.015291 0.042105
0 0.864424 0.040789 0.014271 0.044737
0 0.777778 0.206579 0.018349 0.050000
0 0.034659 0.134211 0.012232 0.036842
0 0.030071 0.098684 0.011213 0.034211
0 0.718145 0.051316 0.013252 0.039474
0 0.117737 0.146053 0.015291 0.039474
0 0.560652 0.117105 0.012232 0.039474
0 0.896024 0.011842 0.012232 0.018421
0 0.966871 0.030263 0.013252 0.039474
0 0.743119 0.075000 0.014271 0.039474
0 0.778287 0.036842 0.011213 0.031579
0 0.589195 0.042105 0.012232 0.042105
0 0.493374 0.014474 0.010194 0.023684
0 0.171254 0.115789 0.012232 0.036842
0 0.206422 0.064474 0.015291 0.044737
0 0.137615 0.080263 0.012232 0.028947
0 0.181448 0.085526 0.014271 0.034211
0 0.009174 0.146053 0.010194 0.034211
0 0.167176 0.030263 0.012232 0.034211
0 0.234455 0.084211 0.012232 0.031579
0 0.264016 0.073684 0.014271 0.031579
0 0.468909 0.019737 0.014271 0.034211
0 0.547401 0.014474 0.016310 0.023684
0 0.520897 0.013158 0.012232 0.021053
0 0.571356 0.086842 0.011213 0.031579
0 0.611621 0.088158 0.014271 0.034211
0 0.703874 0.275000 0.017329 0.055263
0 0.618247 0.018421 0.013252 0.031579
0 0.597859 0.017105 0.013252 0.028947
0 0.661060 0.036842 0.013252 0.042105
0 0.679409 0.028947 0.011213 0.036842
0 0.766055 0.034211 0.011213 0.036842
0 0.756371 0.010526 0.016310 0.015789
