0 0.228294 0.75719 0.0435463 0.149608
0 0.788043 0.792493 0.0527286 0.144924
0 0.635687 0.809277 0.0660028 0.194877
0 0.712755 0.91353 0.0468364 0.164585
0 0.801325 0.419806 0.0354841 0.113179
0 0.181125 0.519981 0.039438 0.125727
0 0.899894 0.670668 0.0501362 0.156682
0 0.0200423 0.660346 0.0400845 0.161334
0 0.650645 0.531492 0.033557 0.111354
0 0.180983 0.333495 0.0229599 0.0774487
0 0.768072 0.301632 0.0237272 0.0783309
0 0.758716 0.586765 0.0336162 0.115275
0 0.746047 0.419881 0.0366266 0.110423
0 0.607965 0.672083 0.040776 0.12833
0 0.345103 0.312571 0.0223373 0.089374
0 0.967726 0.746584 0.0506085 0.141648
0 0.111171 0.566791 0.0370313 0.127326
0 0.569308 0.488241 0.0255481 0.0987733
0 0.905142 0.485636 0.0302841 0.114852
0 0.626973 0.422861 0.0267669 0.0960129
0 0.369341 0.229113 0.0204594 0.0653327
0 0.299651 0.35926 0.03023 0.0999405
0 0.637447 0.321271 0.0268311 0.091246
0 0.39148 0.198255 0.0201821 0.0738161
0 0.49075 0.576007 0.0317159 0.10705
0 0.963503 0.590317 0.0370691 0.137649
0 0.416773 0.22089 0.0252581 0.0789546
0 0.980874 0.87106 0.0382528 0.169957
0 0.931873 0.485187 0.0236801 0.117736
0 0.855829 0.445139 0.0306727 0.107884
0 0.459656 0.369874 0.0241259 0.081978
0 0.984473 0.313111 0.0265309 0.0853638
0 0.924014 0.364862 0.0259907 0.0832629
0 0.0740452 0.927552 0.0531095 0.144897
0 0.517247 0.123063 0.0187084 0.0561874
0 0.697667 0.301898 0.0259198 0.0827473
0 0.836454 0.951358 0.0511734 0.0972843
0 0.251128 0.278076 0.0207691 0.0875295
0 0.50307 0.221846 0.0218287 0.0668598
0 0.754059 0.190116 0.0181116 0.0628266
0 0.621993 0.152436 0.0171339 0.0625706
0 0.169674 0.229765 0.0216661 0.0695387
0 0.895489 0.183874 0.0184215 0.0644987
0 0.0618507 0.323473 0.0213161 0.0691928
0 0.298247 0.226671 0.0234292 0.0750616
0 0.37546 0.44993 0.0300496 0.0922956
0 0.553259 0.237512 0.0203917 0.0612619
0 0.543855 0.147637 0.0202243 0.061729
0 0.169474 0.17199 0.0181276 0.0540518
0 0.717859 0.166008 0.0155256 0.0522344
0 0.140296 0.136173 0.0171415 0.0490018
0 0.702397 0.101177 0.0138791 0.0472979
0 0.307129 0.149108 0.0181724 0.0528004
0 0.0254747 0.251875 0.0207394 0.0661576
0 0.203547 0.233826 0.0203629 0.0662329
0 0.797107 0.185077 0.0172588 0.0580629
0 0.692012 0.2438 0.020891 0.0529351
0 0.718277 0.0965753 0.0130341 0.0404163
0 0.261218 0.171255 0.0172492 0.0486367
0 0.252212 0.0752928 0.0135556 0.0454672
0 0.864262 0.208892 0.0179451 0.0568855
0 0.108228 0.197738 0.0207574 0.0593269
0 0.951174 0.138088 0.0158029 0.0513629
0 0.243838 0.148922 0.0171893 0.0516565
0 0.660387 0.102033 0.0139664 0.042737
0 0.585029 0.114001 0.0144086 0.0416634
0 0.778737 0.109875 0.0146407 0.0440459
0 0.78354 0.238073 0.01789 0.059468
0 0.0413245 0.110172 0.014451 0.0444019
0 0.638567 0.0375763 0.0143703 0.0454059
0 0.49116 0.0808975 0.016464 0.0490046
0 0.0825676 0.21565 0.0169706 0.0558979
0 0.38797 0.412547 0.0253895 0.094424
0 0.19512 0.139379 0.016071 0.0576806
0 0.337835 0.0704728 0.0176642 0.0521285
0 0.389605 0.0629384 0.0156923 0.0461755
0 0.75404 0.130642 0.0134763 0.0437225
0 0.274468 0.076355 0.0156528 0.043473
0 0.36217 0.139048 0.0154715 0.0417473
0 0.118456 0.0699646 0.0133317 0.041942
0 0.882742 0.0838205 0.0165677 0.0448841
0 0.224954 0.141063 0.0148586 0.0514013
0 0.151451 0.0732218 0.0155806 0.043996
0 0.23609 0.261442 0.0174452 0.0642679
0 0.832337 0.437275 0.0195843 0.097103
0 0.102209 0.733086 0.0409966 0.149021
0 0.530246 0.04609 0.0124441 0.0384033
0 0.235899 0.0465863 0.0140265 0.0419305
0 0.464045 0.125746 0.0150634 0.0562166
0 0.0491009 0.556957 0.0420697 0.107254
0 0.717193 0.0313321 0.0117127 0.0393129
0 0.12441 0.180286 0.0167486 0.0569041
0 0.0054769 0.0500062 0.0109538 0.0394323
0 0.766438 0.0875043 0.0117802 0.0401553
0 0.680707 0.0905242 0.0140118 0.0478678
0 0.851522 0.0911913 0.0128421 0.0445026
0 0.862191 0.11308 0.0158604 0.0518191
0 0.483951 0.138906 0.0209836 0.0564702
0 0.063421 0.0709311 0.0133506 0.0400665
0 0.44031 0.0964601 0.0156208 0.0482894
0 0.991456 0.660244 0.01642 0.145496
0 0.182088 0.0615723 0.0140961 0.0403158
0 0.737785 0.0934426 0.0134275 0.0448483
0 0.580954 0.0617593 0.0150522 0.0427778
0 0.360763 0.0696537 0.014766 0.0419208
0 0.414447 0.081961 0.0116519 0.040237
0 0.114863 0.127289 0.0154741 0.0430423
0 0.210674 0.18581 0.0179137 0.0516815
0 0.549224 0.0627393 0.0136765 0.041698
0 0.306127 0.0661078 0.0153118 0.0421052
0 0.0155839 0.201833 0.0159423 0.0529615
0 0.425781 0.126851 0.0140219 0.0453925
0 0.801459 0.0801702 0.0124586 0.0373553
0 0.992309 0.68251 0.015382 0.165192
0 0.611327 0.047153 0.0123316 0.0392831
0 0.829237 0.0637479 0.0123997 0.0371761
0 0.186123 0.0191738 0.0124034 0.0327672
0 0.115714 0.019924 0.0127153 0.0337548
0 0.0971573 0.0785229 0.0134456 0.0388033
0 0.461973 0.0715743 0.0143505 0.0413835
0 0.929865 0.103613 0.013591 0.0420662
0 0.936044 0.163892 0.0167385 0.0455427
0 0.362343 0.182266 0.0188737 0.052815
0 0.656953 0.0655024 0.0143958 0.0368992
