0 0.68998 0.675018 0.0489922 0.136057
0 0.874435 0.866911 0.0630379 0.189347
0 0.362592 0.509346 0.0367781 0.124874
0 0.279044 0.751341 0.0408177 0.159637
0 0.162299 0.727433 0.043433 0.136235
0 0.574861 0.757065 0.0508693 0.139028
0 0.51649 0.487872 0.04359 0.133738
0 0.573073 0.489517 0.0290966 0.108125
0 0.785955 0.871787 0.0465988 0.154046
0 0.146927 0.528724 0.0323861 0.124771
0 0.755117 0.4571 0.0332607 0.126466
0 0.40404 0.412302 0.0273676 0.0786383
0 0.697361 0.444085 0.0326839 0.094977
0 0.864956 0.435023 0.0292276 0.0958926
0 0.900638 0.465216 0.0359817 0.11767
0 0.240255 0.528761 0.0370971 0.121381
0 0.465659 0.515904 0.0311976 0.0965607
0 0.476049 0.160546 0.0184038 0.0615871
0 0.632574 0.270064 0.02672 0.0875457
0 0.70854 0.53833 0.0340544 0.116258
0 0.628867 0.591913 0.0350005 0.113421
0 0.203131 0.329639 0.0272615 0.100893
0 0.693827 0.300403 0.0282781 0.0832563
0 0.0235058 0.659569 0.0468518 0.15503
0 0.399408 0.511671 0.0307673 0.10673
0 0.72944 0.335394 0.0228443 0.0897483
0 0.275417 0.493837 0.0287564 0.104246
0 0.508209 0.306625 0.023191 0.0848339
0 0.637088 0.379332 0.0255589 0.0890384
0 0.822914 0.456724 0.0286018 0.0939114
0 0.194192 0.184936 0.0202971 0.0638166
0 0.480287 0.451196 0.0282759 0.098322
0 0.540365 0.328518 0.0281432 0.083191
0 0.916948 0.390854 0.0271572 0.0898994
0 0.406341 0.276434 0.0202868 0.071182
0 0.841482 0.304398 0.0233895 0.069562
0 0.436069 0.415436 0.0256672 0.0933649
0 0.315375 0.247321 0.0208904 0.0753294
0 0.894799 0.255057 0.021368 0.0693473
0 0.293299 0.197539 0.0196874 0.0691998
0 0.350574 0.322513 0.0253894 0.0613747
0 0.245388 0.191625 0.0195932 0.0629921
0 0.468196 0.346757 0.0253843 0.0837906
0 0.349616 0.257096 0.0238835 0.0670951
0 0.772703 0.359336 0.0271363 0.0922059
0 0.362175 0.121648 0.0193971 0.0532994
0 0.887675 0.356936 0.02285 0.0778715
0 0.378207 0.235483 0.0216964 0.0675122
0 0.141037 0.258175 0.0230773 0.0766922
0 0.471384 0.263578 0.0180309 0.0664867
0 0.98597 0.288239 0.0257226 0.072223
0 0.507859 0.132094 0.0160633 0.0514618
0 0.3471 0.44264 0.0247098 0.0809518
0 0.558873 0.246001 0.0210125 0.0699728
0 0.358642 0.388265 0.0258112 0.0750725
0 0.26699 0.0909165 0.0163239 0.0533092
0 0.676175 0.102472 0.0139635 0.0457106
0 0.438723 0.305442 0.0218039 0.0760232
0 0.50083 0.244652 0.022407 0.0627628
0 0.436247 0.164226 0.0173147 0.0561612
0 0.782808 0.0925714 0.0142996 0.0443361
0 0.332672 0.152836 0.0157792 0.0556187
0 0.599327 0.19759 0.0196505 0.072851
0 0.932669 0.291017 0.0216693 0.0742084
0 0.755705 0.130137 0.0154031 0.0438831
0 0.208042 0.105282 0.016446 0.050784
0 0.573945 0.312985 0.026014 0.0825475
0 0.180784 0.0567091 0.0146483 0.0455385
0 0.0707064 0.349572 0.0278745 0.0863167
0 0.570107 0.181471 0.0225397 0.0591783
0 0.991431 0.128815 0.0158106 0.0536929
0 0.395464 0.174729 0.0192321 0.0640787
0 0.427706 0.105745 0.0147294 0.0475467
0 0.627578 0.141219 0.0185328 0.0604989
0 0.525628 0.238384 0.0227026 0.073002
0 0.810982 0.248421 0.0243985 0.0828219
0 0.760638 0.225452 0.0217774 0.0631419
0 0.553949 0.109485 0.0154039 0.0483049
0 0.0575223 0.232976 0.0200563 0.063047
0 0.164307 0.151852 0.0166295 0.0557433
0 0.0740667 0.19302 0.0188664 0.067415
0 0.252368 0.14535 0.0169433 0.0450097
0 0.0269856 0.162507 0.0181671 0.0652926
0 0.84132 0.0881781 0.0151097 0.0440105
0 0.723644 0.0261005 0.0118526 0.0394971
0 0.252708 0.0619288 0.0127606 0.0403779
0 0.698237 0.232974 0.0210285 0.0565747
0 0.952624 0.243608 0.0179165 0.0695112
0 0.138504 0.145125 0.0197332 0.0549516
0 0.528412 0.178444 0.0189625 0.0532796
0 0.702878 0.0532481 0.0148455 0.0423233
0 0.984908 0.48286 0.0265194 0.0826278
0 0.654929 0.0600381 0.0143744 0.041875
0 0.230027 0.10728 0.0169502 0.0521583
0 0.393548 0.34787 0.0259541 0.0742039
0 0.648547 0.191737 0.0213005 0.0627739
0 0.764771 0.0718909 0.0126997 0.0442891
0 0.445911 0.0583648 0.012738 0.0382412
0 0.52291 0.0917272 0.0135929 0.048486
0 0.395622 0.0887184 0.0147186 0.045548
0 0.887587 0.0891809 0.017485 0.047778
0 0.459083 0.214383 0.0165504 0.0558466
0 0.228997 0.465195 0.0316325 0.0945491
0 0.631434 0.512558 0.0305297 0.078739
0 0.933592 0.13826 0.0177811 0.0563991
0 0.595964 0.104917 0.0139369 0.0439153
0 0.689071 0.0308049 0.011931 0.0399174
0 0.341661 0.104785 0.0151465 0.0458965
0 0.326083 0.10182 0.0136225 0.0467329
0 0.276215 0.0558731 0.0121 0.0373149
0 0.410314 0.0734908 0.0120709 0.0398252
0 0.577748 0.103533 0.0137127 0.0429994
0 0.0999727 0.121311 0.0156588 0.0478667
0 0.425697 0.261843 0.016905 0.0651219
0 0.873196 0.0599484 0.0137211 0.0456024
0 0.908624 0.0920646 0.0142288 0.0452409
0 0.00807222 0.462903 0.0155535 0.128383
0 0.153435 0.0300092 0.0128265 0.0409465
0 0.458201 0.0560555 0.0120865 0.0384418
0 0.795783 0.236251 0.0148785 0.0690053
0 0.396212 0.0251938 0.0109144 0.0316299
0 0.0423248 0.215242 0.0161373 0.0612833
0 0.568674 0.0430605 0.0139751 0.0366543
0 0.852169 0.0600123 0.0135639 0.0353168
0 0.133219 0.0664952 0.0112598 0.0361989
0 0.419563 0.187129 0.0143424 0.0466
0 0.116232 0.0238214 0.00995508 0.0307006
0 0.37693 0.0545375 0.0121234 0.0304953
0 0.483158 0.0845491 0.0137577 0.0399509
0 0.552614 0.0260755 0.0109277 0.036043
0 0.981732 0.228479 0.020714 0.0543486
0 0.297554 0.0751029 0.0137134 0.0384553
0 0.571753 0.0807813 0.012919 0.039304
0 0.528524 0.0514859 0.0121123 0.0353583
0 0.111952 0.596394 0.0385981 0.138124
0 0.0130843 0.134971 0.0146362 0.0551305
0 0.700039 0.458411 0.0348637 0.117352
0 0.50521 0.0294314 0.0117222 0.0336926
0 0.519723 0.0417636 0.00981913 0.0327553
0 0.457437 0.285518 0.0186501 0.0627574
0 0.143012 0.0953652 0.01402 0.0437589
0 0.297842 0.0911557 0.0133314 0.0390186
0 0.410041 0.136434 0.0138418 0.0426276
