0 0.462283 0.257895 0.021407 0.057895
0 0.698267 0.323684 0.020387 0.063158
0 0.606014 0.606579 0.025484 0.076316
0 0.882263 0.810526 0.033639 0.094737
0 0.782365 0.318421 0.019368 0.057895
0 0.379715 0.540789 0.023445 0.076316
0 0.759939 0.282895 0.015291 0.050000
0 0.737513 0.303947 0.021407 0.060526
0 0.225280 0.706579 0.032620 0.086842
0 0.356269 0.285526 0.017329 0.050000
0 0.115698 0.565789 0.025484 0.084211
0 0.476045 0.451316 0.018349 0.060526
0 0.543833 0.355263 0.021407 0.057895
0 0.062181 0.493421 0.022426 0.076316
0 0.447503 0.528947 0.024465 0.078947
0 0.643731 0.334211 0.019368 0.063158
0 0.828236 0.350000 0.021407 0.063158
0 0.231906 0.447368 0.021407 0.057895
0 0.541284 0.517105 0.020387 0.065789
0 0.163099 0.542105 0.020387 0.073684
0 0.057594 0.281579 0.017329 0.057895
0 0.404689 0.450000 0.022426 0.063158
0 0.625892 0.440789 0.022426 0.071053
0 0.584098 0.346053 0.016310 0.055263
0 0.737513 0.369737 0.019368 0.071053
0 0.498471 0.276316 0.022426 0.057895
0 0.232926 0.360526 0.015291 0.052632
0 0.545362 0.247368 0.014271 0.047368
0 0.422528 0.336842 0.017329 0.052632
0 0.940367 0.200000 0.017329 0.057895
0 0.502039 0.197368 0.017329 0.052632
0 0.612130 0.501316 0.019368 0.076316
0 0.520897 0.303947 0.016310 0.060526
0 0.670744 0.178947 0.018349 0.052632
0 0.061672 0.343421 0.015291 0.055263
0 0.537717 0.430263 0.021407 0.060526
0 0.506626 0.547368 0.018349 0.078947
0 0.018858 0.326316 0.017329 0.052632
0 0.032620 0.231579 0.014271 0.047368
0 0.786952 0.521053 0.026504 0.084211
0 0.356269 0.432895 0.025484 0.065789
0 0.387360 0.382895 0.020387 0.065789
0 0.804281 0.128947 0.014271 0.042105
0 0.807339 0.023684 0.014271 0.042105
0 0.032620 0.384211 0.016310 0.052632
0 0.700306 0.210526 0.016310 0.052632
0 0.165138 0.188158 0.014271 0.044737
0 0.674822 0.694737 0.022426 0.089474
0 0.579511 0.292105 0.015291 0.047368
0 0.442915 0.218421 0.017329 0.052632
0 0.784404 0.130263 0.013252 0.039474
0 0.077982 0.686842 0.025484 0.084211
0 0.362895 0.213158 0.016310 0.052632
0 0.477064 0.527632 0.018349 0.071053
0 0.552497 0.135526 0.016310 0.050000
0 0.468400 0.178947 0.017329 0.047368
0 0.169215 0.315789 0.014271 0.052632
0 0.722732 0.169737 0.016310 0.044737
0 0.727829 0.473684 0.024465 0.078947
0 0.318043 0.301316 0.018349 0.050000
0 0.393986 0.232895 0.017329 0.060526
0 0.600917 0.207895 0.015291 0.047368
0 0.831295 0.043421 0.011213 0.039474
0 0.848114 0.144737 0.016310 0.047368
0 0.333843 0.184211 0.019368 0.052632
0 0.794597 0.292105 0.015291 0.052632
0 0.650357 0.251316 0.014271 0.044737
0 0.374108 0.342105 0.020387 0.063158
0 0.264016 0.363158 0.016310 0.047368
0 0.146789 0.093421 0.012232 0.034211
0 0.971967 0.030263 0.017329 0.050000
0 0.664118 0.106579 0.013252 0.044737
0 0.511213 0.132895 0.015291 0.044737
0 0.478084 0.069737 0.014271 0.044737
0 0.078491 0.178947 0.016310 0.047368
0 0.568807 0.146053 0.014271 0.044737
0 0.533639 0.139474 0.015291 0.042105
0 0.223751 0.197368 0.015291 0.047368
0 0.529052 0.052632 0.014271 0.047368
0 0.790010 0.022368 0.014271 0.039474
0 0.417941 0.178947 0.014271 0.042105
0 0.275739 0.286842 0.015291 0.047368
0 0.563710 0.309211 0.016310 0.055263
0 0.065240 0.185526 0.012232 0.044737
0 0.913354 0.213158 0.016310 0.063158
0 0.486239 0.127632 0.016310 0.044737
0 0.939857 0.026316 0.014271 0.047368
0 0.140673 0.126316 0.012232 0.036842
0 0.692661 0.107895 0.013252 0.042105
0 0.322120 0.364474 0.018349 0.060526
0 0.877166 0.044737 0.013252 0.042105
0 0.128950 0.115789 0.011213 0.036842
0 0.594292 0.138158 0.012232 0.039474
0 0.277778 0.359211 0.015291 0.050000
0 0.018858 0.238158 0.013252 0.039474
0 0.887360 0.146053 0.015291 0.039474
0 0.902650 0.044737 0.013252 0.042105
0 0.143731 0.205263 0.014271 0.042105
0 0.929154 0.111842 0.015291 0.044737
0 0.096840 0.182895 0.014271 0.039474
0 0.208461 0.077632 0.013252 0.039474
0 0.167686 0.235526 0.015291 0.044737
0 0.618247 0.098684 0.015291 0.044737
0 0.471458 0.114474 0.013252 0.039474
0 0.645770 0.072368 0.013252 0.039474
0 0.406218 0.106579 0.015291 0.044737
0 0.627931 0.060526 0.012232 0.036842
0 0.606524 0.098684 0.012232 0.044737
0 0.706422 0.118421 0.014271 0.042105
0 0.496432 0.018421 0.012232 0.031579
0 0.086646 0.096053 0.012232 0.034211
0 0.551478 0.047368 0.012232 0.036842
0 0.114169 0.096053 0.012232 0.034211
0 0.129969 0.194737 0.013252 0.042105
0 0.980632 0.039474 0.014271 0.042105
0 0.022426 0.272368 0.014271 0.039474
0 0.533639 0.182895 0.013252 0.044737
0 0.164628 0.690789 0.027523 0.076316
0 0.216616 0.859211 0.029562 0.081579
0 0.106524 0.143421 0.011213 0.034211
0 0.410296 0.802632 0.033639 0.115789
0 0.438328 0.705263 0.028542 0.084211
0 0.588685 0.790789 0.035678 0.113158
0 0.733945 0.819737 0.024465 0.086842
0 0.813965 0.652632 0.021407 0.084211
0 0.778287 0.705263 0.033639 0.089474
0 0.745158 0.118421 0.016310 0.042105
0 0.483690 0.425000 0.017329 0.055263
0 0.479613 0.368421 0.019368 0.047368
0 0.447503 0.043421 0.010194 0.028947
0 0.549439 0.014474 0.014271 0.023684
0 0.567278 0.093421 0.011213 0.050000
0 0.423038 0.017105 0.012232 0.028947
0 0.421509 0.071053 0.013252 0.042105
0 0.682467 0.015789 0.011213 0.026316
0 0.260958 0.011842 0.010194 0.018421
0 0.231906 0.040789 0.009174 0.034211
0 0.353721 0.019737 0.012232 0.023684
0 0.375637 0.011842 0.011213 0.018421
0 0.318043 0.022368 0.014271 0.028947
0 0.374108 0.078947 0.016310 0.042105
0 0.615698 0.186842 0.014271 0.047368
0 0.326198 0.621053 0.024465 0.078947
0 0.699286 0.814474 0.030581 0.097368
