0 0.387285 0.697611 0.0499442 0.130745
0 0.744326 0.728454 0.0450681 0.155155
0 0.877471 0.878509 0.0510368 0.162827
0 0.412577 0.509321 0.032872 0.112895
0 0.557575 0.541962 0.0376433 0.118948
0 0.50008 0.409597 0.0302657 0.10797
0 0.914026 0.671787 0.0400509 0.138231
0 0.928192 0.5187 0.0312729 0.119155
0 0.507115 0.590376 0.0362518 0.130023
0 0.693167 0.450215 0.0393022 0.115859
0 0.20446 0.53174 0.0349027 0.122417
0 0.956072 0.225226 0.0215755 0.0677655
0 0.76958 0.423007 0.0327786 0.118096
0 0.117001 0.386107 0.0285868 0.106061
0 0.0555685 0.497974 0.0348538 0.121985
0 0.65562 0.418266 0.0271708 0.100389
0 0.49063 0.315825 0.0265075 0.0731803
0 0.648608 0.939667 0.0593318 0.120666
0 0.823098 0.38098 0.0295937 0.105222
0 0.583514 0.355768 0.0256018 0.0891627
0 0.34657 0.297966 0.0236164 0.0812268
0 0.334785 0.524946 0.0365868 0.106149
0 0.702368 0.287924 0.0250475 0.0881809
0 0.913012 0.294708 0.0288189 0.0877713
0 0.243174 0.196663 0.0198604 0.0582539
0 0.559481 0.204982 0.0225787 0.0709771
0 0.774312 0.290184 0.0251237 0.0890269
0 0.664172 0.33114 0.0215812 0.0659498
0 0.5237 0.197971 0.0194388 0.070667
0 0.743504 0.131651 0.0174811 0.0553491
0 0.00989399 0.42529 0.0195125 0.100674
0 0.991558 0.448043 0.0168845 0.110166
0 0.210794 0.180168 0.0176209 0.0554761
0 0.664675 0.133419 0.0163062 0.057873
0 0.471263 0.0850947 0.0143975 0.0465495
0 0.247725 0.312744 0.0231409 0.0769566
0 0.703614 0.203974 0.020641 0.0628132
0 0.386399 0.0858269 0.0150853 0.0477
0 0.313617 0.187095 0.0177692 0.0580211
0 0.831549 0.19573 0.0188699 0.0632052
0 0.243615 0.141874 0.0165417 0.0424426
0 0.617778 0.1175 0.0167562 0.0513914
0 0.382793 0.181605 0.0179654 0.056936
0 0.650947 0.167858 0.0177536 0.0592734
0 0.0626531 0.231871 0.0199601 0.0515281
0 0.423097 0.145888 0.018309 0.0595353
0 0.19087 0.169175 0.0157799 0.0514853
0 0.330279 0.134094 0.0138951 0.0442206
0 0.487164 0.171295 0.0206091 0.0629294
0 0.574388 0.119845 0.0142542 0.0500496
0 0.53508 0.104405 0.014909 0.048566
0 0.976746 0.351133 0.0223217 0.0721369
0 0.101946 0.091162 0.0135489 0.0408218
0 0.7679 0.175529 0.0180167 0.0630186
0 0.448074 0.0548336 0.0155727 0.0442075
0 0.296314 0.114027 0.0155192 0.0508231
0 0.157063 0.107872 0.0135995 0.0405096
0 0.703742 0.142363 0.0140762 0.0428125
0 0.923119 0.127845 0.0154835 0.049276
0 0.6433 0.10132 0.0124647 0.0455149
0 0.424436 0.0671592 0.0157051 0.0411251
0 0.269567 0.171602 0.0162488 0.0578081
0 0.361468 0.136968 0.0143803 0.0516828
0 0.368349 0.0365898 0.0132218 0.0410959
0 0.613411 0.0717201 0.0133289 0.0362113
0 0.730052 0.0847226 0.0121876 0.0425026
0 0.338275 0.0959697 0.0145895 0.0394348
0 0.176154 0.0794168 0.01436 0.044759
0 0.444497 0.15265 0.0199552 0.0577598
0 0.861753 0.162131 0.0155495 0.0498292
0 0.57774 0.0758793 0.0130518 0.0350586
0 0.155651 0.0508164 0.0123154 0.0373988
0 0.555778 0.34866 0.0249491 0.0825422
0 0.780358 0.211202 0.0189488 0.0582485
0 0.55277 0.0594944 0.0151293 0.0446066
0 0.681665 0.118753 0.0160603 0.048417
0 0.240517 0.0706427 0.0124456 0.0438501
0 0.59118 0.221902 0.0201851 0.0729488
0 0.518445 0.0961985 0.0137746 0.045931
0 0.50662 0.139239 0.0144095 0.0486493
0 0.258467 0.0844686 0.0120541 0.0452839
0 0.593135 0.0973494 0.0148254 0.0386308
0 0.898774 0.113483 0.0144554 0.0432783
0 0.768943 0.0781738 0.0144901 0.0459042
0 0.661328 0.076997 0.0150013 0.0418314
0 0.00372328 0.0919563 0.00712582 0.0512819
0 0.727609 0.029591 0.012471 0.0404303
0 0.510638 0.0756405 0.0141907 0.0446913
0 0.697254 0.0282941 0.0135625 0.0414163
0 0.756608 0.250002 0.0196057 0.0714193
0 0.316248 0.0457216 0.0112243 0.0333024
0 0.272468 0.0830881 0.0131821 0.0419388
0 0.792602 0.0462052 0.0131601 0.0338782
0 0.747809 0.0819422 0.0120493 0.0388623
0 0.905889 0.0602506 0.0117142 0.035314
0 0.457605 0.134309 0.0135979 0.0493289
0 0.225836 0.0787483 0.0138664 0.0439156
0 0.700109 0.079605 0.0146305 0.0414696
0 0.448251 0.182617 0.0197763 0.0598151
0 0.208022 0.083612 0.0136985 0.0378256
0 0.719079 0.0949305 0.0126182 0.0419785
