0 0.451070 0.640000 0.035678 0.125000
0 0.812946 0.688750 0.049949 0.127500
0 0.228338 0.850000 0.057085 0.170000
0 0.725280 0.806250 0.047910 0.132500
0 0.575433 0.598750 0.033639 0.127500
0 0.294088 0.868750 0.060143 0.167500
0 0.742100 0.576250 0.030581 0.102500
0 0.107543 0.506250 0.031600 0.097500
0 0.735984 0.412500 0.028542 0.095000
0 0.807339 0.458750 0.026504 0.097500
0 0.073904 0.468750 0.031600 0.102500
0 0.867482 0.733750 0.046891 0.157500
0 0.095821 0.346250 0.022426 0.087500
0 0.394495 0.482500 0.026504 0.090000
0 0.517839 0.478750 0.032620 0.097500
0 0.503568 0.938750 0.059123 0.122500
0 0.869521 0.482500 0.028542 0.100000
0 0.154944 0.491250 0.030581 0.087500
0 0.601427 0.523750 0.030581 0.107500
0 0.339959 0.517500 0.027523 0.090000
0 0.764016 0.318750 0.023445 0.087500
0 0.340979 0.346250 0.025484 0.077500
0 0.843017 0.601250 0.032620 0.092500
0 0.556065 0.515000 0.033639 0.100000
0 0.106014 0.218750 0.020387 0.062500
0 0.235984 0.501250 0.027523 0.092500
0 0.191131 0.542500 0.037717 0.125000
0 0.651886 0.502500 0.029562 0.110000
0 0.516820 0.218750 0.018349 0.067500
0 0.418960 0.151250 0.016310 0.047500
0 0.862385 0.938750 0.053007 0.102500
0 0.611111 0.270000 0.021407 0.060000
0 0.067278 0.275000 0.024465 0.080000
0 0.822630 0.238750 0.018349 0.052500
0 0.682977 0.416250 0.030581 0.087500
0 0.206422 0.280000 0.019368 0.070000
0 0.463812 0.410000 0.026504 0.075000
0 0.944444 0.393750 0.023445 0.067500
0 0.175841 0.426250 0.031600 0.097500
0 0.604995 0.343750 0.021407 0.072500
0 0.645260 0.378750 0.024465 0.067500
0 0.171254 0.187500 0.020387 0.055000
0 0.314475 0.402500 0.023445 0.075000
0 0.309888 0.291250 0.020387 0.067500
0 0.592253 0.187500 0.014271 0.045000
0 0.578491 0.322500 0.023445 0.065000
0 0.191131 0.172500 0.015291 0.050000
0 0.732926 0.248750 0.020387 0.057500
0 0.977574 0.885000 0.044852 0.150000
0 0.982161 0.387500 0.019368 0.065000
0 0.909276 0.407500 0.028542 0.090000
0 0.057085 0.087500 0.012232 0.040000
0 0.670744 0.275000 0.024465 0.060000
0 0.443425 0.167500 0.014271 0.045000
0 0.669725 0.157500 0.014271 0.045000
0 0.519368 0.087500 0.013252 0.045000
0 0.664628 0.108750 0.014271 0.042500
0 0.691131 0.063750 0.012232 0.032500
0 0.285423 0.327500 0.020387 0.075000
0 0.595821 0.138750 0.013252 0.042500
0 0.306320 0.190000 0.015291 0.055000
0 0.203364 0.365000 0.021407 0.070000
0 0.383282 0.257500 0.016310 0.065000
0 0.665647 0.348750 0.018349 0.062500
0 0.260958 0.202500 0.016310 0.055000
0 0.449032 0.237500 0.017329 0.050000
0 0.123344 0.180000 0.018349 0.055000
0 0.467380 0.225000 0.017329 0.055000
0 0.024975 0.421250 0.027523 0.097500
0 0.460245 0.141250 0.013252 0.042500
0 0.076962 0.201250 0.017329 0.057500
0 0.419470 0.086250 0.013252 0.042500
0 0.009684 0.120000 0.015291 0.045000
0 0.397044 0.126250 0.013252 0.042500
0 0.077472 0.152500 0.014271 0.040000
0 0.354740 0.107500 0.014271 0.035000
0 0.471458 0.345000 0.021407 0.055000
0 0.650357 0.163750 0.014271 0.047500
0 0.992864 0.743750 0.014271 0.112500
0 0.324159 0.176250 0.016310 0.052500
0 0.799694 0.176250 0.015291 0.047500
0 0.758410 0.183750 0.016310 0.042500
0 0.009684 0.252500 0.017329 0.065000
0 0.260958 0.148750 0.014271 0.042500
0 0.507136 0.158750 0.015291 0.042500
0 0.208461 0.145000 0.013252 0.045000
0 0.640673 0.120000 0.013252 0.045000
0 0.351172 0.151250 0.013252 0.047500
0 0.571356 0.192500 0.015291 0.050000
0 0.043323 0.931250 0.074414 0.137500
0 0.874108 0.163750 0.013252 0.042500
0 0.296636 0.107500 0.014271 0.045000
0 0.027013 0.202500 0.017329 0.065000
0 0.278287 0.101250 0.014271 0.042500
0 0.553517 0.170000 0.014271 0.040000
0 0.310398 0.138750 0.013252 0.042500
0 0.848624 0.181250 0.015291 0.047500
0 0.816004 0.188750 0.013252 0.037500
0 0.215596 0.626250 0.045872 0.122500
0 0.101427 0.112500 0.013252 0.040000
0 0.455657 0.095000 0.014271 0.040000
0 0.922528 0.162500 0.014271 0.045000
0 0.367482 0.252500 0.015291 0.065000
0 0.372069 0.198750 0.018349 0.047500
0 0.759429 0.097500 0.012232 0.035000
0 0.893476 0.105000 0.013252 0.035000
0 0.557085 0.310000 0.019368 0.055000
0 0.689093 0.337500 0.018349 0.060000
0 0.242610 0.171250 0.014271 0.047500
0 0.859837 0.110000 0.013252 0.040000
0 0.405199 0.260000 0.021407 0.075000
0 0.286442 0.227500 0.016310 0.045000
0 0.622324 0.128750 0.013252 0.037500
0 0.720183 0.148750 0.013252 0.037500
0 0.625382 0.476250 0.021407 0.102500
0 0.085627 0.098750 0.012232 0.037500
0 0.282365 0.670000 0.040775 0.110000
0 0.625382 0.226250 0.015291 0.057500
0 0.284913 0.151250 0.013252 0.042500
0 0.785423 0.156250 0.013252 0.042500
0 0.701835 0.236250 0.017329 0.057500
0 0.158512 0.098750 0.011213 0.037500
0 0.722732 0.083750 0.012232 0.037500
0 0.238532 0.096250 0.014271 0.042500
0 0.903670 0.198750 0.015291 0.047500
0 0.918960 0.237500 0.017329 0.050000
0 0.943935 0.186250 0.014271 0.042500
0 0.063710 0.365000 0.021407 0.070000
0 0.333333 0.122500 0.014271 0.045000
0 0.277778 0.268750 0.017329 0.047500
0 0.118247 0.121250 0.014271 0.042500
0 0.672783 0.207500 0.014271 0.040000
0 0.241081 0.161250 0.015291 0.047500
0 0.835372 0.201250 0.013252 0.042500
0 0.747197 0.158750 0.012232 0.042500
0 0.890418 0.181250 0.013252 0.047500
0 0.482671 0.110000 0.011213 0.035000
0 0.129969 0.128750 0.011213 0.037500
0 0.209480 0.101250 0.015291 0.037500
0 0.536188 0.117500 0.012232 0.040000
0 0.739042 0.095000 0.012232 0.035000
0 0.165138 0.122500 0.012232 0.045000
0 0.566259 0.145000 0.013252 0.035000
0 0.387360 0.180000 0.014271 0.050000
0 0.182977 0.131250 0.015291 0.042500
0 0.633028 0.210000 0.016310 0.055000
0 0.784913 0.165000 0.012232 0.040000
0 0.683996 0.113750 0.012232 0.037500
0 0.559123 0.258750 0.025484 0.057500
0 0.436290 0.070000 0.012232 0.035000
0 0.169725 0.097500 0.013252 0.035000
0 0.440877 0.101250 0.011213 0.037500
0 0.388379 0.095000 0.012232 0.035000
0 0.972477 0.272500 0.026504 0.075000
0 0.723242 0.323750 0.023445 0.067500
0 0.759939 0.140000 0.011213 0.035000
0 0.522426 0.168750 0.015291 0.037500
0 0.984200 0.177500 0.017329 0.045000
0 0.193680 0.108750 0.010194 0.032500
0 0.615698 0.170000 0.014271 0.045000
0 0.417941 0.431250 0.024465 0.062500
0 0.043833 0.537500 0.032620 0.095000
0 0.136086 0.317500 0.019368 0.080000
0 0.557594 0.431250 0.030581 0.062500
0 0.497452 0.195000 0.016310 0.055000
0 0.952599 0.148750 0.015291 0.042500
