0 0.628178 0.633651 0.0468031 0.141119
0 0.92577 0.895355 0.0510483 0.142893
0 0.229595 0.516833 0.0355544 0.126391
0 0.975777 0.810997 0.0476044 0.187955
0 0.374622 0.913993 0.0590808 0.171718
0 0.572846 0.424003 0.02706 0.0921738
0 0.483306 0.433477 0.0272512 0.103409
0 0.296816 0.60276 0.0351115 0.132184
0 0.725061 0.68971 0.041906 0.165513
0 0.923182 0.402939 0.0313484 0.094049
0 0.693327 0.390258 0.0243094 0.0854421
0 0.849257 0.442511 0.0281307 0.0946406
0 0.52532 0.381828 0.0283455 0.0951383
0 0.394749 0.392252 0.0286145 0.0943106
0 0.82339 0.562581 0.0402027 0.137668
0 0.582204 0.342826 0.0222933 0.0654839
0 0.719006 0.435421 0.0270254 0.0929196
0 0.879556 0.447544 0.032378 0.105267
0 0.482562 0.200853 0.0205149 0.070333
0 0.256124 0.185226 0.018657 0.0603463
0 0.0379515 0.350259 0.0271874 0.0889052
0 0.937054 0.253869 0.0249806 0.0746472
0 0.781824 0.410194 0.0270708 0.0806606
0 0.325646 0.402744 0.0274464 0.0849693
0 0.672861 0.293043 0.0239503 0.0867543
0 0.901854 0.328517 0.0274289 0.0890356
0 0.451801 0.323082 0.0253281 0.0678074
0 0.165573 0.577347 0.0339792 0.119566
0 0.410464 0.293015 0.0224409 0.0840872
0 0.971105 0.346154 0.0261825 0.0878313
0 0.174667 0.314884 0.0247087 0.0767662
0 0.294717 0.315415 0.0230179 0.0760185
0 0.289609 0.181414 0.016768 0.05798
0 0.20623 0.193596 0.0184361 0.0585939
0 0.208176 0.755209 0.0426559 0.141363
0 0.351359 0.287747 0.0294296 0.0852846
0 0.809469 0.463542 0.028475 0.0835624
0 0.507978 0.332962 0.0204805 0.0734163
0 0.550778 0.259946 0.0226287 0.0829265
0 0.065383 0.270874 0.0228096 0.0760681
0 0.126502 0.159194 0.017805 0.0622272
0 0.316305 0.306637 0.0207667 0.0788794
0 0.76316 0.307858 0.0205848 0.0590137
0 0.693044 0.248896 0.0214268 0.0711941
0 0.639745 0.379312 0.0203586 0.073856
0 0.392258 0.127003 0.0171944 0.055588
0 0.722988 0.352158 0.020058 0.0652725
0 0.623758 0.404475 0.0197448 0.0693022
0 0.425507 0.208031 0.0215536 0.0622403
0 0.990246 0.422722 0.0195089 0.0948504
0 0.633767 0.275649 0.0266874 0.0773459
0 0.879564 0.304976 0.0222179 0.0783234
0 0.798737 0.213768 0.0191776 0.0708524
0 0.819402 0.401747 0.0230949 0.0797279
0 0.447418 0.110357 0.0137598 0.0474407
0 0.420279 0.675182 0.0502236 0.114081
0 0.231859 0.169531 0.0163228 0.0569903
0 0.0105378 0.279725 0.0210582 0.0793894
0 0.598135 0.242121 0.0189161 0.06836
0 0.145906 0.672242 0.0469441 0.152554
0 0.321088 0.106778 0.0154241 0.0485741
0 0.834292 0.171744 0.0182987 0.0587451
0 0.750826 0.192759 0.0170862 0.0509486
0 0.637022 0.171177 0.0179367 0.0547684
0 0.222385 0.0926512 0.0168409 0.055174
0 0.238001 0.275885 0.0254681 0.0751681
0 0.768816 0.366937 0.0212719 0.0673838
0 0.425198 0.136889 0.018383 0.0627516
0 0.781214 0.178873 0.0157433 0.0548306
0 0.523443 0.167766 0.0181406 0.0672541
0 0.748529 0.249536 0.0185352 0.0685889
0 0.119724 0.299369 0.0282643 0.0798866
0 0.982806 0.111257 0.0170372 0.0505435
0 0.468541 0.147337 0.0177595 0.0560963
0 0.985818 0.18119 0.0197571 0.0650099
0 0.613458 0.122657 0.0181807 0.0635136
0 0.400752 0.185812 0.0168763 0.0602724
0 0.571417 0.0970725 0.0141735 0.0479412
0 0.18446 0.20957 0.0201114 0.0536979
0 0.0433612 0.264653 0.0201908 0.0647364
0 0.582558 0.212758 0.0166044 0.0607005
0 0.358288 0.144881 0.0177509 0.0630154
0 0.919762 0.091354 0.0153841 0.0494071
0 0.295767 0.252205 0.0230366 0.0649703
0 0.0424176 0.11686 0.0183397 0.046103
0 0.632633 0.0560133 0.0123129 0.0437099
0 0.677603 0.146698 0.0161641 0.0575985
0 0.173625 0.110487 0.0139196 0.0489872
0 0.990426 0.325301 0.0186106 0.0759471
0 0.103646 0.109577 0.0161866 0.0521902
0 0.6612 0.186299 0.0206523 0.0595575
0 0.717853 0.186955 0.0178885 0.0610736
0 0.302476 0.100972 0.0137504 0.0395012
0 0.529039 0.0574553 0.0146494 0.0429861
0 0.384719 0.211647 0.0172206 0.0562804
0 0.615709 0.0583449 0.0124598 0.0432004
0 0.334076 0.0984323 0.0152007 0.0494097
0 0.463188 0.096032 0.0144306 0.0446277
0 0.646659 0.09258 0.0116167 0.0390548
0 0.93277 0.107461 0.0138725 0.0442835
0 0.373665 0.280604 0.0160979 0.0751401
0 0.370367 0.115441 0.0154027 0.0519361
0 0.268318 0.156324 0.0168941 0.0528461
0 0.541179 0.121184 0.0147381 0.0482449
0 0.516625 0.0294445 0.0137499 0.0392786
0 0.968037 0.165542 0.0159691 0.0558654
0 0.498514 0.282031 0.0217947 0.0597626
0 0.390314 0.0558559 0.0130606 0.039722
0 0.902298 0.197315 0.0166645 0.0545174
0 0.558961 0.0791574 0.0124653 0.0387488
0 0.793399 0.133373 0.0125287 0.0464434
0 0.881512 0.116962 0.0137603 0.036838
0 0.860299 0.109988 0.0119934 0.0360054
0 0.870875 0.0774837 0.0121048 0.0372908
0 0.499399 0.160283 0.0166828 0.05447
0 0.469716 0.0534478 0.0123016 0.0363531
0 0.69375 0.0960156 0.0152725 0.0465394
0 0.897951 0.107348 0.0159809 0.0467899
0 0.827247 0.0934979 0.0135818 0.0413983
0 0.656561 0.0586166 0.0102552 0.0327437
0 0.197085 0.26202 0.0261992 0.0711382
0 0.943287 0.375272 0.0186953 0.0838239
0 0.741998 0.157899 0.014465 0.0443377
0 0.504321 0.216411 0.0166927 0.0593843
0 0.443109 0.212659 0.0156409 0.0592501
0 0.419017 0.0470833 0.0123569 0.0349813
0 0.620218 0.186515 0.0186161 0.0571946
0 0.108963 0.550114 0.0334972 0.10836
0 0.528852 0.300652 0.0235567 0.0567028
0 0.368167 0.0447354 0.0140717 0.0401395
0 0.120758 0.55918 0.0422903 0.112952
0 0.138911 0.0691482 0.012152 0.0323223
0 0.302925 0.0255655 0.0113133 0.0353496
0 0.716294 0.0922223 0.0113678 0.0346639
0 0.40174 0.0869904 0.016193 0.046769
0 0.809889 0.09358 0.0126633 0.0419075
0 0.85696 0.296623 0.0199383 0.063889
0 0.512076 0.136395 0.0153313 0.0452661
0 0.00497122 0.374546 0.00940424 0.0814066
0 0.0475447 0.0323881 0.0118493 0.036012
0 0.731906 0.0676575 0.0109003 0.0306196
0 0.590481 0.140409 0.018683 0.0606118
0 0.637009 0.814362 0.0440541 0.122609
0 0.7206 0.131313 0.0151578 0.0441227
0 0.121679 0.0523158 0.0141691 0.0358849
0 0.142468 0.106797 0.0145231 0.0450463
0 0.123432 0.238568 0.0234208 0.0486085
0 0.299042 0.0605643 0.0129004 0.0366323
0 0.00532603 0.196196 0.0106521 0.0554856
0 0.821934 0.305903 0.0213682 0.0672542
0 0.248576 0.0869328 0.0141098 0.0473471
0 0.10395 0.546632 0.0245867 0.101946
0 0.732332 0.266137 0.0162404 0.0580011
0 0.439697 0.0724861 0.014476 0.0396486
0 0.79623 0.0412821 0.0108906 0.0334064
0 0.828263 0.26432 0.0197621 0.0596184
