0 0.127931 0.588750 0.037717 0.132500
0 0.264526 0.658750 0.047910 0.167500
0 0.327217 0.777500 0.046891 0.165000
0 0.444444 0.496250 0.030581 0.087500
0 0.541794 0.492500 0.031600 0.105000
0 0.571356 0.457500 0.027523 0.095000
0 0.639144 0.467500 0.030581 0.105000
0 0.674312 0.635000 0.033639 0.115000
0 0.693170 0.508750 0.026504 0.077500
0 0.839959 0.572500 0.042813 0.125000
0 0.012232 0.138750 0.012232 0.042500
0 0.025994 0.146250 0.013252 0.042500
0 0.082059 0.166250 0.015291 0.042500
0 0.087156 0.118750 0.015291 0.047500
0 0.101937 0.156250 0.010194 0.037500
0 0.119776 0.147500 0.011213 0.035000
0 0.133537 0.143750 0.012232 0.037500
0 0.176351 0.258750 0.018349 0.047500
0 0.180938 0.152500 0.015291 0.050000
0 0.155963 0.073750 0.012232 0.037500
0 0.134047 0.077500 0.011213 0.030000
0 0.176351 0.065000 0.012232 0.035000
0 0.199796 0.175000 0.016310 0.050000
0 0.231397 0.208750 0.016310 0.052500
0 0.217635 0.150000 0.015291 0.050000
0 0.237513 0.135000 0.014271 0.055000
0 0.260958 0.087500 0.016310 0.045000
0 0.282365 0.185000 0.016310 0.050000
0 0.280326 0.145000 0.014271 0.040000
0 0.299694 0.158750 0.014271 0.047500
0 0.338430 0.168750 0.016310 0.052500
0 0.313965 0.165000 0.014271 0.040000
0 0.364934 0.161250 0.016310 0.052500
0 0.434760 0.297500 0.023445 0.065000
0 0.380734 0.171250 0.013252 0.037500
0 0.405199 0.163750 0.011213 0.042500
0 0.397044 0.121250 0.011213 0.037500
0 0.346585 0.121250 0.012232 0.037500
0 0.428135 0.151250 0.016310 0.047500
0 0.267074 0.116250 0.012232 0.032500
0 0.297655 0.107500 0.014271 0.035000
0 0.501019 0.201250 0.013252 0.047500
0 0.492355 0.115000 0.016310 0.045000
0 0.455657 0.126250 0.014271 0.032500
0 0.430683 0.107500 0.015291 0.040000
0 0.451580 0.097500 0.014271 0.030000
0 0.479103 0.100000 0.010194 0.030000
0 0.531091 0.153750 0.016310 0.042500
0 0.510703 0.151250 0.014271 0.042500
0 0.557594 0.312500 0.020387 0.060000
0 0.540775 0.292500 0.017329 0.060000
0 0.562181 0.187500 0.015291 0.045000
0 0.605505 0.156250 0.014271 0.047500
0 0.558614 0.147500 0.012232 0.035000
0 0.575943 0.145000 0.014271 0.040000
0 0.647808 0.276250 0.021407 0.062500
0 0.647808 0.177500 0.019368 0.060000
0 0.669215 0.165000 0.017329 0.065000
0 0.681957 0.135000 0.016310 0.050000
0 0.676351 0.242500 0.015291 0.045000
0 0.715596 0.275000 0.018349 0.060000
0 0.724771 0.180000 0.018349 0.055000
0 0.755352 0.253750 0.016310 0.047500
0 0.787462 0.302500 0.019368 0.060000
0 0.779307 0.121250 0.011213 0.032500
0 0.809888 0.107500 0.013252 0.040000
0 0.798165 0.223750 0.018349 0.052500
0 0.882263 0.135000 0.015291 0.045000
0 0.892457 0.100000 0.015291 0.035000
0 0.976555 0.431250 0.026504 0.077500
0 0.963812 0.182500 0.019368 0.050000
0 0.942406 0.217500 0.019368 0.055000
0 0.985729 0.193750 0.014271 0.047500
0 0.547401 0.077500 0.010194 0.040000
0 0.609072 0.120000 0.015291 0.040000
