0 0.467380 0.464474 0.023445 0.076316
0 0.477064 0.376316 0.020387 0.068421
0 0.530071 0.365789 0.022426 0.063158
0 0.613150 0.472368 0.023445 0.065789
0 0.628950 0.326316 0.020387 0.063158
0 0.300714 0.442105 0.022426 0.073684
0 0.373089 0.589474 0.040775 0.105263
0 0.942915 0.268421 0.018349 0.057895
0 0.942915 0.336842 0.020387 0.063158
0 0.161060 0.423684 0.022426 0.057895
0 0.798675 0.302632 0.019368 0.063158
0 0.560652 0.222368 0.018349 0.055263
0 0.864934 0.480263 0.025484 0.076316
0 0.543323 0.252632 0.016310 0.047368
0 0.614679 0.171053 0.016310 0.052632
0 0.350663 0.452632 0.024465 0.078947
0 0.669215 0.243421 0.019368 0.055263
0 0.212029 0.361842 0.018349 0.065789
0 0.564730 0.439474 0.018349 0.063158
0 0.577982 0.303947 0.018349 0.060526
0 0.497961 0.269737 0.019368 0.055263
0 0.670234 0.448684 0.019368 0.071053
0 0.440877 0.223684 0.015291 0.052632
0 0.289501 0.248684 0.018349 0.055263
0 0.424567 0.355263 0.017329 0.057895
0 0.598879 0.384211 0.017329 0.057895
0 0.905708 0.102632 0.015291 0.042105
0 0.398573 0.244737 0.018349 0.052632
0 0.243119 0.156579 0.015291 0.050000
0 0.859327 0.115789 0.014271 0.042105
0 0.709990 0.280263 0.015291 0.055263
0 0.623344 0.240789 0.017329 0.055263
0 0.155454 0.164474 0.015291 0.050000
0 0.083078 0.285526 0.017329 0.060526
0 0.964832 0.186842 0.015291 0.047368
0 0.105505 0.396053 0.019368 0.060526
0 0.730377 0.322368 0.015291 0.060526
0 0.046381 0.238158 0.015291 0.050000
0 0.338430 0.268421 0.014271 0.047368
0 0.972987 0.055263 0.013252 0.042105
0 0.094292 0.078947 0.011213 0.036842
0 0.353721 0.353947 0.020387 0.065789
0 0.759939 0.202632 0.017329 0.047368
0 0.022426 0.255263 0.016310 0.047368
0 0.384811 0.436842 0.021407 0.073684
0 0.034149 0.375000 0.017329 0.055263
0 0.719674 0.239474 0.014271 0.047368
0 0.382263 0.167105 0.014271 0.044737
0 0.713558 0.484211 0.020387 0.068421
0 0.041284 0.322368 0.019368 0.065789
0 0.369011 0.078947 0.012232 0.036842
0 0.941896 0.056579 0.012232 0.039474
0 0.404179 0.402632 0.019368 0.073684
0 0.516310 0.139474 0.015291 0.042105
0 0.681448 0.342105 0.017329 0.042105
0 0.234455 0.038158 0.012232 0.039474
0 0.107034 0.138158 0.012232 0.039474
0 0.446993 0.135526 0.015291 0.044737
0 0.118756 0.175000 0.013252 0.044737
0 0.343017 0.106579 0.015291 0.044737
0 0.427115 0.232895 0.014271 0.044737
0 0.031600 0.175000 0.016310 0.044737
0 0.099388 0.234211 0.015291 0.047368
0 0.417431 0.189474 0.015291 0.052632
0 0.793068 0.031579 0.012232 0.036842
0 0.159531 0.052632 0.011213 0.031579
0 0.881244 0.109211 0.013252 0.039474
0 0.120285 0.060526 0.012232 0.036842
0 0.642202 0.035526 0.012232 0.039474
0 0.590214 0.127632 0.014271 0.050000
0 0.872069 0.059211 0.013252 0.039474
0 0.462283 0.180263 0.015291 0.050000
0 0.365953 0.159211 0.014271 0.044737
0 0.483180 0.135526 0.014271 0.044737
0 0.838430 0.060526 0.009174 0.031579
0 0.318552 0.571053 0.023445 0.063158
0 0.885321 0.021053 0.011213 0.036842
0 0.178899 0.036842 0.009174 0.031579
0 0.085627 0.215789 0.014271 0.042105
0 0.931702 0.106579 0.012232 0.039474
0 0.323649 0.090789 0.013252 0.034211
0 0.734455 0.021053 0.011213 0.031579
0 0.771152 0.015789 0.011213 0.026316
0 0.329256 0.247368 0.016310 0.047368
0 0.773700 0.075000 0.012232 0.039474
0 0.688583 0.100000 0.011213 0.036842
0 0.132008 0.271053 0.017329 0.052632
0 0.185525 0.119737 0.014271 0.039474
0 0.046891 0.122368 0.012232 0.044737
0 0.662080 0.389474 0.015291 0.052632
0 0.505607 0.089474 0.014271 0.047368
0 0.063710 0.152632 0.015291 0.047368
0 0.494903 0.386842 0.015291 0.063158
0 0.204893 0.050000 0.012232 0.036842
0 0.637615 0.122368 0.013252 0.044737
0 0.010194 0.139474 0.012232 0.036842
0 0.356779 0.159211 0.014271 0.044737
0 0.653925 0.056579 0.011213 0.034211
0 0.284404 0.107895 0.014271 0.047368
0 0.757390 0.015789 0.010194 0.026316
0 0.572375 0.072368 0.011213 0.034211
0 0.354740 0.025000 0.010194 0.028947
0 0.745158 0.102632 0.010194 0.036842
0 0.995923 0.336842 0.008155 0.078947
0 0.609582 0.090789 0.014271 0.039474
0 0.298165 0.102632 0.013252 0.042105
0 0.407238 0.101316 0.015291 0.039474
0 0.381244 0.117105 0.012232 0.034211
0 0.144750 0.111842 0.012232 0.039474
0 0.703364 0.064474 0.012232 0.034211
0 0.432722 0.109211 0.013252 0.039474
0 0.268603 0.107895 0.015291 0.047368
0 0.060143 0.793421 0.028542 0.076316
0 0.113660 0.811842 0.031600 0.097368
0 0.008155 0.681579 0.014271 0.100000
0 0.028542 0.680263 0.026504 0.081579
0 0.056065 0.539474 0.020387 0.063158
0 0.058614 0.463158 0.021407 0.057895
0 0.098879 0.497368 0.026504 0.073684
0 0.135066 0.480263 0.021407 0.055263
0 0.169725 0.602632 0.023445 0.073684
0 0.257390 0.913158 0.035678 0.084211
0 0.275229 0.852632 0.022426 0.057895
0 0.194699 0.882895 0.040775 0.086842
0 0.234455 0.821053 0.032620 0.089474
0 0.319062 0.701316 0.030581 0.097368
0 0.213558 0.755263 0.035678 0.089474
0 0.126911 0.600000 0.029562 0.115789
0 0.205912 0.472368 0.020387 0.065789
0 0.233435 0.505263 0.024465 0.068421
0 0.225790 0.422368 0.019368 0.060526
0 0.297146 0.588158 0.021407 0.076316
0 0.273700 0.565789 0.029562 0.084211
0 0.377166 0.394737 0.024465 0.057895
0 0.449541 0.409211 0.020387 0.065789
0 0.438838 0.723684 0.029562 0.110526
0 0.494393 0.611842 0.032620 0.097368
0 0.525994 0.786842 0.036697 0.105263
0 0.601937 0.642105 0.031600 0.105263
0 0.663099 0.792105 0.027523 0.094737
0 0.731397 0.730263 0.037717 0.107895
0 0.756881 0.501316 0.027523 0.071053
0 0.764016 0.384211 0.021407 0.057895
0 0.835882 0.675000 0.030581 0.092105
0 0.909276 0.782895 0.038736 0.102632
0 0.277778 0.014474 0.011213 0.023684
0 0.386850 0.096053 0.015291 0.039474
0 0.421509 0.035526 0.015291 0.039474
0 0.454128 0.055263 0.013252 0.036842
0 0.478084 0.035526 0.016310 0.039474
0 0.680938 0.232895 0.016310 0.055263
0 0.782875 0.147368 0.012232 0.031579
0 0.825688 0.076316 0.010194 0.036842
0 0.848624 0.088158 0.011213 0.034211
