0 0.941386 0.725000 0.045872 0.150000
0 0.150866 0.610526 0.038736 0.142105
0 0.518349 0.803947 0.064220 0.186842
0 0.155454 0.901316 0.049949 0.186842
0 0.740061 0.465789 0.030581 0.110526
0 0.595821 0.610526 0.039755 0.142105
0 0.193170 0.668421 0.039755 0.131579
0 0.226300 0.784211 0.048930 0.178947
0 0.826707 0.684211 0.040775 0.115789
0 0.909276 0.631579 0.030581 0.115789
0 0.618247 0.892105 0.049949 0.189474
0 0.305810 0.626316 0.040775 0.110526
0 0.532620 0.534211 0.039755 0.126316
0 0.266055 0.534211 0.034659 0.126316
0 0.651886 0.709211 0.041794 0.128947
0 0.358818 0.917105 0.050968 0.150000
0 0.650866 0.407895 0.029562 0.094737
0 0.805301 0.565789 0.038736 0.115789
0 0.219164 0.589474 0.032620 0.126316
0 0.411825 0.847368 0.048930 0.194737
0 0.960245 0.634211 0.030581 0.105263
0 0.089195 0.738158 0.043833 0.155263
0 0.709480 0.569737 0.030581 0.102632
0 0.679918 0.442105 0.032620 0.110526
0 0.779817 0.831579 0.057085 0.168421
0 0.371560 0.525000 0.031600 0.092105
0 0.854740 0.675000 0.025484 0.123684
0 0.899083 0.398684 0.032620 0.107895
0 0.670744 0.348684 0.024465 0.071053
0 0.750765 0.318421 0.025484 0.084211
0 0.421509 0.553947 0.033639 0.102632
0 0.295617 0.797368 0.059123 0.163158
0 0.332824 0.563158 0.027523 0.110526
0 0.471967 0.928947 0.057085 0.142105
0 0.117227 0.561842 0.028542 0.118421
0 0.624363 0.531579 0.033639 0.131579
0 0.338940 0.344737 0.025484 0.078947
0 0.613150 0.751316 0.049949 0.086842
0 0.463303 0.311842 0.025484 0.076316
0 0.852701 0.898684 0.068298 0.192105
0 0.033129 0.750000 0.045872 0.110526
0 0.053517 0.389474 0.027523 0.089474
0 0.759429 0.563158 0.028542 0.078947
0 0.977574 0.555263 0.030581 0.105263
0 0.710499 0.793421 0.036697 0.128947
0 0.335882 0.736842 0.037717 0.168421
0 0.781855 0.406579 0.028542 0.086842
0 0.494903 0.463158 0.029562 0.089474
0 0.144750 0.384211 0.022426 0.073684
0 0.865953 0.384211 0.023445 0.073684
0 0.544852 0.282895 0.021407 0.065789
0 0.396534 0.294737 0.020387 0.073684
0 0.410296 0.469737 0.027523 0.086842
0 0.820591 0.501316 0.028542 0.086842
0 0.666157 0.285526 0.021407 0.055263
0 0.680938 0.602632 0.040775 0.100000
0 0.465341 0.553947 0.033639 0.102632
0 0.247197 0.306579 0.019368 0.071053
0 0.396534 0.967105 0.061162 0.065789
0 0.989806 0.728947 0.020387 0.157895
0 0.342508 0.155263 0.014271 0.052632
0 0.209990 0.361842 0.024465 0.076316
0 0.601427 0.332895 0.020387 0.065789
0 0.311927 0.184211 0.016310 0.057895
0 0.065749 0.303947 0.019368 0.065789
0 0.986748 0.444737 0.026504 0.089474
0 0.823649 0.365789 0.022426 0.073684
0 0.453619 0.400000 0.024465 0.073684
0 0.280326 0.382895 0.022426 0.060526
0 0.691131 0.272368 0.018349 0.055263
0 0.688073 0.685526 0.030581 0.102632
0 0.716616 0.273684 0.020387 0.068421
0 0.125892 0.309211 0.021407 0.076316
0 0.877676 0.522368 0.022426 0.097368
0 0.138634 0.782895 0.057085 0.134211
0 0.934760 0.286842 0.020387 0.068421
0 0.171764 0.323684 0.021407 0.068421
0 0.023955 0.371053 0.025484 0.089474
0 0.361876 0.444737 0.022426 0.073684
0 0.794597 0.273684 0.021407 0.078947
0 0.105505 0.431579 0.027523 0.078947
0 0.960245 0.440789 0.024465 0.065789
0 0.091233 0.626316 0.041794 0.063158
0 0.314475 0.292105 0.021407 0.063158
0 0.151376 0.298684 0.019368 0.065789
0 0.902650 0.552632 0.025484 0.073684
0 0.064730 0.106579 0.015291 0.044737
0 0.627931 0.440789 0.024465 0.071053
0 0.523955 0.435526 0.022426 0.076316
0 0.769113 0.175000 0.017329 0.060526
0 0.510703 0.373684 0.024465 0.063158
0 0.808869 0.211842 0.017329 0.060526
0 0.625382 0.239474 0.019368 0.052632
0 0.887360 0.311842 0.019368 0.060526
0 0.283384 0.464474 0.026504 0.081579
0 0.055046 0.205263 0.014271 0.052632
0 0.724771 0.938158 0.055046 0.123684
0 0.826707 0.213158 0.016310 0.063158
0 0.526504 0.314474 0.019368 0.060526
0 0.371050 0.282895 0.024465 0.071053
0 0.486239 0.305263 0.020387 0.068421
0 0.924057 0.367105 0.023445 0.102632
0 0.287971 0.196053 0.017329 0.065789
0 0.254332 0.243421 0.015291 0.050000
0 0.430683 0.255263 0.019368 0.063158
0 0.600917 0.426316 0.027523 0.084211
0 0.767584 0.273684 0.020387 0.068421
0 0.554027 0.132895 0.013252 0.044737
0 0.141692 0.234211 0.018349 0.063158
0 0.879715 0.178947 0.014271 0.047368
0 0.943425 0.932895 0.045872 0.071053
0 0.450561 0.825000 0.030581 0.118421
0 0.268603 0.197368 0.017329 0.052632
0 0.743629 0.184211 0.015291 0.047368
0 0.006116 0.432895 0.010194 0.081579
0 0.179409 0.182895 0.014271 0.044737
0 0.369521 0.139474 0.013252 0.047368
0 0.517839 0.257895 0.018349 0.057895
0 0.386340 0.751316 0.048930 0.155263
0 0.338430 0.231579 0.018349 0.047368
0 0.908767 0.198684 0.017329 0.055263
0 0.115698 0.157895 0.013252 0.047368
0 0.665647 0.159211 0.012232 0.044737
0 0.655454 0.196053 0.014271 0.050000
0 0.907747 0.280263 0.021407 0.065789
0 0.983180 0.882895 0.033639 0.107895
0 0.040265 0.105263 0.015291 0.042105
0 0.584098 0.151316 0.014271 0.044737
0 0.570846 0.198684 0.018349 0.060526
0 0.444444 0.164474 0.014271 0.055263
0 0.985729 0.375000 0.024465 0.060526
0 0.115698 0.101316 0.011213 0.028947
0 0.012232 0.922368 0.022426 0.155263
0 0.065240 0.156579 0.012232 0.044737
0 0.469929 0.097368 0.012232 0.042105
0 0.270133 0.093421 0.014271 0.039474
0 0.403160 0.140789 0.015291 0.044737
0 0.322630 0.122368 0.013252 0.044737
0 0.080020 0.097368 0.011213 0.042105
0 0.407747 0.253947 0.018349 0.055263
0 0.616208 0.193421 0.017329 0.050000
0 0.731397 0.701316 0.039755 0.144737
0 0.255861 0.093421 0.014271 0.039474
0 0.572375 0.128947 0.013252 0.047368
0 0.816004 0.067105 0.011213 0.034211
0 0.194190 0.257895 0.017329 0.052632
0 0.530071 0.200000 0.016310 0.052632
0 0.834862 0.117105 0.012232 0.039474
0 0.556575 0.073684 0.012232 0.036842
0 0.193680 0.211842 0.016310 0.044737
0 0.250765 0.197368 0.014271 0.042105
0 0.127931 0.177632 0.015291 0.050000
0 0.025994 0.186842 0.015291 0.057895
0 0.102956 0.077632 0.010194 0.034211
0 0.714577 0.194737 0.016310 0.052632
0 0.946993 0.200000 0.016310 0.057895
0 0.813456 0.303947 0.018349 0.055263
0 0.097859 0.156579 0.016310 0.050000
0 0.165138 0.194737 0.014271 0.047368
0 0.419980 0.390789 0.018349 0.060526
0 0.924057 0.380263 0.021407 0.097368
0 0.385831 0.122368 0.017329 0.060526
0 0.719674 0.130263 0.012232 0.034211
0 0.437309 0.678947 0.042813 0.057895
0 0.090214 0.100000 0.011213 0.036842
0 0.541284 0.140789 0.014271 0.044737
0 0.102956 0.114474 0.012232 0.034211
0 0.928135 0.138158 0.013252 0.044737
0 0.201835 0.164474 0.014271 0.044737
0 0.760958 0.700000 0.025484 0.100000
0 0.513761 0.136842 0.014271 0.047368
0 0.852701 0.105263 0.011213 0.036842
0 0.083078 0.142105 0.013252 0.047368
0 0.280326 0.265789 0.018349 0.057895
0 0.144241 0.044737 0.011213 0.031579
0 0.891947 0.171053 0.012232 0.047368
0 0.448012 0.265789 0.015291 0.057895
0 0.177880 0.243421 0.015291 0.055263
0 0.373089 0.092105 0.012232 0.036842
0 0.005097 0.235526 0.008155 0.071053
0 0.132008 0.088158 0.009174 0.034211
0 0.082059 0.296053 0.015291 0.060526
0 0.977064 0.268421 0.017329 0.057895
0 0.822630 0.273684 0.016310 0.047368
0 0.860347 0.226316 0.016310 0.047368
0 0.570846 0.075000 0.010194 0.034211
0 0.099388 0.906579 0.035678 0.128947
0 0.035168 0.898684 0.049949 0.171053
0 0.069317 0.477632 0.040775 0.086842
0 0.020387 0.585526 0.034659 0.150000
0 0.037717 0.318421 0.026504 0.063158
0 0.026504 0.271053 0.020387 0.057895
0 0.093272 0.326316 0.029562 0.063158
0 0.117737 0.392105 0.019368 0.063158
0 0.140163 0.500000 0.023445 0.084211
0 0.082059 0.544737 0.029562 0.073684
0 0.213558 0.476316 0.037717 0.121053
0 0.246687 0.465789 0.028542 0.115789
0 0.301733 0.513158 0.028542 0.094737
0 0.304281 0.385526 0.029562 0.107895
0 0.271662 0.310526 0.031600 0.078947
0 0.234455 0.151316 0.014271 0.044737
0 0.406728 0.634211 0.038736 0.078947
0 0.553007 0.723684 0.037717 0.131579
0 0.570336 0.955263 0.054027 0.089474
0 0.500510 0.693421 0.032620 0.086842
0 0.471458 0.711842 0.033639 0.107895
0 0.576962 0.386842 0.028542 0.094737
0 0.653925 0.251316 0.019368 0.065789
0 0.730377 0.401316 0.031600 0.086842
0 0.771152 0.356579 0.021407 0.076316
0 0.820591 0.455263 0.028542 0.078947
0 0.743629 0.235526 0.017329 0.060526
0 0.439857 0.215789 0.019368 0.047368
0 0.374108 0.611842 0.026504 0.081579
0 0.945464 0.507895 0.023445 0.110526
0 0.858308 0.171053 0.012232 0.042105
0 0.693170 0.144737 0.022426 0.052632
0 0.506626 0.205263 0.012232 0.021053
