0 0.289501 0.477355 0.040775 0.059783
0 0.757900 0.255435 0.043833 0.057971
0 0.616208 0.285326 0.037717 0.063406
0 0.378186 0.239130 0.042813 0.054348
0 0.643221 0.567029 0.036697 0.065217
0 0.735984 0.406703 0.036697 0.063406
0 0.731906 0.541667 0.040775 0.061594
0 0.834353 0.385870 0.035678 0.068841
0 0.746177 0.644928 0.036697 0.061594
0 0.862385 0.229167 0.036697 0.059783
0 0.702854 0.149457 0.039755 0.056159
0 0.401121 0.415761 0.037717 0.070652
0 0.443425 0.237319 0.038736 0.065217
0 0.674312 0.238225 0.037717 0.059783
0 0.538226 0.403080 0.038736 0.067029
0 0.667176 0.676630 0.035678 0.063406
0 0.637615 0.358696 0.039755 0.065217
0 0.814985 0.519928 0.039755 0.065217
0 0.437819 0.594203 0.035678 0.065217
0 0.587156 0.666667 0.034659 0.068841
0 0.229358 0.365036 0.040775 0.059783
0 0.497961 0.682971 0.033639 0.065217
0 0.456677 0.384058 0.036697 0.068841
0 0.330785 0.389493 0.037717 0.065217
0 0.597859 0.117754 0.039755 0.061594
0 0.565749 0.849638 0.038736 0.068841
0 0.512232 0.963768 0.033639 0.072464
0 0.503568 0.153080 0.038736 0.067029
0 0.572885 0.269022 0.034659 0.070652
0 0.707951 0.769928 0.033639 0.072464
0 0.314985 0.647645 0.034659 0.067029
0 0.375127 0.668478 0.034659 0.065217
0 0.577982 0.537138 0.036697 0.067029
0 0.513252 0.576087 0.041794 0.057971
0 0.854740 0.640399 0.041794 0.070652
0 0.489806 0.016304 0.023445 0.028986
