0 0.350153 0.767210 0.033639 0.070652
0 0.431702 0.749094 0.039755 0.067029
0 0.668705 0.388587 0.034659 0.063406
0 0.774210 0.338768 0.035678 0.065217
0 0.651886 0.797101 0.033639 0.065217
0 0.583588 0.818841 0.031600 0.079710
0 0.075433 0.459239 0.034659 0.067029
0 0.398573 0.338768 0.032620 0.061594
0 0.252803 0.138587 0.032620 0.070652
0 0.413354 0.458333 0.035678 0.065217
0 0.189093 0.682971 0.039755 0.065217
0 0.279307 0.323370 0.038736 0.056159
0 0.704383 0.375000 0.028542 0.065217
0 0.267584 0.490942 0.037717 0.065217
0 0.379205 0.686594 0.032620 0.065217
0 0.245668 0.699275 0.032620 0.065217
0 0.732416 0.301630 0.035678 0.067029
0 0.124363 0.721014 0.038736 0.072464
0 0.410805 0.830616 0.036697 0.063406
0 0.125892 0.441123 0.031600 0.063406
0 0.376147 0.271739 0.040775 0.057971
0 0.363914 0.425725 0.034659 0.072464
0 0.234964 0.326087 0.033639 0.065217
0 0.843017 0.424819 0.038736 0.059783
0 0.742610 0.400362 0.031600 0.068841
0 0.239042 0.810688 0.043833 0.056159
0 0.830275 0.341486 0.035678 0.056159
0 0.475535 0.693841 0.033639 0.072464
0 0.147808 0.333333 0.034659 0.065217
0 0.271152 0.579710 0.038736 0.079710
0 0.330785 0.879529 0.037717 0.059783
0 0.508665 0.567029 0.032620 0.057971
0 0.180428 0.446558 0.028542 0.059783
0 0.814985 0.253623 0.033639 0.068841
0 0.729867 0.492754 0.030581 0.068841
0 0.557594 0.562500 0.034659 0.056159
0 0.491845 0.810688 0.041794 0.067029
0 0.178899 0.530797 0.037717 0.061594
0 0.367992 0.610507 0.034659 0.068841
0 0.405199 0.531703 0.029562 0.067029
0 0.324159 0.638587 0.030581 0.059783
0 0.869521 0.245471 0.030581 0.070652
0 0.626402 0.514493 0.029562 0.065217
0 0.256881 0.211957 0.032620 0.065217
0 0.926606 0.380435 0.040775 0.061594
0 0.650866 0.134964 0.037717 0.052536
0 0.404179 0.135870 0.017329 0.025362
0 0.722222 0.178442 0.035678 0.059783
0 0.444954 0.158514 0.037717 0.059783
0 0.432212 0.613225 0.032620 0.067029
0 0.217635 0.693841 0.019368 0.050725
0 0.793578 0.442935 0.037717 0.067029
0 0.315494 0.533514 0.041794 0.063406
0 0.345566 0.325181 0.030581 0.063406
0 0.991335 0.393116 0.017329 0.050725
0 0.978593 0.538949 0.042813 0.059783
0 0.945973 0.220109 0.040775 0.059783
0 0.945973 0.123188 0.038736 0.065217
0 0.842508 0.035326 0.037717 0.067029
0 0.809378 0.098732 0.036697 0.059783
0 0.831295 0.177536 0.039755 0.065217
0 0.770642 0.237319 0.038736 0.068841
0 0.754842 0.142210 0.039755 0.067029
0 0.749745 0.051630 0.039755 0.059783
0 0.700815 0.073370 0.035678 0.056159
0 0.661570 0.280797 0.032620 0.068841
0 0.625892 0.367754 0.036697 0.068841
0 0.674822 0.188406 0.038736 0.065217
0 0.612640 0.193841 0.040775 0.065217
0 0.618247 0.057971 0.041794 0.057971
0 0.573904 0.085145 0.036697 0.050725
0 0.557085 0.151268 0.043833 0.063406
0 0.503058 0.085145 0.033639 0.065217
0 0.459225 0.062500 0.035678 0.070652
0 0.420489 0.230072 0.041794 0.057971
0 0.399592 0.191123 0.042813 0.048913
0 0.360347 0.127717 0.037717 0.059783
0 0.333333 0.071558 0.038736 0.052536
0 0.400612 0.064312 0.040775 0.059783
0 0.307339 0.148551 0.035678 0.057971
0 0.289501 0.072464 0.038736 0.061594
0 0.297655 0.249094 0.038736 0.059783
0 0.466361 0.534420 0.037717 0.050725
0 0.440367 0.485507 0.032620 0.057971
0 0.705912 0.727355 0.033639 0.063406
0 0.619266 0.593297 0.031600 0.070652
0 0.784404 0.715580 0.031600 0.068841
0 0.827217 0.661232 0.039755 0.054348
0 0.820082 0.541667 0.035678 0.065217
0 0.898573 0.592391 0.033639 0.068841
0 0.211519 0.587862 0.041794 0.052536
0 0.232926 0.382246 0.035678 0.057971
0 0.213048 0.428442 0.040775 0.052536
0 0.632008 0.878623 0.032620 0.072464
0 0.694699 0.952899 0.037717 0.068841
0 0.784404 0.979167 0.029562 0.041667
0 0.907238 0.987319 0.032620 0.025362
0 0.778287 0.822464 0.033639 0.076087
0 0.543323 0.987319 0.028542 0.025362
0 0.454638 0.950181 0.032620 0.074275
0 0.386340 0.908514 0.038736 0.059783
0 0.325178 0.700181 0.032620 0.063406
0 0.328236 0.971014 0.034659 0.057971
0 0.243119 0.950181 0.031600 0.081522
0 0.212538 0.903986 0.031600 0.065217
0 0.133537 0.958333 0.040775 0.065217
0 0.103466 0.821558 0.043833 0.052536
0 0.063201 0.969203 0.036697 0.061594
0 0.059123 0.699275 0.038736 0.057971
0 0.082059 0.270833 0.045872 0.059783
0 0.116208 0.150362 0.034659 0.054348
0 0.159531 0.169384 0.039755 0.056159
0 0.198267 0.264493 0.029562 0.072464
0 0.186035 0.066123 0.041794 0.063406
0 0.141182 0.041667 0.047910 0.061594
0 0.095821 0.057971 0.044852 0.057971
0 0.036697 0.144022 0.042813 0.067029
0 0.008155 0.276268 0.014271 0.056159
