0 0.115189 0.261775 0.040775 0.056159
0 0.103976 0.770833 0.044852 0.056159
0 0.103466 0.571558 0.045872 0.056159
0 0.088175 0.105072 0.041794 0.065217
0 0.161060 0.628623 0.050968 0.057971
0 0.026504 0.751812 0.040775 0.054348
0 0.140163 0.460145 0.047910 0.057971
0 0.048420 0.172101 0.033639 0.054348
0 0.074414 0.893116 0.040775 0.057971
0 0.175841 0.261775 0.039755 0.052536
0 0.060143 0.269022 0.040775 0.056159
0 0.020387 0.545290 0.038736 0.054348
0 0.101937 0.398551 0.046891 0.054348
0 0.015800 0.366848 0.029562 0.056159
0 0.014271 0.806159 0.026504 0.054348
0 0.087666 0.010870 0.024465 0.018116
