0 0.818552 0.509211 0.044852 0.113158
0 0.900612 0.728947 0.049949 0.152632
0 0.811927 0.813158 0.058104 0.147368
0 0.828236 0.630263 0.043833 0.128947
0 0.734964 0.631579 0.036697 0.126316
0 0.741590 0.893421 0.039755 0.123684
0 0.685015 0.775000 0.034659 0.128947
0 0.676860 0.934211 0.055046 0.131579
0 0.253313 0.868421 0.056065 0.152632
0 0.611111 0.431579 0.029562 0.089474
0 0.930173 0.930263 0.058104 0.118421
0 0.978593 0.642105 0.042813 0.131579
0 0.317533 0.377632 0.027523 0.076316
0 0.898573 0.397368 0.029562 0.094737
0 0.563201 0.835526 0.037717 0.155263
0 0.588685 0.731579 0.031600 0.115789
0 0.746177 0.357895 0.026504 0.089474
0 0.365953 0.814474 0.057085 0.150000
0 0.957696 0.798684 0.054027 0.139474
0 0.924057 0.646053 0.033639 0.118421
0 0.512742 0.642105 0.040775 0.110526
0 0.945973 0.506579 0.032620 0.113158
0 0.700306 0.347368 0.022426 0.078947
0 0.159531 0.761842 0.047910 0.192105
0 0.781346 0.697368 0.049949 0.142105
0 0.672783 0.357895 0.020387 0.068421
0 0.062691 0.647368 0.049949 0.152632
0 0.723242 0.444737 0.031600 0.089474
0 0.659021 0.494737 0.029562 0.110526
0 0.555556 0.390789 0.026504 0.086842
0 0.857798 0.521053 0.029562 0.084211
0 0.642202 0.422368 0.022426 0.076316
0 0.514781 0.948684 0.042813 0.102632
0 0.070846 0.793421 0.045872 0.139474
0 0.507136 0.402632 0.023445 0.084211
0 0.852192 0.964474 0.040775 0.071053
0 0.899592 0.546053 0.033639 0.092105
0 0.424567 0.380263 0.023445 0.086842
0 0.346075 0.243421 0.019368 0.065789
0 0.627421 0.517105 0.027523 0.102632
0 0.764016 0.506579 0.027523 0.097368
0 0.529562 0.414474 0.023445 0.076316
0 0.412844 0.497368 0.026504 0.084211
0 0.567278 0.544737 0.029562 0.100000
0 0.255352 0.743421 0.047910 0.102632
0 0.581040 0.360526 0.022426 0.073684
0 0.985219 0.521053 0.029562 0.084211
0 0.783894 0.428947 0.030581 0.100000
0 0.493374 0.209211 0.020387 0.071053
0 0.375127 0.347368 0.022426 0.073684
0 0.178389 0.339474 0.018349 0.073684
0 0.446483 0.173684 0.018349 0.057895
0 0.509684 0.314474 0.024465 0.071053
0 0.364934 0.476316 0.020387 0.073684
0 0.469929 0.205263 0.020387 0.068421
0 0.485729 0.386842 0.021407 0.094737
0 0.055556 0.414474 0.029562 0.081579
0 0.416412 0.163158 0.019368 0.063158
0 0.396534 0.305263 0.022426 0.068421
0 0.933741 0.447368 0.026504 0.073684
0 0.069827 0.357895 0.023445 0.063158
0 0.136086 0.523684 0.023445 0.068421
0 0.773700 0.281579 0.020387 0.063158
0 0.021407 0.328947 0.020387 0.084211
0 0.222732 0.572368 0.041794 0.107895
0 0.153415 0.415789 0.029562 0.078947
0 0.463303 0.352632 0.025484 0.089474
0 0.568298 0.296053 0.021407 0.060526
0 0.349134 0.319737 0.019368 0.076316
0 0.267584 0.255263 0.019368 0.063158
0 0.791539 0.926316 0.056065 0.115789
0 0.800204 0.351316 0.022426 0.060526
0 0.118247 0.251316 0.018349 0.065789
0 0.262997 0.372368 0.022426 0.071053
0 0.530581 0.269737 0.021407 0.065789
0 0.814475 0.415789 0.028542 0.073684
0 0.470948 0.963158 0.044852 0.073684
0 0.042813 0.311842 0.018349 0.065789
0 0.014271 0.786842 0.026504 0.189474
0 0.771662 0.352632 0.022426 0.063158
0 0.202345 0.344737 0.019368 0.063158
0 0.545872 0.318421 0.021407 0.052632
0 0.638634 0.302632 0.019368 0.052632
0 0.197757 0.731579 0.036697 0.157895
0 0.306320 0.294737 0.019368 0.063158
0 0.100917 0.282895 0.018349 0.065789
0 0.664628 0.209211 0.016310 0.055263
0 0.145260 0.310526 0.019368 0.063158
0 0.214577 0.655263 0.037717 0.105263
0 0.187054 0.284211 0.019368 0.052632
0 0.381244 0.251316 0.018349 0.065789
0 0.441386 0.280263 0.020387 0.060526
0 0.610601 0.152632 0.016310 0.052632
0 0.558104 0.185526 0.015291 0.050000
0 0.460245 0.490789 0.027523 0.071053
0 0.398573 0.242105 0.018349 0.052632
0 0.206422 0.122368 0.013252 0.044737
0 0.745158 0.240789 0.016310 0.050000
0 0.326198 0.239474 0.016310 0.057895
0 0.974006 0.309211 0.023445 0.081579
0 0.602956 0.318421 0.019368 0.078947
0 0.106524 0.175000 0.017329 0.055263
0 0.541284 0.710526 0.024465 0.073684
0 0.647808 0.736842 0.031600 0.084211
0 0.080020 0.038158 0.009174 0.028947
0 0.165647 0.136842 0.013252 0.042105
0 0.145260 0.203947 0.017329 0.044737
0 0.784404 0.100000 0.011213 0.036842
0 0.197248 0.489474 0.029562 0.089474
0 0.225280 0.192105 0.016310 0.047368
0 0.384811 0.418421 0.023445 0.084211
0 0.054536 0.102632 0.011213 0.031579
0 0.850663 0.260526 0.019368 0.052632
0 0.588685 0.207895 0.017329 0.052632
0 0.187564 0.203947 0.016310 0.050000
0 0.393476 0.180263 0.018349 0.055263
0 0.043323 0.235526 0.019368 0.060526
0 0.682467 0.547368 0.025484 0.084211
0 0.854230 0.089474 0.014271 0.042105
0 0.255861 0.171053 0.016310 0.057895
0 0.093272 0.085526 0.011213 0.034211
0 0.009684 0.442105 0.017329 0.078947
0 0.963812 0.093421 0.015291 0.044737
0 0.540775 0.144737 0.015291 0.052632
0 0.281855 0.109211 0.015291 0.044737
0 0.017329 0.656579 0.028542 0.092105
0 0.217635 0.140789 0.015291 0.044737
0 0.180938 0.117105 0.013252 0.039474
0 0.026504 0.189474 0.014271 0.042105
0 0.988277 0.101316 0.015291 0.044737
0 0.625382 0.355263 0.023445 0.063158
0 0.244648 0.121053 0.016310 0.047368
0 0.756881 0.110526 0.013252 0.042105
0 0.502548 0.522368 0.026504 0.086842
0 0.130989 0.361842 0.021407 0.071053
0 0.472987 0.085526 0.014271 0.044737
0 0.265545 0.056579 0.011213 0.034211
0 0.236493 0.223684 0.016310 0.047368
0 0.991335 0.907895 0.017329 0.136842
0 0.151376 0.110526 0.011213 0.036842
0 0.192151 0.118421 0.011213 0.036842
0 0.467890 0.280263 0.018349 0.055263
0 0.140673 0.159211 0.012232 0.039474
0 0.713558 0.164474 0.016310 0.055263
0 0.689093 0.438158 0.018349 0.076316
0 0.093782 0.177632 0.012232 0.044737
0 0.517329 0.132895 0.015291 0.044737
0 0.630989 0.243421 0.018349 0.055263
0 0.647808 0.207895 0.017329 0.057895
0 0.407747 0.934211 0.067278 0.131579
0 0.890928 0.213158 0.020387 0.057895
0 0.447503 0.230263 0.016310 0.044737
0 0.610092 0.052632 0.013252 0.036842
0 0.825688 0.222368 0.020387 0.065789
0 0.458716 0.078947 0.012232 0.036842
0 0.422018 0.310526 0.020387 0.052632
0 0.341998 0.182895 0.019368 0.044737
0 0.232416 0.313158 0.020387 0.063158
0 0.588685 0.119737 0.015291 0.039474
0 0.394495 0.064474 0.012232 0.034211
0 0.595821 0.160526 0.015291 0.047368
0 0.782365 0.206579 0.017329 0.060526
0 0.995923 0.194737 0.008155 0.063158
0 0.337411 0.467105 0.032620 0.086842
0 0.472987 0.576316 0.038736 0.115789
0 0.869011 0.085526 0.015291 0.039474
0 0.857798 0.165789 0.015291 0.047368
0 0.856779 0.314474 0.017329 0.065789
0 0.767584 0.118421 0.010194 0.036842
0 0.079511 0.306579 0.018349 0.050000
0 0.239551 0.171053 0.014271 0.047368
0 0.603466 0.086842 0.012232 0.031579
0 0.340469 0.173684 0.018349 0.052632
0 0.080020 0.197368 0.013252 0.047368
0 0.379205 0.080263 0.014271 0.039474
0 0.645260 0.098684 0.012232 0.034211
0 0.565749 0.135526 0.014271 0.044737
0 0.150357 0.203947 0.015291 0.044737
0 0.884811 0.151316 0.014271 0.050000
0 0.485729 0.115789 0.015291 0.047368
0 0.778797 0.421053 0.028542 0.089474
0 0.276758 0.160526 0.013252 0.047368
0 0.697248 0.257895 0.018349 0.052632
0 0.221203 0.321053 0.016310 0.057895
0 0.950561 0.068421 0.013252 0.036842
0 0.292049 0.444737 0.021407 0.063158
0 0.559123 0.057895 0.011213 0.026316
0 0.932722 0.267105 0.020387 0.060526
0 0.922018 0.318421 0.025484 0.068421
0 0.935270 0.457895 0.027523 0.084211
0 0.111111 0.110526 0.012232 0.036842
0 0.247706 0.519737 0.020387 0.076316
0 0.344546 0.103947 0.012232 0.039474
0 0.396534 0.123684 0.014271 0.042105
0 0.293068 0.665789 0.043833 0.136842
0 0.329766 0.631579 0.021407 0.147368
0 0.349134 0.643421 0.025484 0.107895
0 0.359837 0.552632 0.030581 0.078947
0 0.296636 0.565789 0.036697 0.078947
0 0.271152 0.480263 0.022426 0.102632
0 0.062691 0.952632 0.060143 0.094737
0 0.140673 0.952632 0.050968 0.094737
0 0.176351 0.880263 0.050968 0.060526
0 0.185525 0.946053 0.040775 0.102632
0 0.194190 0.735526 0.049949 0.197368
0 0.525484 0.859211 0.054027 0.155263
0 0.738022 0.980263 0.040775 0.039474
0 0.908767 0.880263 0.049949 0.144737
0 0.865443 0.605263 0.022426 0.078947
0 0.858818 0.407895 0.027523 0.094737
0 0.616208 0.628947 0.047910 0.105263
0 0.541794 0.586842 0.041794 0.142105
0 0.159531 0.518421 0.027523 0.115789
0 0.059123 0.492105 0.038736 0.105263
0 0.102446 0.568421 0.033639 0.110526
0 0.109582 0.644737 0.039755 0.105263
0 0.090214 0.356579 0.019368 0.097368
0 0.059123 0.178947 0.022426 0.073684
0 0.210499 0.263158 0.019368 0.068421
0 0.298165 0.118421 0.017329 0.057895
0 0.362895 0.076316 0.016310 0.052632
0 0.361876 0.151316 0.016310 0.076316
0 0.794088 0.273684 0.016310 0.078947
0 0.953619 0.213158 0.021407 0.089474
0 0.971967 0.371053 0.027523 0.078947
0 0.986748 0.403947 0.026504 0.102632
0 0.327217 0.817105 0.034659 0.139474
0 0.388889 0.646053 0.039755 0.118421
0 0.434760 0.590789 0.027523 0.086842
0 0.417431 0.747368 0.025484 0.073684
0 0.428644 0.832895 0.045872 0.118421
