0 0.891437 0.528947 0.029562 0.100000
0 0.331295 0.807895 0.048930 0.152632
0 0.624363 0.700000 0.041794 0.136842
0 0.855759 0.469737 0.031600 0.097368
0 0.558104 0.659211 0.033639 0.123684
0 0.786442 0.771053 0.056065 0.147368
0 0.288991 0.697368 0.043833 0.168421
0 0.518858 0.678947 0.034659 0.115789
0 0.749745 0.639474 0.035678 0.110526
0 0.313965 0.463158 0.032620 0.110526
0 0.886850 0.646053 0.046891 0.123684
0 0.591743 0.707895 0.023445 0.121053
0 0.511213 0.828947 0.047910 0.147368
0 0.127931 0.552632 0.045872 0.126316
0 0.398063 0.702632 0.045872 0.131579
0 0.932722 0.511842 0.032620 0.081579
0 0.953619 0.621053 0.041794 0.089474
0 0.429664 0.397368 0.029562 0.073684
0 0.490316 0.311842 0.024465 0.081579
0 0.673802 0.517105 0.030581 0.086842
0 0.379715 0.417105 0.029562 0.086842
0 0.432722 0.650000 0.041794 0.142105
0 0.621814 0.497368 0.040775 0.100000
0 0.968400 0.740789 0.040775 0.155263
0 0.087156 0.698684 0.045872 0.139474
0 0.576962 0.363158 0.026504 0.073684
0 0.513761 0.372368 0.028542 0.092105
0 0.148828 0.402632 0.034659 0.105263
0 0.049439 0.778947 0.054027 0.121053
0 0.100917 0.426316 0.032620 0.105263
0 0.170744 0.788158 0.049949 0.128947
0 0.359837 0.331579 0.022426 0.078947
0 0.370540 0.240789 0.023445 0.065789
0 0.281855 0.353947 0.021407 0.071053
0 0.542304 0.402632 0.026504 0.073684
0 0.459735 0.344737 0.024465 0.073684
0 0.355250 0.489474 0.033639 0.094737
0 0.426096 0.263158 0.020387 0.068421
0 0.066259 0.244737 0.018349 0.063158
0 0.715596 0.486842 0.026504 0.100000
0 0.382263 0.606579 0.040775 0.102632
0 0.539755 0.321053 0.023445 0.068421
0 0.327727 0.330263 0.027523 0.081579
0 0.400102 0.260526 0.019368 0.063158
0 0.758919 0.477632 0.025484 0.086842
0 0.668196 0.910526 0.033639 0.121053
0 0.439348 0.896053 0.042813 0.160526
0 0.934251 0.272368 0.021407 0.065789
0 0.167686 0.509211 0.031600 0.107895
0 0.474006 0.501316 0.024465 0.097368
0 0.666667 0.622368 0.040775 0.113158
0 0.639144 0.584211 0.028542 0.105263
0 0.238022 0.759211 0.047910 0.171053
0 0.900612 0.343421 0.023445 0.076316
0 0.933231 0.156579 0.017329 0.055263
0 0.872579 0.327632 0.024465 0.076316
0 0.827727 0.392105 0.020387 0.084211
0 0.748726 0.288158 0.021407 0.065789
0 0.480632 0.657895 0.031600 0.084211
0 0.215087 0.261842 0.018349 0.060526
0 0.952090 0.068421 0.012232 0.042105
0 0.043323 0.390789 0.027523 0.092105
0 0.589704 0.590789 0.033639 0.107895
0 0.367482 0.931579 0.060143 0.126316
0 0.500510 0.947368 0.061162 0.105263
0 0.044852 0.522368 0.040775 0.144737
0 0.242100 0.409211 0.029562 0.081579
0 0.931193 0.217105 0.015291 0.044737
0 0.988787 0.560526 0.022426 0.115789
0 0.668196 0.232895 0.019368 0.060526
0 0.380224 0.332895 0.022426 0.076316
0 0.193170 0.430263 0.029562 0.102632
0 0.937819 0.342105 0.020387 0.068421
0 0.445973 0.226316 0.019368 0.063158
0 0.972987 0.273684 0.017329 0.057895
0 0.779307 0.305263 0.019368 0.063158
0 0.807339 0.419737 0.030581 0.102632
0 0.987258 0.847368 0.025484 0.136842
0 0.898063 0.244737 0.022426 0.073684
0 0.583078 0.192105 0.018349 0.057895
0 0.813456 0.873684 0.065240 0.068421
0 0.596330 0.439474 0.026504 0.078947
0 0.286952 0.571053 0.039755 0.094737
0 0.042813 0.253947 0.020387 0.060526
0 0.986239 0.415789 0.025484 0.073684
0 0.092762 0.147368 0.016310 0.057895
0 0.664118 0.428947 0.021407 0.073684
0 0.219164 0.339474 0.022426 0.057895
0 0.190112 0.321053 0.019368 0.063158
0 0.558104 0.913158 0.060143 0.173684
0 0.530071 0.203947 0.018349 0.065789
0 0.284913 0.461842 0.023445 0.102632
0 0.069827 0.182895 0.015291 0.055263
0 0.121814 0.172368 0.015291 0.050000
0 0.822120 0.196053 0.015291 0.055263
0 0.266055 0.198684 0.018349 0.060526
0 0.670234 0.357895 0.023445 0.057895
0 0.175841 0.669737 0.035678 0.113158
0 0.377676 0.153947 0.015291 0.044737
0 0.114169 0.281579 0.016310 0.063158
0 0.693680 0.273684 0.019368 0.052632
0 0.134557 0.292105 0.018349 0.057895
0 0.509684 0.285526 0.020387 0.060526
0 0.480632 0.205263 0.019368 0.063158
0 0.161060 0.150000 0.016310 0.052632
0 0.011723 0.309211 0.021407 0.071053
0 0.638634 0.309211 0.023445 0.076316
0 0.236493 0.509211 0.034659 0.113158
0 0.738022 0.532895 0.036697 0.081579
0 0.307849 0.275000 0.020387 0.065789
0 0.717125 0.102632 0.013252 0.036842
0 0.500510 0.209211 0.018349 0.055263
0 0.011723 0.596053 0.021407 0.097368
0 0.943425 0.425000 0.025484 0.071053
0 0.962283 0.380263 0.016310 0.065789
0 0.705403 0.184211 0.016310 0.063158
0 0.138634 0.144737 0.014271 0.042105
0 0.976045 0.935526 0.045872 0.076316
0 0.108053 0.223684 0.018349 0.052632
0 0.696228 0.334211 0.024465 0.068421
0 0.080020 0.371053 0.027523 0.089474
0 0.399083 0.838158 0.043833 0.150000
0 0.432722 0.150000 0.015291 0.047368
0 0.181957 0.251316 0.019368 0.055263
0 0.796126 0.413158 0.024465 0.089474
0 0.993374 0.173684 0.011213 0.042105
0 0.950561 0.135526 0.015291 0.044737
0 0.252803 0.147368 0.014271 0.047368
0 0.428135 0.484211 0.026504 0.089474
0 0.760449 0.218421 0.014271 0.052632
0 0.222222 0.071053 0.012232 0.042105
0 0.017839 0.193421 0.015291 0.050000
0 0.833333 0.084211 0.015291 0.047368
0 0.135576 0.097368 0.012232 0.042105
0 0.743119 0.121053 0.012232 0.036842
0 0.758410 0.126316 0.014271 0.042105
0 0.591743 0.101316 0.015291 0.044737
0 0.852192 0.814474 0.032620 0.102632
0 0.988787 0.105263 0.012232 0.036842
0 0.955148 0.278947 0.016310 0.057895
0 0.851172 0.211842 0.016310 0.055263
0 0.663609 0.136842 0.012232 0.042105
0 0.176860 0.069737 0.013252 0.044737
0 0.491335 0.421053 0.024465 0.073684
0 0.331804 0.178947 0.019368 0.057895
0 0.012232 0.432895 0.020387 0.076316
0 0.783384 0.186842 0.015291 0.047368
0 0.850663 0.092105 0.013252 0.036842
0 0.335882 0.573684 0.025484 0.089474
0 0.306830 0.106579 0.016310 0.044737
0 0.843017 0.242105 0.016310 0.057895
0 0.793578 0.239474 0.019368 0.057895
0 0.063710 0.140789 0.015291 0.044737
0 0.271662 0.459211 0.021407 0.102632
0 0.679409 0.138158 0.013252 0.044737
0 0.020387 0.117105 0.014271 0.044737
0 0.847604 0.151316 0.017329 0.055263
0 0.060143 0.073684 0.012232 0.036842
0 0.153415 0.327632 0.021407 0.055263
0 0.770133 0.409211 0.023445 0.065789
0 0.902650 0.184211 0.015291 0.047368
0 0.627421 0.057895 0.011213 0.031579
0 0.267584 0.100000 0.013252 0.036842
0 0.011723 0.577632 0.021407 0.097368
0 0.978593 0.177632 0.014271 0.044737
0 0.084098 0.211842 0.017329 0.060526
0 0.233435 0.628947 0.034659 0.094737
0 0.271662 0.138158 0.015291 0.050000
0 0.971967 0.153947 0.013252 0.039474
0 0.774210 0.236842 0.015291 0.052632
0 0.211519 0.038158 0.011213 0.034211
0 0.157492 0.272368 0.023445 0.060526
0 0.426606 0.203947 0.021407 0.050000
0 0.817023 0.938158 0.066259 0.123684
0 0.201835 0.215789 0.018349 0.052632
0 0.643221 0.244737 0.020387 0.052632
0 0.646279 0.193421 0.016310 0.044737
0 0.845056 0.660526 0.032620 0.126316
0 0.077982 0.059211 0.011213 0.039474
0 0.809378 0.165789 0.016310 0.057895
0 0.742610 0.235526 0.017329 0.044737
0 0.810907 0.078947 0.015291 0.042105
0 0.602446 0.365789 0.018349 0.057895
0 0.920999 0.031579 0.013252 0.036842
0 0.989297 0.246053 0.015291 0.044737
0 0.103466 0.085526 0.011213 0.034211
0 0.916922 0.231579 0.015291 0.047368
0 0.369011 0.988158 0.059123 0.023684
0 0.572375 0.251316 0.017329 0.055263
0 0.364934 0.188158 0.016310 0.039474
0 0.690622 0.172368 0.015291 0.055263
0 0.057594 0.032895 0.009174 0.028947
0 0.794597 0.247368 0.019368 0.063158
0 0.782875 0.076316 0.016310 0.042105
0 0.809378 0.261842 0.018349 0.050000
0 0.469419 0.169737 0.015291 0.050000
0 0.873089 0.096053 0.011213 0.034211
0 0.553007 0.065789 0.011213 0.031579
0 0.899083 0.857895 0.044852 0.110526
0 0.313456 0.209211 0.017329 0.050000
0 0.739551 0.084211 0.015291 0.042105
0 0.031600 0.060526 0.010194 0.026316
0 0.712538 0.278947 0.016310 0.057895
0 0.879205 0.207895 0.019368 0.052632
0 0.762487 0.347368 0.018349 0.063158
0 0.248726 0.085526 0.012232 0.039474
0 0.981651 0.328947 0.022426 0.063158
0 0.710499 0.138158 0.014271 0.039474
0 0.811927 0.151316 0.017329 0.055263
0 0.266055 0.327632 0.020387 0.065789
0 0.548930 0.169737 0.015291 0.055263
0 0.953619 0.188158 0.015291 0.050000
0 0.006116 0.151316 0.010194 0.050000
0 0.747197 0.185526 0.014271 0.044737
0 0.227829 0.031579 0.009174 0.026316
0 0.829766 0.164474 0.014271 0.044737
0 0.567278 0.163158 0.013252 0.047368
0 0.047401 0.031579 0.009174 0.031579
0 0.303262 0.175000 0.017329 0.050000
0 0.264526 0.034211 0.011213 0.036842
0 0.232416 0.100000 0.012232 0.036842
0 0.700815 0.090789 0.013252 0.044737
0 0.603466 0.264474 0.016310 0.050000
0 0.294597 0.313158 0.018349 0.063158
0 0.015800 0.252632 0.015291 0.047368
0 0.576453 0.097368 0.013252 0.042105
0 0.908767 0.132895 0.013252 0.039474
0 0.377676 0.098684 0.013252 0.039474
0 0.137615 0.240789 0.016310 0.044737
0 0.222732 0.202632 0.017329 0.052632
0 0.164628 0.043421 0.011213 0.034211
0 0.032110 0.327632 0.019368 0.055263
0 0.554027 0.163158 0.017329 0.052632
0 0.619776 0.272368 0.018349 0.055263
0 0.554027 0.031579 0.009174 0.026316
0 0.617227 0.031579 0.011213 0.031579
0 0.684506 0.444737 0.021407 0.078947
0 0.703874 0.677632 0.033639 0.102632
0 0.575943 0.247368 0.016310 0.052632
0 0.301223 0.181579 0.015291 0.052632
0 0.318043 0.086842 0.012232 0.036842
0 0.428135 0.051316 0.012232 0.039474
0 0.293068 0.072368 0.011213 0.034211
0 0.189602 0.043421 0.010194 0.028947
0 0.492864 0.746053 0.049949 0.065789
0 0.398573 0.565789 0.026504 0.089474
0 0.440367 0.044737 0.012232 0.031579
0 0.520387 0.042105 0.011213 0.031579
0 0.444954 0.088158 0.013252 0.044737
0 0.835882 0.188158 0.012232 0.044737
0 0.663099 0.186842 0.017329 0.047368
0 0.282875 0.103947 0.011213 0.034211
0 0.618247 0.405263 0.019368 0.063158
0 0.627931 0.809211 0.044852 0.092105
0 0.616208 0.922368 0.051988 0.155263
0 0.731397 0.728947 0.039755 0.089474
0 0.754332 0.842105 0.048930 0.100000
0 0.759429 0.944737 0.048930 0.110526
0 0.183996 0.918421 0.045872 0.136842
0 0.130479 0.967105 0.055046 0.065789
0 0.261468 0.877632 0.037717 0.076316
0 0.194190 0.609211 0.025484 0.128947
0 0.037717 0.906579 0.048930 0.123684
0 0.541284 0.548684 0.034659 0.086842
0 0.498471 0.563158 0.042813 0.100000
0 0.460245 0.590789 0.025484 0.113158
0 0.521407 0.498684 0.027523 0.086842
0 0.664118 0.715789 0.051988 0.110526
0 0.656473 0.807895 0.034659 0.115789
0 0.706932 0.939474 0.051988 0.121053
0 0.733435 0.378947 0.027523 0.100000
0 0.801223 0.568421 0.024465 0.105263
0 0.245668 0.261842 0.030581 0.081579
0 0.617227 0.218421 0.021407 0.057895
