0 0.587156 0.572368 0.044852 0.123684
0 0.674822 0.657895 0.050968 0.157895
0 0.824159 0.634211 0.043833 0.131579
0 0.166667 0.707895 0.060143 0.157895
0 0.440877 0.693421 0.045872 0.176316
0 0.619266 0.765789 0.054027 0.200000
0 0.741590 0.761842 0.049949 0.118421
0 0.191131 0.559211 0.039755 0.160526
0 0.045362 0.753947 0.058104 0.207895
0 0.383282 0.897368 0.055046 0.178947
0 0.263507 0.544737 0.033639 0.121053
0 0.729358 0.436842 0.027523 0.094737
0 0.688073 0.852632 0.057085 0.189474
0 0.898573 0.586842 0.035678 0.131579
0 0.267584 0.713158 0.051988 0.121053
0 0.122834 0.500000 0.035678 0.126316
0 0.676860 0.347368 0.032620 0.094737
0 0.958206 0.572368 0.038736 0.107895
0 0.768094 0.646053 0.047910 0.160526
0 0.513761 0.676316 0.038736 0.142105
0 0.186035 0.902632 0.068298 0.194737
0 0.804791 0.497368 0.027523 0.105263
0 0.116718 0.918421 0.062181 0.163158
0 0.428644 0.439474 0.029562 0.089474
0 0.482671 0.621053 0.035678 0.100000
0 0.758919 0.360526 0.027523 0.094737
0 0.526504 0.556579 0.031600 0.097368
0 0.439348 0.526316 0.028542 0.094737
0 0.494903 0.543421 0.027523 0.086842
0 0.156983 0.323684 0.026504 0.073684
0 0.173293 0.467105 0.028542 0.086842
0 0.071865 0.425000 0.027523 0.092105
0 0.986748 0.689474 0.026504 0.131579
0 0.460754 0.518421 0.022426 0.094737
0 0.615189 0.325000 0.023445 0.076316
0 0.582059 0.457895 0.032620 0.084211
0 0.578491 0.702632 0.039755 0.136842
0 0.388379 0.390789 0.022426 0.086842
0 0.506116 0.293421 0.019368 0.060526
0 0.708970 0.319737 0.023445 0.086842
0 0.568298 0.913158 0.072375 0.115789
0 0.964322 0.455263 0.032620 0.110526
0 0.331295 0.464474 0.028542 0.097368
0 0.932212 0.419737 0.027523 0.081579
0 0.014781 0.465789 0.027523 0.105263
0 0.351682 0.264474 0.022426 0.071053
0 0.338940 0.600000 0.037717 0.089474
0 0.466361 0.357895 0.025484 0.073684
0 0.229867 0.331579 0.019368 0.068421
0 0.300204 0.469737 0.027523 0.097368
0 0.969929 0.273684 0.023445 0.063158
0 0.834353 0.260526 0.023445 0.063158
0 0.273191 0.342105 0.022426 0.078947
0 0.684506 0.476316 0.035678 0.110526
0 0.295107 0.332895 0.019368 0.065789
0 0.331804 0.223684 0.021407 0.063158
0 0.621814 0.407895 0.026504 0.089474
0 0.541284 0.231579 0.016310 0.063158
0 0.827217 0.335526 0.023445 0.065789
0 0.489297 0.918421 0.059123 0.157895
0 0.638634 0.200000 0.019368 0.052632
0 0.557085 0.260526 0.021407 0.068421
0 0.209990 0.482895 0.034659 0.097368
0 0.135066 0.332895 0.019368 0.076316
0 0.486239 0.286842 0.018349 0.068421
0 0.418451 0.344737 0.025484 0.084211
0 0.534659 0.417105 0.023445 0.071053
0 0.838940 0.106579 0.014271 0.044737
0 0.127421 0.115789 0.012232 0.042105
0 0.654944 0.961842 0.051988 0.076316
0 0.857288 0.386842 0.024465 0.078947
0 0.815494 0.957895 0.071356 0.084211
0 0.990316 0.403947 0.019368 0.071053
0 0.235984 0.205263 0.015291 0.057895
0 0.924567 0.518421 0.028542 0.105263
0 0.741081 0.981579 0.067278 0.036842
0 0.820082 0.857895 0.049949 0.142105
0 0.710499 0.165789 0.016310 0.047368
0 0.805301 0.125000 0.012232 0.044737
0 0.396534 0.232895 0.018349 0.060526
0 0.779817 0.344737 0.018349 0.073684
0 0.576962 0.384211 0.024465 0.057895
0 0.199286 0.334211 0.017329 0.063158
0 0.216106 0.210526 0.026504 0.068421
0 0.300714 0.139474 0.016310 0.047368
0 0.130989 0.032895 0.009174 0.028947
0 0.490826 0.386842 0.021407 0.073684
0 0.668196 0.156579 0.015291 0.050000
0 0.259939 0.232895 0.016310 0.060526
0 0.093782 0.322368 0.022426 0.065789
0 0.148318 0.243421 0.019368 0.060526
0 0.450051 0.332895 0.017329 0.065789
0 0.880734 0.096053 0.012232 0.039474
0 0.521407 0.139474 0.015291 0.047368
0 0.993884 0.844737 0.012232 0.168421
0 0.813965 0.240789 0.017329 0.050000
0 0.779817 0.146053 0.014271 0.044737
0 0.861366 0.132895 0.016310 0.050000
0 0.434251 0.159211 0.014271 0.050000
0 0.379205 0.103947 0.014271 0.039474
0 0.095821 0.127632 0.014271 0.044737
0 0.525484 0.242105 0.013252 0.057895
0 0.007645 0.243421 0.013252 0.071053
0 0.915392 0.092105 0.012232 0.036842
0 0.437819 0.276316 0.019368 0.057895
0 0.935780 0.090789 0.014271 0.044737
0 0.507645 0.126316 0.014271 0.047368
0 0.484709 0.121053 0.013252 0.042105
0 0.193170 0.189474 0.015291 0.052632
0 0.146279 0.155263 0.017329 0.052632
0 0.359837 0.419737 0.026504 0.086842
0 0.384302 0.497368 0.028542 0.089474
0 0.277268 0.197368 0.016310 0.052632
0 0.654944 0.131579 0.015291 0.042105
0 0.233945 0.092105 0.011213 0.036842
0 0.756371 0.271053 0.020387 0.057895
0 0.302752 0.100000 0.016310 0.036842
0 0.809888 0.403947 0.031600 0.071053
0 0.447503 0.169737 0.016310 0.050000
0 0.471967 0.132895 0.014271 0.044737
0 0.566259 0.175000 0.015291 0.044737
0 0.115189 0.317105 0.016310 0.071053
0 0.805301 0.323684 0.020387 0.068421
0 0.365443 0.188158 0.017329 0.044737
0 0.213048 0.400000 0.026504 0.068421
0 0.063710 0.268421 0.017329 0.057895
0 0.311927 0.561842 0.022426 0.076316
0 0.546891 0.735526 0.031600 0.134211
0 0.503568 0.065789 0.012232 0.036842
0 0.424057 0.115789 0.014271 0.047368
0 0.826198 0.139474 0.013252 0.042105
0 0.204383 0.168421 0.017329 0.047368
0 0.040265 0.156579 0.015291 0.055263
0 0.041284 0.100000 0.011213 0.036842
0 0.883792 0.142105 0.014271 0.042105
0 0.178899 0.155263 0.015291 0.047368
0 0.638124 0.252632 0.018349 0.063158
0 0.261468 0.460526 0.029562 0.052632
0 0.340469 0.339474 0.020387 0.057895
0 0.731397 0.319737 0.019368 0.065789
0 0.100408 0.252632 0.017329 0.047368
0 0.300714 0.339474 0.018349 0.068421
0 0.059633 0.207895 0.023445 0.057895
0 0.749745 0.890789 0.039755 0.150000
0 0.301733 0.255263 0.016310 0.052632
0 0.870031 0.100000 0.011213 0.036842
0 0.340979 0.182895 0.017329 0.050000
0 0.834862 0.209211 0.018349 0.044737
0 0.635066 0.075000 0.010194 0.034211
0 0.114679 0.073684 0.009174 0.031579
0 0.601937 0.189474 0.015291 0.052632
0 0.633537 0.305263 0.017329 0.063158
0 0.081549 0.321053 0.018349 0.057895
0 0.682977 0.132895 0.014271 0.044737
0 0.742610 0.151316 0.013252 0.044737
0 0.170234 0.064474 0.010194 0.028947
0 0.353211 0.167105 0.013252 0.044737
0 0.039246 0.246053 0.017329 0.060526
0 0.881244 0.436842 0.029562 0.089474
0 0.483180 0.185526 0.016310 0.050000
0 0.720693 0.068421 0.010194 0.031579
0 0.593272 0.996053 0.059123 0.007895
0 0.510703 0.192105 0.014271 0.052632
0 0.744648 0.078947 0.015291 0.042105
0 0.683996 0.271053 0.020387 0.052632
0 0.405708 0.131579 0.014271 0.042105
0 0.835882 0.061842 0.012232 0.034211
0 0.055046 0.081579 0.012232 0.036842
0 0.203874 0.123684 0.014271 0.036842
0 0.426606 0.113158 0.015291 0.047368
0 0.087666 0.230263 0.014271 0.050000
0 0.353721 0.103947 0.014271 0.034211
0 0.088175 0.380263 0.021407 0.065789
0 0.102446 0.173684 0.015291 0.047368
0 0.158002 0.093421 0.010194 0.034211
0 0.204383 0.292105 0.017329 0.052632
0 0.394495 0.123684 0.012232 0.042105
0 0.266055 0.125000 0.014271 0.050000
0 0.341488 0.896053 0.028542 0.176316
0 0.350663 0.767105 0.042813 0.097368
0 0.295107 0.901316 0.047910 0.150000
0 0.257900 0.880263 0.048930 0.171053
0 0.111111 0.761842 0.046891 0.118421
0 0.110092 0.605263 0.036697 0.121053
0 0.066259 0.642105 0.038736 0.126316
0 0.047910 0.521053 0.020387 0.073684
0 0.079001 0.481579 0.021407 0.094737
0 0.021916 0.397368 0.037717 0.131579
0 0.055046 0.344737 0.032620 0.057895
0 0.122834 0.263158 0.009174 0.036842
0 0.183486 0.397368 0.022426 0.078947
0 0.543833 0.813158 0.051988 0.105263
0 0.919470 0.834211 0.032620 0.100000
0 0.914373 0.939474 0.057085 0.121053
0 0.869521 0.917105 0.040775 0.150000
0 0.953109 0.675000 0.032620 0.107895
0 0.880224 0.707895 0.039755 0.110526
0 0.767584 0.530263 0.034659 0.065789
0 0.753313 0.464474 0.036697 0.092105
0 0.724771 0.622368 0.034659 0.113158
0 0.897044 0.818421 0.036697 0.121053
0 0.871050 0.309211 0.023445 0.065789
0 0.939348 0.255263 0.019368 0.100000
0 0.990316 0.203947 0.017329 0.060526
0 0.963303 0.368421 0.026504 0.057895
0 0.587156 0.290789 0.018349 0.076316
0 0.222222 0.606579 0.024465 0.107895
