0 0.742610 0.739474 0.051988 0.157895
0 0.795617 0.836842 0.043833 0.147368
0 0.265545 0.696053 0.049949 0.165789
0 0.950561 0.688158 0.039755 0.134211
0 0.355759 0.718421 0.061162 0.173684
0 0.036697 0.832895 0.071356 0.186842
0 0.926606 0.467105 0.030581 0.086842
0 0.613150 0.692105 0.037717 0.131579
0 0.118247 0.767105 0.061162 0.176316
0 0.543833 0.684211 0.041794 0.121053
0 0.875637 0.703947 0.040775 0.123684
0 0.313965 0.517105 0.034659 0.123684
0 0.683486 0.685526 0.035678 0.139474
0 0.790520 0.475000 0.031600 0.086842
0 0.365443 0.917105 0.047910 0.144737
0 0.966871 0.418421 0.027523 0.110526
0 0.488787 0.225000 0.019368 0.060526
0 0.099388 0.553947 0.037717 0.113158
0 0.303262 0.388158 0.031600 0.092105
0 0.555046 0.523684 0.027523 0.078947
0 0.608053 0.292105 0.021407 0.068421
0 0.810398 0.397368 0.026504 0.084211
0 0.452599 0.603947 0.040775 0.123684
0 0.852701 0.444737 0.027523 0.089474
0 0.417941 0.298684 0.024465 0.081579
0 0.723242 0.968421 0.058104 0.057895
0 0.884302 0.576316 0.033639 0.110526
0 0.569827 0.353947 0.026504 0.081579
0 0.608053 0.481579 0.029562 0.084211
0 0.213048 0.886842 0.059123 0.157895
0 0.233435 0.457895 0.032620 0.105263
0 0.942915 0.306579 0.022426 0.076316
0 0.193680 0.451316 0.032620 0.092105
0 0.915902 0.311842 0.025484 0.076316
0 0.653925 0.280263 0.019368 0.065789
0 0.102956 0.450000 0.036697 0.110526
0 0.131498 0.357895 0.026504 0.084211
0 0.581549 0.646053 0.027523 0.092105
0 0.365443 0.448684 0.033639 0.076316
0 0.706422 0.318421 0.024465 0.068421
0 0.482161 0.717105 0.038736 0.107895
0 0.891437 0.381579 0.023445 0.073684
0 0.019368 0.547368 0.030581 0.100000
0 0.395515 0.434211 0.026504 0.089474
0 0.987258 0.672368 0.025484 0.123684
0 0.842508 0.307895 0.021407 0.068421
0 0.925076 0.818421 0.037717 0.152632
0 0.281855 0.289474 0.025484 0.063158
0 0.288991 0.864474 0.051988 0.186842
0 0.779307 0.684211 0.035678 0.121053
0 0.384811 0.209211 0.019368 0.060526
0 0.237003 0.281579 0.023445 0.078947
0 0.737003 0.348684 0.026504 0.081579
0 0.679918 0.888158 0.034659 0.123684
0 0.469929 0.202632 0.016310 0.057895
0 0.635576 0.472368 0.023445 0.097368
0 0.545362 0.798684 0.040775 0.107895
0 0.182467 0.805263 0.050968 0.163158
0 0.753313 0.418421 0.028542 0.089474
0 0.894495 0.882895 0.051988 0.134211
0 0.920489 0.550000 0.028542 0.078947
0 0.487258 0.298684 0.020387 0.076316
0 0.064730 0.460526 0.027523 0.100000
0 0.472987 0.859211 0.059123 0.134211
0 0.992355 0.551316 0.015291 0.102632
0 0.372069 0.515789 0.032620 0.078947
0 0.833333 0.827632 0.033639 0.181579
0 0.570336 0.213158 0.019368 0.063158
0 0.668705 0.240789 0.016310 0.055263
0 0.213558 0.711842 0.041794 0.128947
0 0.989297 0.894737 0.021407 0.100000
0 0.546381 0.298684 0.022426 0.076316
0 0.690112 0.392105 0.028542 0.068421
0 0.433741 0.473684 0.029562 0.089474
0 0.370540 0.606579 0.049949 0.123684
0 0.508155 0.218421 0.019368 0.057895
0 0.529562 0.382895 0.027523 0.071053
0 0.132518 0.939474 0.063201 0.121053
0 0.972477 0.575000 0.030581 0.118421
0 0.350663 0.300000 0.022426 0.068421
0 0.446483 0.336842 0.024465 0.063158
0 0.982671 0.277632 0.020387 0.060526
0 0.427115 0.200000 0.022426 0.068421
0 0.361876 0.359211 0.024465 0.081579
0 0.842508 0.213158 0.019368 0.057895
0 0.346075 0.121053 0.017329 0.057895
0 0.666667 0.485526 0.028542 0.092105
0 0.872069 0.840789 0.062181 0.139474
0 0.320082 0.327632 0.024465 0.076316
0 0.990826 0.444737 0.018349 0.073684
0 0.600408 0.139474 0.016310 0.052632
0 0.915902 0.238158 0.017329 0.060526
0 0.480122 0.425000 0.022426 0.071053
0 0.122834 0.290789 0.023445 0.060526
0 0.415902 0.550000 0.040775 0.105263
0 0.927115 0.197368 0.015291 0.052632
0 0.241081 0.138158 0.017329 0.050000
0 0.451070 0.221053 0.021407 0.068421
0 0.172783 0.344737 0.025484 0.073684
0 0.241590 0.196053 0.018349 0.060526
0 0.794597 0.186842 0.015291 0.047368
0 0.009174 0.617105 0.016310 0.123684
0 0.919470 0.097368 0.014271 0.042105
0 0.544852 0.444737 0.021407 0.068421
0 0.617737 0.093421 0.012232 0.039474
0 0.878186 0.321053 0.021407 0.063158
0 0.530071 0.936842 0.042813 0.126316
0 0.465851 0.268421 0.020387 0.063158
0 0.300714 0.219737 0.018349 0.055263
0 0.447503 0.752632 0.036697 0.110526
0 0.705403 0.643421 0.020387 0.113158
0 0.992355 0.226316 0.015291 0.057895
0 0.974006 0.193421 0.015291 0.055263
0 0.952090 0.065789 0.012232 0.036842
0 0.754842 0.168421 0.015291 0.047368
0 0.619266 0.346053 0.019368 0.065789
0 0.652396 0.105263 0.012232 0.036842
0 0.307849 0.134211 0.016310 0.052632
0 0.405199 0.219737 0.017329 0.055263
0 0.200306 0.251316 0.019368 0.055263
0 0.139653 0.135526 0.018349 0.060526
0 0.218145 0.300000 0.018349 0.057895
0 0.273191 0.151316 0.016310 0.050000
0 0.451580 0.403947 0.024465 0.081579
0 0.343017 0.985526 0.062181 0.028947
0 0.433231 0.127632 0.016310 0.055263
0 0.806320 0.143421 0.014271 0.039474
0 0.581549 0.956579 0.041794 0.086842
0 0.067278 0.707895 0.036697 0.121053
0 0.852701 0.571053 0.023445 0.084211
0 0.721203 0.168421 0.015291 0.052632
0 0.982671 0.118421 0.014271 0.042105
0 0.615698 0.227632 0.018349 0.050000
0 0.288991 0.161842 0.015291 0.050000
0 0.595311 0.234211 0.016310 0.047368
0 0.569827 0.055263 0.012232 0.036842
0 0.477064 0.078947 0.012232 0.036842
0 0.830275 0.664474 0.039755 0.113158
0 0.948522 0.235526 0.017329 0.044737
0 0.520387 0.175000 0.017329 0.050000
0 0.390928 0.068421 0.011213 0.036842
0 0.010194 0.247368 0.018349 0.068421
0 0.821101 0.127632 0.013252 0.044737
0 0.742100 0.277632 0.020387 0.060526
0 0.295107 0.661842 0.035678 0.155263
0 0.883792 0.132895 0.014271 0.044737
0 0.123853 0.243421 0.021407 0.044737
0 0.642202 0.190789 0.014271 0.050000
0 0.122324 0.117105 0.014271 0.044737
0 0.506116 0.143421 0.013252 0.044737
0 0.407238 0.142105 0.017329 0.047368
0 0.080530 0.300000 0.022426 0.063158
0 0.663099 0.977632 0.045872 0.044737
0 0.796636 0.064474 0.011213 0.028947
0 0.540265 0.210526 0.020387 0.052632
0 0.064730 0.126316 0.017329 0.057895
0 0.901631 0.119737 0.015291 0.050000
0 0.854740 0.056579 0.011213 0.034211
0 0.015291 0.042105 0.010194 0.031579
0 0.940367 0.157895 0.015291 0.052632
0 0.066769 0.036842 0.013252 0.031579
0 0.340979 0.989474 0.054027 0.021053
0 0.698777 0.259211 0.017329 0.050000
0 0.588175 0.188158 0.016310 0.044737
0 0.585117 0.122368 0.012232 0.039474
0 0.527013 0.498684 0.020387 0.086842
0 0.301223 0.086842 0.013252 0.036842
0 0.552497 0.138158 0.012232 0.039474
0 0.016820 0.178947 0.017329 0.047368
0 0.513252 0.330263 0.025484 0.065789
0 0.779817 0.076316 0.014271 0.036842
0 0.616718 0.161842 0.014271 0.050000
0 0.732416 0.155263 0.013252 0.047368
0 0.551478 0.063158 0.012232 0.036842
0 0.905708 0.061842 0.011213 0.028947
0 0.445973 0.117105 0.011213 0.039474
0 0.177370 0.221053 0.016310 0.052632
0 0.220693 0.194737 0.021407 0.063158
0 0.565749 0.150000 0.014271 0.042105
0 0.968400 0.102632 0.012232 0.042105
0 0.921509 0.052632 0.012232 0.031579
0 0.192151 0.102632 0.015291 0.047368
0 0.748216 0.223684 0.018349 0.052632
0 0.785933 0.128947 0.016310 0.047368
0 0.459225 0.055263 0.013252 0.036842
0 0.318552 0.231579 0.019368 0.063158
0 0.415392 0.085526 0.013252 0.039474
0 0.770133 0.411842 0.017329 0.086842
0 0.869011 0.215789 0.015291 0.052632
0 0.931193 0.623684 0.033639 0.115789
0 0.178389 0.184211 0.016310 0.047368
0 0.160550 0.698684 0.037717 0.107895
0 0.219164 0.182895 0.020387 0.060526
0 0.369011 0.206579 0.014271 0.055263
0 0.178389 0.538158 0.040775 0.092105
0 0.668196 0.096053 0.015291 0.039474
0 0.995413 0.109211 0.009174 0.039474
0 0.837411 0.164474 0.015291 0.044737
0 0.994903 0.175000 0.010194 0.039474
0 0.829256 0.097368 0.011213 0.031579
0 0.550968 0.178947 0.015291 0.052632
0 0.877676 0.214474 0.014271 0.055263
0 0.569317 0.297368 0.019368 0.047368
0 0.521407 0.044737 0.011213 0.031579
0 0.594801 0.427632 0.019368 0.065789
0 0.356779 0.342105 0.024465 0.094737
0 0.476045 0.969737 0.069317 0.060526
0 0.165647 0.142105 0.015291 0.047368
0 0.823140 0.181579 0.013252 0.047368
0 0.415902 0.915789 0.038736 0.142105
0 0.623344 0.897368 0.045872 0.152632
0 0.644750 0.723684 0.031600 0.094737
0 0.648828 0.628947 0.023445 0.073684
0 0.193680 0.611842 0.042813 0.081579
0 0.150866 0.471053 0.034659 0.115789
0 0.046381 0.627632 0.039755 0.123684
0 0.738022 0.907895 0.050968 0.142105
0 0.785933 0.567105 0.034659 0.113158
0 0.721713 0.559211 0.032620 0.092105
0 0.574414 0.457895 0.023445 0.100000
0 0.663609 0.359211 0.020387 0.071053
0 0.415392 0.360526 0.029562 0.068421
0 0.257390 0.343421 0.025484 0.086842
0 0.095821 0.201316 0.020387 0.055263
0 0.085117 0.230263 0.019368 0.065789
0 0.031600 0.275000 0.020387 0.081579
0 0.012232 0.317105 0.022426 0.065789
0 0.912844 0.972368 0.051988 0.055263
0 0.732926 0.478947 0.028542 0.094737
0 0.693680 0.489474 0.043833 0.136842
0 0.481651 0.144737 0.021407 0.047368
0 0.768603 0.296053 0.020387 0.055263
0 0.776758 0.271053 0.016310 0.073684
0 0.796636 0.230263 0.015291 0.034211
0 0.817023 0.313158 0.019368 0.068421
0 0.768094 0.353947 0.023445 0.034211
0 0.870031 0.389474 0.023445 0.094737
0 0.880224 0.486842 0.033639 0.084211
0 0.950051 0.397368 0.022426 0.100000
