0 0.213048 0.394022 0.042813 0.056159
0 0.569827 0.833333 0.042813 0.057971
0 0.386340 0.118659 0.038736 0.059783
0 0.310398 0.412138 0.037717 0.067029
0 0.911315 0.633152 0.038736 0.067029
0 0.264016 0.302536 0.040775 0.057971
0 0.099388 0.215580 0.039755 0.057971
0 0.680428 0.167572 0.041794 0.063406
0 0.248216 0.615036 0.037717 0.059783
0 0.175841 0.722826 0.037717 0.065217
0 0.961774 0.731884 0.041794 0.068841
0 0.611111 0.316123 0.041794 0.063406
0 0.470438 0.637681 0.037717 0.068841
0 0.336391 0.229167 0.040775 0.056159
0 0.346585 0.815217 0.038736 0.061594
0 0.254332 0.460145 0.039755 0.057971
0 0.501019 0.723732 0.035678 0.067029
0 0.224261 0.240942 0.036697 0.065217
0 0.433231 0.356884 0.040775 0.065217
0 0.576962 0.944746 0.040775 0.067029
0 0.321611 0.300725 0.041794 0.057971
0 0.697757 0.300725 0.033639 0.072464
0 0.646789 0.097826 0.041794 0.054348
0 0.552497 0.547101 0.036697 0.057971
0 0.251274 0.123188 0.039755 0.065217
0 0.056065 0.815217 0.040775 0.061594
0 0.358308 0.465580 0.039755 0.061594
0 0.395515 0.241848 0.040775 0.056159
0 0.698267 0.964674 0.040775 0.070652
0 0.491335 0.834239 0.038736 0.067029
0 0.535678 0.644022 0.037717 0.063406
0 0.494903 0.133152 0.037717 0.067029
0 0.173802 0.226449 0.039755 0.054348
0 0.451580 0.082428 0.038736 0.067029
0 0.146279 0.900362 0.037717 0.065217
0 0.111621 0.339674 0.047910 0.059783
0 0.389399 0.319746 0.040775 0.059783
0 0.652396 0.680254 0.036697 0.070652
0 0.426096 0.750000 0.034659 0.065217
0 0.590214 0.743659 0.038736 0.063406
0 0.655454 0.294384 0.036697 0.067029
0 0.403160 0.615942 0.035678 0.065217
0 0.743119 0.202899 0.042813 0.061594
0 0.349134 0.644022 0.037717 0.063406
0 0.514271 0.420290 0.039755 0.068841
0 0.574924 0.438406 0.034659 0.072464
0 0.087156 0.081522 0.041794 0.054348
0 0.481651 0.351449 0.035678 0.068841
0 0.411315 0.515399 0.035678 0.059783
0 0.309378 0.712862 0.035678 0.067029
0 0.051988 0.268116 0.040775 0.054348
0 0.904179 0.835145 0.040775 0.068841
0 0.815494 0.230072 0.042813 0.061594
0 0.790010 0.893116 0.038736 0.068841
0 0.904689 0.948370 0.043833 0.067029
0 0.647299 0.801630 0.036697 0.067029
0 0.440367 0.906703 0.036697 0.063406
0 0.166667 0.418478 0.041794 0.057971
0 0.152905 0.572464 0.042813 0.061594
0 0.440877 0.179348 0.043833 0.061594
0 0.668196 0.519022 0.041794 0.063406
0 0.314985 0.092391 0.040775 0.057971
0 0.879715 0.517210 0.040775 0.059783
0 0.722732 0.601449 0.038736 0.061594
0 0.597350 0.101449 0.038736 0.065217
0 0.512742 0.304348 0.034659 0.072464
0 0.303262 0.528986 0.039755 0.065217
0 0.719164 0.764493 0.039755 0.068841
0 0.604485 0.596014 0.036697 0.065217
0 0.839450 0.629529 0.039755 0.067029
0 0.107034 0.772645 0.040775 0.063406
0 0.097350 0.490942 0.041794 0.054348
0 0.046891 0.380435 0.040775 0.061594
0 0.948522 0.103261 0.039755 0.065217
0 0.481651 0.508152 0.037717 0.056159
0 0.764016 0.438406 0.039755 0.065217
0 0.975535 0.475543 0.042813 0.056159
0 0.255861 0.735507 0.038736 0.057971
0 0.158002 0.110507 0.038736 0.057971
0 0.552497 0.209239 0.036697 0.067029
0 0.327217 0.904891 0.038736 0.059783
0 0.843527 0.884964 0.039755 0.059783
0 0.490316 0.978261 0.040775 0.043478
0 0.863405 0.359601 0.044852 0.059783
0 0.245158 0.905797 0.037717 0.072464
0 0.551988 0.111413 0.037717 0.059783
0 0.502039 0.020833 0.029562 0.038043
0 0.113660 0.983696 0.045872 0.028986
0 0.305810 0.982790 0.036697 0.034420
0 0.840979 0.981884 0.042813 0.036232
