0 0.202345 0.310688 0.035678 0.070652
0 0.275229 0.392210 0.038736 0.059783
0 0.313456 0.329710 0.037717 0.065217
0 0.886340 0.334239 0.033639 0.063406
0 0.405199 0.346014 0.033639 0.072464
0 0.371560 0.214674 0.031600 0.052536
0 0.430683 0.193841 0.035678 0.061594
0 0.403160 0.070652 0.035678 0.057971
0 0.652905 0.278986 0.029562 0.065217
0 0.308869 0.158514 0.032620 0.059783
0 0.353721 0.077899 0.030581 0.054348
0 0.052497 0.115036 0.035678 0.056159
0 0.538226 0.136775 0.030581 0.067029
0 0.309378 0.225543 0.035678 0.063406
0 0.927625 0.623188 0.038736 0.076087
0 0.939857 0.509058 0.036697 0.072464
0 0.866972 0.708333 0.031600 0.065217
0 0.703874 0.133152 0.037717 0.056159
0 0.381244 0.141304 0.038736 0.061594
0 0.486748 0.150362 0.039755 0.061594
0 0.734964 0.351449 0.036697 0.061594
0 0.456167 0.073370 0.035678 0.052536
0 0.557594 0.053442 0.038736 0.067029
0 0.614169 0.090580 0.039755 0.057971
0 0.632518 0.166667 0.041794 0.061594
0 0.607543 0.233696 0.032620 0.065217
0 0.645260 0.377717 0.030581 0.070652
0 0.738532 0.060688 0.037717 0.063406
0 0.670234 0.064312 0.039755 0.063406
0 0.797146 0.144022 0.046891 0.059783
0 0.851682 0.078804 0.047910 0.059783
0 0.944444 0.131341 0.037717 0.059783
0 0.970948 0.278080 0.039755 0.059783
0 0.758919 0.453804 0.035678 0.063406
0 0.663609 0.527174 0.036697 0.065217
0 0.669215 0.757246 0.035678 0.072464
0 0.598369 0.657609 0.040775 0.061594
0 0.470438 0.553442 0.041794 0.059783
0 0.423547 0.466486 0.033639 0.063406
0 0.373598 0.520833 0.037717 0.056159
0 0.363405 0.386775 0.035678 0.070652
0 0.322120 0.434783 0.036697 0.061594
0 0.275229 0.490036 0.034659 0.063406
0 0.316004 0.737319 0.034659 0.065217
0 0.169725 0.713768 0.037717 0.057971
0 0.169215 0.554348 0.036697 0.061594
0 0.155963 0.461051 0.042813 0.059783
0 0.229358 0.402174 0.036697 0.061594
0 0.256881 0.259964 0.038736 0.067029
0 0.259939 0.186594 0.040775 0.054348
0 0.259429 0.090580 0.041794 0.057971
0 0.308359 0.062500 0.039755 0.056159
0 0.194699 0.060688 0.040775 0.067029
0 0.214067 0.150362 0.044852 0.068841
0 0.151376 0.210145 0.043833 0.057971
0 0.120795 0.343297 0.043833 0.052536
0 0.096840 0.440217 0.040775 0.057971
0 0.062691 0.245471 0.045872 0.052536
0 0.107034 0.057971 0.036697 0.068841
0 0.152396 0.096014 0.037717 0.054348
