0 0.361366 0.888158 0.058104 0.171053
0 0.699286 0.634211 0.038736 0.142105
0 0.514781 0.698684 0.067278 0.171053
0 0.819062 0.727632 0.045872 0.155263
0 0.192661 0.836842 0.061162 0.200000
0 0.389908 0.744737 0.047910 0.173684
0 0.086646 0.560526 0.042813 0.131579
0 0.585117 0.585526 0.036697 0.123684
0 0.224261 0.561842 0.038736 0.144737
0 0.642712 0.442105 0.031600 0.110526
0 0.872579 0.619737 0.046891 0.113158
0 0.546381 0.605263 0.034659 0.105263
0 0.941386 0.744737 0.039755 0.126316
0 0.832314 0.896053 0.054027 0.165789
0 0.984709 0.576316 0.030581 0.126316
0 0.341488 0.443421 0.030581 0.113158
0 0.281346 0.525000 0.038736 0.118421
0 0.128440 0.463158 0.036697 0.121053
0 0.184506 0.647368 0.048930 0.121053
0 0.846585 0.522368 0.029562 0.097368
0 0.609582 0.510526 0.028542 0.094737
0 0.249235 0.469737 0.033639 0.113158
0 0.592253 0.423684 0.026504 0.084211
0 0.620285 0.680263 0.043833 0.107895
0 0.537207 0.388158 0.026504 0.081579
0 0.922018 0.596053 0.035678 0.102632
0 0.325178 0.782895 0.055046 0.192105
0 0.570846 0.356579 0.024465 0.076316
0 0.389399 0.615789 0.042813 0.078947
0 0.876147 0.500000 0.025484 0.094737
0 0.296636 0.380263 0.024465 0.092105
0 0.798675 0.506579 0.029562 0.092105
0 0.444444 0.294737 0.020387 0.068421
0 0.402141 0.401316 0.025484 0.086842
0 0.948012 0.555263 0.028542 0.115789
0 0.330275 0.577632 0.042813 0.102632
0 0.451070 0.911842 0.068298 0.176316
0 0.829766 0.267105 0.022426 0.071053
0 0.763507 0.764474 0.053007 0.128947
0 0.750765 0.386842 0.023445 0.068421
0 0.764016 0.471053 0.029562 0.084211
0 0.539246 0.263158 0.020387 0.057895
0 0.638634 0.318421 0.023445 0.073684
0 0.514271 0.453947 0.025484 0.086842
0 0.587156 0.946053 0.075433 0.107895
0 0.419470 0.168421 0.017329 0.052632
0 0.982161 0.761842 0.035678 0.118421
0 0.477064 0.293421 0.022426 0.076316
0 0.881244 0.838158 0.047910 0.144737
0 0.381753 0.468421 0.027523 0.084211
0 0.755861 0.321053 0.023445 0.063158
0 0.806320 0.398684 0.024465 0.086842
0 0.267074 0.689474 0.042813 0.136842
0 0.755352 0.181579 0.014271 0.047368
0 0.097350 0.414474 0.029562 0.081579
0 0.711009 0.161842 0.017329 0.055263
0 0.936799 0.298684 0.020387 0.071053
0 0.837411 0.363158 0.021407 0.073684
0 0.210499 0.467105 0.031600 0.081579
0 0.563710 0.253947 0.020387 0.065789
0 0.474006 0.203947 0.022426 0.071053
0 0.743629 0.132895 0.015291 0.044737
0 0.452090 0.443421 0.035678 0.113158
0 0.400612 0.277632 0.024465 0.076316
0 0.451070 0.657895 0.037717 0.136842
0 0.444444 0.371053 0.024465 0.068421
0 0.256371 0.288158 0.021407 0.071053
0 0.775739 0.956579 0.059123 0.086842
0 0.015800 0.497368 0.029562 0.110526
0 0.104995 0.326316 0.026504 0.078947
0 0.589195 0.305263 0.024465 0.073684
0 0.986748 0.453947 0.026504 0.097368
0 0.982671 0.290789 0.020387 0.065789
0 0.303772 0.311842 0.024465 0.065789
0 0.785933 0.601316 0.040775 0.118421
0 0.775229 0.290789 0.019368 0.065789
0 0.694190 0.186842 0.016310 0.052632
0 0.316514 0.415789 0.023445 0.084211
0 0.860347 0.097368 0.012232 0.042105
0 0.142712 0.372368 0.024465 0.076316
0 0.666157 0.338158 0.019368 0.071053
0 0.243119 0.356579 0.021407 0.071053
0 0.132008 0.163158 0.019368 0.063158
0 0.636086 0.613158 0.030581 0.094737
0 0.688073 0.335526 0.026504 0.086842
0 0.445464 0.167105 0.016310 0.044737
0 0.122834 0.788158 0.056065 0.176316
0 0.896534 0.428947 0.029562 0.100000
0 0.170234 0.364474 0.024465 0.076316
0 0.861366 0.434211 0.030581 0.068421
0 0.096330 0.259211 0.023445 0.071053
0 0.828236 0.107895 0.013252 0.042105
0 0.731906 0.986842 0.057085 0.026316
0 0.199286 0.156579 0.021407 0.071053
0 0.937819 0.234211 0.018349 0.047368
0 0.036697 0.177632 0.018349 0.060526
0 0.728848 0.143421 0.014271 0.044737
0 0.344037 0.661842 0.043833 0.097368
0 0.582059 0.219737 0.020387 0.065789
0 0.633028 0.132895 0.014271 0.039474
0 0.843527 0.134211 0.013252 0.047368
0 0.652905 0.876316 0.070336 0.189474
0 0.311417 0.501316 0.027523 0.086842
0 0.652905 0.839474 0.068298 0.115789
0 0.902650 0.100000 0.013252 0.042105
0 0.964832 0.344737 0.023445 0.068421
0 0.624873 0.223684 0.018349 0.063158
0 0.327727 0.969737 0.060143 0.060526
0 0.938328 0.453947 0.035678 0.081579
0 0.871050 0.109211 0.013252 0.044737
0 0.951580 0.168421 0.015291 0.057895
0 0.651886 0.944737 0.064220 0.110526
0 0.799694 0.181579 0.017329 0.057895
0 0.529562 0.546053 0.031600 0.081579
0 0.705403 0.415789 0.028542 0.089474
0 0.133537 0.272368 0.022426 0.071053
0 0.429154 0.101316 0.014271 0.039474
0 0.356269 0.150000 0.015291 0.052632
0 0.914883 0.311842 0.019368 0.060526
0 0.680428 0.190789 0.015291 0.044737
0 0.740571 0.880263 0.060143 0.171053
0 0.888379 0.114474 0.019368 0.050000
0 0.352192 0.293421 0.023445 0.065789
0 0.438838 0.125000 0.015291 0.044737
0 0.740061 0.211842 0.014271 0.060526
0 0.501019 0.988158 0.066259 0.023684
0 0.440367 0.219737 0.016310 0.060526
0 0.321101 0.181579 0.020387 0.057895
0 0.782365 0.109211 0.013252 0.034211
0 0.361876 0.215789 0.018349 0.063158
0 0.576962 0.113158 0.012232 0.042105
0 0.960245 0.438158 0.018349 0.092105
0 0.401631 0.203947 0.020387 0.060526
0 0.326707 0.310526 0.019368 0.063158
0 0.751784 0.103947 0.013252 0.034211
0 0.678389 0.097368 0.011213 0.031579
0 0.675841 0.134211 0.014271 0.042105
0 0.302752 0.176316 0.016310 0.057895
0 0.731397 0.221053 0.017329 0.057895
0 0.530581 0.171053 0.015291 0.063158
0 0.049949 0.335526 0.022426 0.071053
0 0.596840 0.060526 0.011213 0.031579
0 0.847095 0.093421 0.010194 0.034211
0 0.874618 0.318421 0.024465 0.073684
0 0.367482 0.128947 0.013252 0.052632
0 0.621814 0.098684 0.012232 0.039474
0 0.551988 0.486842 0.023445 0.100000
0 0.895005 0.252632 0.018349 0.063158
0 0.858818 0.219737 0.017329 0.050000
0 0.012232 0.410526 0.022426 0.063158
0 0.156473 0.152632 0.015291 0.047368
0 0.181448 0.072368 0.012232 0.039474
0 0.264016 0.068421 0.016310 0.047368
0 0.653925 0.910526 0.070336 0.178947
0 0.335882 0.239474 0.019368 0.068421
0 0.823140 0.507895 0.021407 0.084211
0 0.333843 0.148684 0.019368 0.055263
0 0.016820 0.897368 0.031600 0.205263
0 0.816514 0.161842 0.016310 0.050000
0 0.465341 0.064474 0.011213 0.034211
0 0.499490 0.981579 0.067278 0.036842
0 0.671764 0.072368 0.010194 0.034211
0 0.871050 0.161842 0.015291 0.055263
0 0.239551 0.155263 0.016310 0.047368
0 0.158512 0.098684 0.015291 0.044737
0 0.026504 0.900000 0.048930 0.200000
0 0.011723 0.927632 0.021407 0.144737
0 0.656983 0.051316 0.013252 0.034211
0 0.005607 0.218421 0.009174 0.057895
0 0.504587 0.061842 0.010194 0.034211
0 0.417941 0.125000 0.016310 0.034211
0 0.521916 0.257895 0.016310 0.057895
0 0.539246 0.107895 0.012232 0.036842
0 0.061162 0.082895 0.012232 0.039474
0 0.208461 0.102632 0.015291 0.047368
0 0.933741 0.139474 0.016310 0.047368
0 0.385321 0.157895 0.018349 0.057895
0 0.986748 0.219737 0.020387 0.055263
0 0.648318 0.147368 0.014271 0.047368
0 0.493884 0.386842 0.023445 0.063158
0 0.285423 0.147368 0.016310 0.052632
0 0.056065 0.253947 0.024465 0.065789
0 0.222732 0.044737 0.013252 0.036842
0 0.529052 0.060526 0.012232 0.036842
0 0.644241 0.159211 0.014271 0.055263
0 0.424057 0.538158 0.034659 0.107895
0 0.674822 0.127632 0.014271 0.044737
0 0.924057 0.415789 0.021407 0.073684
0 0.697757 0.100000 0.011213 0.031579
0 0.994393 0.935526 0.011213 0.128947
0 0.494393 0.284211 0.016310 0.063158
0 0.223751 0.336842 0.017329 0.073684
0 0.911825 0.234211 0.017329 0.047368
0 0.054536 0.128947 0.013252 0.042105
0 0.615698 0.051316 0.012232 0.034211
0 0.006626 0.322368 0.011213 0.092105
0 0.172273 0.140789 0.014271 0.044737
0 0.038736 0.128947 0.014271 0.036842
0 0.676860 0.231579 0.014271 0.047368
0 0.164628 0.203947 0.015291 0.050000
0 0.560143 0.061842 0.011213 0.028947
0 0.366972 0.381579 0.022426 0.073684
0 0.817533 0.210526 0.018349 0.057895
0 0.453619 0.040789 0.010194 0.028947
0 0.525994 0.105263 0.012232 0.036842
0 0.022936 0.497368 0.027523 0.110526
0 0.274210 0.256579 0.018349 0.060526
0 0.493884 0.069737 0.011213 0.034211
0 0.704893 0.067105 0.011213 0.034211
0 0.443935 0.059211 0.011213 0.034211
0 0.406728 0.111842 0.012232 0.034211
0 0.264526 0.852632 0.058104 0.178947
0 0.222222 0.930263 0.036697 0.139474
0 0.059123 0.730263 0.050968 0.165789
0 0.031091 0.615789 0.041794 0.078947
0 0.119266 0.575000 0.022426 0.113158
0 0.172273 0.498684 0.016310 0.086842
0 0.193170 0.430263 0.041794 0.086842
0 0.198777 0.365789 0.026504 0.068421
0 0.291539 0.640789 0.036697 0.102632
0 0.376656 0.531579 0.017329 0.063158
0 0.430173 0.352632 0.034659 0.115789
0 0.504077 0.552632 0.027523 0.100000
0 0.570336 0.811842 0.033639 0.134211
0 0.615189 0.801316 0.039755 0.150000
0 0.668705 0.682895 0.020387 0.097368
0 0.714577 0.756579 0.018349 0.107895
0 0.728338 0.734211 0.021407 0.115789
0 0.744139 0.619737 0.024465 0.107895
0 0.732416 0.476316 0.027523 0.100000
0 0.696738 0.492105 0.031600 0.089474
0 0.653925 0.548684 0.033639 0.102632
0 0.470948 0.777632 0.044852 0.107895
0 0.419470 0.688158 0.037717 0.123684
0 0.387360 0.614474 0.036697 0.107895
0 0.041284 0.414474 0.025484 0.076316
0 0.068298 0.393421 0.030581 0.092105
0 0.076962 0.313158 0.019368 0.078947
