0 0.410296 0.734211 0.045872 0.173684
0 0.970438 0.767105 0.046891 0.160526
0 0.948012 0.636842 0.042813 0.136842
0 0.377676 0.871053 0.058104 0.178947
0 0.506626 0.740789 0.050968 0.181579
0 0.857798 0.659211 0.041794 0.155263
0 0.954128 0.469737 0.038736 0.128947
0 0.820591 0.794737 0.059123 0.168421
0 0.451580 0.921053 0.044852 0.157895
0 0.697757 0.796053 0.041794 0.139474
0 0.123344 0.798684 0.067278 0.197368
0 0.608563 0.700000 0.046891 0.121053
0 0.328746 0.788158 0.060143 0.192105
0 0.075943 0.610526 0.035678 0.131579
0 0.891437 0.860526 0.051988 0.168421
0 0.132008 0.442105 0.029562 0.100000
0 0.751784 0.885526 0.049949 0.197368
0 0.450051 0.642105 0.043833 0.152632
0 0.043323 0.681579 0.058104 0.136842
0 0.865443 0.505263 0.034659 0.094737
0 0.244648 0.569737 0.042813 0.123684
0 0.821611 0.382895 0.028542 0.092105
0 0.673293 0.393421 0.029562 0.092105
0 0.437309 0.460526 0.030581 0.094737
0 0.611111 0.585526 0.037717 0.097368
0 0.772171 0.321053 0.025484 0.084211
0 0.696738 0.951316 0.064220 0.097368
0 0.402650 0.461842 0.030581 0.113158
0 0.626402 0.506579 0.033639 0.081579
0 0.843527 0.906579 0.051988 0.102632
0 0.293578 0.681579 0.036697 0.121053
0 0.369521 0.659211 0.039755 0.128947
0 0.165647 0.915789 0.054027 0.121053
0 0.591233 0.396053 0.028542 0.092105
0 0.226809 0.363158 0.021407 0.057895
0 0.084098 0.377632 0.025484 0.086842
0 0.311927 0.323684 0.020387 0.068421
0 0.463303 0.539474 0.033639 0.089474
0 0.686035 0.257895 0.020387 0.063158
0 0.265036 0.394737 0.024465 0.089474
0 0.109072 0.346053 0.020387 0.071053
0 0.583078 0.539474 0.034659 0.105263
0 0.547910 0.390789 0.025484 0.081579
0 0.745158 0.321053 0.026504 0.078947
0 0.353721 0.584211 0.040775 0.105263
0 0.708970 0.552632 0.029562 0.094737
0 0.897554 0.418421 0.031600 0.105263
0 0.817533 0.246053 0.018349 0.065789
0 0.497452 0.317105 0.024465 0.076316
0 0.345056 0.426316 0.031600 0.094737
0 0.170234 0.348684 0.022426 0.071053
0 0.306830 0.207895 0.018349 0.057895
0 0.702854 0.415789 0.025484 0.089474
0 0.529562 0.490789 0.033639 0.086842
0 0.806320 0.522368 0.036697 0.102632
0 0.554027 0.528947 0.027523 0.084211
0 0.383282 0.284211 0.020387 0.063158
0 0.532110 0.267105 0.020387 0.065789
0 0.889399 0.234211 0.019368 0.063158
0 0.205403 0.177632 0.021407 0.065789
0 0.651376 0.581579 0.036697 0.126316
0 0.105505 0.555263 0.033639 0.142105
0 0.291539 0.246053 0.018349 0.060526
0 0.732416 0.147368 0.017329 0.052632
0 0.064220 0.828947 0.044852 0.152632
0 0.469419 0.234211 0.017329 0.063158
0 0.534149 0.956579 0.048930 0.086842
0 0.897554 0.117105 0.015291 0.050000
0 0.164118 0.230263 0.020387 0.060526
0 0.856269 0.226316 0.018349 0.063158
0 0.731906 0.264474 0.020387 0.065789
0 0.638634 0.284211 0.019368 0.073684
0 0.154944 0.423684 0.018349 0.094737
0 0.788481 0.482895 0.029562 0.092105
0 0.454128 0.336842 0.027523 0.073684
0 0.567278 0.193421 0.019368 0.060526
0 0.681448 0.168421 0.015291 0.057895
0 0.133028 0.193421 0.019368 0.055263
0 0.245158 0.865789 0.072375 0.121053
0 0.614169 0.384211 0.021407 0.068421
0 0.282875 0.442105 0.025484 0.078947
0 0.913354 0.247368 0.020387 0.063158
0 0.008155 0.315789 0.014271 0.073684
0 0.501529 0.453947 0.032620 0.102632
0 0.346585 0.215789 0.018349 0.063158
0 0.916922 0.323684 0.023445 0.068421
0 0.575433 0.268421 0.019368 0.057895
0 0.680428 0.571053 0.029562 0.105263
0 0.598369 0.225000 0.020387 0.055263
0 0.158002 0.161842 0.018349 0.055263
0 0.191131 0.450000 0.021407 0.078947
0 0.988787 0.275000 0.020387 0.060526
0 0.548420 0.217105 0.018349 0.060526
0 0.747706 0.138158 0.015291 0.044737
0 0.606014 0.278947 0.019368 0.052632
0 0.826198 0.189474 0.019368 0.052632
0 0.659531 0.322368 0.022426 0.055263
0 0.627931 0.143421 0.016310 0.055263
0 0.327217 0.198684 0.020387 0.065789
0 0.114169 0.139474 0.014271 0.042105
0 0.016310 0.875000 0.030581 0.192105
0 0.766565 0.127632 0.016310 0.044737
0 0.063201 0.314474 0.022426 0.060526
0 0.293068 0.160526 0.017329 0.057895
0 0.435270 0.092105 0.016310 0.047368
0 0.989297 0.356579 0.021407 0.092105
0 0.624873 0.450000 0.034659 0.068421
0 0.007136 0.239474 0.012232 0.063158
0 0.479103 0.148684 0.014271 0.050000
0 0.384302 0.094737 0.010194 0.036842
0 0.384302 0.217105 0.018349 0.060526
0 0.798675 0.259211 0.017329 0.065789
0 0.127931 0.271053 0.021407 0.063158
0 0.533129 0.678947 0.030581 0.121053
0 0.015291 0.065789 0.010194 0.036842
0 0.932212 0.111842 0.015291 0.044737
0 0.952090 0.073684 0.012232 0.036842
0 0.643221 0.788158 0.032620 0.134211
0 0.851172 0.389474 0.028542 0.073684
0 0.913863 0.144737 0.019368 0.063158
0 0.993374 0.480263 0.013252 0.102632
0 0.941896 0.250000 0.020387 0.057895
0 0.374108 0.144737 0.016310 0.057895
0 0.628440 0.981579 0.064220 0.036842
0 0.917431 0.636842 0.026504 0.147368
0 0.276758 0.222368 0.017329 0.065789
0 0.792559 0.113158 0.015291 0.042105
0 0.029562 0.163158 0.016310 0.047368
0 0.419980 0.323684 0.026504 0.089474
0 0.279817 0.128947 0.015291 0.047368
0 0.306320 0.507895 0.025484 0.078947
0 0.454638 0.190789 0.020387 0.055263
0 0.324159 0.981579 0.053007 0.036842
0 0.100408 0.136842 0.015291 0.047368
0 0.810907 0.063158 0.011213 0.036842
0 0.219164 0.128947 0.012232 0.042105
0 0.982161 0.089474 0.017329 0.052632
0 0.705912 0.198684 0.017329 0.050000
0 0.093272 0.068421 0.009174 0.031579
0 0.829256 0.130263 0.017329 0.055263
0 0.161570 0.068421 0.013252 0.042105
0 0.844037 0.060526 0.010194 0.031579
0 0.846585 0.188158 0.015291 0.044737
0 0.718145 0.155263 0.015291 0.047368
0 0.543323 0.119737 0.014271 0.039474
0 0.260958 0.231579 0.016310 0.057895
0 0.542813 0.167105 0.017329 0.044737
0 0.247197 0.109211 0.017329 0.050000
0 0.146789 0.244737 0.016310 0.057895
0 0.514271 0.302632 0.015291 0.068421
0 0.751784 0.519737 0.031600 0.107895
0 0.807339 0.181579 0.016310 0.063158
0 0.362385 0.222368 0.015291 0.055263
0 0.915902 0.053947 0.011213 0.034211
0 0.633537 0.088158 0.015291 0.044737
0 0.276249 0.340789 0.022426 0.060526
0 0.871560 0.118421 0.014271 0.042105
0 0.055046 0.372368 0.020387 0.065789
0 0.778797 0.236842 0.022426 0.057895
0 0.515800 0.110526 0.014271 0.042105
0 0.017329 0.603947 0.032620 0.128947
0 0.659531 0.118421 0.014271 0.047368
0 0.252803 0.156579 0.014271 0.044737
0 0.588685 0.302632 0.017329 0.052632
0 0.566259 0.077632 0.011213 0.034211
0 0.029052 0.288158 0.017329 0.060526
0 0.925586 0.439474 0.024465 0.094737
0 0.985219 0.210526 0.019368 0.057895
0 0.455148 0.435526 0.021407 0.086842
0 0.438838 0.259211 0.017329 0.055263
0 0.245668 0.244737 0.016310 0.052632
0 0.217125 0.027632 0.010194 0.028947
0 0.111111 0.042105 0.016310 0.042105
0 0.439857 0.152632 0.013252 0.042105
0 0.063710 0.088158 0.013252 0.039474
0 0.132008 0.082895 0.013252 0.034211
0 0.481142 0.097368 0.014271 0.036842
0 0.207951 0.126316 0.014271 0.036842
0 0.676860 0.063158 0.012232 0.036842
0 0.059123 0.131579 0.014271 0.042105
0 0.493374 0.157895 0.016310 0.047368
0 0.494903 0.064474 0.011213 0.034211
0 0.510194 0.150000 0.015291 0.042105
0 0.657492 0.065789 0.012232 0.036842
0 0.174312 0.450000 0.022426 0.068421
0 0.006626 0.165789 0.011213 0.052632
0 0.238532 0.182895 0.014271 0.050000
0 0.602446 0.888158 0.046891 0.134211
0 0.005607 0.486842 0.009174 0.094737
0 0.870031 0.067105 0.013252 0.034211
0 0.589704 0.090789 0.013252 0.039474
0 0.685525 0.328947 0.025484 0.057895
0 0.687564 0.336842 0.025484 0.057895
0 0.739042 0.093421 0.012232 0.039474
0 0.203364 0.088158 0.011213 0.034211
0 0.111621 0.413158 0.017329 0.073684
0 0.130989 0.132895 0.015291 0.039474
0 0.144750 0.156579 0.014271 0.050000
0 0.703874 0.117105 0.013252 0.039474
0 0.357798 0.068421 0.010194 0.031579
0 0.130989 0.035526 0.013252 0.034211
0 0.081549 0.068421 0.010194 0.031579
0 0.624363 0.222368 0.019368 0.055263
0 0.877676 0.155263 0.016310 0.057895
0 0.465341 0.157895 0.015291 0.052632
0 0.363914 0.513158 0.034659 0.078947
0 0.460754 0.109211 0.016310 0.044737
0 0.576962 0.067105 0.010194 0.034211
0 0.074414 0.232895 0.018349 0.060526
0 0.404689 0.197368 0.016310 0.047368
0 0.646789 0.089474 0.011213 0.042105
0 0.745158 0.747368 0.044852 0.100000
0 0.782875 0.677632 0.024465 0.139474
0 0.801223 0.682895 0.038736 0.081579
0 0.750255 0.636842 0.032620 0.110526
0 0.895005 0.601316 0.030581 0.128947
0 0.253313 0.718421 0.039755 0.152632
0 0.213048 0.750000 0.046891 0.168421
0 0.207441 0.598684 0.025484 0.113158
0 0.218145 0.489474 0.028542 0.142105
0 0.174822 0.594737 0.037717 0.110526
0 0.180938 0.513158 0.031600 0.078947
0 0.119776 0.963158 0.068298 0.073684
0 0.039755 0.957895 0.071356 0.084211
0 0.073904 0.496053 0.033639 0.097368
0 0.062691 0.426316 0.033639 0.073684
0 0.044343 0.465789 0.037717 0.110526
0 0.051988 0.257895 0.026504 0.073684
0 0.047910 0.188158 0.016310 0.065789
0 0.063710 0.180263 0.011213 0.060526
0 0.211009 0.325000 0.020387 0.065789
0 0.229867 0.313158 0.009174 0.036842
0 0.244648 0.367105 0.016310 0.071053
0 0.337920 0.347368 0.021407 0.084211
0 0.366972 0.363158 0.022426 0.078947
0 0.385831 0.361842 0.021407 0.081579
0 0.408257 0.376316 0.031600 0.073684
0 0.852192 0.325000 0.024465 0.076316
0 0.867992 0.336842 0.017329 0.089474
0 0.760958 0.413158 0.025484 0.094737
0 0.170234 0.298684 0.026504 0.065789
0 0.184506 0.186842 0.018349 0.073684
0 0.087156 0.285526 0.025484 0.060526
0 0.114169 0.214474 0.018349 0.039474
0 0.078491 0.153947 0.020387 0.050000
