0 0.881753 0.764474 0.053007 0.150000
0 0.506626 0.838158 0.048930 0.150000
0 0.325688 0.698684 0.049949 0.150000
0 0.583078 0.859211 0.050968 0.165789
0 0.155963 0.496053 0.042813 0.113158
0 0.553007 0.575000 0.043833 0.102632
0 0.146279 0.889474 0.056065 0.205263
0 0.567788 0.722368 0.042813 0.123684
0 0.392457 0.523684 0.038736 0.136842
0 0.028542 0.752632 0.055046 0.205263
0 0.677370 0.906579 0.056065 0.171053
0 0.739551 0.889474 0.045872 0.157895
0 0.878695 0.593421 0.046891 0.128947
0 0.766565 0.955263 0.053007 0.089474
0 0.245668 0.689474 0.042813 0.168421
0 0.199286 0.444737 0.029562 0.105263
0 0.466361 0.335526 0.027523 0.086842
0 0.286952 0.518421 0.041794 0.105263
0 0.825178 0.631579 0.041794 0.121053
0 0.095821 0.431579 0.028542 0.110526
0 0.032620 0.518421 0.038736 0.110526
0 0.257390 0.297368 0.021407 0.084211
0 0.983690 0.710526 0.032620 0.126316
0 0.724261 0.477632 0.033639 0.107895
0 0.589704 0.572368 0.031600 0.102632
0 0.609582 0.665789 0.030581 0.089474
0 0.609582 0.513158 0.030581 0.105263
0 0.953109 0.426316 0.028542 0.100000
0 0.725790 0.657895 0.038736 0.147368
0 0.593272 0.360526 0.024465 0.073684
0 0.251274 0.939474 0.051988 0.115789
0 0.760449 0.538158 0.028542 0.081579
0 0.514781 0.525000 0.032620 0.113158
0 0.766055 0.659211 0.045872 0.102632
0 0.943935 0.573684 0.032620 0.100000
0 0.615698 0.790789 0.030581 0.155263
0 0.811927 0.447368 0.025484 0.089474
0 0.802243 0.792105 0.055046 0.152632
0 0.838430 0.771053 0.027523 0.152632
0 0.221203 0.348684 0.022426 0.071053
0 0.455657 0.685526 0.040775 0.113158
0 0.252294 0.463158 0.029562 0.078947
0 0.436290 0.798684 0.036697 0.171053
0 0.486239 0.614474 0.038736 0.102632
0 0.383282 0.925000 0.057085 0.134211
0 0.940367 0.223684 0.017329 0.057895
0 0.528542 0.450000 0.025484 0.068421
0 0.622324 0.439474 0.025484 0.073684
0 0.073904 0.340789 0.021407 0.071053
0 0.568807 0.325000 0.024465 0.071053
0 0.206932 0.261842 0.022426 0.076316
0 0.386340 0.305263 0.022426 0.078947
0 0.047401 0.368421 0.023445 0.068421
0 0.316004 0.214474 0.026504 0.076316
0 0.530581 0.330263 0.025484 0.076316
0 0.729358 0.352632 0.027523 0.094737
0 0.664628 0.568421 0.032620 0.078947
0 0.425586 0.268421 0.019368 0.068421
0 0.544343 0.190789 0.018349 0.060526
0 0.312946 0.868421 0.042813 0.163158
0 0.889908 0.302632 0.020387 0.068421
0 0.990316 0.409211 0.019368 0.081579
0 0.159021 0.284211 0.020387 0.068421
0 0.447503 0.490789 0.030581 0.086842
0 0.761468 0.372368 0.024465 0.081579
0 0.907747 0.888158 0.068298 0.144737
0 0.861366 0.321053 0.022426 0.057895
0 0.989297 0.893421 0.021407 0.134211
0 0.853721 0.501316 0.029562 0.071053
0 0.856779 0.392105 0.029562 0.084211
0 0.419470 0.648684 0.027523 0.097368
0 0.572885 0.247368 0.022426 0.068421
0 0.672273 0.211842 0.017329 0.060526
0 0.044343 0.288158 0.023445 0.076316
0 0.841998 0.550000 0.026504 0.068421
0 0.562691 0.480263 0.032620 0.092105
0 0.785423 0.353947 0.019368 0.081579
0 0.158002 0.361842 0.026504 0.081579
0 0.991845 0.503947 0.016310 0.102632
0 0.367482 0.203947 0.019368 0.055263
0 0.196228 0.680263 0.037717 0.128947
0 0.165138 0.215789 0.020387 0.063158
0 0.672783 0.355263 0.024465 0.068421
0 0.648318 0.457895 0.024465 0.089474
0 0.980632 0.617105 0.036697 0.097368
0 0.308869 0.319737 0.020387 0.076316
0 0.503568 0.273684 0.020387 0.068421
0 0.284913 0.330263 0.023445 0.076316
0 0.699286 0.250000 0.018349 0.063158
0 0.012232 0.459211 0.022426 0.086842
0 0.232416 0.178947 0.018349 0.057895
0 0.699286 0.359211 0.022426 0.081579
0 0.686544 0.719737 0.037717 0.092105
0 0.613150 0.294737 0.021407 0.063158
0 0.433741 0.089474 0.013252 0.042105
0 0.836901 0.205263 0.020387 0.063158
0 0.864424 0.144737 0.014271 0.052632
0 0.466871 0.111842 0.016310 0.050000
0 0.733945 0.157895 0.016310 0.057895
0 0.209990 0.601316 0.038736 0.092105
0 0.469419 0.164474 0.015291 0.050000
0 0.588175 0.197368 0.016310 0.063158
0 0.687054 0.806579 0.046891 0.113158
0 0.684506 0.159211 0.017329 0.050000
0 0.352701 0.425000 0.024465 0.076316
0 0.758919 0.246053 0.019368 0.065789
0 0.328746 0.278947 0.019368 0.057895
0 0.810907 0.165789 0.015291 0.052632
0 0.523955 0.398684 0.024465 0.060526
0 0.966871 0.239474 0.019368 0.057895
0 0.807339 0.302632 0.022426 0.078947
0 0.099898 0.578947 0.034659 0.126316
0 0.022936 0.956579 0.043833 0.086842
0 0.702854 0.155263 0.013252 0.042105
0 0.912844 0.272368 0.019368 0.060526
0 0.239551 0.318421 0.018349 0.073684
0 0.933741 0.815789 0.040775 0.089474
0 0.970948 0.089474 0.013252 0.042105
0 0.671764 0.428947 0.022426 0.073684
0 0.914373 0.164474 0.014271 0.050000
0 0.927115 0.752632 0.031600 0.105263
0 0.696228 0.125000 0.014271 0.039474
0 0.515291 0.169737 0.021407 0.060526
0 0.085117 0.265789 0.023445 0.063158
0 0.363405 0.984211 0.066259 0.031579
0 0.640673 0.242105 0.017329 0.057895
0 0.441896 0.372368 0.025484 0.060526
0 0.027523 0.140789 0.014271 0.044737
0 0.838430 0.269737 0.017329 0.055263
0 0.954638 0.157895 0.013252 0.047368
0 0.894495 0.235526 0.019368 0.050000
0 0.191641 0.203947 0.016310 0.055263
0 0.071356 0.707895 0.024465 0.089474
0 0.660550 0.153947 0.016310 0.050000
0 0.351682 0.156579 0.018349 0.055263
0 0.879715 0.188158 0.014271 0.050000
0 0.913354 0.213158 0.016310 0.047368
0 0.967380 0.136842 0.014271 0.042105
0 0.282875 0.189474 0.019368 0.052632
0 0.794088 0.538158 0.028542 0.086842
0 0.247706 0.185526 0.014271 0.050000
0 0.091233 0.203947 0.019368 0.050000
0 0.909276 0.055263 0.014271 0.036842
0 0.865443 0.090789 0.010194 0.034211
0 0.625382 0.210526 0.019368 0.047368
0 0.205403 0.107895 0.013252 0.042105
0 0.298165 0.185526 0.015291 0.060526
0 0.582569 0.096053 0.013252 0.034211
0 0.019878 0.101316 0.013252 0.039474
0 0.483180 0.218421 0.020387 0.063158
0 0.802243 0.227632 0.016310 0.055263
0 0.779817 0.267105 0.018349 0.055263
0 0.193680 0.064474 0.012232 0.034211
0 0.175841 0.789474 0.035678 0.115789
0 0.377676 0.155263 0.017329 0.057895
0 0.805301 0.121053 0.012232 0.036842
0 0.215087 0.135526 0.014271 0.044737
0 0.201835 0.200000 0.016310 0.052632
0 0.680428 0.038158 0.009174 0.028947
0 0.234455 0.077632 0.014271 0.039474
0 0.885321 0.105263 0.011213 0.036842
0 0.249745 0.410526 0.030581 0.052632
0 0.953619 0.069737 0.011213 0.028947
0 0.928135 0.771053 0.033639 0.136842
0 0.627421 0.106579 0.015291 0.044737
0 0.480632 0.211842 0.021407 0.060526
0 0.692151 0.461842 0.024465 0.076316
0 0.820591 0.097368 0.014271 0.042105
0 0.047401 0.135526 0.015291 0.044737
0 0.258410 0.186842 0.017329 0.052632
0 0.895005 0.067105 0.014271 0.039474
0 0.022426 0.969737 0.042813 0.060526
0 0.441386 0.205263 0.018349 0.052632
0 0.995413 0.134211 0.009174 0.036842
0 0.449541 0.102632 0.014271 0.047368
0 0.119776 0.218421 0.021407 0.068421
0 0.560652 0.193421 0.016310 0.055263
0 0.850663 0.447368 0.027523 0.052632
0 0.979613 0.207895 0.020387 0.047368
0 0.994393 0.247368 0.011213 0.057895
0 0.320591 0.050000 0.013252 0.036842
0 0.389908 0.106579 0.013252 0.039474
0 0.910805 0.171053 0.015291 0.042105
0 0.651376 0.111842 0.014271 0.039474
0 0.005097 0.180263 0.008155 0.060526
0 0.710499 0.988158 0.065240 0.023684
0 0.415902 0.169737 0.016310 0.055263
0 0.580020 0.055263 0.010194 0.026316
0 0.092253 0.211842 0.019368 0.050000
0 0.008665 0.282895 0.015291 0.076316
0 0.168705 0.078947 0.013252 0.036842
0 0.786952 0.155263 0.014271 0.042105
0 0.136086 0.177632 0.015291 0.044737
0 0.099388 0.872368 0.043833 0.165789
0 0.111621 0.734211 0.062181 0.115789
0 0.116208 0.381579 0.034659 0.089474
0 0.061672 0.248684 0.015291 0.060526
0 0.155963 0.425000 0.032620 0.071053
0 0.178389 0.373684 0.018349 0.084211
0 0.286442 0.653947 0.040775 0.134211
0 0.389908 0.806579 0.068298 0.176316
0 0.416922 0.468421 0.026504 0.110526
0 0.376656 0.410526 0.027523 0.068421
0 0.356779 0.344737 0.020387 0.068421
0 0.670234 0.657895 0.045872 0.094737
0 0.644750 0.623684 0.031600 0.110526
0 0.552497 0.394737 0.030581 0.068421
0 0.479103 0.426316 0.024465 0.073684
0 0.502039 0.451316 0.017329 0.050000
0 0.434760 0.571053 0.015291 0.052632
0 0.494903 0.778947 0.056065 0.147368
0 0.651376 0.334211 0.018349 0.063158
0 0.674822 0.294737 0.018349 0.042105
0 0.949541 0.315789 0.019368 0.073684
0 0.963812 0.807895 0.021407 0.121053
0 0.801223 0.890789 0.050968 0.128947
0 0.766055 0.736842 0.045872 0.126316
0 0.629969 0.160526 0.020387 0.052632
0 0.720693 0.269737 0.020387 0.044737
0 0.725790 0.221053 0.020387 0.042105
0 0.813965 0.380263 0.027523 0.065789
0 0.893476 0.432895 0.035678 0.118421
0 0.882773 0.352632 0.022426 0.047368
0 0.912844 0.460526 0.021407 0.084211
