0 0.679918 0.900000 0.048930 0.173684
0 0.438838 0.697368 0.037717 0.136842
0 0.920999 0.822368 0.049949 0.155263
0 0.719164 0.792105 0.051988 0.157895
0 0.492355 0.767105 0.042813 0.150000
0 0.300714 0.725000 0.038736 0.139474
0 0.438838 0.893421 0.054027 0.192105
0 0.843527 0.461842 0.035678 0.102632
0 0.833843 0.635526 0.030581 0.107895
0 0.648318 0.772368 0.032620 0.123684
0 0.665138 0.534211 0.033639 0.142105
0 0.254332 0.876316 0.043833 0.131579
0 0.922528 0.489474 0.028542 0.110526
0 0.124873 0.546053 0.033639 0.107895
0 0.801223 0.765789 0.040775 0.100000
0 0.847095 0.798684 0.042813 0.123684
0 0.217125 0.581579 0.040775 0.126316
0 0.121305 0.438158 0.026504 0.076316
0 0.793578 0.540789 0.037717 0.107895
0 0.423038 0.517105 0.038736 0.107895
0 0.770642 0.943421 0.067278 0.113158
0 0.149847 0.702632 0.040775 0.142105
0 0.069317 0.775000 0.032620 0.123684
0 0.948522 0.642105 0.039755 0.110526
0 0.162589 0.398684 0.023445 0.081579
0 0.854230 0.934211 0.057085 0.110526
0 0.692151 0.500000 0.022426 0.089474
0 0.866972 0.564474 0.027523 0.092105
0 0.648828 0.323684 0.021407 0.073684
0 0.202345 0.189474 0.017329 0.052632
0 0.689093 0.346053 0.026504 0.071053
0 0.516310 0.356579 0.021407 0.081579
0 0.915902 0.614474 0.027523 0.118421
0 0.987258 0.400000 0.025484 0.100000
0 0.129460 0.363158 0.022426 0.073684
0 0.804281 0.877632 0.046891 0.128947
0 0.662589 0.401316 0.020387 0.076316
0 0.213558 0.469737 0.025484 0.076316
0 0.401121 0.806579 0.033639 0.123684
0 0.201835 0.697368 0.032620 0.110526
0 0.177370 0.210526 0.016310 0.052632
0 0.227319 0.748684 0.040775 0.134211
0 0.590214 0.792105 0.059123 0.100000
0 0.350153 0.290789 0.021407 0.076316
0 0.081040 0.469737 0.029562 0.113158
0 0.417941 0.425000 0.030581 0.071053
0 0.423038 0.353947 0.024465 0.065789
0 0.639144 0.461842 0.024465 0.092105
0 0.229358 0.368421 0.022426 0.073684
0 0.458206 0.548684 0.041794 0.060526
0 0.290520 0.390789 0.026504 0.076316
0 0.376147 0.369737 0.024465 0.086842
0 0.275229 0.284211 0.020387 0.068421
0 0.211519 0.307895 0.025484 0.084211
0 0.259429 0.628947 0.039755 0.126316
0 0.188073 0.481579 0.023445 0.089474
0 0.033639 0.422368 0.034659 0.092105
0 0.673802 0.122368 0.014271 0.044737
0 0.575433 0.460526 0.025484 0.094737
0 0.270133 0.455263 0.022426 0.073684
0 0.137105 0.280263 0.021407 0.065789
0 0.071356 0.138158 0.014271 0.044737
0 0.045872 0.671053 0.038736 0.105263
0 0.035168 0.344737 0.021407 0.057895
0 0.318043 0.477632 0.026504 0.060526
0 0.491335 0.378947 0.022426 0.084211
0 0.375637 0.210526 0.017329 0.057895
0 0.533129 0.544737 0.026504 0.084211
0 0.611621 0.440789 0.028542 0.097368
0 0.221203 0.148684 0.016310 0.050000
0 0.547910 0.365789 0.021407 0.073684
0 0.890418 0.282895 0.019368 0.065789
0 0.545872 0.642105 0.033639 0.100000
0 0.387870 0.494737 0.027523 0.105263
0 0.524465 0.281579 0.019368 0.063158
0 0.097859 0.339474 0.018349 0.068421
0 0.568807 0.715789 0.040775 0.094737
0 0.022936 0.582895 0.037717 0.102632
0 0.110601 0.251316 0.019368 0.055263
0 0.722222 0.642105 0.039755 0.110526
0 0.154434 0.125000 0.017329 0.050000
0 0.448522 0.375000 0.022426 0.076316
0 0.336391 0.805263 0.030581 0.100000
0 0.302752 0.873684 0.044852 0.142105
0 0.298675 0.118421 0.012232 0.036842
0 0.541284 0.261842 0.016310 0.060526
0 0.598369 0.926316 0.055046 0.147368
0 0.589195 0.236842 0.016310 0.052632
0 0.228848 0.231579 0.017329 0.057895
0 0.691641 0.121053 0.015291 0.047368
0 0.905199 0.105263 0.012232 0.036842
0 0.259429 0.218421 0.019368 0.057895
0 0.370031 0.301316 0.018349 0.060526
0 0.201325 0.118421 0.013252 0.047368
0 0.238532 0.123684 0.012232 0.047368
0 0.080020 0.364474 0.021407 0.076316
0 0.715087 0.469737 0.021407 0.081579
0 0.585117 0.342105 0.020387 0.057895
0 0.417431 0.252632 0.019368 0.063158
0 0.083078 0.168421 0.015291 0.052632
0 0.483690 0.528947 0.025484 0.084211
0 0.555556 0.147368 0.018349 0.057895
0 0.774210 0.236842 0.017329 0.052632
0 0.316004 0.359211 0.022426 0.086842
0 0.116208 0.123684 0.012232 0.031579
0 0.429154 0.110526 0.014271 0.047368
0 0.613660 0.250000 0.018349 0.052632
0 0.933741 0.201316 0.018349 0.050000
0 0.307849 0.223684 0.020387 0.057895
0 0.197757 0.243421 0.016310 0.060526
0 0.987768 0.273684 0.020387 0.057895
0 0.709990 0.151316 0.015291 0.050000
0 0.684506 0.203947 0.019368 0.065789
0 0.258919 0.110526 0.014271 0.042105
0 0.109072 0.153947 0.018349 0.050000
0 0.487768 0.190789 0.017329 0.055263
0 0.045362 0.267105 0.017329 0.055263
0 0.376147 0.115789 0.014271 0.042105
0 0.318552 0.060526 0.011213 0.036842
0 0.463812 0.109211 0.012232 0.039474
0 0.259939 0.063158 0.010194 0.031579
0 0.890928 0.078947 0.012232 0.036842
0 0.991845 0.864474 0.016310 0.176316
0 0.178899 0.271053 0.019368 0.063158
0 0.596330 0.072368 0.014271 0.044737
0 0.629460 0.101316 0.011213 0.034211
0 0.905708 0.360526 0.023445 0.078947
0 0.585627 0.130263 0.015291 0.044737
0 0.840979 0.230263 0.018349 0.044737
0 0.797655 0.121053 0.013252 0.042105
0 0.754332 0.128947 0.012232 0.036842
0 0.930683 0.256579 0.020387 0.060526
0 0.764016 0.378947 0.015291 0.057895
0 0.243629 0.077632 0.014271 0.039474
0 0.594801 0.290789 0.021407 0.055263
0 0.450051 0.155263 0.015291 0.052632
0 0.636595 0.177632 0.017329 0.055263
0 0.790520 0.301316 0.019368 0.060526
0 0.179409 0.163158 0.014271 0.042105
0 0.593782 0.176316 0.015291 0.047368
0 0.148828 0.531579 0.024465 0.089474
0 0.743119 0.278947 0.018349 0.052632
0 0.559123 0.215789 0.017329 0.063158
0 0.609072 0.126316 0.015291 0.047368
0 0.086137 0.128947 0.013252 0.031579
0 0.197757 0.028947 0.010194 0.036842
0 0.260449 0.172368 0.015291 0.039474
0 0.441386 0.088158 0.012232 0.039474
0 0.435780 0.190789 0.017329 0.055263
0 0.390928 0.307895 0.017329 0.063158
0 0.018858 0.176316 0.015291 0.047368
0 0.519368 0.106579 0.015291 0.044737
0 0.391437 0.097368 0.014271 0.036842
0 0.468400 0.193421 0.015291 0.055263
0 0.329766 0.265789 0.017329 0.057895
0 0.410805 0.102632 0.014271 0.036842
0 0.581040 0.076316 0.012232 0.036842
0 0.004587 0.072368 0.007136 0.039474
0 0.731397 0.232895 0.017329 0.055263
0 0.353211 0.164474 0.015291 0.055263
0 0.061672 0.332895 0.017329 0.055263
0 0.341998 0.060526 0.011213 0.031579
0 0.085117 0.094737 0.013252 0.031579
0 0.319062 0.127632 0.012232 0.039474
0 0.728848 0.086842 0.012232 0.036842
0 0.576453 0.386842 0.021407 0.052632
0 0.680428 0.084211 0.011213 0.036842
0 0.540775 0.071053 0.011213 0.031579
0 0.878186 0.098684 0.013252 0.034211
0 0.846075 0.111842 0.014271 0.039474
0 0.479613 0.109211 0.013252 0.039474
0 0.189093 0.082895 0.011213 0.039474
0 0.411315 0.142105 0.013252 0.042105
0 0.214577 0.109211 0.011213 0.034211
0 0.771152 0.084211 0.011213 0.031579
0 0.031600 0.173684 0.014271 0.057895
0 0.006626 0.263158 0.011213 0.063158
0 0.311417 0.092105 0.011213 0.031579
0 0.144241 0.092105 0.011213 0.031579
0 0.716106 0.101316 0.011213 0.034211
0 0.130989 0.125000 0.013252 0.034211
0 0.704893 0.105263 0.009174 0.036842
0 0.032620 0.117105 0.014271 0.039474
0 0.268094 0.719737 0.024465 0.118421
0 0.100917 0.111842 0.014271 0.044737
0 0.209990 0.043421 0.012232 0.034211
0 0.021916 0.094737 0.009174 0.031579
0 0.757390 0.094737 0.012232 0.031579
0 0.934760 0.427632 0.026504 0.081579
0 0.357798 0.089474 0.010194 0.031579
0 0.482161 0.256579 0.022426 0.065789
0 0.019878 0.222368 0.015291 0.050000
0 0.507136 0.182895 0.015291 0.050000
0 0.912844 0.215789 0.017329 0.047368
0 0.606524 0.436842 0.028542 0.094737
0 0.585117 0.592105 0.028542 0.100000
0 0.745158 0.063158 0.012232 0.036842
0 0.768094 0.125000 0.013252 0.044737
0 0.231397 0.100000 0.010194 0.031579
0 0.197757 0.402632 0.020387 0.057895
0 0.804281 0.197368 0.014271 0.042105
0 0.715596 0.210526 0.014271 0.052632
0 0.948012 0.084211 0.012232 0.036842
0 0.140673 0.042105 0.010194 0.031579
0 0.297655 0.268421 0.020387 0.057895
0 0.283384 0.053947 0.010194 0.028947
0 0.330275 0.103947 0.012232 0.039474
0 0.864934 0.098684 0.009174 0.034211
0 0.567788 0.068421 0.010194 0.031579
0 0.872579 0.127632 0.012232 0.039474
0 0.283384 0.411842 0.028542 0.076316
0 0.647808 0.127632 0.015291 0.039474
0 0.782365 0.128947 0.011213 0.031579
0 0.746177 0.338158 0.022426 0.060526
0 0.303262 0.040789 0.009174 0.028947
0 0.030071 0.067105 0.013252 0.028947
0 0.769623 0.297368 0.016310 0.057895
0 0.873089 0.052632 0.011213 0.031579
0 0.132518 0.157895 0.016310 0.042105
0 0.366972 0.157895 0.014271 0.052632
0 0.783384 0.361842 0.019368 0.055263
0 0.006626 0.376316 0.011213 0.073684
0 0.841488 0.069737 0.011213 0.034211
0 0.429154 0.067105 0.010194 0.028947
0 0.479613 0.330263 0.017329 0.050000
0 0.117227 0.880263 0.061162 0.197368
0 0.383792 0.940789 0.074414 0.118421
0 0.340979 0.598684 0.035678 0.128947
0 0.292049 0.543421 0.051988 0.128947
0 0.047910 0.525000 0.034659 0.118421
0 0.531600 0.767105 0.039755 0.128947
0 0.486239 0.659211 0.059123 0.107895
0 0.403670 0.634211 0.036697 0.105263
0 0.607543 0.946053 0.055046 0.107895
0 0.924057 0.950000 0.066259 0.100000
0 0.866463 0.719737 0.044852 0.165789
0 0.249745 0.280263 0.024465 0.065789
0 0.255352 0.344737 0.029562 0.089474
0 0.451070 0.478947 0.031600 0.068421
0 0.755352 0.644737 0.032620 0.126316
0 0.619776 0.289474 0.030581 0.063158
0 0.717635 0.343421 0.028542 0.076316
0 0.571865 0.846053 0.048930 0.155263
