0 0.106524 0.821053 0.051988 0.178947
0 0.578491 0.628947 0.041794 0.147368
0 0.660550 0.906579 0.057085 0.186842
0 0.541794 0.851316 0.047910 0.197368
0 0.736493 0.738158 0.045872 0.155263
0 0.860347 0.568421 0.036697 0.105263
0 0.662080 0.639474 0.037717 0.126316
0 0.730377 0.577632 0.035678 0.102632
0 0.589195 0.850000 0.040775 0.121053
0 0.704383 0.825000 0.053007 0.128947
0 0.765545 0.393421 0.036697 0.107895
0 0.136595 0.711842 0.042813 0.139474
0 0.840469 0.409211 0.027523 0.097368
0 0.356779 0.744737 0.048930 0.121053
0 0.305810 0.657895 0.046891 0.142105
0 0.932722 0.850000 0.050968 0.184211
0 0.625382 0.422368 0.033639 0.092105
0 0.977064 0.701316 0.039755 0.150000
0 0.239551 0.688158 0.038736 0.139474
0 0.875637 0.459211 0.034659 0.102632
0 0.336901 0.561842 0.029562 0.102632
0 0.683486 0.436842 0.029562 0.110526
0 0.817023 0.297368 0.025484 0.084211
0 0.069317 0.700000 0.057085 0.147368
0 0.241590 0.531579 0.032620 0.105263
0 0.937819 0.485526 0.032620 0.102632
0 0.067788 0.338158 0.023445 0.071053
0 0.458206 0.647368 0.037717 0.115789
0 0.205403 0.359211 0.023445 0.081579
0 0.719164 0.394737 0.025484 0.084211
0 0.863914 0.303947 0.023445 0.071053
0 0.262487 0.826316 0.041794 0.184211
0 0.282365 0.343421 0.022426 0.081579
0 0.371050 0.644737 0.036697 0.094737
0 0.800204 0.403947 0.024465 0.081579
0 0.435780 0.861842 0.043833 0.128947
0 0.520387 0.640789 0.031600 0.097368
0 0.762487 0.298684 0.022426 0.071053
0 0.022936 0.855263 0.043833 0.210526
0 0.179409 0.221053 0.018349 0.057895
0 0.683486 0.340789 0.027523 0.071053
0 0.387870 0.572368 0.033639 0.092105
0 0.576453 0.259211 0.021407 0.071053
0 0.352192 0.261842 0.019368 0.060526
0 0.324669 0.260526 0.023445 0.073684
0 0.976045 0.911842 0.047910 0.118421
0 0.450051 0.755263 0.039755 0.131579
0 0.477064 0.577632 0.030581 0.097368
0 0.720693 0.506579 0.036697 0.071053
0 0.501019 0.964474 0.060143 0.071053
0 0.082569 0.436842 0.030581 0.121053
0 0.553517 0.313158 0.024465 0.078947
0 0.096330 0.260526 0.019368 0.063158
0 0.341488 0.390789 0.030581 0.086842
0 0.797655 0.497368 0.035678 0.094737
0 0.865443 0.223684 0.016310 0.057895
0 0.407747 0.184211 0.018349 0.063158
0 0.570846 0.400000 0.026504 0.078947
0 0.205403 0.186842 0.017329 0.052632
0 0.355250 0.897368 0.080530 0.163158
0 0.968400 0.598684 0.032620 0.097368
0 0.363405 0.978947 0.066259 0.042105
0 0.437309 0.200000 0.022426 0.063158
0 0.031091 0.278947 0.021407 0.068421
0 0.168196 0.402632 0.022426 0.068421
0 0.283894 0.209211 0.019368 0.060526
0 0.162080 0.322368 0.022426 0.081579
0 0.386850 0.242105 0.021407 0.068421
0 0.697757 0.175000 0.017329 0.060526
0 0.479103 0.428947 0.020387 0.073684
0 0.929154 0.361842 0.025484 0.076316
0 0.422528 0.315789 0.021407 0.063158
0 0.091233 0.340789 0.019368 0.071053
0 0.642712 0.313158 0.023445 0.068421
0 0.440877 0.397368 0.021407 0.068421
0 0.704383 0.265789 0.018349 0.057895
0 0.630989 0.746053 0.050968 0.092105
0 0.712029 0.956579 0.051988 0.086842
0 0.032110 0.388158 0.027523 0.071053
0 0.984709 0.427632 0.028542 0.076316
0 0.594801 0.372368 0.029562 0.107895
0 0.307849 0.200000 0.022426 0.063158
0 0.043833 0.522368 0.034659 0.107895
0 0.269623 0.152632 0.015291 0.047368
0 0.652905 0.256579 0.019368 0.060526
0 0.878695 0.144737 0.016310 0.052632
0 0.100917 0.181579 0.018349 0.052632
0 0.777268 0.251316 0.019368 0.065789
0 0.842508 0.094737 0.013252 0.047368
0 0.648318 0.123684 0.014271 0.042105
0 0.590724 0.205263 0.019368 0.052632
0 0.652396 0.186842 0.016310 0.047368
0 0.238532 0.239474 0.018349 0.057895
0 0.040265 0.175000 0.015291 0.055263
0 0.825178 0.121053 0.017329 0.063158
0 0.673293 0.248684 0.017329 0.065789
0 0.496432 0.206579 0.018349 0.055263
0 0.007645 0.221053 0.013252 0.068421
0 0.465341 0.390789 0.023445 0.071053
0 0.911825 0.313158 0.021407 0.068421
0 0.744139 0.177632 0.018349 0.050000
0 0.262487 0.352632 0.017329 0.068421
0 0.286442 0.160526 0.016310 0.047368
0 0.152396 0.160526 0.015291 0.057895
0 0.765545 0.959211 0.059123 0.081579
0 0.778287 0.147368 0.013252 0.042105
0 0.068298 0.096053 0.014271 0.039474
0 0.950561 0.186842 0.019368 0.047368
0 0.831295 0.193421 0.015291 0.055263
0 0.446483 0.117105 0.014271 0.044737
0 0.122834 0.205263 0.019368 0.047368
0 0.314985 0.378947 0.020387 0.078947
0 0.566769 0.189474 0.016310 0.057895
0 0.445973 0.255263 0.019368 0.057895
0 0.857798 0.188158 0.015291 0.055263
0 0.480632 0.202632 0.015291 0.042105
0 0.952599 0.075000 0.011213 0.034211
0 0.431193 0.514474 0.026504 0.086842
0 0.097350 0.073684 0.011213 0.031579
0 0.438838 0.977632 0.066259 0.044737
0 0.391947 0.332895 0.021407 0.071053
0 0.383792 0.185526 0.017329 0.044737
0 0.006116 0.059211 0.010194 0.034211
0 0.458206 0.481579 0.031600 0.084211
0 0.923547 0.180263 0.016310 0.044737
0 0.993884 0.177632 0.012232 0.050000
0 0.124363 0.114474 0.014271 0.039474
0 0.857798 0.102632 0.013252 0.042105
0 0.191641 0.471053 0.022426 0.068421
0 0.987768 0.256579 0.022426 0.055263
0 0.249745 0.165789 0.018349 0.057895
0 0.230887 0.035526 0.009174 0.023684
0 0.926096 0.275000 0.017329 0.055263
0 0.072375 0.189474 0.018349 0.047368
0 0.007136 0.339474 0.012232 0.084211
0 0.345056 0.190789 0.017329 0.055263
0 0.749235 0.125000 0.014271 0.044737
0 0.571356 0.480263 0.029562 0.081579
0 0.243119 0.343421 0.019368 0.071053
0 0.461264 0.121053 0.013252 0.047368
0 0.795617 0.246053 0.015291 0.060526
0 0.899592 0.151316 0.013252 0.044737
0 0.393476 0.064474 0.012232 0.028947
0 0.304791 0.135526 0.018349 0.050000
0 0.163609 0.192105 0.015291 0.052632
0 0.234964 0.128947 0.015291 0.042105
0 0.847095 0.686842 0.036697 0.094737
0 0.524975 0.225000 0.018349 0.060526
0 0.714577 0.148684 0.014271 0.050000
0 0.671254 0.185526 0.017329 0.050000
0 0.643731 0.088158 0.011213 0.034211
0 0.738022 0.375000 0.018349 0.081579
0 0.940877 0.314474 0.020387 0.065789
0 0.594801 0.094737 0.013252 0.036842
0 0.669215 0.111842 0.015291 0.044737
0 0.785423 0.093421 0.011213 0.034211
0 0.143731 0.246053 0.018349 0.055263
0 0.105505 0.115789 0.013252 0.036842
0 0.267074 0.201316 0.014271 0.055263
0 0.734964 0.138158 0.014271 0.039474
0 0.269113 0.088158 0.010194 0.034211
0 0.859837 0.755263 0.047910 0.068421
0 0.425586 0.159211 0.015291 0.044737
0 0.715087 0.143421 0.013252 0.044737
0 0.465851 0.185526 0.016310 0.055263
0 0.956677 0.414474 0.029562 0.076316
0 0.974006 0.164474 0.017329 0.055263
0 0.472987 0.123684 0.014271 0.047368
0 0.347095 0.084211 0.011213 0.036842
0 0.155963 0.588158 0.014271 0.092105
0 0.601937 0.268421 0.019368 0.068421
0 0.962793 0.101316 0.013252 0.039474
0 0.173293 0.153947 0.016310 0.050000
0 0.601937 0.953947 0.062181 0.092105
0 0.819572 0.063158 0.012232 0.031579
0 0.457696 0.060526 0.010194 0.031579
0 0.196738 0.132895 0.014271 0.044737
0 0.521407 0.167105 0.017329 0.050000
0 0.880734 0.921053 0.063201 0.089474
0 0.204893 0.267105 0.016310 0.055263
0 0.219674 0.228947 0.015291 0.052632
0 0.793068 0.119737 0.012232 0.039474
0 0.047910 0.256579 0.016310 0.060526
0 0.324669 0.156579 0.017329 0.055263
0 0.360856 0.071053 0.012232 0.036842
0 0.091233 0.107895 0.011213 0.031579
0 0.786442 0.663158 0.041794 0.136842
0 0.217125 0.043421 0.010194 0.034211
0 0.878186 0.056579 0.011213 0.028947
0 0.810398 0.930263 0.044852 0.139474
0 0.833843 0.860526 0.032620 0.173684
0 0.490826 0.802632 0.039755 0.131579
0 0.205912 0.915789 0.063201 0.168421
0 0.153415 0.472368 0.029562 0.102632
0 0.102446 0.551316 0.029562 0.086842
0 0.119776 0.359211 0.031600 0.097368
0 0.400612 0.471053 0.036697 0.115789
0 0.376656 0.426316 0.019368 0.105263
0 0.517329 0.403947 0.029562 0.092105
0 0.483690 0.272368 0.017329 0.097368
0 0.460245 0.250000 0.013252 0.052632
0 0.649337 0.543421 0.046891 0.097368
0 0.879205 0.936842 0.049949 0.126316
0 0.881244 0.646053 0.023445 0.113158
0 0.912334 0.701316 0.038736 0.118421
0 0.813456 0.572368 0.036697 0.113158
0 0.908767 0.459211 0.023445 0.097368
0 0.727829 0.261842 0.018349 0.081579
0 0.743119 0.232895 0.018349 0.055263
0 0.268603 0.556579 0.025484 0.086842
0 0.231397 0.394737 0.028542 0.089474
0 0.207441 0.705263 0.037717 0.136842
0 0.148828 0.897368 0.034659 0.157895
0 0.071865 0.838158 0.033639 0.176316
0 0.006626 0.675000 0.011213 0.128947
0 0.486239 0.384211 0.018349 0.063158
0 0.523955 0.513158 0.022426 0.078947
0 0.692661 0.713158 0.041794 0.094737
0 0.617737 0.223684 0.022426 0.057895
0 0.302752 0.257895 0.024465 0.057895
0 0.933741 0.627632 0.036697 0.092105
