0 0.761468 0.208333 0.034659 0.047101
0 0.725280 0.289855 0.035678 0.050725
0 0.584098 0.313406 0.040775 0.061594
0 0.875637 0.442935 0.044852 0.048913
0 0.622834 0.556159 0.040775 0.057971
0 0.621305 0.050725 0.033639 0.054348
0 0.672783 0.200181 0.034659 0.056159
0 0.845056 0.079710 0.040775 0.047101
0 0.850153 0.167572 0.036697 0.052536
0 0.722732 0.477355 0.034659 0.052536
0 0.783894 0.127717 0.030581 0.045290
0 0.640163 0.781703 0.036697 0.052536
0 0.817533 0.279891 0.036697 0.045290
0 0.798165 0.838768 0.028542 0.047101
0 0.746687 0.951087 0.031600 0.050725
0 0.862895 0.528080 0.035678 0.048913
0 0.595821 0.980072 0.027523 0.036232
0 0.719674 0.644928 0.036697 0.047101
0 0.812946 0.566123 0.043833 0.041667
0 0.825178 0.691123 0.035678 0.045290
0 0.795617 0.406703 0.037717 0.038043
0 0.867992 0.278080 0.039755 0.041667
0 0.841998 0.354167 0.032620 0.041667
0 0.838430 0.799819 0.035678 0.045290
0 0.834353 0.931159 0.035678 0.050725
