0 0.888379 0.628947 0.039755 0.126316
0 0.885831 0.811842 0.050968 0.134211
0 0.722222 0.936842 0.043833 0.126316
0 0.700815 0.730263 0.049949 0.165789
0 0.432212 0.564474 0.036697 0.139474
0 0.333843 0.539474 0.039755 0.126316
0 0.960754 0.676316 0.039755 0.131579
0 0.502548 0.696053 0.032620 0.118421
0 0.335882 0.771053 0.047910 0.131579
0 0.828746 0.897368 0.046891 0.157895
0 0.784913 0.836842 0.046891 0.157895
0 0.429664 0.380263 0.031600 0.102632
0 0.547910 0.672368 0.035678 0.128947
0 0.381753 0.556579 0.037717 0.139474
0 0.102446 0.561842 0.031600 0.113158
0 0.601937 0.819737 0.037717 0.160526
0 0.698267 0.530263 0.036697 0.128947
0 0.631498 0.727632 0.035678 0.128947
0 0.378186 0.297368 0.028542 0.078947
0 0.116208 0.732895 0.050968 0.155263
0 0.051988 0.578947 0.036697 0.126316
0 0.781346 0.635526 0.037717 0.134211
0 0.564730 0.869737 0.048930 0.155263
0 0.341488 0.317105 0.026504 0.092105
0 0.905199 0.402632 0.028542 0.100000
0 0.467890 0.564474 0.032620 0.118421
0 0.474006 0.872368 0.050968 0.128947
0 0.449032 0.771053 0.043833 0.136842
0 0.515291 0.936842 0.066259 0.121053
0 0.758919 0.492105 0.027523 0.100000
0 0.194190 0.294737 0.019368 0.068421
0 0.819572 0.390789 0.024465 0.097368
0 0.542304 0.572368 0.034659 0.086842
0 0.877166 0.432895 0.029562 0.102632
0 0.287462 0.788158 0.030581 0.102632
0 0.555046 0.388158 0.019368 0.081579
0 0.805810 0.578947 0.027523 0.110526
0 0.090724 0.330263 0.020387 0.071053
0 0.358308 0.892105 0.066259 0.147368
0 0.933741 0.327632 0.024465 0.086842
0 0.216616 0.302632 0.021407 0.078947
0 0.019878 0.817105 0.037717 0.155263
0 0.925586 0.907895 0.044852 0.110526
0 0.788481 0.364474 0.027523 0.086842
0 0.577472 0.375000 0.023445 0.086842
0 0.957696 0.411842 0.033639 0.086842
0 0.295617 0.305263 0.020387 0.073684
0 0.062691 0.317105 0.023445 0.081579
0 0.645260 0.494737 0.034659 0.121053
0 0.056575 0.452632 0.033639 0.089474
0 0.565749 0.228947 0.020387 0.063158
0 0.594292 0.477632 0.028542 0.097368
0 0.552497 0.314474 0.022426 0.065789
0 0.658512 0.360526 0.028542 0.078947
0 0.201325 0.607895 0.031600 0.089474
0 0.446993 0.319737 0.023445 0.076316
0 0.839450 0.435526 0.027523 0.102632
0 0.617737 0.635526 0.032620 0.086842
0 0.165647 0.342105 0.023445 0.089474
0 0.598879 0.259211 0.023445 0.076316
0 0.045362 0.389474 0.027523 0.063158
0 0.668705 0.440789 0.024465 0.086842
0 0.758410 0.369737 0.022426 0.076316
0 0.018858 0.272368 0.019368 0.071053
0 0.705403 0.406579 0.024465 0.076316
0 0.529052 0.248684 0.018349 0.060526
0 0.984200 0.372368 0.025484 0.076316
0 0.497961 0.340789 0.021407 0.071053
0 0.133537 0.144737 0.016310 0.052632
0 0.430683 0.905263 0.054027 0.105263
0 0.104485 0.280263 0.019368 0.060526
0 0.022426 0.439474 0.020387 0.073684
0 0.468909 0.215789 0.018349 0.063158
0 0.246177 0.202632 0.017329 0.052632
0 0.665647 0.200000 0.020387 0.073684
0 0.488787 0.235526 0.019368 0.071053
0 0.592762 0.968421 0.070336 0.063158
0 0.432212 0.252632 0.020387 0.057895
0 0.623344 0.303947 0.023445 0.071053
0 0.729867 0.332895 0.020387 0.060526
0 0.446483 0.976316 0.057085 0.047368
0 0.263507 0.457895 0.025484 0.073684
0 0.706422 0.118421 0.016310 0.052632
0 0.634047 0.592105 0.034659 0.110526
0 0.993374 0.481579 0.013252 0.100000
0 0.246177 0.152632 0.015291 0.047368
0 0.579001 0.111842 0.016310 0.055263
0 0.430683 0.100000 0.017329 0.052632
0 0.033129 0.326316 0.017329 0.057895
0 0.203364 0.234211 0.019368 0.052632
0 0.135576 0.380263 0.024465 0.076316
0 0.150357 0.289474 0.019368 0.063158
0 0.494393 0.160526 0.016310 0.052632
0 0.635066 0.376316 0.020387 0.073684
0 0.094292 0.239474 0.019368 0.047368
0 0.255861 0.265789 0.018349 0.057895
0 0.271662 0.218421 0.021407 0.057895
0 0.239042 0.280263 0.017329 0.065789
0 0.158002 0.209211 0.016310 0.050000
0 0.228848 0.138158 0.015291 0.050000
0 0.755352 0.088158 0.012232 0.039474
0 0.631498 0.121053 0.017329 0.042105
0 0.323140 0.253947 0.018349 0.060526
0 0.795617 0.088158 0.013252 0.039474
0 0.105505 0.126316 0.015291 0.042105
0 0.257900 0.122368 0.016310 0.055263
0 0.525484 0.152632 0.017329 0.063158
0 0.153925 0.043421 0.012232 0.034211
0 0.057085 0.101316 0.012232 0.034211
0 0.609072 0.568421 0.027523 0.089474
0 0.420489 0.182895 0.015291 0.050000
0 0.030581 0.753947 0.038736 0.150000
0 0.391947 0.126316 0.015291 0.047368
0 0.925586 0.243421 0.020387 0.055263
0 0.990316 0.309211 0.019368 0.065789
0 0.679918 0.307895 0.020387 0.063158
0 0.217125 0.169737 0.016310 0.055263
0 0.514271 0.240789 0.015291 0.060526
0 0.550968 0.210526 0.015291 0.052632
0 0.610092 0.117105 0.015291 0.044737
0 0.525484 0.322368 0.019368 0.060526
0 0.993884 0.797368 0.012232 0.136842
0 0.260958 0.567105 0.036697 0.107895
0 0.779307 0.111842 0.015291 0.050000
0 0.237003 0.793421 0.039755 0.097368
0 0.301223 0.110526 0.013252 0.036842
0 0.310398 0.519737 0.025484 0.081579
0 0.852701 0.385526 0.017329 0.071053
0 0.291030 0.146053 0.015291 0.044737
0 0.455657 0.119737 0.016310 0.055263
0 0.770133 0.073684 0.011213 0.036842
0 0.053007 0.442105 0.034659 0.100000
0 0.118756 0.244737 0.017329 0.057895
0 0.087156 0.125000 0.015291 0.039474
0 0.667176 0.107895 0.015291 0.036842
0 0.639144 0.076316 0.012232 0.036842
0 0.732416 0.155263 0.017329 0.052632
0 0.320082 0.101316 0.014271 0.039474
0 0.857798 0.217105 0.017329 0.050000
0 0.237003 0.351316 0.019368 0.065789
0 0.075433 0.207895 0.014271 0.047368
0 0.359327 0.093421 0.015291 0.044737
0 0.249745 0.625000 0.040775 0.086842
0 0.505607 0.132895 0.014271 0.044737
0 0.821101 0.090789 0.011213 0.039474
0 0.259939 0.330263 0.022426 0.065789
0 0.817023 0.252632 0.021407 0.063158
0 0.722732 0.227632 0.016310 0.055263
0 0.149337 0.155263 0.013252 0.052632
0 0.942915 0.073684 0.012232 0.036842
0 0.276758 0.210526 0.023445 0.063158
0 0.010194 0.065789 0.012232 0.036842
0 0.178389 0.161842 0.012232 0.039474
0 0.991335 0.785526 0.017329 0.144737
0 0.151886 0.100000 0.012232 0.031579
0 0.047401 0.126316 0.011213 0.036842
0 0.561162 0.127632 0.017329 0.044737
0 0.093272 0.053947 0.011213 0.034211
0 0.592762 0.115789 0.013252 0.042105
0 0.899083 0.971053 0.061162 0.057895
0 0.992864 0.932895 0.014271 0.113158
0 0.602956 0.068421 0.013252 0.042105
0 0.043833 0.082895 0.010194 0.034211
0 0.444444 0.201316 0.018349 0.050000
0 0.584608 0.227632 0.013252 0.055263
0 0.171254 0.085526 0.012232 0.034211
0 0.520897 0.067105 0.012232 0.034211
0 0.148318 0.144737 0.013252 0.047368
0 0.484709 0.118421 0.015291 0.047368
0 0.014271 0.522368 0.026504 0.092105
0 0.053517 0.059211 0.009174 0.028947
0 0.617227 0.147368 0.013252 0.042105
0 0.852192 0.042105 0.012232 0.036842
0 0.340469 0.109211 0.014271 0.039474
0 0.308869 0.146053 0.014271 0.039474
0 0.714577 0.247368 0.016310 0.057895
0 0.468909 0.126316 0.014271 0.047368
0 0.837920 0.225000 0.016310 0.060526
0 0.211519 0.748684 0.039755 0.076316
0 0.523955 0.107895 0.014271 0.031579
0 0.359327 0.184211 0.015291 0.052632
0 0.076962 0.215789 0.015291 0.052632
0 0.196228 0.114474 0.015291 0.050000
0 0.453109 0.061842 0.013252 0.034211
0 0.074924 0.856579 0.066259 0.139474
0 0.118756 0.914474 0.058104 0.171053
0 0.230377 0.918421 0.069317 0.163158
0 0.195719 0.869737 0.048930 0.113158
0 0.131498 0.496053 0.038736 0.139474
0 0.101427 0.472368 0.033639 0.081579
0 0.200815 0.401316 0.030581 0.097368
0 0.390928 0.813158 0.039755 0.152632
0 0.632518 0.948684 0.043833 0.102632
0 0.048420 0.213158 0.023445 0.073684
0 0.061672 0.159211 0.017329 0.055263
0 0.489297 0.442105 0.028542 0.068421
0 0.322120 0.330263 0.016310 0.081579
0 0.512742 0.475000 0.028542 0.071053
0 0.506116 0.548684 0.035678 0.128947
0 0.772171 0.227632 0.021407 0.086842
0 0.687054 0.226316 0.020387 0.089474
0 0.866972 0.611842 0.025484 0.134211
0 0.940877 0.486842 0.028542 0.094737
0 0.967380 0.515789 0.038736 0.110526
0 0.868502 0.281579 0.024465 0.084211
0 0.821101 0.197368 0.021407 0.068421
0 0.973496 0.267105 0.026504 0.086842
0 0.600917 0.414474 0.027523 0.050000
0 0.378186 0.184211 0.020387 0.063158
0 0.401121 0.201316 0.021407 0.055263
