0 0.187564 0.317029 0.034659 0.068841
0 0.305810 0.352355 0.036697 0.070652
0 0.813456 0.359601 0.034659 0.063406
0 0.265545 0.474638 0.037717 0.076087
0 0.969419 0.381341 0.036697 0.067029
0 0.023955 0.527174 0.041794 0.083333
0 0.738532 0.358696 0.031600 0.068841
0 0.399083 0.173007 0.031600 0.056159
0 0.378695 0.069746 0.035678 0.056159
0 0.089195 0.401268 0.037717 0.063406
0 0.294088 0.150362 0.031600 0.054348
0 0.070846 0.124094 0.043833 0.056159
0 0.214577 0.362319 0.027523 0.054348
0 0.404689 0.364130 0.036697 0.083333
0 0.326198 0.072464 0.038736 0.057971
0 0.022426 0.309783 0.042813 0.061594
0 0.244139 0.117754 0.039755 0.050725
0 0.249235 0.194746 0.027523 0.052536
0 0.249235 0.301630 0.037717 0.059783
0 0.643731 0.282609 0.031600 0.072464
0 0.194190 0.168478 0.043833 0.065217
0 0.906728 0.735507 0.037717 0.065217
0 0.397554 0.230072 0.028542 0.047101
0 0.811927 0.154891 0.033639 0.059783
0 0.704893 0.300725 0.033639 0.076087
0 0.967890 0.637681 0.043833 0.090580
0 0.451580 0.172101 0.032620 0.068841
0 0.438328 0.072464 0.036697 0.057971
0 0.559123 0.048007 0.039755 0.063406
0 0.574414 0.139493 0.035678 0.061594
0 0.625382 0.062500 0.039755 0.059783
0 0.644241 0.122283 0.040775 0.059783
0 0.609582 0.208333 0.036697 0.054348
0 0.682977 0.202899 0.032620 0.057971
0 0.717125 0.165761 0.043833 0.056159
0 0.685015 0.077899 0.038736 0.061594
0 0.741081 0.073370 0.032620 0.059783
0 0.794597 0.057971 0.035678 0.057971
0 0.859837 0.041667 0.037717 0.057971
0 0.911825 0.106884 0.035678 0.072464
0 0.773191 0.216486 0.031600 0.067029
0 0.652905 0.403986 0.033639 0.068841
0 0.722222 0.563406 0.033639 0.068841
0 0.768094 0.587862 0.043833 0.056159
0 0.613150 0.622283 0.031600 0.077899
0 0.711009 0.788043 0.037717 0.061594
0 0.810907 0.767210 0.035678 0.070652
0 0.950561 0.516304 0.035678 0.072464
0 0.979613 0.208333 0.036697 0.061594
0 0.349134 0.152174 0.039755 0.054348
0 0.349134 0.224638 0.035678 0.057971
0 0.349643 0.293478 0.040775 0.061594
0 0.358308 0.395833 0.035678 0.067029
0 0.382263 0.495471 0.034659 0.063406
0 0.390418 0.618659 0.030581 0.070652
0 0.320082 0.458333 0.032620 0.065217
0 0.243629 0.609601 0.034659 0.077899
0 0.291030 0.794384 0.033639 0.067029
0 0.177370 0.726449 0.038736 0.065217
0 0.146789 0.567029 0.038736 0.061594
0 0.148828 0.462862 0.038736 0.063406
0 0.122834 0.202899 0.041794 0.065217
0 0.140163 0.070652 0.039755 0.057971
0 0.206422 0.057065 0.039755 0.063406
0 0.279307 0.067029 0.036697 0.057971
0 0.033639 0.196558 0.040775 0.056159
0 0.298165 0.240036 0.043833 0.056159
