0 0.484200 0.300725 0.042813 0.061594
0 0.687054 0.718297 0.036697 0.063406
0 0.433231 0.624094 0.040775 0.056159
0 0.548930 0.459239 0.037717 0.070652
0 0.662589 0.626812 0.036697 0.068841
0 0.681957 0.426630 0.040775 0.059783
0 0.496942 0.719203 0.033639 0.068841
0 0.406728 0.504529 0.038736 0.063406
0 0.459225 0.471920 0.035678 0.063406
0 0.524975 0.144928 0.036697 0.068841
0 0.596330 0.378623 0.036697 0.065217
0 0.645770 0.359601 0.037717 0.059783
0 0.639144 0.226449 0.040775 0.061594
0 0.214067 0.372283 0.040775 0.063406
0 0.436290 0.376812 0.036697 0.065217
0 0.720693 0.149457 0.040775 0.059783
0 0.786952 0.948370 0.038736 0.074275
0 0.745158 0.581522 0.040775 0.057971
0 0.529562 0.859601 0.037717 0.070652
0 0.888379 0.291667 0.039755 0.057971
0 0.583078 0.724638 0.034659 0.072464
0 0.700306 0.259964 0.040775 0.063406
0 0.588685 0.621377 0.033639 0.065217
0 0.775229 0.671196 0.037717 0.059783
0 0.398573 0.136775 0.040775 0.059783
0 0.457696 0.199275 0.036697 0.065217
0 0.395515 0.777174 0.036697 0.068841
0 0.306830 0.743659 0.034659 0.067029
0 0.768094 0.442935 0.035678 0.063406
0 0.792559 0.280797 0.039755 0.068841
0 0.305810 0.577899 0.042813 0.061594
0 0.846585 0.536232 0.037717 0.061594
0 0.524465 0.625906 0.033639 0.070652
0 0.565749 0.217391 0.038736 0.068841
0 0.328746 0.272645 0.043833 0.059783
0 0.861876 0.402174 0.037717 0.054348
0 0.317533 0.420290 0.043833 0.065217
0 0.482161 0.061594 0.040775 0.068841
0 0.718654 0.821558 0.040775 0.059783
0 0.545872 0.025362 0.035678 0.047101
