0 0.773700 0.413949 0.038736 0.059783
0 0.310398 0.543478 0.041794 0.065217
0 0.324159 0.096014 0.038736 0.061594
0 0.168705 0.356884 0.043833 0.057971
0 0.413354 0.216486 0.041794 0.067029
0 0.672273 0.734601 0.041794 0.056159
0 0.825688 0.413043 0.038736 0.057971
0 0.174822 0.211051 0.041794 0.059783
0 0.799694 0.615942 0.037717 0.065217
0 0.072885 0.215580 0.037717 0.065217
0 0.814985 0.305254 0.043833 0.059783
0 0.889908 0.193841 0.042813 0.057971
0 0.049439 0.384964 0.037717 0.070652
0 0.925586 0.593297 0.036697 0.067029
0 0.109582 0.326087 0.039755 0.065217
0 0.723242 0.777174 0.039755 0.057971
0 0.196228 0.592391 0.037717 0.065217
0 0.292049 0.210145 0.039755 0.061594
0 0.552497 0.252717 0.040775 0.070652
0 0.593272 0.384964 0.042813 0.056159
0 0.182977 0.723732 0.037717 0.067029
0 0.864424 0.498188 0.042813 0.057971
0 0.721713 0.192029 0.038736 0.065217
0 0.336901 0.713768 0.037717 0.065217
0 0.182977 0.074275 0.035678 0.068841
0 0.273191 0.149457 0.038736 0.056159
0 0.896534 0.687500 0.039755 0.063406
0 0.637105 0.070652 0.044852 0.065217
0 0.275229 0.628623 0.038736 0.061594
0 0.101937 0.693841 0.040775 0.054348
0 0.028033 0.585145 0.041794 0.057971
0 0.955148 0.740036 0.044852 0.052536
0 0.430173 0.383152 0.038736 0.067029
0 0.525994 0.849638 0.034659 0.068841
0 0.259939 0.477355 0.034659 0.074275
0 0.603976 0.701087 0.037717 0.068841
0 0.768603 0.520833 0.036697 0.067029
0 0.449541 0.898551 0.034659 0.065217
0 0.859327 0.605072 0.040775 0.061594
0 0.538226 0.972826 0.044852 0.054348
0 0.631498 0.823370 0.037717 0.063406
0 0.780326 0.862319 0.045872 0.065217
0 0.321611 0.375906 0.037717 0.059783
0 0.749745 0.058877 0.041794 0.059783
0 0.856779 0.794384 0.039755 0.059783
0 0.615698 0.490942 0.040775 0.061594
0 0.901631 0.354167 0.039755 0.063406
0 0.225790 0.298007 0.037717 0.067029
0 0.367482 0.220109 0.039755 0.059783
0 0.490316 0.761775 0.040775 0.063406
0 0.266055 0.704710 0.036697 0.065217
0 0.941896 0.111413 0.040775 0.063406
0 0.408767 0.094203 0.040775 0.054348
0 0.670744 0.377717 0.044852 0.056159
0 0.387870 0.773551 0.033639 0.068841
0 0.167686 0.885870 0.041794 0.068841
0 0.624873 0.943841 0.036697 0.076087
0 0.469929 0.275362 0.040775 0.061594
0 0.593782 0.154891 0.039755 0.059783
0 0.020387 0.663949 0.038736 0.067029
0 0.110601 0.549819 0.039755 0.063406
0 0.714577 0.932971 0.036697 0.065217
0 0.379715 0.444746 0.043833 0.056159
0 0.153415 0.488225 0.039755 0.059783
0 0.968400 0.941123 0.044852 0.067029
0 0.015291 0.289855 0.028542 0.061594
0 0.662589 0.568841 0.040775 0.057971
0 0.521916 0.426630 0.042813 0.059783
0 0.518349 0.559783 0.035678 0.065217
0 0.806830 0.978261 0.041794 0.043478
0 0.968909 0.270833 0.041794 0.059783
0 0.465341 0.126812 0.037717 0.065217
0 0.309888 0.896739 0.038736 0.061594
0 0.743119 0.663949 0.040775 0.059783
0 0.238532 0.905797 0.036697 0.057971
0 0.824159 0.089674 0.037717 0.059783
0 0.640673 0.229167 0.039755 0.059783
0 0.012232 0.152174 0.022426 0.057971
0 0.066259 0.955616 0.036697 0.056159
0 0.417431 0.605978 0.039755 0.063406
0 0.889399 0.977355 0.045872 0.045290
0 0.987258 0.825181 0.025484 0.052536
0 0.951580 0.426630 0.039755 0.056159
0 0.523955 0.095109 0.040775 0.059783
0 0.064220 0.813406 0.038736 0.065217
0 0.010194 0.973732 0.018349 0.052536
0 0.373089 0.980978 0.038736 0.038043
0 0.011213 0.766304 0.020387 0.065217
0 0.995923 0.163949 0.008155 0.070652
