0 0.601937 0.784211 0.043833 0.147368
0 0.427625 0.634211 0.041794 0.157895
0 0.672783 0.473684 0.032620 0.105263
0 0.943425 0.831579 0.058104 0.147368
0 0.123344 0.676316 0.040775 0.131579
0 0.689093 0.598684 0.030581 0.102632
0 0.231397 0.498684 0.046891 0.128947
0 0.277778 0.605263 0.041794 0.142105
0 0.701835 0.748684 0.043833 0.186842
0 0.204893 0.751316 0.057085 0.171053
0 0.648828 0.625000 0.041794 0.139474
0 0.753313 0.859211 0.055046 0.202632
0 0.492355 0.664474 0.044852 0.155263
0 0.327727 0.888158 0.058104 0.150000
0 0.060652 0.735526 0.049949 0.144737
0 0.117737 0.468421 0.033639 0.100000
0 0.088685 0.850000 0.071356 0.142105
0 0.529562 0.407895 0.027523 0.084211
0 0.357288 0.489474 0.035678 0.100000
0 0.752803 0.452632 0.025484 0.105263
0 0.617737 0.576316 0.026504 0.105263
0 0.676351 0.369737 0.031600 0.086842
0 0.049439 0.617105 0.037717 0.086842
0 0.590724 0.622368 0.033639 0.107895
0 0.724261 0.471053 0.033639 0.100000
0 0.364934 0.581579 0.038736 0.094737
0 0.253313 0.313158 0.023445 0.073684
0 0.737513 0.592105 0.033639 0.131579
0 0.569827 0.381579 0.026504 0.084211
0 0.788991 0.580263 0.028542 0.102632
0 0.570846 0.297368 0.024465 0.073684
0 0.255861 0.419737 0.030581 0.086842
0 0.397044 0.501316 0.029562 0.113158
0 0.423038 0.963158 0.063201 0.073684
0 0.484709 0.410526 0.027523 0.094737
0 0.590214 0.453947 0.026504 0.071053
0 0.828746 0.667105 0.034659 0.128947
0 0.483690 0.332895 0.029562 0.065789
0 0.132008 0.377632 0.023445 0.081579
0 0.227829 0.298684 0.021407 0.065789
0 0.266055 0.843421 0.055046 0.176316
0 0.503058 0.496053 0.029562 0.107895
0 0.607543 0.331579 0.022426 0.078947
0 0.147299 0.461842 0.029562 0.102632
0 0.689602 0.300000 0.021407 0.068421
0 0.462793 0.530263 0.034659 0.107895
0 0.821611 0.956579 0.069317 0.086842
0 0.078491 0.469737 0.028542 0.097368
0 0.495923 0.790789 0.060143 0.076316
0 0.916922 0.938158 0.056065 0.060526
0 0.419980 0.239474 0.020387 0.068421
0 0.467380 0.228947 0.019368 0.068421
0 0.528033 0.677632 0.030581 0.139474
0 0.799694 0.431579 0.025484 0.089474
0 0.281855 0.276316 0.019368 0.063158
0 0.326198 0.423684 0.024465 0.094737
0 0.778287 0.407895 0.027523 0.078947
0 0.057085 0.343421 0.022426 0.071053
0 0.748216 0.359211 0.022426 0.076316
0 0.195209 0.468421 0.027523 0.089474
0 0.409786 0.388158 0.028542 0.092105
0 0.768603 0.344737 0.020387 0.068421
0 0.449032 0.240789 0.019368 0.065789
0 0.335372 0.336842 0.020387 0.068421
0 0.337920 0.976316 0.070336 0.047368
0 0.522426 0.252632 0.019368 0.063158
0 0.143221 0.221053 0.017329 0.063158
0 0.787462 0.259211 0.023445 0.076316
0 0.248216 0.178947 0.015291 0.052632
0 0.541284 0.234211 0.016310 0.052632
0 0.570336 0.167105 0.017329 0.055263
0 0.158512 0.830263 0.049949 0.165789
0 0.273191 0.211842 0.022426 0.060526
0 0.781346 0.488158 0.035678 0.071053
0 0.310907 0.238158 0.020387 0.065789
0 0.986748 0.843421 0.026504 0.128947
0 0.486239 0.242105 0.018349 0.063158
0 0.097859 0.386842 0.026504 0.068421
0 0.837920 0.382895 0.024465 0.086842
0 0.384302 0.397368 0.020387 0.068421
0 0.046381 0.244737 0.017329 0.052632
0 0.983690 0.438158 0.030581 0.102632
0 0.855759 0.201316 0.015291 0.050000
0 0.112130 0.155263 0.014271 0.047368
0 0.744648 0.235526 0.015291 0.060526
0 0.089195 0.977632 0.056065 0.044737
0 0.398063 0.221053 0.021407 0.068421
0 0.343527 0.731579 0.065240 0.194737
0 0.091743 0.273684 0.018349 0.057895
0 0.776249 0.147368 0.017329 0.052632
0 0.708970 0.313158 0.017329 0.063158
0 0.082059 0.328947 0.021407 0.063158
0 0.506116 0.215789 0.017329 0.052632
0 0.886850 0.128947 0.014271 0.047368
0 0.356779 0.350000 0.018349 0.063158
0 0.815494 0.392105 0.018349 0.078947
0 0.102956 0.106579 0.014271 0.044737
0 0.963812 0.276316 0.021407 0.057895
0 0.716106 0.282895 0.017329 0.060526
0 0.838430 0.552632 0.031600 0.121053
0 0.039246 0.427632 0.031600 0.102632
0 0.567788 0.922368 0.050968 0.139474
0 0.553007 0.175000 0.015291 0.050000
0 0.028033 0.189474 0.015291 0.052632
0 0.279817 0.431579 0.019368 0.068421
0 0.478084 0.126316 0.012232 0.042105
0 0.944954 0.313158 0.022426 0.078947
0 0.728338 0.096053 0.011213 0.039474
0 0.929154 0.248684 0.017329 0.055263
0 0.193170 0.226316 0.017329 0.057895
0 0.576453 0.528947 0.025484 0.084211
0 0.215596 0.177632 0.015291 0.055263
0 0.010703 0.309211 0.019368 0.081579
0 0.170744 0.122368 0.013252 0.050000
0 0.437309 0.340789 0.018349 0.071053
0 0.189602 0.288158 0.022426 0.065789
0 0.871560 0.413158 0.024465 0.078947
0 0.375127 0.772368 0.071356 0.176316
0 0.374618 0.352632 0.023445 0.063158
0 0.819062 0.239474 0.021407 0.068421
0 0.121814 0.088158 0.011213 0.034211
0 0.300714 0.319737 0.022426 0.065789
0 0.915902 0.444737 0.019368 0.068421
0 0.418960 0.132895 0.014271 0.050000
0 0.221203 0.134211 0.014271 0.042105
0 0.374618 0.282895 0.021407 0.060526
0 0.899083 0.314474 0.018349 0.060526
0 0.602956 0.157895 0.015291 0.052632
0 0.115698 0.215789 0.017329 0.057895
0 0.890928 0.219737 0.018349 0.065789
0 0.746177 0.092105 0.010194 0.031579
0 0.814985 0.850000 0.041794 0.105263
0 0.868502 0.100000 0.016310 0.042105
0 0.495413 0.098684 0.014271 0.039474
0 0.686035 0.146053 0.014271 0.044737
0 0.667176 0.106579 0.013252 0.039474
0 0.699286 0.159211 0.016310 0.050000
0 0.503568 0.267105 0.018349 0.050000
0 0.566259 0.107895 0.013252 0.042105
0 0.956167 0.488158 0.028542 0.076316
0 0.202854 0.121053 0.014271 0.047368
0 0.898063 0.423684 0.020387 0.068421
0 0.080530 0.097368 0.012232 0.042105
0 0.846585 0.746053 0.039755 0.076316
0 0.849643 0.102632 0.015291 0.047368
0 0.940877 0.428947 0.022426 0.057895
0 0.234964 0.132895 0.013252 0.039474
0 0.527013 0.135526 0.012232 0.044737
0 0.976045 0.115789 0.013252 0.042105
0 0.154944 0.136842 0.012232 0.031579
0 0.043323 0.097368 0.011213 0.036842
0 0.939348 0.151316 0.013252 0.044737
0 0.491845 0.146053 0.015291 0.055263
0 0.928644 0.101316 0.010194 0.034211
0 0.330275 0.105263 0.016310 0.042105
0 0.797655 0.197368 0.015291 0.052632
0 0.641692 0.197368 0.015291 0.052632
0 0.635066 0.086842 0.014271 0.036842
0 0.304281 0.075000 0.011213 0.034211
0 0.907238 0.657895 0.038736 0.084211
0 0.637105 0.127632 0.014271 0.050000
0 0.582569 0.109211 0.013252 0.044737
0 0.836391 0.442105 0.023445 0.073684
0 0.541794 0.094737 0.011213 0.042105
0 0.292049 0.182895 0.017329 0.055263
0 0.236493 0.703947 0.028542 0.107895
0 0.408767 0.102632 0.012232 0.036842
0 0.407238 0.150000 0.013252 0.042105
0 0.939348 0.519737 0.015291 0.060526
0 0.129460 0.293421 0.016310 0.060526
0 0.176351 0.244737 0.020387 0.052632
0 0.994393 0.893421 0.011213 0.139474
0 0.666667 0.142105 0.012232 0.042105
0 0.435780 0.161842 0.015291 0.044737
0 0.989806 0.863158 0.020387 0.168421
0 0.090724 0.111842 0.012232 0.039474
0 0.317023 0.144737 0.014271 0.042105
0 0.944954 0.039474 0.016310 0.036842
0 0.754332 0.102632 0.010194 0.031579
0 0.993884 0.876316 0.012232 0.173684
0 0.996432 0.653947 0.007136 0.118421
0 0.158512 0.214474 0.015291 0.050000
0 0.009174 0.403947 0.016310 0.065789
0 0.088685 0.155263 0.016310 0.047368
0 0.393986 0.060526 0.011213 0.031579
0 0.902141 0.077632 0.012232 0.034211
0 0.906218 0.227632 0.014271 0.060526
0 0.015800 0.222368 0.015291 0.055263
0 0.370031 0.148684 0.014271 0.050000
0 0.605505 0.957895 0.046891 0.084211
0 0.009174 0.747368 0.016310 0.157895
0 0.526504 0.569737 0.025484 0.071053
0 0.886340 0.506579 0.029562 0.086842
0 0.648828 0.265789 0.019368 0.057895
0 0.650357 0.284211 0.018349 0.057895
0 0.532110 0.176316 0.016310 0.047368
0 0.816514 0.069737 0.010194 0.028947
0 0.748726 0.167105 0.017329 0.044737
0 0.551988 0.140789 0.013252 0.039474
0 0.633028 0.184211 0.016310 0.052632
0 0.335882 0.143421 0.015291 0.044737
0 0.156473 0.176316 0.017329 0.047368
0 0.109582 0.268421 0.017329 0.063158
0 0.755352 0.061842 0.012232 0.028947
0 0.577982 0.071053 0.010194 0.031579
0 0.716106 0.105263 0.011213 0.036842
0 0.063710 0.103947 0.013252 0.039474
0 0.301223 0.143421 0.017329 0.055263
0 0.865953 0.525000 0.023445 0.097368
0 0.265036 0.163158 0.016310 0.047368
0 0.188583 0.156579 0.016310 0.050000
0 0.355250 0.157895 0.017329 0.047368
0 0.643221 0.055263 0.010194 0.031579
0 0.854230 0.151316 0.014271 0.039474
0 0.247197 0.068421 0.011213 0.031579
0 0.919470 0.736842 0.034659 0.078947
0 0.798165 0.096053 0.010194 0.034211
0 0.701835 0.067105 0.011213 0.034211
0 0.972477 0.603947 0.038736 0.165789
0 0.557594 0.627632 0.030581 0.107895
0 0.709990 0.128947 0.013252 0.036842
0 0.660550 0.905263 0.059123 0.121053
0 0.515291 0.939474 0.051988 0.121053
0 0.031600 0.607895 0.034659 0.115789
0 0.069317 0.252632 0.024465 0.063158
0 0.833333 0.293421 0.023445 0.065789
0 0.867992 0.321053 0.023445 0.057895
0 0.246177 0.907895 0.045872 0.131579
0 0.482161 0.913158 0.055046 0.136842
0 0.648318 0.784211 0.036697 0.126316
0 0.621305 0.660526 0.025484 0.084211
0 0.786442 0.677632 0.029562 0.097368
0 0.429664 0.443421 0.029562 0.102632
0 0.889908 0.885526 0.042813 0.118421
0 0.705912 0.407895 0.029562 0.084211
0 0.582569 0.252632 0.017329 0.057895
0 0.333843 0.276316 0.023445 0.063158
0 0.190622 0.352632 0.026504 0.057895
0 0.168705 0.319737 0.017329 0.065789
0 0.146279 0.311842 0.019368 0.060526
0 0.155963 0.372368 0.018349 0.060526
0 0.065749 0.397368 0.027523 0.078947
0 0.074414 0.588158 0.028542 0.118421
0 0.304791 0.477632 0.022426 0.060526
0 0.276249 0.497368 0.030581 0.057895
0 0.330785 0.561842 0.029562 0.086842
0 0.167686 0.532895 0.037717 0.081579
0 0.174822 0.640789 0.056065 0.107895
0 0.522936 0.328947 0.022426 0.073684
0 0.452090 0.323684 0.031600 0.084211
0 0.574924 0.748684 0.032620 0.150000
0 0.628440 0.444737 0.033639 0.100000
0 0.626911 0.260526 0.022426 0.073684
0 0.674312 0.238158 0.021407 0.034211
0 0.668705 0.277632 0.014271 0.065789
0 0.758410 0.286842 0.022426 0.063158
0 0.458716 0.673684 0.022426 0.110526
0 0.372069 0.639474 0.038736 0.100000
0 0.070336 0.156579 0.020387 0.060526
0 0.046381 0.152632 0.015291 0.052632
0 0.301733 0.373684 0.024465 0.052632
0 0.763507 0.593421 0.018349 0.113158
0 0.818043 0.550000 0.017329 0.105263
0 0.718145 0.223684 0.017329 0.063158
0 0.560143 0.473684 0.025484 0.073684
0 0.599898 0.177632 0.011213 0.034211
