0 0.495923 0.686842 0.043833 0.152632
0 0.689602 0.896053 0.056065 0.176316
0 0.886340 0.798684 0.045872 0.155263
0 0.753823 0.663158 0.037717 0.131579
0 0.504587 0.872368 0.050968 0.181579
0 0.123853 0.617105 0.047910 0.160526
0 0.761978 0.896053 0.051988 0.150000
0 0.285933 0.346053 0.029562 0.092105
0 0.240061 0.836842 0.076453 0.200000
0 0.497452 0.480263 0.034659 0.102632
0 0.812436 0.607895 0.032620 0.126316
0 0.969929 0.882895 0.051988 0.155263
0 0.215596 0.542105 0.043833 0.142105
0 0.529562 0.331579 0.027523 0.084211
0 0.458716 0.443421 0.030581 0.102632
0 0.618756 0.711842 0.044852 0.165789
0 0.615698 0.471053 0.032620 0.115789
0 0.034149 0.842105 0.062181 0.210526
0 0.422018 0.522368 0.028542 0.086842
0 0.572885 0.680263 0.040775 0.150000
0 0.770133 0.426316 0.027523 0.094737
0 0.725280 0.405263 0.031600 0.094737
0 0.090724 0.421053 0.030581 0.100000
0 0.217635 0.380263 0.023445 0.081579
0 0.841998 0.360526 0.026504 0.084211
0 0.452599 0.650000 0.036697 0.147368
0 0.579511 0.492105 0.033639 0.110526
0 0.269113 0.715789 0.046891 0.163158
0 0.493884 0.393421 0.029562 0.086842
0 0.864424 0.450000 0.028542 0.100000
0 0.839450 0.551316 0.025484 0.113158
0 0.052497 0.426316 0.027523 0.100000
0 0.893476 0.326316 0.023445 0.073684
0 0.194699 0.671053 0.030581 0.136842
0 0.564730 0.893421 0.048930 0.176316
0 0.947503 0.694737 0.039755 0.131579
0 0.159021 0.751316 0.057085 0.171053
0 0.538226 0.655263 0.030581 0.131579
0 0.327727 0.347368 0.027523 0.078947
0 0.383792 0.390789 0.027523 0.092105
0 0.087156 0.322368 0.029562 0.086842
0 0.658512 0.444737 0.024465 0.089474
0 0.501529 0.251316 0.020387 0.071053
0 0.661570 0.339474 0.028542 0.089474
0 0.923038 0.511842 0.031600 0.081579
0 0.398573 0.317105 0.028542 0.071053
0 0.415392 0.259211 0.019368 0.065789
0 0.773700 0.797368 0.044852 0.115789
0 0.283894 0.511842 0.029562 0.092105
0 0.138634 0.431579 0.038736 0.100000
0 0.940367 0.336842 0.021407 0.063158
0 0.865953 0.681579 0.033639 0.105263
0 0.171254 0.276316 0.022426 0.073684
0 0.703364 0.288158 0.022426 0.076316
0 0.889399 0.407895 0.021407 0.084211
0 0.013252 0.285526 0.024465 0.086842
0 0.299694 0.276316 0.022426 0.068421
0 0.380734 0.264474 0.021407 0.065789
0 0.587156 0.292105 0.022426 0.063158
0 0.852192 0.803947 0.026504 0.123684
0 0.548420 0.211842 0.020387 0.065789
0 0.449032 0.275000 0.019368 0.065789
0 0.868502 0.348684 0.022426 0.071053
0 0.469419 0.959211 0.056065 0.081579
0 0.970438 0.502632 0.034659 0.100000
0 0.104995 0.878947 0.069317 0.178947
0 0.636595 0.319737 0.021407 0.076316
0 0.989806 0.727632 0.020387 0.139474
0 0.330785 0.244737 0.019368 0.057895
0 0.829256 0.257895 0.019368 0.063158
0 0.237003 0.228947 0.021407 0.063158
0 0.983690 0.400000 0.030581 0.084211
0 0.214067 0.209211 0.018349 0.060526
0 0.335372 0.540789 0.038736 0.118421
0 0.767584 0.352632 0.028542 0.068421
0 0.274720 0.186842 0.019368 0.063158
0 0.882263 0.273684 0.021407 0.052632
0 0.149847 0.240789 0.018349 0.055263
0 0.846585 0.193421 0.019368 0.065789
0 0.128440 0.240789 0.020387 0.071053
0 0.171254 0.180263 0.018349 0.065789
0 0.602446 0.353947 0.026504 0.081579
0 0.804791 0.206579 0.017329 0.050000
0 0.081549 0.098684 0.014271 0.039474
0 0.956677 0.781579 0.035678 0.089474
0 0.820082 0.957895 0.045872 0.084211
0 0.766565 0.256579 0.020387 0.065789
0 0.863914 0.228947 0.017329 0.052632
0 0.183996 0.106579 0.013252 0.034211
0 0.148318 0.128947 0.017329 0.047368
0 0.113150 0.202632 0.018349 0.063158
0 0.791030 0.110526 0.014271 0.042105
0 0.109582 0.132895 0.019368 0.055263
0 0.491845 0.114474 0.019368 0.055263
0 0.089195 0.197368 0.017329 0.057895
0 0.983180 0.267105 0.021407 0.060526
0 0.902141 0.196053 0.014271 0.055263
0 0.552497 0.089474 0.012232 0.042105
0 0.247197 0.125000 0.015291 0.044737
0 0.533129 0.107895 0.018349 0.057895
0 0.580530 0.167105 0.017329 0.055263
0 0.503568 0.060526 0.012232 0.042105
0 0.354230 0.177632 0.017329 0.060526
0 0.578491 0.230263 0.017329 0.055263
0 0.646789 0.246053 0.017329 0.060526
0 0.626402 0.127632 0.015291 0.050000
0 0.942406 0.226316 0.017329 0.052632
0 0.211009 0.284211 0.022426 0.068421
0 0.216106 0.134211 0.014271 0.047368
0 0.475025 0.186842 0.018349 0.063158
0 0.271662 0.132895 0.015291 0.044737
0 0.683996 0.298684 0.016310 0.055263
0 0.688583 0.438158 0.033639 0.086842
0 0.245158 0.176316 0.017329 0.052632
0 0.720183 0.115789 0.013252 0.042105
0 0.343017 0.286842 0.021407 0.063158
0 0.793068 0.035526 0.010194 0.028947
0 0.661570 0.269737 0.020387 0.050000
0 0.005607 0.526316 0.009174 0.131579
0 0.691131 0.236842 0.018349 0.052632
0 0.995923 0.473684 0.008155 0.073684
0 0.364934 0.111842 0.012232 0.039474
0 0.890928 0.107895 0.016310 0.052632
0 0.239551 0.081579 0.012232 0.036842
0 0.117737 0.086842 0.013252 0.036842
0 0.256881 0.075000 0.010194 0.034211
0 0.558614 0.125000 0.016310 0.050000
0 0.510703 0.118421 0.016310 0.052632
0 0.204383 0.117105 0.013252 0.039474
0 0.871560 0.106579 0.014271 0.039474
0 0.229867 0.121053 0.015291 0.042105
0 0.371560 0.160526 0.015291 0.052632
0 0.722222 0.192105 0.015291 0.052632
0 0.953619 0.123684 0.013252 0.042105
0 0.853211 0.031579 0.010194 0.031579
0 0.867482 0.068421 0.012232 0.031579
0 0.568298 0.073684 0.011213 0.036842
0 0.935270 0.411842 0.021407 0.076316
0 0.619776 0.993421 0.075433 0.013158
0 0.361876 0.284211 0.016310 0.068421
0 0.015800 0.144737 0.015291 0.047368
0 0.740061 0.113158 0.014271 0.042105
0 0.847095 0.075000 0.012232 0.039474
0 0.739551 0.055263 0.015291 0.036842
0 0.771152 0.181579 0.017329 0.052632
0 0.859837 0.130263 0.013252 0.044737
0 0.428644 0.257895 0.015291 0.068421
0 0.607034 0.142105 0.017329 0.052632
0 0.011213 0.196053 0.018349 0.055263
0 0.370540 0.461842 0.025484 0.081579
0 0.400102 0.139474 0.017329 0.052632
0 0.307849 0.930263 0.042813 0.139474
0 0.027523 0.676316 0.048930 0.126316
0 0.057594 0.738158 0.039755 0.123684
0 0.061672 0.242105 0.027523 0.073684
0 0.033129 0.203947 0.023445 0.086842
0 0.252803 0.542105 0.034659 0.105263
0 0.404179 0.934211 0.072375 0.131579
0 0.646789 0.956579 0.045872 0.086842
0 0.644750 0.688158 0.041794 0.171053
0 0.685015 0.713158 0.036697 0.131579
0 0.818043 0.465789 0.025484 0.068421
0 0.836391 0.447368 0.027523 0.100000
0 0.344546 0.411842 0.026504 0.092105
0 0.176860 0.426316 0.031600 0.105263
0 0.136086 0.346053 0.033639 0.081579
0 0.240571 0.300000 0.028542 0.089474
0 0.498981 0.188158 0.021407 0.039474
0 0.462793 0.134211 0.020387 0.052632
0 0.444954 0.182895 0.021407 0.076316
0 0.932722 0.596053 0.034659 0.118421
0 0.816514 0.869737 0.050968 0.097368
0 0.132008 0.972368 0.064220 0.055263
0 0.405199 0.222368 0.021407 0.050000
0 0.527013 0.481579 0.028542 0.089474
0 0.627931 0.251316 0.028542 0.055263
0 0.675841 0.189474 0.020387 0.063158
0 0.701835 0.101316 0.017329 0.055263
0 0.308869 0.203947 0.018349 0.055263
