0 0.824669 0.922368 0.057085 0.155263
0 0.141692 0.646053 0.048930 0.134211
0 0.032110 0.765789 0.051988 0.147368
0 0.734964 0.646053 0.032620 0.128947
0 0.530581 0.721053 0.045872 0.157895
0 0.219164 0.421053 0.040775 0.126316
0 0.278287 0.789474 0.063201 0.178947
0 0.899592 0.640789 0.041794 0.139474
0 0.965851 0.785526 0.045872 0.134211
0 0.335882 0.807895 0.049949 0.178947
0 0.243629 0.636842 0.038736 0.147368
0 0.273191 0.464474 0.030581 0.107895
0 0.548930 0.935526 0.062181 0.128947
0 0.115189 0.734211 0.050968 0.142105
0 0.713048 0.523684 0.029562 0.115789
0 0.526504 0.477632 0.031600 0.107895
0 0.820591 0.564474 0.028542 0.113158
0 0.614679 0.915789 0.057085 0.147368
0 0.388889 0.775000 0.047910 0.144737
0 0.466871 0.703947 0.044852 0.139474
0 0.179409 0.531579 0.042813 0.084211
0 0.914883 0.439474 0.033639 0.089474
0 0.773191 0.513158 0.033639 0.100000
0 0.208461 0.732895 0.037717 0.134211
0 0.462283 0.863158 0.045872 0.194737
0 0.857288 0.622368 0.028542 0.102632
0 0.846075 0.472368 0.028542 0.097368
0 0.618247 0.322368 0.023445 0.076316
0 0.650357 0.432895 0.030581 0.092105
0 0.277778 0.357895 0.023445 0.078947
0 0.582059 0.728947 0.042813 0.121053
0 0.303772 0.259211 0.020387 0.060526
0 0.417941 0.586842 0.038736 0.121053
0 0.928644 0.296053 0.022426 0.081579
0 0.676860 0.306579 0.026504 0.086842
0 0.612130 0.460526 0.027523 0.100000
0 0.500510 0.526316 0.024465 0.084211
0 0.896024 0.532895 0.030581 0.071053
0 0.188583 0.619737 0.046891 0.123684
0 0.742610 0.222368 0.021407 0.055263
0 0.471458 0.622368 0.041794 0.086842
0 0.077472 0.618421 0.042813 0.142105
0 0.978084 0.567105 0.041794 0.165789
0 0.312946 0.489474 0.026504 0.089474
0 0.681448 0.515789 0.033639 0.121053
0 0.568298 0.363158 0.027523 0.078947
0 0.393986 0.352632 0.025484 0.073684
0 0.638124 0.360526 0.024465 0.078947
0 0.725280 0.385526 0.023445 0.092105
0 0.356779 0.585526 0.038736 0.081579
0 0.430173 0.282895 0.022426 0.081579
0 0.524465 0.250000 0.019368 0.063158
0 0.416922 0.377632 0.024465 0.071053
0 0.144750 0.257895 0.020387 0.063158
0 0.022936 0.396053 0.023445 0.081579
0 0.359327 0.338158 0.025484 0.081579
0 0.145260 0.863158 0.058104 0.142105
0 0.395005 0.923684 0.072375 0.152632
0 0.962283 0.247368 0.022426 0.068421
0 0.748216 0.392105 0.026504 0.084211
0 0.885321 0.252632 0.017329 0.063158
0 0.118247 0.511842 0.044852 0.123684
0 0.461774 0.289474 0.020387 0.073684
0 0.871050 0.206579 0.015291 0.055263
0 0.811927 0.422368 0.025484 0.092105
0 0.563201 0.263158 0.021407 0.068421
0 0.504587 0.255263 0.018349 0.068421
0 0.939348 0.519737 0.021407 0.086842
0 0.346075 0.414474 0.025484 0.081579
0 0.621814 0.747368 0.036697 0.110526
0 0.304791 0.327632 0.018349 0.060526
0 0.850663 0.281579 0.021407 0.063158
0 0.775229 0.347368 0.027523 0.089474
0 0.967890 0.436842 0.031600 0.094737
0 0.876656 0.338158 0.020387 0.071053
0 0.759429 0.911842 0.046891 0.150000
0 0.653925 0.184211 0.017329 0.047368
0 0.559123 0.515789 0.033639 0.078947
0 0.344037 0.259211 0.019368 0.065789
0 0.033639 0.248684 0.018349 0.055263
0 0.674822 0.778947 0.048930 0.157895
0 0.965341 0.113158 0.012232 0.047368
0 0.449541 0.238158 0.020387 0.065789
0 0.713558 0.251316 0.018349 0.065789
0 0.914883 0.234211 0.017329 0.052632
0 0.538226 0.277632 0.020387 0.055263
0 0.646279 0.271053 0.016310 0.057895
0 0.943425 0.392105 0.019368 0.073684
0 0.911825 0.847368 0.027523 0.105263
0 0.146279 0.168421 0.019368 0.057895
0 0.256371 0.205263 0.019368 0.052632
0 0.327727 0.190789 0.015291 0.055263
0 0.015800 0.634211 0.029562 0.147368
0 0.964832 0.189474 0.015291 0.047368
0 0.873598 0.475000 0.026504 0.086842
0 0.649337 0.548684 0.032620 0.092105
0 0.428135 0.171053 0.018349 0.057895
0 0.455148 0.476316 0.025484 0.089474
0 0.840979 0.193421 0.016310 0.050000
0 0.600408 0.252632 0.018349 0.063158
0 0.046891 0.315789 0.020387 0.073684
0 0.594292 0.539474 0.022426 0.084211
0 0.467380 0.188158 0.019368 0.055263
0 0.875127 0.813158 0.049949 0.100000
0 0.362895 0.505263 0.038736 0.110526
0 0.479613 0.272368 0.017329 0.076316
0 0.196228 0.146053 0.015291 0.050000
0 0.692661 0.252632 0.021407 0.057895
0 0.521916 0.181579 0.018349 0.057895
0 0.630479 0.264474 0.019368 0.060526
0 0.103466 0.246053 0.019368 0.065789
0 0.690112 0.111842 0.014271 0.039474
0 0.822630 0.182895 0.016310 0.050000
0 0.005097 0.353947 0.008155 0.071053
0 0.073904 0.322368 0.021407 0.065789
0 0.918451 0.136842 0.014271 0.047368
0 0.009174 0.214474 0.016310 0.055263
0 0.005097 0.139474 0.008155 0.047368
0 0.617737 0.094737 0.012232 0.036842
0 0.605505 0.088158 0.012232 0.039474
0 0.140673 0.110526 0.016310 0.047368
0 0.305301 0.160526 0.015291 0.047368
0 0.867992 0.275000 0.015291 0.055263
0 0.954128 0.918421 0.038736 0.110526
0 0.773700 0.115789 0.014271 0.047368
0 0.040265 0.109211 0.013252 0.034211
0 0.267074 0.173684 0.014271 0.042105
0 0.618756 0.585526 0.034659 0.107895
0 0.285933 0.159211 0.017329 0.050000
0 0.534659 0.094737 0.013252 0.042105
0 0.726300 0.190789 0.015291 0.050000
0 0.759429 0.127632 0.014271 0.044737
0 0.483180 0.115789 0.016310 0.047368
0 0.288991 0.244737 0.015291 0.057895
0 0.781346 0.982895 0.054027 0.034211
0 0.398063 0.282895 0.025484 0.060526
0 0.738532 0.294737 0.019368 0.063158
0 0.894495 0.119737 0.011213 0.039474
0 0.993884 0.353947 0.012232 0.076316
0 0.765545 0.219737 0.018349 0.050000
0 0.519878 0.113158 0.016310 0.047368
0 0.584608 0.497368 0.019368 0.073684
0 0.006626 0.464474 0.011213 0.071053
0 0.875127 0.400000 0.019368 0.063158
0 0.634557 0.143421 0.015291 0.050000
0 0.165647 0.130263 0.017329 0.050000
0 0.118247 0.288158 0.020387 0.060526
0 0.545362 0.438158 0.024465 0.092105
0 0.547401 0.118421 0.016310 0.047368
0 0.564220 0.093421 0.011213 0.039474
0 0.696228 0.186842 0.016310 0.052632
0 0.528542 0.061842 0.015291 0.034211
0 0.571865 0.176316 0.016310 0.057895
0 0.458206 0.100000 0.015291 0.042105
0 0.056575 0.157895 0.013252 0.042105
0 0.983180 0.090789 0.013252 0.039474
0 0.441896 0.102632 0.015291 0.042105
0 0.696228 0.907895 0.048930 0.105263
0 0.426606 0.502632 0.029562 0.073684
0 0.644750 0.500000 0.033639 0.057895
0 0.309378 0.410526 0.023445 0.068421
0 0.448012 0.386842 0.025484 0.078947
0 0.507645 0.190789 0.018349 0.055263
0 0.229358 0.055263 0.010194 0.026316
0 0.498981 0.418421 0.021407 0.063158
0 0.747197 0.071053 0.010194 0.031579
0 0.732926 0.128947 0.014271 0.042105
0 0.704893 0.134211 0.015291 0.047368
0 0.994903 0.184211 0.010194 0.047368
0 0.852701 0.405263 0.027523 0.063158
0 0.581549 0.259211 0.017329 0.065789
0 0.545872 0.176316 0.017329 0.052632
0 0.889908 0.198684 0.014271 0.044737
0 0.852701 0.231579 0.021407 0.042105
0 0.769623 0.739474 0.053007 0.115789
0 0.652396 0.123684 0.012232 0.042105
0 0.025994 0.311842 0.021407 0.071053
0 0.940367 0.105263 0.011213 0.031579
0 0.369521 0.182895 0.019368 0.050000
0 0.804281 0.185526 0.020387 0.060526
0 0.334353 0.121053 0.014271 0.047368
0 0.977064 0.322368 0.017329 0.060526
0 0.810398 0.118421 0.012232 0.036842
0 0.880734 0.169737 0.012232 0.039474
0 0.824159 0.109211 0.013252 0.039474
0 0.423038 0.755263 0.034659 0.121053
0 0.492864 0.764474 0.023445 0.086842
0 0.510194 0.876316 0.041794 0.115789
0 0.512742 0.946053 0.026504 0.107895
0 0.236493 0.930263 0.053007 0.139474
0 0.086646 0.456579 0.036697 0.134211
0 0.070336 0.411842 0.024465 0.097368
0 0.098369 0.363158 0.031600 0.068421
0 0.141692 0.342105 0.026504 0.073684
0 0.228338 0.194737 0.030581 0.121053
0 0.162080 0.259211 0.014271 0.055263
0 0.388889 0.468421 0.031600 0.084211
0 0.385321 0.532895 0.018349 0.071053
0 0.829256 0.682895 0.035678 0.102632
0 0.984709 0.938158 0.030581 0.123684
0 0.473496 0.473684 0.019368 0.084211
0 0.452599 0.560526 0.028542 0.105263
0 0.382263 0.246053 0.020387 0.071053
0 0.512742 0.332895 0.026504 0.065789
0 0.538736 0.332895 0.029562 0.065789
0 0.671764 0.230263 0.020387 0.060526
0 0.778797 0.275000 0.014271 0.050000
0 0.809378 0.331579 0.022426 0.057895
0 0.796126 0.261842 0.014271 0.055263
0 0.785933 0.206579 0.018349 0.055263
0 0.255861 0.532895 0.034659 0.107895
0 0.116718 0.096053 0.017329 0.060526
0 0.078491 0.255263 0.022426 0.052632
0 0.163609 0.952632 0.072375 0.094737
0 0.092762 0.900000 0.036697 0.136842
