0 0.350153 0.143116 0.037717 0.061594
0 0.523955 0.232790 0.036697 0.067029
0 0.771152 0.189312 0.041794 0.063406
0 0.238532 0.457428 0.040775 0.059783
0 0.635576 0.365036 0.043833 0.059783
0 0.302243 0.127717 0.039755 0.056159
0 0.913354 0.659420 0.040775 0.065217
0 0.197248 0.380435 0.041794 0.057971
0 0.418960 0.256341 0.038736 0.063406
0 0.322120 0.326087 0.038736 0.061594
0 0.255352 0.363225 0.041794 0.059783
0 0.109582 0.321558 0.045872 0.059783
0 0.546381 0.362319 0.036697 0.065217
0 0.504587 0.790761 0.038736 0.067029
0 0.423038 0.809783 0.034659 0.068841
0 0.727319 0.186594 0.041794 0.061594
0 0.587666 0.277174 0.035678 0.065217
0 0.525994 0.454710 0.034659 0.072464
0 0.459225 0.695652 0.037717 0.068841
0 0.377676 0.338768 0.043833 0.054348
0 0.208461 0.230072 0.039755 0.065217
0 0.477064 0.259058 0.036697 0.068841
0 0.971967 0.791667 0.041794 0.065217
0 0.582059 0.473732 0.036697 0.070652
0 0.922018 0.872283 0.037717 0.067029
0 0.303262 0.434783 0.041794 0.057971
0 0.566769 0.860507 0.038736 0.065217
0 0.817023 0.238225 0.043833 0.056159
0 0.152905 0.436594 0.040775 0.061594
0 0.949032 0.365942 0.038736 0.065217
0 0.055556 0.271739 0.041794 0.054348
0 0.738022 0.637681 0.038736 0.061594
0 0.334862 0.849638 0.035678 0.065217
0 0.422528 0.415761 0.035678 0.070652
0 0.472477 0.384058 0.035678 0.068841
0 0.450561 0.162138 0.036697 0.063406
0 0.596330 0.623188 0.036697 0.065217
0 0.136086 0.125000 0.037717 0.061594
0 0.094292 0.080616 0.039755 0.059783
0 0.574924 0.962862 0.038736 0.063406
0 0.096330 0.201993 0.041794 0.056159
0 0.300714 0.575181 0.042813 0.063406
0 0.489806 0.894928 0.037717 0.068841
0 0.524465 0.686594 0.033639 0.072464
0 0.547910 0.580616 0.037717 0.059783
0 0.689602 0.339674 0.041794 0.063406
0 0.164118 0.278986 0.042813 0.054348
0 0.027013 0.815217 0.041794 0.061594
0 0.801733 0.886775 0.037717 0.070652
0 0.439348 0.962862 0.034659 0.067029
0 0.674822 0.558877 0.036697 0.063406
0 0.240061 0.115036 0.039755 0.067029
0 0.296126 0.759964 0.033639 0.067029
0 0.318043 0.248188 0.040775 0.054348
0 0.373089 0.273551 0.036697 0.057971
0 0.345056 0.493659 0.041794 0.063406
0 0.892966 0.492754 0.040775 0.057971
0 0.585627 0.755435 0.033639 0.068841
0 0.155963 0.560688 0.042813 0.063406
0 0.395515 0.539855 0.038736 0.061594
0 0.650866 0.154891 0.041794 0.059783
0 0.215596 0.638587 0.039755 0.056159
0 0.390928 0.110507 0.039755 0.057971
0 0.753313 0.783514 0.042813 0.067029
0 0.648828 0.831522 0.041794 0.061594
0 0.164118 0.735507 0.036697 0.065217
0 0.652396 0.692935 0.036697 0.067029
0 0.405708 0.645833 0.034659 0.067029
0 0.212538 0.970109 0.037717 0.059783
0 0.329256 0.695652 0.040775 0.065217
0 0.084608 0.507246 0.038736 0.061594
0 0.866463 0.859601 0.040775 0.063406
0 0.702345 0.421196 0.038736 0.063406
0 0.691641 0.976449 0.043833 0.047101
0 0.242610 0.786232 0.036697 0.057971
0 0.136086 0.971014 0.035678 0.057971
0 0.846585 0.690217 0.039755 0.057971
0 0.685525 0.091486 0.039755 0.052536
0 0.577982 0.159420 0.036697 0.061594
0 0.530581 0.134964 0.033639 0.056159
0 0.471458 0.528986 0.033639 0.068841
0 0.949541 0.976449 0.041794 0.047101
0 0.041284 0.384964 0.041794 0.063406
0 0.509174 0.051630 0.037717 0.067029
0 0.069827 0.710145 0.043833 0.054348
0 0.614169 0.180254 0.035678 0.059783
0 0.817023 0.452899 0.037717 0.068841
0 0.306830 0.935688 0.034659 0.067029
0 0.975025 0.093297 0.041794 0.059783
0 0.993884 0.499094 0.012232 0.056159
