0 0.055556 0.283514 0.043833 0.052536
0 0.100408 0.767210 0.043833 0.056159
0 0.101937 0.275362 0.038736 0.050725
0 0.135576 0.474638 0.046891 0.057971
0 0.164118 0.271739 0.038736 0.054348
0 0.095311 0.396739 0.045872 0.054348
0 0.069317 0.894928 0.042813 0.061594
0 0.065240 0.111413 0.042813 0.059783
0 0.025484 0.733696 0.042813 0.054348
0 0.137615 0.663043 0.048930 0.061594
0 0.085117 0.542572 0.049949 0.052536
0 0.016820 0.559783 0.031600 0.054348
0 0.030071 0.174819 0.035678 0.052536
0 0.009684 0.365036 0.017329 0.045290
0 0.008665 0.792572 0.015291 0.052536
0 0.088685 0.009964 0.026504 0.016304
0 0.003568 0.471920 0.005097 0.034420
0 0.004077 0.319746 0.006116 0.034420
