0 0.411315 0.210145 0.039755 0.068841
0 0.310907 0.546196 0.040775 0.063406
0 0.325178 0.096920 0.036697 0.063406
0 0.896024 0.609601 0.038736 0.067029
0 0.170744 0.367754 0.041794 0.065217
0 0.386850 0.473732 0.037717 0.074275
0 0.281346 0.618659 0.042813 0.059783
0 0.674312 0.729167 0.037717 0.063406
0 0.460245 0.145833 0.037717 0.063406
0 0.847604 0.611413 0.037717 0.067029
0 0.291539 0.238225 0.042813 0.059783
0 0.114169 0.342391 0.038736 0.065217
0 0.559633 0.251812 0.042813 0.072464
0 0.797655 0.615942 0.037717 0.065217
0 0.525994 0.850543 0.036697 0.067029
0 0.100408 0.550725 0.041794 0.057971
0 0.274720 0.109601 0.035678 0.059783
0 0.337920 0.714674 0.037717 0.067029
0 0.173293 0.071558 0.040775 0.059783
0 0.684506 0.359601 0.041794 0.056159
0 0.768094 0.524457 0.035678 0.067029
0 0.664628 0.567935 0.038736 0.067029
0 0.073394 0.197464 0.038736 0.061594
0 0.620285 0.491848 0.039755 0.067029
0 0.603466 0.832428 0.040775 0.063406
0 0.354230 0.222826 0.039755 0.061594
0 0.176860 0.204710 0.039755 0.057971
0 0.786952 0.849638 0.038736 0.068841
0 0.576962 0.143116 0.038736 0.065217
0 0.890928 0.189312 0.042813 0.059783
0 0.811927 0.265399 0.041794 0.059783
0 0.325178 0.373188 0.036697 0.057971
0 0.039246 0.363225 0.039755 0.070652
0 0.172783 0.908514 0.039755 0.067029
0 0.257390 0.465580 0.043833 0.054348
0 0.613660 0.946558 0.038736 0.070652
0 0.441386 0.403986 0.042813 0.065217
0 0.040265 0.553442 0.043833 0.056159
0 0.830785 0.404891 0.040775 0.056159
0 0.956677 0.284420 0.039755 0.061594
0 0.761468 0.070652 0.036697 0.061594
0 0.229867 0.303442 0.039755 0.063406
0 0.903160 0.341486 0.040775 0.063406
0 0.867482 0.492754 0.042813 0.057971
0 0.941386 0.567029 0.043833 0.057971
0 0.446993 0.898551 0.037717 0.061594
0 0.148318 0.486413 0.039755 0.056159
0 0.532620 0.967391 0.037717 0.065217
0 0.933231 0.912138 0.041794 0.067029
0 0.071356 0.802536 0.038736 0.065217
0 0.529562 0.742754 0.037717 0.068841
0 0.420489 0.584239 0.037717 0.070652
0 0.944444 0.427536 0.043833 0.057971
0 0.732416 0.771739 0.039755 0.057971
0 0.102446 0.688406 0.041794 0.057971
0 0.194699 0.602355 0.038736 0.063406
0 0.410805 0.093297 0.040775 0.052536
0 0.743119 0.199275 0.040775 0.065217
0 0.276249 0.710145 0.038736 0.057971
0 0.768603 0.428442 0.040775 0.063406
0 0.637615 0.246377 0.039755 0.057971
0 0.237003 0.909420 0.035678 0.065217
0 0.938328 0.109601 0.039755 0.063406
0 0.180938 0.732790 0.041794 0.063406
0 0.473496 0.273551 0.039755 0.061594
0 0.740571 0.663949 0.035678 0.067029
0 0.856779 0.822464 0.045872 0.054348
0 0.401121 0.807065 0.033639 0.067029
0 0.959225 0.733696 0.040775 0.057971
0 0.370031 0.975543 0.040775 0.048913
0 0.606524 0.382246 0.038736 0.072464
0 0.516310 0.557971 0.037717 0.065217
0 0.310907 0.893116 0.038736 0.065217
0 0.633028 0.091486 0.042813 0.052536
0 0.706422 0.936594 0.038736 0.065217
0 0.817023 0.081522 0.037717 0.068841
0 0.611111 0.710145 0.045872 0.061594
0 0.514781 0.426630 0.036697 0.067029
0 0.816004 0.975543 0.039755 0.048913
0 0.067278 0.932065 0.048930 0.067029
0 0.011723 0.663949 0.021407 0.056159
0 0.525484 0.087862 0.031600 0.056159
0 0.011213 0.764493 0.020387 0.065217
0 0.011213 0.144928 0.020387 0.057971
0 0.049439 0.021739 0.021407 0.039855
0 0.130989 0.986413 0.037717 0.027174
0 0.009174 0.304348 0.016310 0.057971
0 0.992355 0.977355 0.015291 0.045290
0 0.878186 0.980978 0.037717 0.038043
0 0.356779 0.295290 0.036697 0.047101
0 0.394495 0.744565 0.034659 0.061594
0 0.994903 0.794384 0.010194 0.067029
0 0.086137 0.079710 0.017329 0.039855
