0 0.800714 0.642105 0.033639 0.115789
0 0.427625 0.798684 0.043833 0.128947
0 0.916412 0.569737 0.030581 0.128947
0 0.743119 0.639474 0.046891 0.157895
0 0.838430 0.598684 0.041794 0.144737
0 0.469419 0.857895 0.043833 0.168421
0 0.214577 0.856579 0.058104 0.186842
0 0.568298 0.667105 0.039755 0.155263
0 0.582059 0.927632 0.050968 0.144737
0 0.764526 0.827632 0.048930 0.150000
0 0.527013 0.551316 0.038736 0.113158
0 0.506626 0.426316 0.026504 0.089474
0 0.509684 0.698684 0.034659 0.113158
0 0.275229 0.730263 0.040775 0.160526
0 0.385321 0.511842 0.030581 0.118421
0 0.036697 0.640789 0.038736 0.134211
0 0.439348 0.639474 0.038736 0.147368
0 0.106014 0.464474 0.036697 0.102632
0 0.481651 0.542105 0.035678 0.115789
0 0.708461 0.488158 0.030581 0.107895
0 0.930683 0.825000 0.034659 0.118421
0 0.188073 0.586842 0.033639 0.105263
0 0.378695 0.644737 0.039755 0.105263
0 0.320591 0.938158 0.047910 0.123684
0 0.688073 0.571053 0.028542 0.100000
0 0.555046 0.260526 0.019368 0.063158
0 0.219164 0.313158 0.022426 0.073684
0 0.287971 0.318421 0.025484 0.078947
0 0.672273 0.942105 0.051988 0.115789
0 0.953619 0.428947 0.027523 0.084211
0 0.855250 0.413158 0.026504 0.078947
0 0.079001 0.897368 0.066259 0.205263
0 0.555046 0.472368 0.023445 0.076316
0 0.316004 0.296053 0.022426 0.071053
0 0.329766 0.607895 0.039755 0.100000
0 0.301733 0.419737 0.026504 0.086842
0 0.653415 0.659211 0.030581 0.128947
0 0.507136 0.350000 0.027523 0.068421
0 0.181448 0.460526 0.032620 0.105263
0 0.459225 0.432895 0.025484 0.081579
0 0.952090 0.525000 0.028542 0.107895
0 0.354230 0.902632 0.045872 0.136842
0 0.261468 0.285526 0.019368 0.071053
0 0.404179 0.396053 0.025484 0.092105
0 0.746687 0.507895 0.029562 0.078947
0 0.378695 0.360526 0.025484 0.084211
0 0.061162 0.588158 0.028542 0.113158
0 0.738532 0.430263 0.023445 0.081579
0 0.719674 0.327632 0.020387 0.065789
0 0.688583 0.227632 0.019368 0.060526
0 0.356269 0.525000 0.029562 0.107895
0 0.194190 0.376316 0.023445 0.073684
0 0.542813 0.973684 0.051988 0.052632
0 0.704383 0.394737 0.022426 0.063158
0 0.321101 0.514474 0.032620 0.081579
0 0.581040 0.402632 0.024465 0.068421
0 0.049439 0.435526 0.027523 0.081579
0 0.478593 0.251316 0.021407 0.071053
0 0.624363 0.823684 0.049949 0.157895
0 0.974516 0.802632 0.046891 0.115789
0 0.741590 0.976316 0.054027 0.047368
0 0.829256 0.838158 0.049949 0.134211
0 0.846075 0.732895 0.028542 0.113158
0 0.228848 0.373684 0.023445 0.063158
0 0.800204 0.330263 0.022426 0.071053
0 0.867992 0.572368 0.029562 0.097368
0 0.797146 0.159211 0.016310 0.050000
0 0.862895 0.300000 0.017329 0.063158
0 0.668196 0.344737 0.019368 0.057895
0 0.580530 0.350000 0.025484 0.057895
0 0.599388 0.651316 0.026504 0.128947
0 0.077472 0.235526 0.018349 0.060526
0 0.145770 0.457895 0.030581 0.094737
0 0.008155 0.411842 0.014271 0.092105
0 0.653415 0.506579 0.026504 0.081579
0 0.711009 0.132895 0.015291 0.050000
0 0.599898 0.447368 0.021407 0.063158
0 0.976045 0.928947 0.047910 0.136842
0 0.439348 0.505263 0.034659 0.089474
0 0.857288 0.097368 0.014271 0.036842
0 0.668196 0.200000 0.017329 0.052632
0 0.828236 0.247368 0.017329 0.063158
0 0.599898 0.314474 0.019368 0.065789
0 0.978084 0.401316 0.023445 0.092105
0 0.197248 0.144737 0.017329 0.057895
0 0.524975 0.201316 0.016310 0.050000
0 0.528033 0.094737 0.014271 0.042105
0 0.683996 0.669737 0.028542 0.107895
0 0.620795 0.307895 0.024465 0.068421
0 0.346585 0.339474 0.026504 0.068421
0 0.214067 0.163158 0.020387 0.057895
0 0.779817 0.192105 0.014271 0.047368
0 0.990826 0.476316 0.018349 0.089474
0 0.613150 0.243421 0.019368 0.050000
0 0.504587 0.259211 0.020387 0.060526
0 0.146279 0.322368 0.021407 0.076316
0 0.144241 0.109211 0.015291 0.044737
0 0.655454 0.248684 0.016310 0.055263
0 0.507645 0.111842 0.016310 0.050000
0 0.771152 0.294737 0.015291 0.057895
0 0.598369 0.525000 0.026504 0.086842
0 0.405708 0.178947 0.018349 0.063158
0 0.246177 0.225000 0.017329 0.071053
0 0.209990 0.219737 0.018349 0.060526
0 0.956167 0.115789 0.014271 0.042105
0 0.087666 0.322368 0.024465 0.071053
0 0.618756 0.186842 0.016310 0.052632
0 0.713048 0.194737 0.015291 0.047368
0 0.830275 0.431579 0.025484 0.068421
0 0.467890 0.165789 0.018349 0.057895
0 0.679918 0.105263 0.012232 0.036842
0 0.754842 0.081579 0.011213 0.042105
0 0.894495 0.315789 0.019368 0.068421
0 0.359837 0.163158 0.016310 0.057895
0 0.307339 0.128947 0.017329 0.057895
0 0.029052 0.263158 0.021407 0.073684
0 0.879205 0.257895 0.021407 0.057895
0 0.586137 0.286842 0.018349 0.052632
0 0.442406 0.489474 0.032620 0.089474
0 0.744139 0.356579 0.022426 0.065789
0 0.845056 0.267105 0.020387 0.055263
0 0.697757 0.165789 0.015291 0.047368
0 0.992355 0.253947 0.015291 0.055263
0 0.498471 0.211842 0.018349 0.060526
0 0.755352 0.152632 0.016310 0.047368
0 0.961264 0.317105 0.020387 0.055263
0 0.007136 0.232895 0.012232 0.065789
0 0.968909 0.677632 0.043833 0.123684
0 0.263507 0.136842 0.015291 0.047368
0 0.335882 0.715789 0.043833 0.136842
0 0.233945 0.478947 0.029562 0.105263
0 0.189093 0.203947 0.021407 0.060526
0 0.123853 0.188158 0.015291 0.055263
0 0.953619 0.076316 0.013252 0.036842
0 0.004587 0.526316 0.007136 0.110526
0 0.173293 0.178947 0.016310 0.052632
0 0.133537 0.271053 0.022426 0.057895
0 0.594801 0.185526 0.015291 0.050000
0 0.532110 0.035526 0.010194 0.028947
0 0.247197 0.214474 0.017329 0.071053
0 0.021916 0.959211 0.041794 0.081579
0 0.166667 0.096053 0.013252 0.039474
0 0.185525 0.077632 0.012232 0.039474
0 0.443935 0.106579 0.013252 0.050000
0 0.108053 0.140789 0.014271 0.039474
0 0.958206 0.215789 0.018349 0.052632
0 0.667686 0.132895 0.014271 0.050000
0 0.162589 0.317105 0.017329 0.071053
0 0.538226 0.381579 0.022426 0.078947
0 0.926606 0.102632 0.012232 0.042105
0 0.064220 0.311842 0.020387 0.071053
0 0.141182 0.726316 0.045872 0.121053
0 0.311927 0.240789 0.020387 0.055263
0 0.768603 0.073684 0.012232 0.036842
0 0.242610 0.163158 0.018349 0.047368
0 0.260958 0.465789 0.028542 0.100000
0 0.354740 0.442105 0.028542 0.073684
0 0.094292 0.059211 0.011213 0.039474
0 0.566259 0.188158 0.019368 0.050000
0 0.007645 0.107895 0.013252 0.042105
0 0.903160 0.169737 0.014271 0.044737
0 0.373598 0.161842 0.015291 0.050000
0 0.913863 0.330263 0.017329 0.060526
0 0.135576 0.610526 0.032620 0.089474
0 0.395005 0.302632 0.021407 0.063158
0 0.941896 0.071053 0.010194 0.031579
0 0.111111 0.339474 0.016310 0.063158
0 0.731906 0.172368 0.014271 0.039474
0 0.358818 0.275000 0.020387 0.060526
0 0.363405 0.794737 0.045872 0.152632
0 0.898573 0.430263 0.023445 0.076316
0 0.433231 0.361842 0.022426 0.076316
0 0.201835 0.100000 0.014271 0.036842
0 0.426606 0.198684 0.017329 0.050000
0 0.688583 0.307895 0.017329 0.057895
0 0.159531 0.319737 0.019368 0.071053
0 0.548420 0.132895 0.014271 0.039474
0 0.748726 0.360526 0.023445 0.063158
0 0.851172 0.348684 0.020387 0.050000
0 0.228338 0.477632 0.030581 0.102632
0 0.726300 0.125000 0.013252 0.044737
0 0.538226 0.296053 0.018349 0.060526
0 0.343527 0.184211 0.018349 0.052632
0 0.936290 0.257895 0.015291 0.052632
0 0.454128 0.063158 0.011213 0.036842
0 0.364934 0.117105 0.014271 0.039474
0 0.779817 0.085526 0.010194 0.034211
0 0.278287 0.168421 0.016310 0.047368
0 0.122324 0.138158 0.016310 0.044737
0 0.559123 0.143421 0.015291 0.039474
0 0.228848 0.113158 0.015291 0.047368
0 0.794597 0.106579 0.011213 0.039474
0 0.811417 0.139474 0.012232 0.042105
0 0.032110 0.093421 0.013252 0.034211
0 0.004077 0.705263 0.006116 0.152632
0 0.680938 0.157895 0.014271 0.047368
0 0.962793 0.261842 0.019368 0.050000
0 0.006626 0.044737 0.011213 0.036842
0 0.128440 0.071053 0.010194 0.036842
0 0.642202 0.346053 0.024465 0.076316
0 0.542304 0.075000 0.010194 0.034211
0 0.368502 0.072368 0.013252 0.039474
0 0.591233 0.071053 0.010194 0.031579
0 0.571356 0.056579 0.011213 0.028947
0 0.648828 0.111842 0.013252 0.039474
0 0.802243 0.244737 0.016310 0.052632
0 0.303262 0.188158 0.015291 0.050000
0 0.139653 0.164474 0.014271 0.044737
0 0.811417 0.196053 0.014271 0.044737
0 0.016820 0.196053 0.015291 0.050000
0 0.508155 0.065789 0.011213 0.031579
0 0.582059 0.052632 0.010194 0.031579
0 0.885831 0.075000 0.010194 0.028947
0 0.592253 0.130263 0.012232 0.044737
0 0.442406 0.219737 0.016310 0.055263
0 0.605505 0.203947 0.014271 0.044737
0 0.884302 0.832895 0.045872 0.139474
0 0.458716 0.255263 0.016310 0.057895
0 0.628440 0.136842 0.015291 0.042105
0 0.180428 0.094737 0.012232 0.047368
0 0.743119 0.213158 0.012232 0.042105
0 0.057594 0.071053 0.013252 0.036842
0 0.609072 0.084211 0.011213 0.031579
0 0.887870 0.185526 0.014271 0.044737
0 0.583588 0.175000 0.013252 0.044737
0 0.629460 0.069737 0.011213 0.028947
0 0.436799 0.160526 0.015291 0.047368
0 0.754842 0.194737 0.015291 0.052632
0 0.036697 0.203947 0.016310 0.050000
0 0.669215 0.047368 0.011213 0.031579
0 0.902650 0.427632 0.025484 0.076316
0 0.163099 0.852632 0.040775 0.157895
0 0.312946 0.830263 0.044852 0.118421
0 0.500510 0.897368 0.032620 0.131579
0 0.549949 0.843421 0.049949 0.171053
0 0.719164 0.897368 0.037717 0.131579
0 0.828746 0.953947 0.071356 0.092105
0 0.880224 0.680263 0.041794 0.150000
0 0.779817 0.561842 0.030581 0.113158
0 0.219164 0.635526 0.046891 0.086842
0 0.275229 0.605263 0.038736 0.105263
0 0.100408 0.625000 0.043833 0.086842
0 0.038226 0.376316 0.021407 0.063158
0 0.133028 0.397368 0.031600 0.084211
0 0.157492 0.380263 0.021407 0.065789
0 0.066769 0.148684 0.017329 0.055263
0 0.466871 0.650000 0.026504 0.131579
0 0.386340 0.773684 0.036697 0.168421
0 0.639653 0.438158 0.023445 0.065789
0 0.434251 0.298684 0.028542 0.081579
0 0.383792 0.250000 0.025484 0.100000
0 0.799185 0.418421 0.028542 0.100000
0 0.920999 0.948684 0.039755 0.102632
