0 0.543323 0.719737 0.048930 0.165789
0 0.914373 0.630263 0.048930 0.102632
0 0.787462 0.498684 0.037717 0.102632
0 0.037717 0.714474 0.050968 0.171053
0 0.376147 0.894737 0.059123 0.168421
0 0.722732 0.327632 0.026504 0.076316
0 0.440877 0.928947 0.051988 0.142105
0 0.100917 0.734211 0.040775 0.157895
0 0.059123 0.617105 0.030581 0.118421
0 0.159531 0.800000 0.068298 0.210526
0 0.295617 0.871053 0.065240 0.189474
0 0.904689 0.538158 0.033639 0.081579
0 0.762487 0.322368 0.024465 0.065789
0 0.507136 0.409211 0.031600 0.102632
0 0.465851 0.642105 0.032620 0.110526
0 0.529052 0.547368 0.036697 0.100000
0 0.676351 0.514474 0.031600 0.097368
0 0.510703 0.947368 0.067278 0.105263
0 0.428135 0.717105 0.042813 0.186842
0 0.617227 0.703947 0.033639 0.144737
0 0.356269 0.588158 0.035678 0.102632
0 0.680938 0.628947 0.034659 0.105263
0 0.468400 0.773684 0.041794 0.121053
0 0.767584 0.403947 0.030581 0.097368
0 0.726300 0.677632 0.045872 0.139474
0 0.796126 0.651316 0.046891 0.118421
0 0.562181 0.384211 0.031600 0.084211
0 0.281346 0.531579 0.030581 0.105263
0 0.889399 0.888158 0.060143 0.150000
0 0.544852 0.486842 0.031600 0.084211
0 0.757390 0.772368 0.048930 0.123684
0 0.044852 0.502632 0.030581 0.089474
0 0.254332 0.425000 0.029562 0.097368
0 0.690112 0.340789 0.024465 0.081579
0 0.031091 0.927632 0.060143 0.139474
0 0.601937 0.943421 0.066259 0.113158
0 0.662589 0.438158 0.028542 0.086842
0 0.229867 0.386842 0.025484 0.084211
0 0.474006 0.465789 0.028542 0.089474
0 0.911315 0.776316 0.053007 0.100000
0 0.930683 0.459211 0.034659 0.123684
0 0.614169 0.552632 0.039755 0.105263
0 0.073904 0.414474 0.025484 0.076316
0 0.611111 0.363158 0.023445 0.068421
0 0.473496 0.302632 0.023445 0.084211
0 0.307339 0.406579 0.023445 0.086842
0 0.706422 0.256579 0.020387 0.065789
0 0.535168 0.364474 0.020387 0.076316
0 0.984709 0.605263 0.030581 0.105263
0 0.416922 0.419737 0.024465 0.086842
0 0.655963 0.297368 0.019368 0.073684
0 0.014781 0.472368 0.023445 0.086842
0 0.323649 0.565789 0.031600 0.100000
0 0.346075 0.503947 0.029562 0.076316
0 0.129969 0.428947 0.023445 0.084211
0 0.041794 0.398684 0.032620 0.107895
0 0.574924 0.697368 0.022426 0.131579
0 0.240061 0.268421 0.017329 0.057895
0 0.836391 0.831579 0.056065 0.189474
0 0.820082 0.359211 0.029562 0.092105
0 0.609582 0.440789 0.028542 0.086842
0 0.073394 0.336842 0.024465 0.073684
0 0.450561 0.198684 0.022426 0.060526
0 0.333843 0.321053 0.019368 0.068421
0 0.392966 0.436842 0.021407 0.084211
0 0.920489 0.306579 0.020387 0.065789
0 0.170744 0.564474 0.033639 0.081579
0 0.521407 0.177632 0.017329 0.055263
0 0.299185 0.336842 0.023445 0.063158
0 0.872069 0.305263 0.019368 0.057895
0 0.578491 0.572368 0.027523 0.097368
0 0.314985 0.321053 0.016310 0.068421
0 0.707441 0.171053 0.018349 0.063158
0 0.349643 0.231579 0.020387 0.078947
0 0.105505 0.417105 0.025484 0.065789
0 0.731397 0.452632 0.027523 0.078947
0 0.443425 0.269737 0.022426 0.071053
0 0.400612 0.625000 0.028542 0.092105
0 0.177370 0.472368 0.034659 0.102632
0 0.975535 0.547368 0.030581 0.073684
0 0.710499 0.419737 0.030581 0.097368
0 0.861366 0.246053 0.022426 0.055263
0 0.148318 0.492105 0.031600 0.094737
0 0.268603 0.201316 0.017329 0.055263
0 0.789501 0.107895 0.013252 0.042105
0 0.480122 0.559211 0.026504 0.086842
0 0.278797 0.156579 0.015291 0.044737
0 0.756881 0.171053 0.015291 0.047368
0 0.430173 0.375000 0.024465 0.065789
0 0.190622 0.290789 0.018349 0.065789
0 0.978084 0.297368 0.021407 0.068421
0 0.102956 0.231579 0.020387 0.057895
0 0.452599 0.393421 0.020387 0.076316
0 0.596840 0.307895 0.021407 0.068421
0 0.169725 0.148684 0.017329 0.055263
0 0.211009 0.107895 0.014271 0.047368
0 0.103466 0.330263 0.019368 0.071053
0 0.639653 0.380263 0.021407 0.071053
0 0.864934 0.093421 0.013252 0.044737
0 0.284404 0.448684 0.028542 0.060526
0 0.166667 0.261842 0.023445 0.065789
0 0.637105 0.317105 0.018349 0.060526
0 0.367992 0.238158 0.018349 0.065789
0 0.250255 0.230263 0.017329 0.044737
0 0.717635 0.107895 0.014271 0.047368
0 0.122834 0.053947 0.011213 0.034211
0 0.993374 0.253947 0.013252 0.050000
0 0.113150 0.160526 0.014271 0.042105
0 0.565240 0.310526 0.019368 0.052632
0 0.932722 0.246053 0.016310 0.060526
0 0.951580 0.147368 0.015291 0.052632
0 0.784404 0.167105 0.013252 0.044737
0 0.525484 0.239474 0.017329 0.057895
0 0.487258 0.173684 0.018349 0.052632
0 0.150357 0.163158 0.019368 0.057895
0 0.482161 0.103947 0.014271 0.039474
0 0.973496 0.089474 0.012232 0.042105
0 0.535168 0.165789 0.014271 0.047368
0 0.805301 0.109211 0.014271 0.039474
0 0.448522 0.084211 0.012232 0.036842
0 0.829256 0.285526 0.023445 0.065789
0 0.502039 0.109211 0.013252 0.044737
0 0.205403 0.064474 0.011213 0.034211
0 0.903160 0.413158 0.024465 0.094737
0 0.746177 0.242105 0.018349 0.057895
0 0.674822 0.194737 0.018349 0.057895
0 0.181957 0.110526 0.013252 0.042105
0 0.521916 0.077632 0.012232 0.039474
0 0.346585 0.102632 0.014271 0.042105
0 0.593782 0.125000 0.013252 0.044737
0 0.616718 0.032895 0.010194 0.028947
0 0.773191 0.138158 0.015291 0.044737
0 0.418960 0.123684 0.014271 0.042105
0 0.985219 0.421053 0.023445 0.073684
0 0.065749 0.142105 0.013252 0.042105
0 0.725280 0.196053 0.017329 0.055263
0 0.415902 0.181579 0.016310 0.052632
0 0.773191 0.901316 0.064220 0.165789
0 0.841488 0.094737 0.015291 0.036842
0 0.384302 0.432895 0.024465 0.081579
0 0.175841 0.386842 0.025484 0.073684
0 0.431702 0.125000 0.013252 0.039474
0 0.380734 0.053947 0.011213 0.034211
0 0.256881 0.160526 0.016310 0.042105
0 0.828236 0.076316 0.011213 0.036842
0 0.078491 0.175000 0.012232 0.039474
0 0.937819 0.186842 0.014271 0.047368
0 0.631498 0.177632 0.015291 0.050000
0 0.954128 0.267105 0.018349 0.055263
0 0.309378 0.218421 0.021407 0.063158
0 0.768094 0.268421 0.019368 0.042105
0 0.619266 0.202632 0.017329 0.052632
0 0.658512 0.085526 0.012232 0.039474
0 0.525484 0.128947 0.013252 0.036842
0 0.194699 0.072368 0.010194 0.034211
0 0.919470 0.222368 0.018349 0.050000
0 0.725790 0.227632 0.016310 0.055263
0 0.843017 0.046053 0.012232 0.034211
0 0.572375 0.202632 0.017329 0.052632
0 0.470438 0.201316 0.017329 0.055263
0 0.986239 0.942105 0.027523 0.105263
0 0.444954 0.148684 0.019368 0.044737
0 0.302243 0.098684 0.011213 0.034211
0 0.925076 0.088158 0.013252 0.039474
0 0.096840 0.127632 0.014271 0.039474
0 0.247706 0.135526 0.012232 0.034211
0 0.478084 0.067105 0.012232 0.034211
0 0.398063 0.210526 0.021407 0.052632
0 0.421509 0.073684 0.011213 0.036842
0 0.016310 0.144737 0.012232 0.036842
0 0.468400 0.044737 0.011213 0.031579
0 0.290520 0.276316 0.016310 0.047368
0 0.051988 0.246053 0.020387 0.055263
0 0.256371 0.027632 0.011213 0.034211
0 0.503568 0.190789 0.016310 0.050000
0 0.651886 0.809211 0.031600 0.150000
0 0.353211 0.430263 0.023445 0.076316
0 0.107543 0.494737 0.025484 0.084211
0 0.258410 0.068421 0.011213 0.031579
0 0.308359 0.542105 0.023445 0.089474
0 0.408767 0.102632 0.012232 0.036842
0 0.005097 0.234211 0.008155 0.052632
0 0.456677 0.055263 0.010194 0.031579
0 0.845566 0.439474 0.029562 0.057895
0 0.739042 0.118421 0.020387 0.052632
0 0.216616 0.057895 0.011213 0.036842
0 0.280326 0.113158 0.016310 0.042105
0 0.771662 0.073684 0.012232 0.031579
0 0.080020 0.272368 0.017329 0.050000
0 0.582569 0.118421 0.013252 0.036842
0 0.740061 0.060526 0.012232 0.036842
0 0.018858 0.235526 0.017329 0.050000
0 0.465341 0.093421 0.013252 0.044737
0 0.666157 0.044737 0.009174 0.031579
0 0.311927 0.550000 0.026504 0.094737
0 0.314985 0.147368 0.014271 0.042105
0 0.228848 0.230263 0.015291 0.044737
0 0.969419 0.231579 0.018349 0.052632
0 0.584608 0.192105 0.017329 0.052632
0 0.056575 0.114474 0.013252 0.039474
0 0.419980 0.280263 0.020387 0.055263
0 0.474006 0.409211 0.024465 0.060526
0 0.005097 0.152632 0.008155 0.042105
0 0.119776 0.122368 0.015291 0.034211
0 0.843527 0.497368 0.031600 0.089474
0 0.471458 0.209211 0.017329 0.055263
0 0.197248 0.130263 0.013252 0.044737
0 0.431702 0.182895 0.013252 0.044737
0 0.241081 0.061842 0.011213 0.034211
0 0.077982 0.118421 0.011213 0.031579
0 0.140673 0.125000 0.014271 0.034211
0 0.532620 0.250000 0.019368 0.052632
0 0.491335 0.264474 0.018349 0.060526
0 0.603976 0.192105 0.015291 0.047368
0 0.317023 0.040789 0.010194 0.028947
0 0.271662 0.061842 0.011213 0.034211
0 0.994903 0.448684 0.010194 0.092105
0 0.328236 0.438158 0.016310 0.065789
0 0.627421 0.065789 0.013252 0.036842
0 0.245668 0.561842 0.038736 0.134211
0 0.892457 0.193421 0.013252 0.055263
0 0.396024 0.532895 0.037717 0.097368
0 0.680428 0.103947 0.013252 0.034211
0 0.587156 0.813158 0.034659 0.100000
0 0.509174 0.148684 0.013252 0.039474
0 0.495923 0.748684 0.037717 0.113158
0 0.339959 0.976316 0.072375 0.047368
0 0.242100 0.935526 0.049949 0.128947
0 0.204383 0.894737 0.054027 0.136842
0 0.240571 0.764474 0.044852 0.197368
0 0.278287 0.718421 0.034659 0.136842
0 0.359837 0.802632 0.057085 0.189474
0 0.339959 0.705263 0.043833 0.136842
0 0.303772 0.638158 0.038736 0.128947
0 0.221203 0.501316 0.026504 0.123684
0 0.177880 0.634211 0.035678 0.084211
0 0.093782 0.600000 0.028542 0.089474
0 0.082569 0.526316 0.030581 0.094737
0 0.125892 0.271053 0.023445 0.052632
0 0.144750 0.313158 0.022426 0.057895
0 0.126911 0.359211 0.025484 0.076316
0 0.157492 0.394737 0.029562 0.089474
0 0.658512 0.944737 0.040775 0.110526
0 0.637615 0.876316 0.035678 0.089474
0 0.726809 0.792105 0.034659 0.142105
0 0.843017 0.205263 0.018349 0.052632
0 0.857798 0.184211 0.013252 0.047368
0 0.877166 0.186842 0.017329 0.057895
0 0.809378 0.167105 0.020387 0.039474
0 0.790520 0.356579 0.025484 0.092105
0 0.796636 0.286842 0.029562 0.068421
0 0.512742 0.342105 0.022426 0.057895
0 0.497452 0.332895 0.022426 0.071053
0 0.526504 0.643421 0.033639 0.097368
0 0.201835 0.421053 0.018349 0.094737
0 0.127931 0.943421 0.060143 0.113158
0 0.080530 0.926316 0.048930 0.147368
0 0.961774 0.777632 0.035678 0.113158
0 0.981651 0.727632 0.036697 0.107895
0 0.877676 0.586842 0.028542 0.131579
0 0.843527 0.607895 0.041794 0.121053
0 0.867482 0.742105 0.036697 0.131579
0 0.777778 0.584211 0.026504 0.063158
0 0.758919 0.647368 0.029562 0.110526
0 0.714577 0.539474 0.036697 0.121053
0 0.750765 0.517105 0.025484 0.118421
0 0.653415 0.565789 0.032620 0.110526
