0 0.235474 0.756579 0.048930 0.192105
0 0.574414 0.602632 0.039755 0.136842
0 0.803262 0.509211 0.036697 0.123684
0 0.626911 0.525000 0.038736 0.107895
0 0.526504 0.594737 0.035678 0.126316
0 0.853721 0.663158 0.043833 0.136842
0 0.644750 0.655263 0.035678 0.136842
0 0.155454 0.585526 0.035678 0.118421
0 0.389399 0.534211 0.034659 0.110526
0 0.885321 0.476316 0.029562 0.110526
0 0.331804 0.546053 0.039755 0.118421
0 0.602956 0.317105 0.025484 0.076316
0 0.695209 0.777632 0.036697 0.118421
0 0.408257 0.401316 0.031600 0.071053
0 0.649847 0.376316 0.027523 0.084211
0 0.659531 0.493421 0.030581 0.102632
0 0.239042 0.403947 0.027523 0.097368
0 0.497452 0.453947 0.032620 0.107895
0 0.916922 0.389474 0.027523 0.094737
0 0.728848 0.490789 0.034659 0.113158
0 0.730377 0.951316 0.062181 0.097368
0 0.761978 0.361842 0.031600 0.097368
0 0.414883 0.478947 0.028542 0.110526
0 0.116718 0.265789 0.021407 0.084211
0 0.688073 0.326316 0.022426 0.073684
0 0.443425 0.943421 0.057085 0.113158
0 0.325688 0.450000 0.031600 0.078947
0 0.090214 0.513158 0.033639 0.110526
0 0.983180 0.505263 0.033639 0.136842
0 0.597859 0.406579 0.031600 0.092105
0 0.715596 0.227632 0.020387 0.071053
0 0.641182 0.281579 0.018349 0.063158
0 0.888889 0.369737 0.024465 0.081579
0 0.878186 0.290789 0.021407 0.065789
0 0.416412 0.239474 0.019368 0.073684
0 0.344546 0.325000 0.022426 0.071053
0 0.464832 0.271053 0.022426 0.073684
0 0.371560 0.280263 0.021407 0.071053
0 0.517329 0.384211 0.025484 0.084211
0 0.563201 0.325000 0.023445 0.076316
0 0.884811 0.213158 0.024465 0.078947
0 0.812946 0.357895 0.023445 0.073684
0 0.107034 0.423684 0.038736 0.105263
0 0.858818 0.228947 0.019368 0.052632
0 0.569827 0.197368 0.018349 0.063158
0 0.175841 0.269737 0.021407 0.081579
0 0.791030 0.317105 0.022426 0.071053
0 0.077982 0.342105 0.021407 0.073684
0 0.546381 0.193421 0.018349 0.060526
0 0.255861 0.219737 0.016310 0.060526
0 0.829256 0.307895 0.023445 0.078947
0 0.734455 0.275000 0.021407 0.076316
0 0.047401 0.259211 0.021407 0.071053
0 0.266565 0.307895 0.023445 0.063158
0 0.008665 0.451316 0.015291 0.086842
0 0.366972 0.203947 0.018349 0.060526
0 0.825688 0.228947 0.020387 0.057895
0 0.832314 0.089474 0.013252 0.042105
0 0.613660 0.192105 0.020387 0.063158
0 0.313965 0.286842 0.020387 0.063158
0 0.561162 0.407895 0.025484 0.073684
0 0.932212 0.281579 0.021407 0.068421
0 0.621305 0.253947 0.021407 0.071053
0 0.174822 0.161842 0.015291 0.055263
0 0.573904 0.273684 0.016310 0.057895
0 0.905708 0.114474 0.015291 0.044737
0 0.392457 0.250000 0.020387 0.078947
0 0.240571 0.152632 0.020387 0.063158
0 0.681957 0.148684 0.016310 0.050000
0 0.058104 0.189474 0.018349 0.057895
0 0.648828 0.152632 0.015291 0.052632
0 0.987768 0.373684 0.024465 0.078947
0 0.530071 0.498684 0.030581 0.076316
0 0.260958 0.109211 0.012232 0.044737
0 0.075943 0.159211 0.015291 0.055263
0 0.324159 0.121053 0.014271 0.052632
0 0.213558 0.111842 0.013252 0.044737
0 0.325688 0.192105 0.019368 0.063158
0 0.628440 0.990789 0.056065 0.018421
0 0.952090 0.278947 0.020387 0.057895
0 0.666667 0.123684 0.014271 0.047368
0 0.039755 0.907895 0.053007 0.110526
0 0.660550 0.235526 0.016310 0.055263
0 0.201835 0.138158 0.014271 0.050000
0 0.843017 0.364474 0.022426 0.076316
0 0.698777 0.123684 0.015291 0.047368
0 0.548420 0.269737 0.018349 0.055263
0 0.380734 0.073684 0.013252 0.042105
0 0.161060 0.135526 0.016310 0.044737
0 0.310907 0.169737 0.016310 0.055263
0 0.229867 0.265789 0.019368 0.057895
0 0.919470 0.086842 0.012232 0.036842
0 0.287971 0.217105 0.021407 0.071053
0 0.091743 0.144737 0.014271 0.042105
0 0.869011 0.097368 0.013252 0.042105
0 0.813456 0.098684 0.014271 0.044737
0 0.985729 0.296053 0.024465 0.071053
0 0.758919 0.119737 0.013252 0.044737
0 0.143221 0.175000 0.015291 0.055263
0 0.936290 0.210526 0.017329 0.057895
0 0.096330 0.236842 0.017329 0.063158
0 0.208970 0.232895 0.018349 0.060526
0 0.464322 0.113158 0.017329 0.063158
0 0.496432 0.110526 0.014271 0.042105
0 0.793068 0.117105 0.014271 0.044737
0 0.856269 0.125000 0.014271 0.044737
0 0.136595 0.128947 0.016310 0.042105
0 0.438838 0.210526 0.019368 0.057895
0 0.952599 0.073684 0.013252 0.036842
0 0.479103 0.147368 0.016310 0.052632
0 0.445464 0.073684 0.012232 0.036842
0 0.323140 0.077632 0.012232 0.034211
0 0.133537 0.085526 0.012232 0.034211
0 0.564220 0.484211 0.029562 0.089474
0 0.273700 0.101316 0.013252 0.044737
0 0.177370 0.109211 0.012232 0.039474
0 0.203874 0.073684 0.010194 0.031579
0 0.217125 0.175000 0.018349 0.055263
0 0.521916 0.125000 0.016310 0.044737
0 0.803772 0.167105 0.019368 0.055263
0 0.794597 0.075000 0.013252 0.034211
0 0.888889 0.065789 0.012232 0.031579
0 0.089195 0.084211 0.011213 0.036842
0 0.067278 0.110526 0.012232 0.036842
0 0.969929 0.251316 0.019368 0.060526
0 0.770642 0.090789 0.012232 0.039474
0 0.164118 0.096053 0.014271 0.034211
0 0.192661 0.200000 0.016310 0.052632
0 0.130479 0.172368 0.014271 0.055263
0 0.402650 0.076316 0.012232 0.042105
0 0.716106 0.110526 0.015291 0.042105
0 0.188073 0.144737 0.013252 0.047368
0 0.341488 0.075000 0.012232 0.039474
0 0.359837 0.093421 0.010194 0.034211
0 0.296126 0.105263 0.011213 0.042105
0 0.229358 0.107895 0.014271 0.036842
0 0.551988 0.057895 0.011213 0.036842
0 0.881244 0.102632 0.011213 0.036842
0 0.034149 0.357895 0.017329 0.057895
0 0.382773 0.193421 0.017329 0.050000
0 0.311417 0.114474 0.011213 0.039474
0 0.039246 0.928947 0.056065 0.142105
0 0.010703 0.230263 0.019368 0.065789
0 0.537717 0.328947 0.021407 0.068421
0 0.079001 0.068421 0.009174 0.031579
0 0.423547 0.127632 0.015291 0.044737
0 0.591743 0.261842 0.017329 0.050000
0 0.488787 0.242105 0.019368 0.063158
0 0.855759 0.069737 0.013252 0.034211
0 0.629969 0.142105 0.014271 0.047368
0 0.406218 0.490789 0.037717 0.107895
0 0.743629 0.151316 0.015291 0.044737
0 0.919980 0.143421 0.015291 0.044737
0 0.581549 0.140789 0.015291 0.044737
0 0.628440 0.077632 0.011213 0.039474
0 0.230887 0.592105 0.039755 0.131579
0 0.199286 0.506579 0.031600 0.097368
0 0.033639 0.459211 0.028542 0.102632
0 0.104995 0.969737 0.061162 0.060526
0 0.179918 0.353947 0.023445 0.081579
0 0.042813 0.117105 0.016310 0.044737
0 0.229358 0.331579 0.026504 0.057895
0 0.009684 0.159211 0.017329 0.076316
0 0.350153 0.185526 0.019368 0.060526
0 0.254842 0.373684 0.018349 0.073684
0 0.290520 0.376316 0.036697 0.078947
0 0.509174 0.181579 0.019368 0.068421
0 0.455148 0.177632 0.017329 0.050000
0 0.438328 0.132895 0.018349 0.055263
0 0.477574 0.368421 0.027523 0.073684
0 0.962283 0.423684 0.026504 0.115789
0 0.911825 0.302632 0.025484 0.073684
0 0.523955 0.253947 0.024465 0.076316
0 0.757390 0.273684 0.018349 0.063158
0 0.551478 0.109211 0.016310 0.044737
0 0.728848 0.198684 0.020387 0.065789
