0 0.793068 0.668421 0.055046 0.136842
0 0.551478 0.861842 0.046891 0.155263
0 0.622834 0.861842 0.053007 0.171053
0 0.532620 0.680263 0.039755 0.134211
0 0.697248 0.690789 0.042813 0.144737
0 0.735984 0.600000 0.046891 0.131579
0 0.835372 0.846053 0.045872 0.160526
0 0.257900 0.665789 0.040775 0.147368
0 0.729867 0.473684 0.030581 0.094737
0 0.379715 0.600000 0.037717 0.126316
0 0.791030 0.531579 0.028542 0.100000
0 0.925076 0.619737 0.045872 0.102632
0 0.795107 0.861842 0.030581 0.128947
0 0.721203 0.922368 0.056065 0.134211
0 0.580020 0.540789 0.028542 0.097368
0 0.111111 0.542105 0.046891 0.142105
0 0.629969 0.528947 0.038736 0.115789
0 0.227319 0.765789 0.055046 0.163158
0 0.506626 0.843421 0.040775 0.139474
0 0.085117 0.705263 0.049949 0.147368
0 0.434760 0.355263 0.027523 0.078947
0 0.488787 0.551316 0.035678 0.102632
0 0.932212 0.734211 0.041794 0.110526
0 0.902650 0.844737 0.039755 0.142105
0 0.451070 0.446053 0.023445 0.086842
0 0.867482 0.321053 0.024465 0.078947
0 0.468400 0.668421 0.031600 0.121053
0 0.486239 0.278947 0.026504 0.073684
0 0.042813 0.381579 0.032620 0.094737
0 0.403160 0.715789 0.035678 0.110526
0 0.659021 0.330263 0.021407 0.076316
0 0.539755 0.427632 0.025484 0.086842
0 0.817533 0.582895 0.038736 0.113158
0 0.574414 0.326316 0.023445 0.078947
0 0.704383 0.346053 0.020387 0.071053
0 0.596330 0.305263 0.020387 0.068421
0 0.806830 0.248684 0.019368 0.065789
0 0.385831 0.288158 0.025484 0.076316
0 0.204893 0.365789 0.028542 0.084211
0 0.681957 0.451316 0.026504 0.076316
0 0.293068 0.371053 0.021407 0.073684
0 0.919980 0.477632 0.027523 0.092105
0 0.731906 0.788158 0.055046 0.144737
0 0.768603 0.297368 0.022426 0.068421
0 0.014781 0.352632 0.023445 0.089474
0 0.352192 0.430263 0.029562 0.060526
0 0.298165 0.447368 0.025484 0.078947
0 0.610601 0.380263 0.022426 0.071053
0 0.653925 0.403947 0.019368 0.071053
0 0.752803 0.236842 0.017329 0.052632
0 0.358308 0.850000 0.043833 0.142105
0 0.857288 0.946053 0.057085 0.107895
0 0.175841 0.321053 0.023445 0.068421
0 0.980632 0.489474 0.038736 0.115789
0 0.890928 0.119737 0.012232 0.044737
0 0.284913 0.525000 0.031600 0.097368
0 0.787971 0.317105 0.022426 0.071053
0 0.961264 0.911842 0.050968 0.102632
0 0.314475 0.398684 0.023445 0.081579
0 0.517329 0.407895 0.023445 0.094737
0 0.033639 0.239474 0.018349 0.068421
0 0.615189 0.253947 0.019368 0.060526
0 0.532110 0.546053 0.030581 0.076316
0 0.843527 0.296053 0.021407 0.076316
0 0.338940 0.286842 0.025484 0.073684
0 0.720183 0.271053 0.019368 0.057895
0 0.010703 0.692105 0.019368 0.136842
0 0.936290 0.411842 0.021407 0.086842
0 0.490826 0.386842 0.027523 0.068421
0 0.180938 0.234211 0.019368 0.052632
0 0.054536 0.147368 0.019368 0.068421
0 0.734964 0.239474 0.016310 0.052632
0 0.229358 0.359211 0.020387 0.076316
0 0.824159 0.406579 0.025484 0.092105
0 0.178899 0.657895 0.043833 0.126316
0 0.768094 0.403947 0.031600 0.107895
0 0.856269 0.447368 0.034659 0.089474
0 0.785933 0.248684 0.018349 0.055263
0 0.353211 0.136842 0.015291 0.052632
0 0.125382 0.273684 0.018349 0.068421
0 0.797655 0.409211 0.021407 0.081579
0 0.471967 0.175000 0.018349 0.050000
0 0.984200 0.181579 0.017329 0.057895
0 0.082569 0.490789 0.028542 0.092105
0 0.548930 0.196053 0.017329 0.060526
0 0.880734 0.415789 0.018349 0.073684
0 0.907238 0.122368 0.014271 0.044737
0 0.498471 0.657895 0.028542 0.110526
0 0.917941 0.201316 0.017329 0.055263
0 0.965341 0.182895 0.016310 0.065789
0 0.151886 0.503947 0.038736 0.123684
0 0.559123 0.646053 0.023445 0.092105
0 0.429664 0.215789 0.017329 0.057895
0 0.817533 0.323684 0.020387 0.063158
0 0.126402 0.780263 0.057085 0.128947
0 0.186544 0.152632 0.014271 0.052632
0 0.410296 0.235526 0.019368 0.071053
0 0.284913 0.252632 0.019368 0.068421
0 0.099898 0.242105 0.018349 0.057895
0 0.933231 0.180263 0.015291 0.060526
0 0.123853 0.159211 0.015291 0.044737
0 0.861876 0.250000 0.019368 0.057895
0 0.364424 0.215789 0.023445 0.057895
0 0.158512 0.148684 0.015291 0.050000
0 0.842508 0.530263 0.027523 0.092105
0 0.826707 0.097368 0.012232 0.042105
0 0.214577 0.282895 0.021407 0.060526
0 0.674312 0.269737 0.021407 0.060526
0 0.154944 0.386842 0.022426 0.094737
0 0.488277 0.461842 0.028542 0.071053
0 0.149337 0.917105 0.058104 0.165789
0 0.993884 0.113158 0.012232 0.047368
0 0.308869 0.289474 0.020387 0.057895
0 0.166157 0.189474 0.016310 0.047368
0 0.688073 0.392105 0.024465 0.057895
0 0.646789 0.243421 0.019368 0.060526
0 0.537207 0.965789 0.055046 0.068421
0 0.701835 0.242105 0.017329 0.057895
0 0.465851 0.372368 0.024465 0.081579
0 0.640163 0.142105 0.016310 0.052632
0 0.077982 0.161842 0.015291 0.039474
0 0.806830 0.119737 0.015291 0.050000
0 0.670744 0.898684 0.036697 0.139474
0 0.463812 0.230263 0.020387 0.065789
0 0.258410 0.432895 0.029562 0.081579
0 0.818043 0.197368 0.015291 0.052632
0 0.452090 0.167105 0.017329 0.055263
0 0.436799 0.290789 0.021407 0.055263
0 0.240061 0.272368 0.023445 0.060526
0 0.503058 0.340789 0.019368 0.055263
0 0.255352 0.036842 0.011213 0.031579
0 0.228848 0.198684 0.015291 0.050000
0 0.121814 0.088158 0.013252 0.039474
0 0.975535 0.113158 0.014271 0.047368
0 0.738532 0.152632 0.015291 0.047368
0 0.458206 0.042105 0.011213 0.031579
0 0.536697 0.305263 0.019368 0.063158
0 0.643731 0.096053 0.015291 0.039474
0 0.992355 0.228947 0.015291 0.052632
0 0.201325 0.040789 0.017329 0.034211
0 0.953109 0.076316 0.012232 0.036842
0 0.828236 0.144737 0.013252 0.042105
0 0.661570 0.192105 0.020387 0.052632
0 0.066769 0.028947 0.009174 0.026316
0 0.730377 0.068421 0.013252 0.031579
0 0.352192 0.044737 0.015291 0.036842
0 0.993374 0.403947 0.013252 0.086842
0 0.238532 0.078947 0.012232 0.036842
0 0.993884 0.756579 0.010194 0.128947
0 0.238022 0.038158 0.013252 0.034211
0 0.356269 0.353947 0.021407 0.060526
0 0.625382 0.134211 0.013252 0.047368
0 0.939857 0.259211 0.016310 0.060526
0 0.158002 0.069737 0.014271 0.039474
0 0.075943 0.211842 0.019368 0.055263
0 0.315494 0.156579 0.013252 0.044737
0 0.833843 0.205263 0.014271 0.052632
0 0.949541 0.913158 0.078491 0.100000
0 0.321611 0.092105 0.011213 0.031579
0 0.036697 0.135526 0.014271 0.050000
0 0.922018 0.126316 0.013252 0.042105
0 0.221203 0.028947 0.014271 0.036842
0 0.470948 0.059211 0.012232 0.034211
0 0.697757 0.515789 0.031600 0.073684
0 0.411315 0.505263 0.035678 0.100000
0 0.027013 0.189474 0.021407 0.047368
0 0.779817 0.106579 0.014271 0.044737
0 0.268094 0.240789 0.016310 0.055263
0 0.109072 0.409211 0.024465 0.097368
0 0.195209 0.802632 0.041794 0.126316
0 0.069827 0.359211 0.025484 0.092105
0 0.291539 0.621053 0.026504 0.100000
0 0.589195 0.443421 0.026504 0.076316
0 0.691641 0.119737 0.013252 0.039474
0 0.791030 0.146053 0.014271 0.039474
0 0.247706 0.336842 0.018349 0.057895
0 0.106524 0.176316 0.015291 0.047368
0 0.396534 0.140789 0.016310 0.039474
0 0.305810 0.218421 0.018349 0.063158
0 0.662589 0.098684 0.014271 0.039474
0 0.201835 0.164474 0.014271 0.044737
0 0.750255 0.182895 0.014271 0.039474
0 0.696228 0.151316 0.016310 0.044737
0 0.494903 0.182895 0.017329 0.055263
0 0.693170 0.088158 0.012232 0.034211
0 0.897044 0.213158 0.018349 0.057895
0 0.395005 0.178947 0.015291 0.052632
0 0.717635 0.061842 0.010194 0.028947
0 0.629460 0.219737 0.013252 0.055263
0 0.616208 0.217105 0.019368 0.055263
0 0.259429 0.075000 0.013252 0.034211
0 0.869521 0.098684 0.014271 0.034211
0 0.720183 0.150000 0.015291 0.042105
0 0.094292 0.093421 0.011213 0.034211
0 0.282365 0.032895 0.008155 0.028947
0 0.317023 0.801316 0.055046 0.181579
0 0.276249 0.819737 0.036697 0.107895
0 0.102446 0.914474 0.039755 0.139474
0 0.587156 0.692105 0.040775 0.110526
0 0.790520 0.971053 0.039755 0.057895
0 0.879205 0.739474 0.037717 0.142105
0 0.875637 0.606579 0.040775 0.118421
0 0.739042 0.356579 0.028542 0.092105
0 0.313456 0.655263 0.031600 0.084211
0 0.194699 0.497368 0.032620 0.100000
0 0.063710 0.789474 0.041794 0.147368
0 0.395515 0.938158 0.065240 0.123684
0 0.427625 0.569737 0.025484 0.097368
