0 0.193170 0.831579 0.058104 0.184211
0 0.268094 0.755263 0.059123 0.178947
0 0.111111 0.771053 0.048930 0.147368
0 0.690112 0.498684 0.032620 0.102632
0 0.555046 0.576316 0.035678 0.121053
0 0.840979 0.393421 0.032620 0.097368
0 0.867482 0.831579 0.053007 0.147368
0 0.358308 0.672368 0.062181 0.160526
0 0.724261 0.469737 0.031600 0.097368
0 0.617227 0.625000 0.041794 0.118421
0 0.186544 0.614474 0.050968 0.150000
0 0.562691 0.403947 0.028542 0.097368
0 0.584098 0.592105 0.022426 0.105263
0 0.113660 0.600000 0.037717 0.121053
0 0.674822 0.661842 0.032620 0.113158
0 0.142202 0.696053 0.039755 0.123684
0 0.589195 0.867105 0.034659 0.144737
0 0.760449 0.450000 0.030581 0.094737
0 0.403670 0.797368 0.048930 0.147368
0 0.398573 0.227632 0.020387 0.065789
0 0.500000 0.789474 0.041794 0.136842
0 0.942915 0.490789 0.038736 0.118421
0 0.751274 0.925000 0.061162 0.150000
0 0.243629 0.457895 0.028542 0.094737
0 0.866463 0.675000 0.042813 0.128947
0 0.863405 0.952632 0.048930 0.089474
0 0.948012 0.802632 0.044852 0.105263
0 0.524465 0.925000 0.068298 0.150000
0 0.058104 0.402632 0.032620 0.084211
0 0.728338 0.375000 0.025484 0.081579
0 0.292049 0.377632 0.023445 0.071053
0 0.714577 0.257895 0.018349 0.052632
0 0.027013 0.732895 0.051988 0.171053
0 0.984709 0.752632 0.030581 0.173684
0 0.687564 0.792105 0.043833 0.126316
0 0.407238 0.306579 0.019368 0.065789
0 0.640163 0.405263 0.028542 0.100000
0 0.302243 0.242105 0.021407 0.068421
0 0.354740 0.228947 0.016310 0.057895
0 0.409786 0.459211 0.028542 0.086842
0 0.054536 0.548684 0.033639 0.102632
0 0.434251 0.202632 0.018349 0.068421
0 0.592762 0.434211 0.029562 0.073684
0 0.409276 0.381579 0.021407 0.068421
0 0.245158 0.194737 0.017329 0.057895
0 0.032110 0.318421 0.025484 0.068421
0 0.861876 0.338158 0.023445 0.076316
0 0.950051 0.618421 0.038736 0.100000
0 0.084098 0.311842 0.023445 0.076316
0 0.921509 0.313158 0.020387 0.068421
0 0.468909 0.261842 0.020387 0.065789
0 0.827727 0.717105 0.042813 0.107895
0 0.779817 0.375000 0.016310 0.086842
0 0.008665 0.294737 0.015291 0.063158
0 0.260958 0.605263 0.032620 0.094737
0 0.453109 0.340789 0.021407 0.071053
0 0.477574 0.465789 0.025484 0.073684
0 0.087156 0.415789 0.023445 0.084211
0 0.128950 0.327632 0.023445 0.081579
0 0.511723 0.469737 0.022426 0.081579
0 0.762487 0.368421 0.020387 0.068421
0 0.621305 0.223684 0.017329 0.052632
0 0.158512 0.222368 0.017329 0.055263
0 0.687054 0.330263 0.024465 0.065789
0 0.434760 0.896053 0.068298 0.197368
0 0.111621 0.221053 0.017329 0.057895
0 0.648828 0.284211 0.019368 0.068421
0 0.744139 0.242105 0.018349 0.063158
0 0.831804 0.303947 0.024465 0.060526
0 0.475535 0.184211 0.019368 0.052632
0 0.916922 0.444737 0.027523 0.084211
0 0.468909 0.413158 0.028542 0.073684
0 0.513761 0.369737 0.022426 0.081579
0 0.652905 0.567105 0.033639 0.102632
0 0.638634 0.186842 0.019368 0.052632
0 0.054536 0.828947 0.066259 0.089474
0 0.668705 0.188158 0.016310 0.050000
0 0.333333 0.373684 0.022426 0.057895
0 0.692151 0.211842 0.016310 0.060526
0 0.538736 0.826316 0.047910 0.110526
0 0.509684 0.122368 0.014271 0.044737
0 0.648828 0.731579 0.033639 0.110526
0 0.307339 0.119737 0.015291 0.050000
0 0.151376 0.303947 0.019368 0.060526
0 0.340469 0.193421 0.016310 0.050000
0 0.473496 0.684211 0.039755 0.094737
0 0.576962 0.165789 0.016310 0.047368
0 0.821101 0.202632 0.017329 0.052632
0 0.608563 0.513158 0.038736 0.078947
0 0.388889 0.314474 0.017329 0.060526
0 0.095311 0.203947 0.015291 0.050000
0 0.401631 0.164474 0.016310 0.055263
0 0.527013 0.721053 0.034659 0.110526
0 0.945464 0.290789 0.017329 0.060526
0 0.487258 0.276316 0.018349 0.063158
0 0.521916 0.098684 0.012232 0.034211
0 0.893476 0.093421 0.011213 0.034211
0 0.937309 0.909211 0.060143 0.128947
0 0.754842 0.126316 0.015291 0.042105
0 0.266565 0.148684 0.017329 0.060526
0 0.759429 0.230263 0.016310 0.060526
0 0.477574 0.138158 0.013252 0.034211
0 0.134047 0.107895 0.013252 0.036842
0 0.374618 0.193421 0.017329 0.055263
0 0.411315 0.601316 0.031600 0.113158
0 0.513252 0.207895 0.017329 0.052632
0 0.491845 0.357895 0.025484 0.084211
0 0.665647 0.452632 0.022426 0.073684
0 0.589704 0.252632 0.015291 0.057895
0 0.537717 0.307895 0.019368 0.073684
0 0.254332 0.340789 0.019368 0.065789
0 0.178389 0.340789 0.022426 0.071053
0 0.982161 0.480263 0.031600 0.097368
0 0.856269 0.628947 0.040775 0.110526
0 0.738532 0.121053 0.013252 0.036842
0 0.186035 0.976316 0.045872 0.047368
0 0.448012 0.111842 0.013252 0.039474
0 0.940367 0.071053 0.009174 0.031579
0 0.610601 0.359211 0.024465 0.071053
0 0.078491 0.232895 0.020387 0.060526
0 0.603976 0.085526 0.011213 0.039474
0 0.212538 0.489474 0.025484 0.100000
0 0.994393 0.423684 0.011213 0.094737
0 0.326707 0.142105 0.013252 0.042105
0 0.621305 0.406579 0.017329 0.086842
0 0.520387 0.263158 0.019368 0.063158
0 0.698267 0.156579 0.014271 0.044737
0 0.028033 0.388158 0.021407 0.071053
0 0.958206 0.160526 0.014271 0.052632
0 0.419980 0.169737 0.016310 0.055263
0 0.597350 0.202632 0.012232 0.047368
0 0.647808 0.123684 0.017329 0.047368
0 0.808869 0.961842 0.051988 0.076316
0 0.527523 0.153947 0.015291 0.060526
0 0.714067 0.136842 0.013252 0.036842
0 0.818043 0.872368 0.066259 0.118421
0 0.119266 0.175000 0.014271 0.044737
0 0.271662 0.309211 0.021407 0.065789
0 0.498471 0.634211 0.036697 0.078947
0 0.859327 0.644737 0.042813 0.142105
0 0.229358 0.336842 0.024465 0.084211
0 0.916922 0.211842 0.017329 0.050000
0 0.607543 0.207895 0.014271 0.047368
0 0.315494 0.288158 0.021407 0.050000
0 0.314985 0.350000 0.020387 0.068421
0 0.129460 0.217105 0.016310 0.050000
0 0.281346 0.450000 0.026504 0.063158
0 0.456677 0.063158 0.012232 0.031579
0 0.539755 0.177632 0.013252 0.050000
0 0.102446 0.069737 0.011213 0.034211
0 0.625892 0.132895 0.014271 0.050000
0 0.189093 0.140789 0.015291 0.044737
0 0.055556 0.905263 0.064220 0.189474
0 0.617737 0.059211 0.012232 0.034211
0 0.737003 0.172368 0.014271 0.050000
0 0.733945 0.086842 0.012232 0.031579
0 0.723242 0.173684 0.013252 0.047368
0 0.966871 0.217105 0.017329 0.055263
0 0.453109 0.219737 0.017329 0.050000
0 0.565749 0.036842 0.010194 0.031579
0 0.981651 0.088158 0.014271 0.044737
0 0.378186 0.596053 0.032620 0.102632
0 0.055046 0.125000 0.014271 0.044737
0 0.872579 0.092105 0.012232 0.036842
0 0.017839 0.244737 0.017329 0.052632
0 0.316514 0.167105 0.013252 0.044737
0 0.631498 0.052632 0.011213 0.036842
0 0.559633 0.322368 0.022426 0.055263
0 0.987768 0.259211 0.016310 0.050000
0 0.456167 0.498684 0.039755 0.060526
0 0.775229 0.130263 0.015291 0.044737
0 0.882773 0.426316 0.022426 0.073684
0 0.722222 0.073684 0.011213 0.031579
0 0.006626 0.068421 0.011213 0.031579
0 0.295107 0.100000 0.011213 0.036842
0 0.703364 0.109211 0.012232 0.039474
0 0.115189 0.075000 0.010194 0.034211
0 0.072885 0.082895 0.011213 0.034211
0 0.089195 0.142105 0.013252 0.036842
0 0.297655 0.531579 0.038736 0.105263
0 0.901121 0.171053 0.014271 0.047368
0 0.321101 0.068421 0.010194 0.031579
0 0.510194 0.172368 0.017329 0.044737
0 0.614679 0.907895 0.030581 0.121053
0 0.468400 0.350000 0.021407 0.063158
0 0.380224 0.611842 0.030581 0.123684
0 0.968909 0.089474 0.011213 0.036842
0 0.995413 0.125000 0.009174 0.039474
0 0.992355 0.225000 0.015291 0.044737
0 0.277778 0.092105 0.011213 0.036842
0 0.239042 0.106579 0.013252 0.044737
0 0.591743 0.735526 0.035678 0.102632
0 0.685015 0.930263 0.069317 0.123684
0 0.478084 0.073684 0.012232 0.031579
0 0.478593 0.102632 0.013252 0.036842
0 0.815494 0.559211 0.032620 0.097368
0 0.870031 0.203947 0.017329 0.050000
0 0.215087 0.103947 0.016310 0.050000
0 0.419980 0.188158 0.014271 0.060526
0 0.582569 0.206579 0.015291 0.044737
0 0.184506 0.189474 0.016310 0.052632
0 0.903670 0.138158 0.013252 0.034211
0 0.186544 0.415789 0.022426 0.057895
0 0.382773 0.628947 0.027523 0.136842
0 0.911825 0.100000 0.013252 0.036842
0 0.331804 0.071053 0.011213 0.031579
0 0.349643 0.482895 0.022426 0.060526
0 0.531091 0.053947 0.012232 0.034211
0 0.581549 0.118421 0.015291 0.042105
0 0.916922 0.734211 0.031600 0.105263
0 0.584608 0.072368 0.011213 0.034211
0 0.931193 0.289474 0.015291 0.063158
0 0.004587 0.103947 0.007136 0.039474
0 0.198267 0.090789 0.011213 0.039474
0 0.966871 0.547368 0.031600 0.078947
0 0.896534 0.036842 0.009174 0.026316
0 0.407747 0.102632 0.016310 0.042105
0 0.790010 0.082895 0.012232 0.034211
0 0.579001 0.321053 0.016310 0.063158
0 0.714577 0.043421 0.010194 0.028947
0 0.441386 0.063158 0.012232 0.031579
0 0.818552 0.153947 0.014271 0.039474
0 0.468909 0.110526 0.010194 0.036842
0 0.534659 0.098684 0.011213 0.034211
0 0.520387 0.063158 0.011213 0.031579
0 0.846585 0.155263 0.015291 0.047368
0 0.209480 0.213158 0.015291 0.047368
0 0.212029 0.282895 0.018349 0.060526
0 0.829256 0.127632 0.013252 0.039474
0 0.090724 0.085526 0.012232 0.034211
0 0.551988 0.156579 0.013252 0.050000
0 0.356269 0.897368 0.049949 0.157895
0 0.252294 0.931579 0.049949 0.136842
0 0.389908 0.478947 0.019368 0.063158
0 0.354740 0.336842 0.030581 0.089474
0 0.357798 0.163158 0.018349 0.052632
