0 0.385321 0.860526 0.055046 0.173684
0 0.273191 0.798684 0.050968 0.150000
0 0.781346 0.927632 0.043833 0.144737
0 0.110601 0.821053 0.058104 0.163158
0 0.968909 0.785526 0.043833 0.155263
0 0.524465 0.426316 0.029562 0.094737
0 0.676860 0.682895 0.040775 0.134211
0 0.494903 0.411842 0.027523 0.076316
0 0.511723 0.584211 0.036697 0.105263
0 0.569827 0.753947 0.034659 0.139474
0 0.274210 0.468421 0.028542 0.094737
0 0.456677 0.614474 0.038736 0.102632
0 0.865953 0.644737 0.041794 0.131579
0 0.574414 0.955263 0.064220 0.089474
0 0.488787 0.717105 0.039755 0.128947
0 0.431702 0.717105 0.033639 0.118421
0 0.328746 0.927632 0.058104 0.144737
0 0.897044 0.932895 0.059123 0.134211
0 0.191131 0.892105 0.062181 0.184211
0 0.366463 0.525000 0.029562 0.097368
0 0.912334 0.721053 0.040775 0.152632
0 0.922018 0.500000 0.031600 0.105263
0 0.494393 0.511842 0.032620 0.107895
0 0.817533 0.428947 0.032620 0.094737
0 0.298165 0.706579 0.041794 0.150000
0 0.741590 0.435526 0.029562 0.081579
0 0.707441 0.302632 0.020387 0.073684
0 0.817533 0.621053 0.036697 0.126316
0 0.750255 0.515789 0.030581 0.094737
0 0.694699 0.563158 0.033639 0.100000
0 0.647808 0.867105 0.072375 0.197368
0 0.505607 0.955263 0.061162 0.089474
0 0.918960 0.384211 0.021407 0.084211
0 0.778287 0.601316 0.037717 0.092105
0 0.243119 0.368421 0.021407 0.078947
0 0.392966 0.671053 0.035678 0.126316
0 0.494903 0.232895 0.019368 0.060526
0 0.870540 0.532895 0.032620 0.092105
0 0.419980 0.352632 0.024465 0.084211
0 0.336391 0.394737 0.024465 0.078947
0 0.675331 0.405263 0.029562 0.084211
0 0.517329 0.251316 0.025484 0.071053
0 0.465851 0.910526 0.057085 0.163158
0 0.740061 0.351316 0.022426 0.071053
0 0.223242 0.477632 0.022426 0.086842
0 0.962793 0.461842 0.029562 0.086842
0 0.769113 0.269737 0.021407 0.081579
0 0.667686 0.311842 0.024465 0.076316
0 0.186035 0.422368 0.025484 0.092105
0 0.256881 0.151316 0.016310 0.055263
0 0.324159 0.589474 0.024465 0.100000
0 0.605505 0.372368 0.030581 0.065789
0 0.669725 0.228947 0.020387 0.063158
0 0.531600 0.830263 0.049949 0.139474
0 0.180428 0.594737 0.044852 0.115789
0 0.070336 0.278947 0.022426 0.073684
0 0.339450 0.514474 0.024465 0.076316
0 0.254842 0.298684 0.020387 0.060526
0 0.099898 0.573684 0.036697 0.100000
0 0.985729 0.867105 0.028542 0.113158
0 0.037717 0.436842 0.024465 0.078947
0 0.158002 0.288158 0.018349 0.060526
0 0.351172 0.322368 0.021407 0.065789
0 0.014271 0.506579 0.026504 0.102632
0 0.898063 0.388158 0.022426 0.086842
0 0.593782 0.223684 0.019368 0.063158
0 0.403160 0.456579 0.029562 0.076316
0 0.436799 0.518421 0.025484 0.078947
0 0.249745 0.563158 0.032620 0.078947
0 0.401121 0.547368 0.027523 0.110526
0 0.927115 0.225000 0.017329 0.060526
0 0.361876 0.626316 0.028542 0.094737
0 0.449032 0.427632 0.029562 0.092105
0 0.342508 0.206579 0.018349 0.065789
0 0.735984 0.269737 0.020387 0.071053
0 0.060652 0.359211 0.021407 0.071053
0 0.371560 0.130263 0.019368 0.060526
0 0.598879 0.655263 0.039755 0.078947
0 0.803262 0.121053 0.012232 0.036842
0 0.149847 0.400000 0.030581 0.084211
0 0.475025 0.284211 0.020387 0.063158
0 0.099898 0.690789 0.042813 0.102632
0 0.897554 0.121053 0.013252 0.047368
0 0.772681 0.775000 0.044852 0.118421
0 0.265036 0.102632 0.014271 0.042105
0 0.408257 0.548684 0.031600 0.118421
0 0.619266 0.551316 0.033639 0.107895
0 0.581040 0.300000 0.016310 0.057895
0 0.416412 0.961842 0.054027 0.055263
0 0.290010 0.331579 0.027523 0.110526
0 0.506116 0.184211 0.017329 0.047368
0 0.011213 0.900000 0.020387 0.142105
0 0.979613 0.526316 0.026504 0.100000
0 0.426606 0.206579 0.021407 0.065789
0 0.135576 0.123684 0.014271 0.047368
0 0.290520 0.126316 0.014271 0.047368
0 0.446483 0.322368 0.026504 0.081579
0 0.989297 0.430263 0.021407 0.076316
0 0.024975 0.238158 0.019368 0.060526
0 0.568807 0.284211 0.018349 0.068421
0 0.399083 0.102632 0.015291 0.047368
0 0.009684 0.415789 0.017329 0.068421
0 0.568298 0.613158 0.027523 0.073684
0 0.960245 0.656579 0.048930 0.128947
0 0.549439 0.877632 0.040775 0.086842
0 0.645260 0.180263 0.016310 0.055263
0 0.069317 0.125000 0.014271 0.050000
0 0.784913 0.400000 0.022426 0.068421
0 0.300204 0.228947 0.019368 0.057895
0 0.712029 0.444737 0.023445 0.084211
0 0.183486 0.321053 0.020387 0.068421
0 0.283384 0.206579 0.016310 0.060526
0 0.738532 0.982895 0.054027 0.034211
0 0.700815 0.106579 0.017329 0.050000
0 0.233945 0.142105 0.013252 0.036842
0 0.291030 0.077632 0.011213 0.039474
0 0.680428 0.105263 0.013252 0.036842
0 0.041284 0.663158 0.031600 0.115789
0 0.450561 0.218421 0.020387 0.057895
0 0.216106 0.096053 0.012232 0.034211
0 0.234964 0.100000 0.013252 0.036842
0 0.518349 0.080263 0.013252 0.039474
0 0.663609 0.503947 0.034659 0.102632
0 0.378186 0.069737 0.012232 0.039474
0 0.130479 0.335526 0.018349 0.060526
0 0.898573 0.311842 0.021407 0.060526
0 0.993884 0.327632 0.012232 0.065789
0 0.051988 0.123684 0.014271 0.042105
0 0.237513 0.942105 0.057085 0.115789
0 0.689602 0.292105 0.017329 0.073684
0 0.454638 0.257895 0.018349 0.057895
0 0.198267 0.071053 0.011213 0.036842
0 0.938328 0.350000 0.021407 0.073684
0 0.728848 0.111842 0.014271 0.039474
0 0.106014 0.150000 0.012232 0.036842
0 0.347604 0.131579 0.018349 0.052632
0 0.875637 0.205263 0.018349 0.052632
0 0.177370 0.252632 0.016310 0.057895
0 0.773700 0.093421 0.012232 0.039474
0 0.155454 0.157895 0.015291 0.052632
0 0.612640 0.613158 0.030581 0.100000
0 0.612640 0.156579 0.016310 0.050000
0 0.329766 0.060526 0.011213 0.036842
0 0.247197 0.706579 0.027523 0.102632
0 0.642712 0.248684 0.019368 0.060526
0 0.118756 0.148684 0.013252 0.044737
0 0.651376 0.089474 0.014271 0.047368
0 0.403160 0.175000 0.015291 0.044737
0 0.389399 0.128947 0.014271 0.047368
0 0.086137 0.115789 0.013252 0.036842
0 0.140163 0.207895 0.017329 0.057895
0 0.259429 0.250000 0.019368 0.047368
0 0.648828 0.693421 0.021407 0.092105
0 0.103976 0.121053 0.010194 0.031579
0 0.332314 0.268421 0.018349 0.063158
0 0.247706 0.093421 0.012232 0.034211
0 0.788481 0.111842 0.013252 0.039474
0 0.357288 0.078947 0.013252 0.036842
0 0.304791 0.051316 0.012232 0.039474
0 0.327727 0.161842 0.017329 0.055263
0 0.956677 0.555263 0.027523 0.068421
0 0.365443 0.190789 0.015291 0.050000
0 0.993374 0.252632 0.013252 0.052632
0 0.569827 0.406579 0.028542 0.092105
0 0.190112 0.247368 0.013252 0.057895
0 0.302243 0.421053 0.021407 0.057895
0 0.453619 0.122368 0.012232 0.044737
0 0.635576 0.152632 0.015291 0.047368
0 0.492864 0.084211 0.011213 0.036842
0 0.822120 0.119737 0.015291 0.044737
0 0.462793 0.510526 0.022426 0.084211
0 0.018349 0.096053 0.014271 0.034211
0 0.595311 0.169737 0.016310 0.044737
0 0.580530 0.522368 0.021407 0.086842
0 0.205403 0.168421 0.013252 0.047368
0 0.319062 0.338158 0.020387 0.060526
0 0.603976 0.752632 0.029562 0.115789
0 0.173293 0.340789 0.016310 0.055263
0 0.070846 0.425000 0.025484 0.065789
0 0.822630 0.521053 0.030581 0.078947
0 0.391947 0.064474 0.013252 0.034211
0 0.347095 0.094737 0.013252 0.031579
0 0.422018 0.107895 0.016310 0.042105
0 0.108563 0.335526 0.017329 0.060526
0 0.977064 0.102632 0.011213 0.036842
0 0.992864 0.117105 0.014271 0.044737
0 0.048930 0.125000 0.014271 0.039474
0 0.223751 0.134211 0.013252 0.042105
0 0.844037 0.230263 0.016310 0.044737
0 0.057085 0.928947 0.048930 0.142105
0 0.571865 0.217105 0.018349 0.055263
0 0.013252 0.913158 0.024465 0.168421
0 0.878186 0.282895 0.021407 0.071053
0 0.994393 0.178947 0.011213 0.052632
0 0.793578 0.276316 0.019368 0.057895
0 0.556065 0.036842 0.009174 0.026316
0 0.134557 0.207895 0.016310 0.052632
0 0.853721 0.178947 0.015291 0.047368
0 0.751784 0.128947 0.013252 0.042105
0 0.420999 0.153947 0.014271 0.039474
0 0.484709 0.123684 0.015291 0.047368
0 0.219674 0.290789 0.017329 0.060526
0 0.796636 0.063158 0.011213 0.031579
0 0.051478 0.251316 0.015291 0.060526
0 0.625892 0.322368 0.020387 0.065789
0 0.990316 0.593421 0.019368 0.102632
0 0.782875 0.697368 0.040775 0.094737
0 0.343017 0.063158 0.011213 0.031579
0 0.180938 0.088158 0.009174 0.034211
0 0.240061 0.173684 0.015291 0.047368
0 0.848114 0.447368 0.024465 0.063158
0 0.178899 0.165789 0.015291 0.052632
0 0.264016 0.034211 0.012232 0.036842
0 0.944954 0.107895 0.014271 0.047368
0 0.006116 0.057895 0.010194 0.026316
0 0.275739 0.146053 0.015291 0.044737
0 0.923038 0.089474 0.011213 0.031579
0 0.602956 0.444737 0.033639 0.100000
0 0.589195 0.121053 0.014271 0.042105
0 0.738022 0.853947 0.038736 0.113158
0 0.015291 0.697368 0.028542 0.110526
0 0.064730 0.773684 0.031600 0.142105
0 0.031091 0.800000 0.035678 0.136842
0 0.182977 0.536842 0.035678 0.105263
0 0.138634 0.542105 0.034659 0.126316
0 0.120285 0.444737 0.038736 0.105263
0 0.070846 0.500000 0.031600 0.115789
0 0.879715 0.818421 0.050968 0.131579
0 0.843017 0.765789 0.042813 0.115789
0 0.822120 0.901316 0.054027 0.192105
0 0.735984 0.713158 0.048930 0.110526
0 0.720693 0.635526 0.040775 0.123684
0 0.765036 0.571053 0.033639 0.110526
0 0.764016 0.360526 0.017329 0.063158
0 0.860347 0.423684 0.028542 0.105263
0 0.816514 0.351316 0.030581 0.071053
0 0.375127 0.372368 0.026504 0.071053
0 0.214067 0.232895 0.026504 0.060526
0 0.523445 0.205263 0.019368 0.068421
0 0.544852 0.159211 0.019368 0.086842
0 0.497961 0.303947 0.027523 0.102632
0 0.480122 0.353947 0.028542 0.071053
0 0.688583 0.185526 0.017329 0.055263
0 0.789501 0.214474 0.019368 0.055263
0 0.541284 0.089474 0.016310 0.036842
0 0.527523 0.128947 0.015291 0.042105
0 0.479103 0.182895 0.018349 0.065789
0 0.645770 0.473684 0.033639 0.100000
0 0.210499 0.719737 0.039755 0.160526
0 0.186544 0.764474 0.065240 0.123684
0 0.094292 0.307895 0.023445 0.073684
0 0.013761 0.144737 0.017329 0.063158
0 0.214067 0.385526 0.028542 0.071053
0 0.877166 0.365789 0.027523 0.094737
0 0.854740 0.317105 0.019368 0.071053
0 0.905199 0.260526 0.020387 0.073684
0 0.840979 0.113158 0.018349 0.068421
0 0.862895 0.128947 0.019368 0.063158
0 0.543323 0.688158 0.038736 0.118421
0 0.420489 0.878947 0.031600 0.110526
