0 0.461774 0.604167 0.016310 0.023551
0 0.619776 0.449275 0.016310 0.018116
0 0.333333 0.446558 0.016310 0.023551
0 0.666157 0.428442 0.013252 0.019928
0 0.682977 0.430254 0.016310 0.023551
0 0.740571 0.605072 0.015291 0.021739
0 0.619776 0.497283 0.016310 0.023551
0 0.611621 0.607790 0.014271 0.023551
0 0.679409 0.508152 0.015291 0.019928
0 0.400102 0.480072 0.017329 0.025362
0 0.641692 0.525362 0.015291 0.021739
0 0.489297 0.495471 0.014271 0.023551
0 0.645260 0.446558 0.014271 0.019928
0 0.659531 0.533514 0.014271 0.016304
0 0.579511 0.422101 0.015291 0.018116
0 0.283384 0.621377 0.018349 0.021739
0 0.633537 0.617754 0.019368 0.025362
0 0.684506 0.616848 0.017329 0.019928
0 0.675841 0.560688 0.014271 0.019928
0 0.581040 0.509058 0.014271 0.018116
0 0.664118 0.607790 0.015291 0.023551
0 0.028033 0.438406 0.011213 0.021739
0 0.191131 0.595109 0.019368 0.023551
0 0.859837 0.609601 0.019368 0.023551
0 0.501529 0.628623 0.018349 0.021739
0 0.704893 0.435688 0.015291 0.019928
0 0.760449 0.528986 0.014271 0.021739
0 0.239042 0.556159 0.017329 0.021739
0 0.602956 0.449275 0.013252 0.018116
0 0.705912 0.527174 0.013252 0.021739
0 0.379715 0.538949 0.013252 0.023551
0 0.456167 0.440217 0.013252 0.018116
0 0.713048 0.606884 0.013252 0.032609
0 0.863914 0.527174 0.013252 0.021739
0 0.865953 0.430254 0.015291 0.019928
0 0.755352 0.408514 0.016310 0.027174
0 0.735474 0.444746 0.013252 0.027174
0 0.390928 0.603261 0.017329 0.025362
0 0.318043 0.555254 0.014271 0.027174
0 0.764016 0.620471 0.013252 0.034420
0 0.343017 0.423913 0.011213 0.021739
0 0.314985 0.501812 0.016310 0.025362
0 0.273191 0.394022 0.016310 0.023551
0 0.158002 0.586957 0.016310 0.021739
0 0.175331 0.527174 0.014271 0.014493
0 0.181448 0.460145 0.014271 0.021739
0 0.135576 0.442029 0.016310 0.021739
0 0.115189 0.512681 0.016310 0.021739
0 0.097859 0.468297 0.010194 0.016304
0 0.083588 0.521739 0.012232 0.018116
0 0.099898 0.591486 0.014271 0.027174
0 0.014271 0.444746 0.014271 0.016304
0 0.019878 0.479167 0.011213 0.016304
0 0.040265 0.508152 0.013252 0.016304
0 0.045872 0.544384 0.012232 0.016304
0 0.055556 0.586051 0.011213 0.016304
0 0.027523 0.566123 0.010194 0.016304
0 0.024465 0.519928 0.012232 0.014493
0 0.015291 0.540761 0.010194 0.016304
0 0.011723 0.508152 0.009174 0.016304
0 0.004077 0.559783 0.006116 0.014493
