0 0.544852 0.650362 0.015291 0.021739
0 0.496432 0.616848 0.018349 0.023551
0 0.615189 0.596014 0.017329 0.021739
0 0.589704 0.514493 0.015291 0.021739
0 0.541284 0.429348 0.018349 0.025362
0 0.676860 0.515399 0.016310 0.023551
0 0.480632 0.465580 0.015291 0.021739
0 0.712029 0.442029 0.017329 0.025362
0 0.636595 0.621377 0.017329 0.021739
0 0.616208 0.519928 0.015291 0.025362
0 0.715596 0.523551 0.014271 0.021739
0 0.744139 0.487319 0.016310 0.021739
0 0.715596 0.593297 0.014271 0.019928
0 0.593782 0.441123 0.013252 0.019928
0 0.351172 0.528986 0.015291 0.021739
0 0.572375 0.439312 0.013252 0.019928
0 0.466871 0.592391 0.016310 0.021739
0 0.589704 0.642210 0.015291 0.023551
0 0.731906 0.631341 0.014271 0.023551
0 0.559123 0.580616 0.017329 0.019928
0 0.476555 0.503623 0.013252 0.021739
0 0.618756 0.425725 0.014271 0.021739
0 0.400612 0.541667 0.016310 0.025362
0 0.670234 0.619565 0.017329 0.021739
0 0.151376 0.548913 0.015291 0.021739
0 0.635576 0.525362 0.017329 0.021739
0 0.124363 0.534420 0.018349 0.021739
0 0.572375 0.517210 0.015291 0.023551
0 0.520387 0.523551 0.015291 0.025362
0 0.226809 0.436594 0.015291 0.021739
0 0.422018 0.605072 0.016310 0.021739
0 0.542304 0.525362 0.016310 0.021739
0 0.688073 0.438406 0.014271 0.021739
0 0.420489 0.442029 0.017329 0.021739
0 0.642202 0.422101 0.014271 0.018116
0 0.655963 0.536232 0.013252 0.021739
0 0.461774 0.422101 0.016310 0.018116
0 0.765036 0.518116 0.013252 0.021739
0 0.486748 0.668478 0.015291 0.018116
0 0.201835 0.577899 0.014271 0.021739
0 0.345566 0.605072 0.016310 0.025362
0 0.729358 0.557065 0.015291 0.019928
0 0.671254 0.409420 0.013252 0.021739
0 0.029562 0.509964 0.016310 0.019928
0 0.862385 0.610507 0.018349 0.018116
0 0.861876 0.528080 0.015291 0.016304
0 0.863405 0.430254 0.016310 0.019928
0 0.757900 0.632246 0.015291 0.025362
0 0.739551 0.423007 0.015291 0.019928
0 0.678899 0.550725 0.012232 0.021739
0 0.685525 0.615942 0.013252 0.021739
0 0.680428 0.661232 0.015291 0.018116
0 0.575943 0.377717 0.020387 0.027174
0 0.535168 0.590580 0.014271 0.025362
0 0.290520 0.604167 0.012232 0.016304
0 0.238022 0.612319 0.015291 0.018116
0 0.272681 0.549819 0.011213 0.016304
0 0.250255 0.485507 0.013252 0.021739
0 0.221203 0.538949 0.014271 0.019928
0 0.190622 0.511775 0.014271 0.016304
0 0.154944 0.487319 0.010194 0.018116
0 0.165647 0.441123 0.015291 0.016304
0 0.190112 0.419384 0.013252 0.019928
0 0.122324 0.436594 0.014271 0.018116
0 0.105505 0.460145 0.009174 0.010870
0 0.073394 0.453804 0.010194 0.012681
0 0.095821 0.512681 0.014271 0.014493
0 0.134557 0.591486 0.014271 0.019928
0 0.096840 0.590580 0.012232 0.014493
0 0.052497 0.516304 0.011213 0.014493
0 0.068807 0.567935 0.011213 0.016304
0 0.041284 0.567029 0.011213 0.014493
0 0.028542 0.585145 0.014271 0.014493
0 0.020387 0.546196 0.010194 0.016304
0 0.043833 0.442935 0.012232 0.016304
0 0.021916 0.445652 0.009174 0.014493
0 0.009174 0.455616 0.008155 0.012681
0 0.372579 0.440217 0.017329 0.025362
