0 0.480632 0.599638 0.015291 0.021739
0 0.628440 0.619565 0.019368 0.021739
0 0.458716 0.447464 0.018349 0.021739
0 0.353721 0.603261 0.016310 0.021739
0 0.385831 0.605072 0.017329 0.018116
0 0.607034 0.685688 0.019368 0.023551
0 0.553007 0.522645 0.015291 0.027174
0 0.709990 0.443841 0.015291 0.021739
0 0.682467 0.538949 0.015291 0.023551
0 0.355250 0.515399 0.015291 0.023551
0 0.384811 0.448370 0.017329 0.023551
0 0.339959 0.440217 0.017329 0.021739
0 0.483180 0.525362 0.016310 0.021739
0 0.516820 0.505435 0.016310 0.021739
0 0.638634 0.518116 0.017329 0.021739
0 0.678899 0.623188 0.018349 0.021739
0 0.365443 0.673007 0.015291 0.019928
0 0.677880 0.505435 0.014271 0.021739
0 0.453109 0.608696 0.017329 0.025362
0 0.513761 0.617754 0.016310 0.021739
0 0.688073 0.429348 0.014271 0.021739
0 0.672273 0.407609 0.015291 0.021739
0 0.559633 0.652174 0.016310 0.021739
0 0.455657 0.515399 0.016310 0.023551
0 0.433231 0.483696 0.016310 0.021739
0 0.414883 0.615942 0.016310 0.021739
0 0.722732 0.602355 0.014271 0.019928
0 0.332314 0.576993 0.016310 0.019928
0 0.645260 0.447464 0.014271 0.021739
0 0.694190 0.595109 0.016310 0.019928
0 0.711519 0.532609 0.016310 0.021739
0 0.568807 0.529891 0.016310 0.019928
0 0.733945 0.440217 0.014271 0.018116
0 0.733435 0.487319 0.017329 0.021739
0 0.438838 0.548913 0.015291 0.021739
0 0.611621 0.513587 0.016310 0.019928
0 0.590724 0.498188 0.015291 0.025362
0 0.588685 0.600543 0.015291 0.019928
0 0.306830 0.468297 0.018349 0.019928
0 0.461264 0.673007 0.015291 0.019928
0 0.509684 0.406703 0.014271 0.019928
0 0.312946 0.541667 0.016310 0.025362
0 0.618247 0.432065 0.017329 0.023551
0 0.435270 0.403986 0.016310 0.018116
0 0.313965 0.630435 0.014271 0.025362
0 0.531091 0.674819 0.014271 0.023551
0 0.185525 0.623188 0.014271 0.018116
0 0.175841 0.439312 0.015291 0.023551
0 0.595311 0.444746 0.016310 0.019928
0 0.352192 0.369565 0.015291 0.021739
0 0.405199 0.497283 0.017329 0.023551
0 0.278287 0.586957 0.018349 0.025362
0 0.243119 0.508152 0.017329 0.019928
0 0.542304 0.426630 0.016310 0.023551
0 0.409786 0.396739 0.016310 0.021739
0 0.224771 0.575181 0.015291 0.023551
0 0.062181 0.525362 0.014271 0.018116
0 0.141182 0.443841 0.015291 0.021739
0 0.529052 0.554348 0.014271 0.021739
0 0.734455 0.615942 0.017329 0.021739
0 0.214577 0.372283 0.015291 0.019928
0 0.759429 0.635870 0.016310 0.025362
0 0.285423 0.489130 0.016310 0.021739
0 0.641182 0.669384 0.014271 0.019928
0 0.115698 0.419384 0.015291 0.019928
0 0.781346 0.618659 0.015291 0.023551
0 0.790010 0.527174 0.014271 0.018116
0 0.795107 0.432065 0.014271 0.023551
0 0.755352 0.417572 0.012232 0.023551
0 0.764526 0.520833 0.012232 0.023551
0 0.706422 0.666667 0.014271 0.028986
0 0.640163 0.389493 0.020387 0.021739
0 0.657492 0.542572 0.012232 0.019928
0 0.581549 0.431159 0.015291 0.025362
0 0.410296 0.679348 0.017329 0.025362
0 0.393986 0.535326 0.017329 0.023551
0 0.310907 0.397645 0.014271 0.023551
0 0.276249 0.435688 0.014271 0.019928
0 0.239551 0.411232 0.014271 0.018116
0 0.208970 0.502717 0.010194 0.016304
0 0.249745 0.607790 0.018349 0.019928
0 0.217125 0.637681 0.016310 0.018116
0 0.189602 0.550725 0.012232 0.018116
0 0.171764 0.505435 0.013252 0.018116
0 0.155454 0.557065 0.013252 0.016304
0 0.168705 0.609601 0.013252 0.016304
0 0.152396 0.606884 0.011213 0.018116
0 0.085627 0.608696 0.012232 0.014493
0 0.120285 0.533514 0.010194 0.023551
0 0.091233 0.423913 0.013252 0.018116
0 0.062691 0.432971 0.013252 0.018116
0 0.762997 0.017210 0.015291 0.023551
