0 0.682467 0.605978 0.017329 0.023551
0 0.722732 0.601449 0.016310 0.021739
0 0.792559 0.622283 0.015291 0.027174
0 0.834862 0.539855 0.018349 0.028986
0 0.707951 0.432971 0.015291 0.021739
0 0.738532 0.982790 0.015291 0.019928
0 0.735984 0.519022 0.012232 0.023551
0 0.870540 0.484601 0.014271 0.019928
0 0.817533 0.619565 0.012232 0.025362
0 0.795107 0.524457 0.014271 0.019928
0 0.779307 0.275362 0.013252 0.025362
0 0.759429 0.415761 0.014271 0.019928
0 0.824159 0.436594 0.013252 0.021739
0 0.871560 0.538043 0.010194 0.021739
0 0.906218 0.489130 0.012232 0.021739
0 0.885831 0.589674 0.012232 0.019928
0 0.854230 0.591486 0.014271 0.019928
0 0.872579 0.635870 0.010194 0.018116
0 0.845056 0.652174 0.012232 0.025362
0 0.813965 0.672101 0.015291 0.018116
0 0.839450 0.703804 0.013252 0.027174
0 0.877166 0.696558 0.011213 0.019928
0 0.860856 0.750906 0.013252 0.027174
0 0.835372 0.765399 0.013252 0.023551
0 0.808869 0.739130 0.013252 0.018116
0 0.792559 0.794384 0.015291 0.023551
0 0.846585 0.818841 0.013252 0.021739
0 0.827217 0.863225 0.011213 0.023551
0 0.813965 0.913949 0.013252 0.019928
0 0.790520 0.942029 0.011213 0.021739
0 0.767584 0.915761 0.012232 0.019928
0 0.752803 0.922101 0.013252 0.021739
0 0.781346 0.875906 0.013252 0.019928
0 0.772681 0.854167 0.010194 0.023551
0 0.767074 0.017210 0.013252 0.019928
