0 0.485729 0.529891 0.015291 0.023551
0 0.552497 0.639493 0.016310 0.021739
0 0.517839 0.513587 0.014271 0.019928
0 0.385321 0.604167 0.016310 0.019928
0 0.622324 0.618659 0.017329 0.023551
0 0.549439 0.515399 0.014271 0.023551
0 0.693680 0.619565 0.015291 0.021739
0 0.689093 0.438406 0.014271 0.021739
0 0.480632 0.593297 0.017329 0.023551
0 0.707951 0.670290 0.013252 0.021739
0 0.455657 0.515399 0.016310 0.023551
0 0.339959 0.438406 0.017329 0.021739
0 0.309378 0.539855 0.019368 0.025362
0 0.684506 0.539855 0.013252 0.021739
0 0.611621 0.513587 0.016310 0.019928
0 0.410805 0.617754 0.018349 0.021739
0 0.569317 0.508152 0.015291 0.019928
0 0.366972 0.672101 0.016310 0.018116
0 0.720183 0.605072 0.015291 0.021739
0 0.225790 0.582428 0.017329 0.019928
0 0.432722 0.482790 0.015291 0.019928
0 0.326198 0.579710 0.016310 0.021739
0 0.407238 0.497283 0.015291 0.023551
0 0.457187 0.445652 0.017329 0.021739
0 0.386850 0.450181 0.017329 0.023551
0 0.676351 0.637681 0.015291 0.021739
0 0.278797 0.586957 0.017329 0.025362
0 0.591233 0.493659 0.014271 0.019928
0 0.508155 0.615942 0.017329 0.021739
0 0.577982 0.605978 0.016310 0.019928
0 0.635576 0.519022 0.017329 0.023551
0 0.408767 0.682971 0.016310 0.021739
0 0.550968 0.421196 0.015291 0.023551
0 0.355759 0.586957 0.016310 0.021739
0 0.703364 0.555254 0.014271 0.019928
0 0.527523 0.562500 0.015291 0.023551
0 0.715596 0.439312 0.016310 0.023551
0 0.217125 0.374094 0.018349 0.019928
0 0.490316 0.406703 0.018349 0.027174
0 0.314985 0.628623 0.016310 0.021739
0 0.285423 0.510870 0.018349 0.021739
0 0.348114 0.525362 0.019368 0.025362
0 0.657492 0.537138 0.014271 0.019928
0 0.682977 0.503623 0.014271 0.021739
0 0.860347 0.610507 0.016310 0.025362
0 0.644241 0.657609 0.016310 0.025362
0 0.617227 0.430254 0.015291 0.023551
0 0.406218 0.398551 0.017329 0.021739
0 0.211009 0.500000 0.016310 0.021739
0 0.438328 0.549819 0.014271 0.023551
0 0.740061 0.463768 0.016310 0.021739
0 0.241590 0.504529 0.016310 0.019928
0 0.638124 0.427536 0.016310 0.021739
0 0.356269 0.347826 0.017329 0.021739
0 0.176351 0.440217 0.014271 0.021739
0 0.186035 0.621377 0.015291 0.018116
0 0.581040 0.434783 0.014271 0.021739
0 0.458716 0.675725 0.014271 0.021739
0 0.143221 0.424819 0.015291 0.019928
0 0.515291 0.694746 0.015291 0.019928
0 0.731906 0.509058 0.016310 0.021739
0 0.725280 0.541667 0.011213 0.018116
0 0.434760 0.413043 0.019368 0.021739
0 0.309378 0.468297 0.017329 0.023551
0 0.736493 0.620471 0.013252 0.019928
0 0.525484 0.437500 0.015291 0.023551
0 0.864934 0.537138 0.015291 0.023551
0 0.866463 0.428442 0.014271 0.019928
0 0.766055 0.621377 0.013252 0.025362
0 0.761468 0.524457 0.012232 0.023551
0 0.754842 0.417572 0.013252 0.019928
0 0.671764 0.400362 0.014271 0.025362
0 0.602446 0.695652 0.014271 0.025362
0 0.450051 0.586957 0.015291 0.018116
0 0.393476 0.528986 0.018349 0.025362
0 0.312436 0.384058 0.015291 0.025362
0 0.277778 0.429348 0.013252 0.021739
0 0.239551 0.409420 0.018349 0.018116
0 0.190622 0.559783 0.014271 0.021739
0 0.252803 0.607790 0.016310 0.023551
0 0.217125 0.632246 0.014271 0.021739
0 0.168196 0.608696 0.014271 0.021739
0 0.159531 0.567935 0.013252 0.019928
0 0.171254 0.504529 0.010194 0.016304
0 0.138124 0.629529 0.015291 0.019928
0 0.084608 0.603261 0.014271 0.021739
0 0.118247 0.534420 0.012232 0.018116
0 0.116718 0.418478 0.015291 0.018116
0 0.088685 0.440217 0.014271 0.018116
0 0.058614 0.442029 0.013252 0.018116
0 0.064220 0.520833 0.012232 0.016304
