0 0.549439 0.404891 0.016310 0.023551
0 0.516310 0.492754 0.017329 0.021739
0 0.560143 0.492754 0.017329 0.021739
0 0.492355 0.374094 0.016310 0.023551
0 0.316514 0.491848 0.017329 0.023551
0 0.581040 0.395833 0.016310 0.023551
0 0.478084 0.447464 0.018349 0.025362
0 0.451580 0.375000 0.016310 0.021739
0 0.565240 0.339674 0.015291 0.023551
0 0.386850 0.535326 0.015291 0.023551
0 0.408257 0.338768 0.015291 0.021739
0 0.426606 0.511775 0.017329 0.023551
0 0.293578 0.364130 0.014271 0.021739
0 0.448522 0.468297 0.016310 0.019928
0 0.294597 0.408514 0.014271 0.023551
0 0.280836 0.496377 0.017329 0.021739
0 0.529052 0.331522 0.016310 0.021739
0 0.188583 0.484601 0.014271 0.019928
0 0.339959 0.558877 0.017329 0.023551
0 0.588685 0.507246 0.015291 0.021739
0 0.679918 0.398551 0.014271 0.021739
0 0.251784 0.352355 0.016310 0.019928
0 0.237003 0.437500 0.015291 0.023551
0 0.511213 0.432971 0.017329 0.025362
0 0.407747 0.441123 0.016310 0.019928
0 0.691131 0.458333 0.014271 0.025362
0 0.614169 0.442029 0.017329 0.021739
0 0.658002 0.503623 0.017329 0.025362
0 0.214577 0.424819 0.015291 0.019928
0 0.482161 0.327899 0.014271 0.021739
0 0.590724 0.585145 0.013252 0.021739
0 0.100917 0.406703 0.010194 0.019928
0 0.325688 0.394928 0.017329 0.021739
0 0.371050 0.348732 0.016310 0.019928
0 0.687054 0.509964 0.014271 0.019928
0 0.365443 0.483696 0.017329 0.021739
0 0.646789 0.442935 0.015291 0.023551
0 0.375127 0.436594 0.016310 0.025362
0 0.181448 0.370471 0.020387 0.019928
0 0.149847 0.389493 0.014271 0.014493
0 0.792049 0.635870 0.022426 0.028986
0 0.319572 0.392210 0.017329 0.019928
0 0.665647 0.724638 0.012232 0.021739
0 0.629969 0.359601 0.016310 0.030797
0 0.558104 0.287138 0.015291 0.023551
0 0.668196 0.606884 0.013252 0.025362
0 0.640163 0.535326 0.012232 0.019928
0 0.610601 0.500000 0.012232 0.028986
0 0.849134 0.529891 0.008155 0.019928
0 0.874618 0.197464 0.014271 0.021739
0 0.879205 0.239130 0.011213 0.025362
0 0.890928 0.659420 0.010194 0.021739
0 0.627931 0.828804 0.012232 0.027174
0 0.479103 0.700181 0.016310 0.038043
0 0.433741 0.567029 0.013252 0.025362
0 0.540775 0.552536 0.011213 0.025362
0 0.453619 0.315217 0.014271 0.025362
0 0.225280 0.554348 0.016310 0.021739
0 0.248726 0.497283 0.012232 0.023551
0 0.196738 0.438406 0.014271 0.018116
0 0.198267 0.520833 0.013252 0.023551
0 0.164118 0.528080 0.014271 0.016304
0 0.166157 0.482790 0.016310 0.016304
0 0.163609 0.423913 0.013252 0.021739
0 0.208970 0.335145 0.016310 0.025362
0 0.151886 0.333333 0.012232 0.018116
0 0.136595 0.307065 0.010194 0.016304
0 0.091743 0.338768 0.012232 0.018116
0 0.121305 0.388587 0.014271 0.016304
0 0.102446 0.446558 0.011213 0.016304
0 0.076962 0.336957 0.011213 0.025362
0 0.079001 0.429348 0.015291 0.021739
0 0.141692 0.498188 0.014271 0.018116
0 0.136595 0.555254 0.012232 0.019928
0 0.082059 0.566123 0.013252 0.019928
0 0.099388 0.530797 0.015291 0.018116
0 0.112640 0.515399 0.017329 0.016304
0 0.094292 0.490942 0.011213 0.014493
0 0.072375 0.498188 0.012232 0.018116
0 0.065749 0.540761 0.011213 0.023551
0 0.053007 0.508152 0.012232 0.016304
0 0.051478 0.468297 0.009174 0.016304
0 0.043323 0.407609 0.007136 0.021739
0 0.031091 0.401268 0.011213 0.016304
0 0.008155 0.383152 0.012232 0.012681
0 0.015291 0.428442 0.008155 0.016304
0 0.022426 0.473732 0.010194 0.016304
0 0.016820 0.494565 0.013252 0.018116
0 0.023955 0.533514 0.011213 0.019928
0 0.038736 0.502717 0.006116 0.012681
