0 0.589195 0.399457 0.016310 0.023551
0 0.549949 0.395833 0.015291 0.023551
0 0.314475 0.488225 0.017329 0.023551
0 0.409276 0.427536 0.019368 0.021739
0 0.651886 0.439312 0.015291 0.023551
0 0.378695 0.422101 0.015291 0.021739
0 0.512742 0.490036 0.016310 0.023551
0 0.448522 0.484601 0.018349 0.023551
0 0.565240 0.337862 0.013252 0.019928
0 0.554536 0.475543 0.016310 0.027174
0 0.614169 0.445652 0.015291 0.025362
0 0.334353 0.394022 0.014271 0.023551
0 0.477574 0.451993 0.019368 0.027174
0 0.424057 0.507246 0.018349 0.021739
0 0.512232 0.430254 0.015291 0.027174
0 0.237513 0.437500 0.016310 0.023551
0 0.481142 0.306159 0.014271 0.021739
0 0.188073 0.484601 0.015291 0.019928
0 0.385831 0.542572 0.017329 0.023551
0 0.323649 0.352355 0.019368 0.023551
0 0.371050 0.334239 0.014271 0.019928
0 0.248216 0.351449 0.017329 0.021739
0 0.602956 0.509058 0.015291 0.021739
0 0.338430 0.561594 0.018349 0.025362
0 0.148828 0.381341 0.014271 0.019928
0 0.183486 0.371377 0.016310 0.021739
0 0.492355 0.366848 0.016310 0.023551
0 0.195209 0.437500 0.015291 0.019928
0 0.657492 0.497283 0.016310 0.023551
0 0.545362 0.292572 0.016310 0.016304
0 0.166157 0.483696 0.012232 0.021739
0 0.661060 0.591486 0.017329 0.023551
0 0.632008 0.523551 0.016310 0.021739
0 0.102956 0.442935 0.014271 0.023551
0 0.584098 0.594203 0.016310 0.021739
0 0.580530 0.527174 0.017329 0.021739
0 0.082569 0.559783 0.014271 0.018116
0 0.367992 0.485507 0.016310 0.021739
0 0.539755 0.557065 0.015291 0.019928
0 0.464832 0.358696 0.016310 0.021739
0 0.023445 0.466486 0.008155 0.012681
0 0.670234 0.674819 0.013252 0.019928
0 0.436290 0.566123 0.018349 0.027174
0 0.197248 0.522645 0.015291 0.019928
0 0.100917 0.528080 0.014271 0.019928
0 0.876656 0.200181 0.010194 0.019928
0 0.901631 0.230072 0.009174 0.014493
0 0.902141 0.474638 0.010194 0.014493
0 0.897554 0.511775 0.011213 0.019928
0 0.804281 0.644928 0.012232 0.018116
0 0.695719 0.494565 0.011213 0.028986
0 0.685525 0.543478 0.011213 0.021739
0 0.696738 0.432971 0.011213 0.018116
0 0.664118 0.326993 0.013252 0.023551
0 0.617227 0.349638 0.015291 0.021739
0 0.524975 0.301630 0.008155 0.027174
0 0.480122 0.715580 0.016310 0.028986
0 0.282365 0.497283 0.016310 0.016304
0 0.285933 0.407609 0.013252 0.018116
0 0.293068 0.344203 0.015291 0.025362
0 0.450051 0.314312 0.013252 0.019928
0 0.396024 0.321558 0.017329 0.019928
0 0.242100 0.485507 0.017329 0.018116
0 0.226300 0.548913 0.014271 0.021739
0 0.213558 0.432971 0.017329 0.028986
0 0.221203 0.326087 0.012232 0.028986
0 0.154944 0.334239 0.012232 0.019928
0 0.089195 0.339674 0.013252 0.016304
0 0.137105 0.307065 0.009174 0.012681
0 0.164118 0.425725 0.014271 0.018116
0 0.121305 0.388587 0.014271 0.016304
0 0.106014 0.401268 0.012232 0.016304
0 0.082059 0.419384 0.013252 0.016304
0 0.074924 0.340580 0.011213 0.025362
0 0.143221 0.497283 0.009174 0.019928
0 0.165647 0.529891 0.011213 0.016304
0 0.137615 0.572464 0.012232 0.021739
0 0.113660 0.533514 0.013252 0.016304
0 0.065240 0.542572 0.012232 0.012681
0 0.074924 0.506341 0.009174 0.019928
0 0.094292 0.480978 0.013252 0.016304
0 0.049439 0.465580 0.013252 0.010870
0 0.053007 0.510870 0.012232 0.014493
0 0.037717 0.504529 0.008155 0.012681
0 0.017329 0.535326 0.010194 0.016304
0 0.024465 0.520833 0.006116 0.012681
0 0.017839 0.497283 0.009174 0.016304
0 0.004077 0.465580 0.006116 0.018116
0 0.016820 0.427536 0.011213 0.014493
0 0.042813 0.406703 0.008155 0.016304
0 0.030071 0.401268 0.011213 0.016304
0 0.009684 0.386775 0.013252 0.016304
