0 0.409786 0.397645 0.018349 0.019928
0 0.453619 0.335145 0.016310 0.021739
0 0.505097 0.362319 0.017329 0.025362
0 0.555046 0.408514 0.015291 0.023551
0 0.309378 0.513587 0.019368 0.019928
0 0.504077 0.446558 0.017329 0.023551
0 0.389908 0.528986 0.019368 0.025362
0 0.460245 0.460145 0.017329 0.025362
0 0.625382 0.490942 0.015291 0.021739
0 0.461774 0.520833 0.018349 0.027174
0 0.876147 0.192935 0.011213 0.027174
0 0.321611 0.439312 0.015291 0.023551
0 0.349134 0.363225 0.017329 0.023551
0 0.804791 0.642210 0.017329 0.023551
0 0.298165 0.490036 0.015291 0.023551
0 0.653925 0.450181 0.015291 0.023551
0 0.611621 0.382246 0.014271 0.028986
0 0.577982 0.489130 0.018349 0.025362
0 0.672273 0.547101 0.011213 0.021739
0 0.668705 0.647645 0.012232 0.027174
0 0.663099 0.784420 0.011213 0.025362
0 0.655454 0.899457 0.014271 0.023551
0 0.532620 0.985507 0.015291 0.025362
0 0.505607 0.710145 0.016310 0.028986
0 0.281346 0.359601 0.016310 0.027174
0 0.242100 0.365942 0.015291 0.021739
0 0.163099 0.360507 0.012232 0.014493
0 0.189093 0.464674 0.015291 0.019928
0 0.143731 0.463768 0.014271 0.018116
0 0.156983 0.527174 0.016310 0.021739
