0 0.530581 0.406703 0.017329 0.023551
0 0.422528 0.379529 0.019368 0.019928
0 0.626402 0.437500 0.015291 0.023551
0 0.369011 0.559783 0.016310 0.021739
0 0.490826 0.462862 0.019368 0.023551
0 0.518349 0.489130 0.015291 0.021739
0 0.534149 0.550725 0.018349 0.025362
0 0.371050 0.506341 0.020387 0.027174
0 0.621814 0.358696 0.014271 0.021739
0 0.600917 0.516304 0.015291 0.025362
0 0.660041 0.403986 0.015291 0.021739
0 0.549949 0.462862 0.015291 0.023551
0 0.502548 0.394928 0.016310 0.021739
0 0.460754 0.481884 0.018349 0.025362
0 0.246177 0.495471 0.015291 0.019928
0 0.573904 0.341486 0.014271 0.023551
0 0.284404 0.386775 0.016310 0.023551
0 0.425586 0.451087 0.017329 0.025362
0 0.464322 0.422101 0.013252 0.021739
0 0.571865 0.503623 0.020387 0.025362
0 0.069317 0.515399 0.014271 0.019928
0 0.256371 0.349638 0.015291 0.021739
0 0.368502 0.413949 0.017329 0.019928
0 0.318043 0.390399 0.016310 0.023551
0 0.599388 0.439312 0.014271 0.019928
0 0.449541 0.552536 0.016310 0.025362
0 0.334353 0.514493 0.014271 0.021739
0 0.226300 0.435688 0.016310 0.023551
0 0.396534 0.465580 0.018349 0.025362
0 0.281855 0.501812 0.015291 0.021739
0 0.489806 0.343297 0.015291 0.023551
0 0.343017 0.418478 0.015291 0.021739
0 0.529562 0.315217 0.015291 0.021739
0 0.192661 0.359601 0.016310 0.019928
0 0.211009 0.536232 0.014271 0.018116
0 0.668196 0.567935 0.015291 0.023551
0 0.386850 0.361413 0.013252 0.019928
0 0.576453 0.396739 0.015291 0.021739
0 0.192661 0.525362 0.016310 0.021739
0 0.681957 0.350543 0.016310 0.023551
0 0.475535 0.288043 0.017329 0.021739
0 0.183486 0.487319 0.016310 0.021739
0 0.112640 0.496377 0.015291 0.021739
0 0.410296 0.382246 0.015291 0.025362
0 0.665647 0.464674 0.014271 0.027174
0 0.227319 0.480072 0.014271 0.021739
0 0.153415 0.333333 0.015291 0.018116
0 0.481142 0.441123 0.016310 0.019928
0 0.198777 0.414855 0.010194 0.018116
0 0.227319 0.365942 0.016310 0.025362
0 0.259939 0.402174 0.014271 0.021739
0 0.300714 0.342391 0.016310 0.021739
0 0.347604 0.334239 0.014271 0.019928
0 0.325178 0.461051 0.014271 0.019928
0 0.289501 0.587862 0.014271 0.023551
0 0.407747 0.292572 0.012232 0.027174
0 0.429154 0.284420 0.014271 0.025362
0 0.497452 0.297101 0.016310 0.025362
0 0.696738 0.528080 0.015291 0.027174
0 0.649337 0.542572 0.012232 0.030797
0 0.623344 0.564312 0.011213 0.027174
0 0.720183 0.619565 0.015291 0.025362
0 0.670234 0.614130 0.009174 0.021739
0 0.668705 0.731884 0.014271 0.025362
0 0.804791 0.644022 0.015291 0.027174
0 0.859327 0.443841 0.010194 0.021739
0 0.884811 0.629529 0.012232 0.023551
0 0.897044 0.227355 0.014271 0.019928
0 0.878186 0.197464 0.011213 0.021739
0 0.489806 0.721920 0.013252 0.027174
0 0.162080 0.531703 0.014271 0.019928
0 0.130479 0.545290 0.010194 0.018116
0 0.184506 0.435688 0.014271 0.023551
0 0.162589 0.468297 0.013252 0.019928
0 0.160041 0.423007 0.012232 0.019928
0 0.176860 0.377717 0.013252 0.016304
0 0.137615 0.307971 0.010194 0.010870
0 0.142712 0.385870 0.016310 0.018116
0 0.123853 0.375906 0.013252 0.019928
0 0.093782 0.348732 0.010194 0.016304
0 0.102446 0.392210 0.013252 0.019928
0 0.103466 0.448370 0.011213 0.019928
0 0.138124 0.480072 0.013252 0.014493
0 0.099388 0.522645 0.011213 0.012681
0 0.076453 0.552536 0.010194 0.018116
0 0.083078 0.418478 0.009174 0.018116
0 0.094292 0.477355 0.013252 0.019928
0 0.071865 0.484601 0.009174 0.016304
0 0.047910 0.469203 0.010194 0.014493
0 0.052497 0.503623 0.011213 0.014493
0 0.035678 0.506341 0.010194 0.012681
0 0.019368 0.528080 0.010194 0.016304
0 0.012742 0.487319 0.009174 0.014493
0 0.019878 0.472826 0.013252 0.021739
0 0.028033 0.415761 0.011213 0.016304
0 0.041284 0.409420 0.011213 0.014493
0 0.062181 0.374094 0.010194 0.016304
0 0.005607 0.381341 0.007136 0.016304
0 0.013252 0.420290 0.010194 0.018116
