0 0.504077 0.382246 0.019368 0.025362
0 0.480632 0.461957 0.019368 0.025362
0 0.412334 0.426630 0.017329 0.023551
0 0.325688 0.397645 0.017329 0.023551
0 0.445973 0.372283 0.017329 0.023551
0 0.549949 0.486413 0.017329 0.023551
0 0.238022 0.438406 0.015291 0.025362
0 0.511723 0.492754 0.018349 0.025362
0 0.616718 0.443841 0.014271 0.021739
0 0.520387 0.434783 0.013252 0.021739
0 0.581549 0.519022 0.015291 0.023551
0 0.611111 0.354167 0.015291 0.019928
0 0.144241 0.491848 0.015291 0.019928
0 0.313965 0.490036 0.018349 0.023551
0 0.533129 0.324275 0.016310 0.021739
0 0.082059 0.557971 0.015291 0.021739
0 0.589704 0.409420 0.015291 0.025362
0 0.186544 0.487319 0.014271 0.018116
0 0.556065 0.391304 0.015291 0.021739
0 0.255352 0.355978 0.017329 0.019928
0 0.361366 0.492754 0.017329 0.021739
0 0.226809 0.546196 0.015291 0.023551
0 0.606014 0.503623 0.013252 0.021739
0 0.213558 0.346920 0.015291 0.023551
0 0.647808 0.436594 0.015291 0.021739
0 0.077982 0.415761 0.013252 0.019928
0 0.330785 0.564312 0.017329 0.023551
0 0.280836 0.491848 0.015291 0.019928
0 0.584608 0.595109 0.015291 0.019928
0 0.112130 0.506341 0.014271 0.019928
0 0.213558 0.415761 0.017329 0.023551
0 0.373089 0.420290 0.016310 0.021739
0 0.382263 0.544384 0.016310 0.023551
0 0.145770 0.378623 0.016310 0.018116
0 0.192661 0.440217 0.016310 0.021739
0 0.803262 0.644022 0.014271 0.023551
0 0.448012 0.476449 0.017329 0.025362
0 0.280836 0.350543 0.017329 0.019928
0 0.362895 0.344203 0.018349 0.021739
0 0.397044 0.326993 0.019368 0.023551
0 0.448012 0.309783 0.015291 0.018116
0 0.475025 0.304348 0.016310 0.032609
0 0.547401 0.302536 0.014271 0.021739
0 0.570336 0.346014 0.015291 0.028986
0 0.662080 0.359601 0.017329 0.030797
0 0.699286 0.436594 0.016310 0.028986
0 0.697757 0.488225 0.019368 0.023551
0 0.689093 0.554348 0.010194 0.025362
0 0.673293 0.588768 0.013252 0.025362
0 0.652396 0.494565 0.012232 0.018116
0 0.632008 0.519022 0.012232 0.019928
0 0.528033 0.566123 0.016310 0.023551
0 0.482161 0.712862 0.020387 0.027174
0 0.432212 0.568841 0.016310 0.025362
0 0.419470 0.500000 0.013252 0.028986
0 0.323649 0.343297 0.017329 0.023551
0 0.276249 0.407609 0.012232 0.021739
0 0.183996 0.357790 0.013252 0.019928
0 0.235474 0.482790 0.016310 0.016304
0 0.199286 0.523551 0.013252 0.021739
0 0.165647 0.528986 0.011213 0.018116
0 0.134047 0.566123 0.013252 0.016304
0 0.094292 0.477355 0.013252 0.016304
0 0.104485 0.442029 0.013252 0.014493
0 0.121305 0.387681 0.014271 0.014493
0 0.162589 0.427536 0.015291 0.014493
0 0.165647 0.475543 0.015291 0.019928
0 0.152905 0.333333 0.014271 0.018116
0 0.132008 0.307065 0.011213 0.012681
0 0.092253 0.339674 0.011213 0.019928
0 0.066259 0.375906 0.010194 0.016304
0 0.075943 0.515399 0.013252 0.019928
0 0.056065 0.505435 0.012232 0.018116
0 0.052497 0.478261 0.015291 0.018116
0 0.041284 0.414855 0.011213 0.018116
0 0.032110 0.402174 0.011213 0.014493
0 0.009174 0.385870 0.012232 0.014493
0 0.037207 0.509058 0.011213 0.014493
0 0.062691 0.565217 0.013252 0.014493
0 0.020387 0.471920 0.010194 0.016304
0 0.015291 0.490942 0.012232 0.018116
0 0.022936 0.524457 0.011213 0.012681
0 0.670744 0.665761 0.012232 0.023551
0 0.877676 0.199275 0.008155 0.010870
0 0.882263 0.240036 0.009174 0.019928
