0 0.603994 0.44775 0.0148488 0.0237141
0 0.621245 0.362364 0.0161372 0.0215987
0 0.54727 0.468629 0.0165111 0.0194951
0 0.519004 0.488763 0.0167719 0.0218079
0 0.424094 0.378873 0.0170342 0.0217672
0 0.626691 0.444861 0.0169477 0.0202517
0 0.42865 0.451527 0.0170719 0.025587
0 0.491008 0.461168 0.0186186 0.0241317
0 0.440565 0.561903 0.0170403 0.0231572
0 0.198567 0.417687 0.0176403 0.020991
0 0.52638 0.561097 0.0184544 0.0247839
0 0.605626 0.51064 0.0153796 0.0218209
0 0.669228 0.563997 0.0146109 0.0225424
0 0.501985 0.395622 0.0172701 0.0231228
0 0.468482 0.421364 0.0175802 0.0219833
0 0.341728 0.420338 0.01528 0.0224969
0 0.57843 0.402957 0.01644 0.0232512
0 0.157159 0.421059 0.014078 0.0213234
0 0.65727 0.404683 0.0151329 0.0228976
0 0.112989 0.504713 0.0154291 0.0221407
0 0.168163 0.474402 0.0132976 0.0207759
0 0.143022 0.404204 0.0151634 0.0204232
0 0.573881 0.34194 0.0144451 0.0230792
0 0.363031 0.496973 0.0181293 0.0267843
0 0.249307 0.495608 0.014879 0.0218645
0 0.370623 0.564588 0.0147893 0.0236141
0 0.49519 0.280585 0.0171512 0.0220759
0 0.226933 0.480923 0.0163012 0.0231512
0 0.320574 0.472184 0.0157321 0.0217792
0 0.183052 0.484586 0.0150721 0.0214781
0 0.665333 0.349289 0.0157745 0.023252
0 0.459953 0.483287 0.0177497 0.0239428
0 0.230102 0.35992 0.0145289 0.0190785
0 0.474237 0.45318 0.0147217 0.0239521
0 0.281808 0.39552 0.0181716 0.0193097
0 0.282447 0.50099 0.0150809 0.0237026
0 0.32993 0.531181 0.0160806 0.0201485
0 0.572009 0.49885 0.019053 0.0247876
0 0.646898 0.541657 0.0159717 0.0224829
0 0.530597 0.316686 0.0149135 0.02017
0 0.66598 0.613003 0.0145381 0.0231083
0 0.226067 0.435946 0.0160226 0.0231995
0 0.0982043 0.398917 0.018145 0.0195504
0 0.488937 0.346041 0.0169655 0.0244804
0 0.393452 0.465082 0.0201355 0.0246798
0 0.212988 0.538423 0.0137676 0.0194741
0 0.417679 0.284923 0.0162626 0.0190959
0 0.25611 0.347453 0.0142349 0.0202256
0 0.531847 0.391757 0.0178577 0.0239888
0 0.286382 0.581734 0.0149717 0.0214679
0 0.790843 0.63207 0.0221191 0.0284397
0 0.0294433 0.419048 0.0145654 0.0176974
0 0.112895 0.394817 0.0169936 0.0232475
