0 0.410805 0.425725 0.018349 0.021739
0 0.446993 0.485507 0.019368 0.025362
0 0.651886 0.438406 0.015291 0.021739
0 0.489806 0.359601 0.017329 0.023551
0 0.544343 0.408514 0.016310 0.023551
0 0.513252 0.490036 0.017329 0.023551
0 0.568298 0.336051 0.015291 0.019928
0 0.590214 0.397645 0.014271 0.023551
0 0.378695 0.423007 0.015291 0.023551
0 0.338430 0.393116 0.016310 0.025362
0 0.551988 0.483696 0.015291 0.021739
0 0.480122 0.452899 0.018349 0.025362
0 0.630479 0.519022 0.013252 0.023551
0 0.186544 0.484601 0.014271 0.019928
0 0.315494 0.490036 0.017329 0.023551
0 0.379715 0.560688 0.019368 0.023551
0 0.250765 0.353261 0.016310 0.021739
0 0.512232 0.429348 0.015291 0.025362
0 0.238532 0.437500 0.016310 0.023551
0 0.326707 0.351449 0.015291 0.021739
0 0.432722 0.563406 0.017329 0.025362
0 0.615698 0.453804 0.014271 0.023551
0 0.583588 0.596014 0.015291 0.021739
0 0.580020 0.519928 0.014271 0.021739
0 0.147299 0.386775 0.015291 0.023551
0 0.193680 0.439312 0.016310 0.019928
0 0.428135 0.503623 0.016310 0.025362
0 0.606524 0.509058 0.012232 0.021739
0 0.336391 0.562500 0.016310 0.023551
0 0.460245 0.364130 0.015291 0.025362
0 0.195209 0.529891 0.015291 0.016304
0 0.369521 0.346014 0.015291 0.021739
0 0.363914 0.505435 0.016310 0.021739
0 0.143221 0.494565 0.015291 0.021739
0 0.226809 0.562500 0.013252 0.023551
0 0.526504 0.567935 0.017329 0.023551
0 0.654944 0.501812 0.015291 0.025362
0 0.487768 0.357790 0.017329 0.019928
0 0.110601 0.507246 0.017329 0.018116
0 0.661060 0.591486 0.015291 0.023551
0 0.669215 0.669384 0.013252 0.016304
0 0.558614 0.381341 0.016310 0.023551
0 0.084608 0.562500 0.014271 0.019928
0 0.806320 0.638587 0.016310 0.016304
0 0.877676 0.199275 0.012232 0.028986
0 0.891437 0.261775 0.009174 0.019928
0 0.900612 0.478261 0.013252 0.018116
0 0.899592 0.514493 0.009174 0.014493
0 0.682977 0.538043 0.016310 0.028986
0 0.693680 0.487319 0.013252 0.028986
0 0.692151 0.434783 0.016310 0.025362
0 0.661060 0.326993 0.011213 0.023551
0 0.614169 0.346014 0.015291 0.018116
0 0.480122 0.714674 0.016310 0.027174
0 0.530071 0.292572 0.016310 0.027174
0 0.477064 0.298007 0.012232 0.019928
0 0.445973 0.312500 0.013252 0.019928
0 0.397044 0.319746 0.017329 0.023551
0 0.279817 0.495471 0.013252 0.019928
0 0.281346 0.405797 0.014271 0.025362
0 0.288991 0.338768 0.013252 0.025362
0 0.214577 0.337862 0.013252 0.019928
0 0.212538 0.417572 0.013252 0.023551
0 0.182977 0.370471 0.015291 0.023551
0 0.150357 0.333333 0.013252 0.021739
0 0.135576 0.307971 0.010194 0.018116
0 0.159531 0.429348 0.011213 0.021739
0 0.165138 0.487319 0.014271 0.021739
0 0.165138 0.527174 0.014271 0.018116
0 0.136086 0.584239 0.011213 0.016304
0 0.102956 0.525362 0.012232 0.018116
0 0.102446 0.445652 0.013252 0.018116
0 0.119776 0.388587 0.013252 0.019928
0 0.089704 0.338768 0.012232 0.021739
0 0.079511 0.417572 0.016310 0.019928
0 0.069827 0.497283 0.011213 0.016304
0 0.069827 0.542572 0.013252 0.023551
0 0.051988 0.509964 0.010194 0.016304
0 0.048420 0.471014 0.011213 0.010870
0 0.241081 0.485507 0.013252 0.018116
0 0.071865 0.341486 0.011213 0.016304
0 0.042304 0.405797 0.011213 0.014493
0 0.029562 0.399457 0.012232 0.019928
0 0.016310 0.429348 0.008155 0.014493
0 0.022426 0.472826 0.012232 0.018116
0 0.015800 0.490036 0.009174 0.012681
0 0.040265 0.505435 0.013252 0.025362
0 0.021916 0.525362 0.011213 0.014493
0 0.004077 0.463768 0.006116 0.018116
0 0.009174 0.384058 0.012232 0.014493
