0 0.544343 0.403986 0.016310 0.021739
0 0.477064 0.449275 0.018349 0.028986
0 0.570846 0.336957 0.016310 0.018116
0 0.551988 0.485507 0.017329 0.021739
0 0.315494 0.490036 0.017329 0.023551
0 0.606014 0.496377 0.015291 0.025362
0 0.377166 0.425725 0.016310 0.021739
0 0.511723 0.490942 0.016310 0.021739
0 0.577472 0.422101 0.015291 0.021739
0 0.456167 0.369565 0.015291 0.021739
0 0.186544 0.484601 0.014271 0.019928
0 0.517329 0.431159 0.017329 0.025362
0 0.415392 0.413949 0.019368 0.027174
0 0.067788 0.536232 0.013252 0.018116
0 0.488277 0.368659 0.016310 0.027174
0 0.238532 0.438406 0.016310 0.025362
0 0.083588 0.557971 0.014271 0.018116
0 0.432212 0.563406 0.016310 0.025362
0 0.632008 0.520833 0.012232 0.023551
0 0.338940 0.568841 0.017329 0.025362
0 0.448012 0.475543 0.017329 0.027174
0 0.331295 0.414855 0.018349 0.021739
0 0.620795 0.348732 0.014271 0.019928
0 0.654944 0.497283 0.017329 0.023551
0 0.112640 0.502717 0.017329 0.023551
0 0.646789 0.438406 0.015291 0.025362
0 0.160550 0.405797 0.017329 0.018116
0 0.528542 0.320652 0.015291 0.021739
0 0.583588 0.595109 0.015291 0.019928
0 0.541794 0.288043 0.013252 0.021739
0 0.047401 0.465580 0.015291 0.018116
0 0.196228 0.527174 0.015291 0.018116
0 0.380734 0.567029 0.015291 0.025362
0 0.254842 0.367754 0.018349 0.025362
0 0.360856 0.475543 0.020387 0.023551
0 0.149337 0.375906 0.017329 0.019928
0 0.612640 0.448370 0.014271 0.023551
0 0.325688 0.353261 0.015291 0.021739
0 0.659021 0.358696 0.015291 0.021739
0 0.364424 0.339674 0.017329 0.027174
0 0.206422 0.416667 0.019368 0.021739
0 0.182977 0.369565 0.015291 0.021739
0 0.017839 0.423913 0.007136 0.018116
0 0.420999 0.500000 0.018349 0.025362
0 0.528542 0.564312 0.019368 0.027174
0 0.583078 0.521739 0.018349 0.021739
0 0.675841 0.586051 0.016310 0.016304
0 0.685015 0.538043 0.016310 0.025362
0 0.695209 0.490036 0.014271 0.027174
0 0.702345 0.434783 0.014271 0.025362
0 0.805301 0.640399 0.012232 0.019928
0 0.664118 0.663949 0.015291 0.027174
0 0.480632 0.713768 0.019368 0.028986
0 0.475535 0.312500 0.011213 0.023551
0 0.449032 0.310688 0.013252 0.027174
0 0.390418 0.335145 0.018349 0.021739
0 0.291030 0.342391 0.013252 0.028986
0 0.284404 0.404891 0.014271 0.027174
0 0.280326 0.498188 0.016310 0.018116
0 0.234964 0.482790 0.013252 0.019928
0 0.223751 0.545290 0.013252 0.028986
0 0.165647 0.528080 0.013252 0.016304
0 0.135576 0.585145 0.014271 0.025362
0 0.192151 0.438406 0.015291 0.021739
0 0.214067 0.346920 0.016310 0.027174
0 0.152396 0.334239 0.013252 0.023551
0 0.133537 0.306159 0.012232 0.018116
0 0.165647 0.475543 0.013252 0.019928
0 0.140673 0.497283 0.014271 0.019928
0 0.103976 0.439312 0.010194 0.012681
0 0.121814 0.385870 0.015291 0.018116
0 0.103466 0.402174 0.015291 0.021739
0 0.081040 0.412138 0.015291 0.019928
0 0.093782 0.489130 0.012232 0.021739
0 0.099898 0.517210 0.012232 0.019928
0 0.074924 0.497283 0.015291 0.019928
0 0.054027 0.526268 0.012232 0.016304
0 0.035168 0.512681 0.011213 0.014493
0 0.020897 0.528080 0.011213 0.016304
0 0.039755 0.403080 0.012232 0.012681
0 0.032110 0.399457 0.009174 0.016304
0 0.010194 0.383152 0.008155 0.012681
0 0.090724 0.337862 0.010194 0.012681
0 0.070846 0.349638 0.011213 0.014493
0 0.022936 0.469203 0.011213 0.010870
0 0.018349 0.494565 0.010194 0.014493
0 0.879205 0.240942 0.007136 0.014493
0 0.883792 0.205616 0.010194 0.016304
0 0.903670 0.338768 0.007136 0.021739
