0 0.617227 0.535326 0.017329 0.019928
0 0.485219 0.382246 0.016310 0.025362
0 0.446993 0.445652 0.017329 0.021739
0 0.483690 0.451993 0.017329 0.023551
0 0.584098 0.423007 0.016310 0.019928
0 0.519368 0.423007 0.017329 0.019928
0 0.555046 0.401268 0.017329 0.023551
0 0.591233 0.575181 0.016310 0.023551
0 0.438838 0.375000 0.017329 0.025362
0 0.547401 0.485507 0.018349 0.021739
0 0.529562 0.560688 0.017329 0.023551
0 0.371560 0.538043 0.017329 0.021739
0 0.634047 0.516304 0.014271 0.021739
0 0.573904 0.519022 0.016310 0.023551
0 0.516310 0.502717 0.017329 0.023551
0 0.432212 0.556159 0.016310 0.025362
0 0.615189 0.453804 0.017329 0.023551
0 0.190622 0.371377 0.016310 0.021739
0 0.392457 0.432971 0.018349 0.025362
0 0.676860 0.488225 0.014271 0.023551
0 0.195719 0.527174 0.014271 0.021739
0 0.163609 0.484601 0.015291 0.019928
0 0.681957 0.440217 0.014271 0.021739
0 0.306320 0.404891 0.017329 0.019928
0 0.663099 0.607790 0.015291 0.023551
0 0.644750 0.456522 0.015291 0.021739
0 0.182467 0.488225 0.016310 0.019928
0 0.184506 0.442935 0.016310 0.019928
0 0.652905 0.394022 0.013252 0.019928
0 0.081040 0.559783 0.013252 0.018116
0 0.213048 0.537138 0.014271 0.019928
0 0.145770 0.488225 0.016310 0.019928
0 0.419470 0.480072 0.017329 0.025362
0 0.802752 0.643116 0.017329 0.025362
0 0.320591 0.554348 0.017329 0.021739
0 0.198267 0.416667 0.017329 0.021739
0 0.360347 0.471920 0.017329 0.023551
0 0.488787 0.718297 0.015291 0.027174
0 0.651886 0.971014 0.011213 0.025362
0 0.672273 0.840580 0.015291 0.025362
0 0.668705 0.772645 0.014271 0.027174
0 0.633537 0.814312 0.017329 0.027174
0 0.683996 0.557971 0.016310 0.025362
0 0.615698 0.360507 0.014271 0.021739
0 0.561672 0.303442 0.014271 0.023551
0 0.531600 0.320652 0.017329 0.028986
0 0.538736 0.366848 0.013252 0.019928
0 0.484200 0.305254 0.014271 0.023551
0 0.440877 0.307065 0.013252 0.027174
0 0.388889 0.341486 0.015291 0.023551
0 0.368502 0.411232 0.015291 0.025362
0 0.356779 0.346920 0.016310 0.023551
0 0.319572 0.344203 0.013252 0.021739
0 0.316514 0.493659 0.017329 0.019928
0 0.266565 0.495471 0.017329 0.019928
0 0.226300 0.478261 0.016310 0.018116
0 0.224771 0.428442 0.015291 0.023551
0 0.261978 0.401268 0.016310 0.019928
0 0.255861 0.347826 0.014271 0.018116
0 0.229358 0.364130 0.016310 0.018116
0 0.159531 0.432065 0.015291 0.019928
0 0.143731 0.384964 0.014271 0.016304
0 0.161060 0.532609 0.012232 0.018116
0 0.136086 0.552536 0.013252 0.018116
0 0.100917 0.535326 0.014271 0.016304
0 0.112640 0.497283 0.013252 0.023551
0 0.094801 0.480072 0.014271 0.021739
0 0.102956 0.444746 0.012232 0.019928
0 0.072885 0.499094 0.015291 0.019928
0 0.061672 0.536232 0.013252 0.014493
0 0.050968 0.503623 0.010194 0.010870
0 0.034659 0.507246 0.012232 0.018116
0 0.020387 0.525362 0.012232 0.014493
0 0.045872 0.467391 0.012232 0.014493
0 0.120795 0.383152 0.013252 0.016304
0 0.103976 0.392210 0.012232 0.019928
0 0.082059 0.415761 0.013252 0.019928
0 0.061672 0.381341 0.011213 0.016304
0 0.040775 0.411232 0.010194 0.018116
0 0.028542 0.413043 0.010194 0.014493
0 0.017839 0.470109 0.009174 0.016304
0 0.004077 0.461051 0.006116 0.019928
0 0.016310 0.423007 0.010194 0.012681
0 0.008155 0.384058 0.008155 0.014493
0 0.091743 0.349638 0.012232 0.018116
0 0.152905 0.336051 0.014271 0.019928
0 0.134047 0.307971 0.011213 0.014493
0 0.842508 0.541667 0.011213 0.018116
0 0.889399 0.734601 0.011213 0.016304
0 0.882263 0.234601 0.009174 0.016304
0 0.877676 0.199275 0.010194 0.021739
