0 0.500510 0.384964 0.014271 0.023551
0 0.569317 0.337862 0.015291 0.023551
0 0.443425 0.373188 0.018349 0.021739
0 0.238022 0.439312 0.015291 0.023551
0 0.551478 0.482790 0.016310 0.023551
0 0.323140 0.408514 0.018349 0.027174
0 0.480122 0.461957 0.020387 0.025362
0 0.395005 0.332428 0.015291 0.019928
0 0.316514 0.490036 0.017329 0.023551
0 0.512232 0.495471 0.019368 0.027174
0 0.545362 0.408514 0.016310 0.023551
0 0.605505 0.502717 0.014271 0.023551
0 0.616718 0.443841 0.014271 0.021739
0 0.523445 0.317935 0.015291 0.019928
0 0.363914 0.493659 0.016310 0.023551
0 0.434760 0.565217 0.017329 0.021739
0 0.647808 0.437500 0.015291 0.023551
0 0.186544 0.485507 0.014271 0.018116
0 0.146789 0.381341 0.016310 0.019928
0 0.110601 0.506341 0.017329 0.019928
0 0.583588 0.519928 0.013252 0.021739
0 0.413354 0.420290 0.017329 0.025362
0 0.630479 0.519022 0.013252 0.019928
0 0.518349 0.426630 0.015291 0.023551
0 0.612130 0.356884 0.015291 0.021739
0 0.213558 0.346920 0.015291 0.023551
0 0.279307 0.405797 0.014271 0.021739
0 0.688073 0.424819 0.014271 0.023551
0 0.375637 0.439312 0.013252 0.023551
0 0.083588 0.562500 0.014271 0.019928
0 0.047910 0.462862 0.014271 0.019928
0 0.658002 0.362319 0.013252 0.021739
0 0.800714 0.639493 0.017329 0.018116
0 0.071865 0.504529 0.015291 0.019928
0 0.195209 0.437500 0.015291 0.023551
0 0.105505 0.384058 0.013252 0.018116
0 0.653925 0.499094 0.015291 0.023551
0 0.446993 0.480072 0.019368 0.025362
0 0.143731 0.493659 0.016310 0.019928
0 0.580530 0.421196 0.015291 0.023551
0 0.163609 0.422101 0.015291 0.021739
0 0.185015 0.353261 0.015291 0.018116
0 0.585117 0.596014 0.016310 0.021739
0 0.676351 0.585145 0.013252 0.025362
0 0.423547 0.497283 0.015291 0.023551
0 0.153415 0.334239 0.015291 0.019928
0 0.166157 0.473732 0.014271 0.023551
0 0.277778 0.349638 0.017329 0.021739
0 0.529562 0.570652 0.013252 0.025362
0 0.682977 0.543478 0.012232 0.025362
0 0.698267 0.488225 0.010194 0.030797
0 0.664118 0.659420 0.009174 0.018116
0 0.817023 0.899457 0.011213 0.023551
0 0.481651 0.714674 0.013252 0.027174
0 0.542813 0.288949 0.013252 0.027174
0 0.481651 0.300725 0.011213 0.025362
0 0.444954 0.307971 0.011213 0.025362
0 0.360856 0.337862 0.014271 0.023551
0 0.324159 0.347826 0.014271 0.025362
0 0.281855 0.496377 0.017329 0.025362
0 0.382773 0.540761 0.017329 0.023551
0 0.331804 0.562500 0.015291 0.023551
0 0.225280 0.543478 0.012232 0.021739
0 0.235474 0.482790 0.016310 0.016304
0 0.208970 0.418478 0.010194 0.018116
0 0.197248 0.523551 0.013252 0.018116
0 0.164628 0.528986 0.015291 0.021739
0 0.130989 0.563406 0.015291 0.021739
0 0.121814 0.387681 0.015291 0.018116
0 0.133537 0.307971 0.012232 0.021739
0 0.090214 0.342391 0.011213 0.014493
0 0.070846 0.360507 0.013252 0.018116
0 0.080530 0.413949 0.016310 0.019928
0 0.106524 0.441123 0.015291 0.016304
0 0.064220 0.540761 0.014271 0.012681
0 0.055556 0.505435 0.007136 0.014493
0 0.035678 0.510870 0.012232 0.018116
0 0.024465 0.525362 0.012232 0.018116
0 0.018858 0.535326 0.009174 0.019928
0 0.016310 0.494565 0.010194 0.018116
0 0.024975 0.476449 0.011213 0.018116
0 0.043833 0.403080 0.010194 0.027174
0 0.032110 0.402174 0.013252 0.014493
0 0.008665 0.384058 0.013252 0.025362
0 0.016310 0.423007 0.010194 0.016304
