0 0.619776 0.557971 0.016310 0.021739
0 0.484200 0.421196 0.018349 0.019928
0 0.669215 0.573370 0.017329 0.023551
0 0.656983 0.539855 0.015291 0.025362
0 0.668196 0.621377 0.015291 0.018116
0 0.608053 0.505435 0.011213 0.021739
0 0.802243 0.637681 0.012232 0.021739
0 0.661060 0.865036 0.011213 0.019928
0 0.444444 0.730072 0.012232 0.021739
0 0.371050 0.512681 0.014271 0.018116
0 0.384302 0.432971 0.012232 0.018116
0 0.337920 0.471014 0.013252 0.018116
0 0.286952 0.466486 0.013252 0.019928
0 0.266565 0.409420 0.013252 0.018116
0 0.177370 0.432065 0.010194 0.016304
0 0.104995 0.394928 0.014271 0.014493
0 0.097859 0.457428 0.014271 0.016304
0 0.090214 0.509058 0.011213 0.018116
0 0.054536 0.444746 0.011213 0.016304
0 0.053007 0.519022 0.010194 0.016304
0 0.030071 0.542572 0.009174 0.016304
0 0.029052 0.499094 0.011213 0.012681
0 0.033129 0.444746 0.011213 0.016304
0 0.029052 0.384058 0.009174 0.014493
0 0.006116 0.393116 0.010194 0.014493
0 0.013252 0.432065 0.010194 0.016304
0 0.882773 0.201087 0.008155 0.014493
0 0.878186 0.236413 0.009174 0.016304
0 0.834353 0.021739 0.009174 0.018116
