0 0.518858 0.383152 0.018349 0.023551
0 0.571865 0.505435 0.018349 0.025362
0 0.486239 0.485507 0.016310 0.021739
0 0.386850 0.442935 0.017329 0.019928
0 0.423038 0.377717 0.016310 0.019928
0 0.451580 0.394928 0.016310 0.021739
0 0.482161 0.395833 0.014271 0.019928
0 0.607543 0.514493 0.014271 0.021739
0 0.626402 0.555254 0.015291 0.023551
0 0.369011 0.379529 0.016310 0.019928
0 0.623344 0.423913 0.015291 0.021739
0 0.445973 0.561594 0.019368 0.025362
0 0.441386 0.456522 0.020387 0.025362
0 0.393476 0.509058 0.016310 0.021739
0 0.663099 0.469203 0.015291 0.021739
0 0.564220 0.393116 0.015291 0.025362
0 0.668196 0.575181 0.017329 0.019928
0 0.554027 0.452899 0.017329 0.025362
0 0.669215 0.624094 0.013252 0.019928
0 0.675331 0.420290 0.015291 0.021739
0 0.650357 0.539855 0.014271 0.021739
0 0.416922 0.443841 0.018349 0.025362
0 0.231397 0.476449 0.018349 0.025362
0 0.587666 0.422101 0.013252 0.021739
0 0.179409 0.493659 0.018349 0.023551
0 0.043323 0.425725 0.013252 0.018116
0 0.600408 0.328804 0.016310 0.023551
0 0.518858 0.298007 0.016310 0.019928
0 0.438838 0.303442 0.017329 0.019928
0 0.723242 0.565217 0.013252 0.025362
0 0.802752 0.639493 0.015291 0.018116
0 0.661570 0.870471 0.012232 0.030797
0 0.456677 0.736413 0.014271 0.027174
0 0.339959 0.471920 0.013252 0.023551
0 0.273700 0.464674 0.013252 0.016304
0 0.259939 0.391304 0.014271 0.028986
0 0.261468 0.344203 0.015291 0.018116
0 0.212538 0.372283 0.013252 0.023551
0 0.187564 0.424819 0.014271 0.016304
0 0.173293 0.391304 0.012232 0.018116
0 0.167176 0.345109 0.014271 0.016304
0 0.133028 0.373188 0.011213 0.014493
0 0.154944 0.439312 0.014271 0.016304
0 0.137615 0.465580 0.010194 0.010870
0 0.137105 0.507246 0.013252 0.018116
0 0.090214 0.475543 0.015291 0.019928
0 0.104995 0.429348 0.014271 0.021739
0 0.072375 0.388587 0.012232 0.012681
0 0.065749 0.427536 0.015291 0.018116
0 0.068298 0.499094 0.014271 0.023551
0 0.039755 0.498188 0.010194 0.014493
0 0.034659 0.541667 0.010194 0.018116
0 0.022426 0.490036 0.010194 0.016304
0 0.011213 0.520833 0.012232 0.012681
0 0.018858 0.443841 0.011213 0.021739
0 0.021407 0.407609 0.012232 0.018116
0 0.043833 0.377717 0.012232 0.019928
0 0.877166 0.200181 0.011213 0.016304
0 0.880224 0.232790 0.009174 0.016304
0 0.182977 0.539855 0.013252 0.021739
