0 0.452090 0.440217 0.015291 0.021739
0 0.434760 0.505435 0.019368 0.025362
0 0.355250 0.532609 0.019368 0.021739
0 0.405199 0.531703 0.017329 0.023551
0 0.636086 0.540761 0.016310 0.023551
0 0.557594 0.514493 0.016310 0.021739
0 0.419470 0.448370 0.017329 0.023551
0 0.457187 0.365942 0.023445 0.025362
0 0.500510 0.373188 0.016310 0.021739
0 0.610092 0.471014 0.015291 0.021739
0 0.544852 0.346920 0.015291 0.019928
0 0.362385 0.408514 0.019368 0.027174
0 0.577472 0.407609 0.013252 0.021739
0 0.214067 0.372283 0.016310 0.023551
0 0.520387 0.519022 0.017329 0.019928
0 0.130479 0.520833 0.012232 0.023551
0 0.507645 0.707428 0.018349 0.030797
0 0.659531 0.644928 0.014271 0.025362
0 0.675331 0.546196 0.013252 0.030797
0 0.648828 0.499094 0.011213 0.030797
0 0.652396 0.409420 0.016310 0.028986
0 0.806320 0.641304 0.012232 0.025362
0 0.875637 0.198370 0.008155 0.019928
0 0.653415 0.915761 0.014271 0.023551
0 0.654944 0.769022 0.013252 0.016304
0 0.533129 0.980072 0.016310 0.032609
0 0.395005 0.343297 0.017329 0.023551
0 0.298675 0.379529 0.016310 0.027174
0 0.251274 0.429348 0.017329 0.021739
0 0.238532 0.494565 0.012232 0.021739
0 0.245668 0.541667 0.014271 0.021739
0 0.281855 0.534420 0.017329 0.025362
0 0.180938 0.375000 0.013252 0.021739
0 0.159531 0.455616 0.013252 0.019928
0 0.137615 0.352355 0.016310 0.023551
0 0.125382 0.472826 0.012232 0.021739
