0 0.311417 0.400362 0.017329 0.018116
0 0.495413 0.289855 0.018349 0.018116
0 0.484709 0.353261 0.013252 0.018116
0 0.506116 0.396739 0.017329 0.021739
0 0.603466 0.519022 0.016310 0.023551
0 0.244648 0.494565 0.016310 0.021739
0 0.596840 0.441123 0.015291 0.019928
0 0.462283 0.422101 0.015291 0.018116
0 0.621305 0.362319 0.015291 0.021739
0 0.364424 0.420290 0.019368 0.025362
0 0.428135 0.450181 0.016310 0.023551
0 0.624873 0.447464 0.016310 0.021739
0 0.361366 0.555254 0.017329 0.023551
0 0.226809 0.482790 0.015291 0.023551
0 0.491335 0.462862 0.018349 0.023551
0 0.553007 0.463768 0.015291 0.021739
0 0.423547 0.381341 0.015291 0.023551
0 0.181957 0.486413 0.017329 0.019928
0 0.327727 0.465580 0.015291 0.025362
0 0.459225 0.482790 0.017329 0.027174
0 0.188073 0.439312 0.017329 0.023551
0 0.516310 0.487319 0.017329 0.021739
0 0.625892 0.557971 0.014271 0.021739
0 0.398063 0.449275 0.017329 0.021739
0 0.146789 0.380435 0.014271 0.018116
0 0.581549 0.313406 0.015291 0.021739
0 0.164118 0.480978 0.016310 0.023551
0 0.667176 0.350543 0.015291 0.023551
0 0.573904 0.396739 0.016310 0.021739
0 0.283384 0.393116 0.018349 0.021739
0 0.531600 0.313406 0.015291 0.021739
0 0.670744 0.567029 0.016310 0.025362
0 0.159021 0.529891 0.018349 0.019928
0 0.329766 0.364130 0.015291 0.021739
0 0.077982 0.528080 0.013252 0.019928
0 0.571356 0.500906 0.019368 0.027174
0 0.328236 0.518116 0.016310 0.021739
0 0.393476 0.545290 0.014271 0.025362
0 0.073394 0.471014 0.014271 0.021739
0 0.123344 0.375000 0.014271 0.018116
0 0.097350 0.403986 0.015291 0.018116
0 0.093782 0.480072 0.014271 0.021739
0 0.708461 0.628623 0.016310 0.021739
0 0.481651 0.439312 0.015291 0.019928
0 0.281346 0.500906 0.016310 0.023551
0 0.044343 0.473732 0.013252 0.019928
0 0.206422 0.535326 0.015291 0.019928
0 0.225280 0.431159 0.016310 0.025362
0 0.232416 0.365036 0.016310 0.023551
0 0.394495 0.292572 0.018349 0.023551
0 0.650357 0.545290 0.016310 0.025362
0 0.264526 0.580616 0.013252 0.019928
0 0.438838 0.543478 0.017329 0.021739
0 0.456167 0.737319 0.013252 0.025362
0 0.660550 0.869565 0.010194 0.021739
0 0.803772 0.637681 0.013252 0.021739
0 0.834353 0.490942 0.009174 0.021739
0 0.898573 0.225543 0.009174 0.019928
0 0.877166 0.204710 0.009174 0.014493
0 0.705403 0.528986 0.012232 0.025362
0 0.670744 0.619565 0.010194 0.025362
0 0.527523 0.567029 0.015291 0.028986
0 0.533129 0.392210 0.014271 0.030797
0 0.468909 0.278986 0.016310 0.028986
0 0.429154 0.298913 0.014271 0.025362
0 0.372069 0.353261 0.024465 0.043478
0 0.304281 0.338768 0.011213 0.025362
0 0.258919 0.346920 0.012232 0.027174
0 0.196228 0.355072 0.015291 0.018116
0 0.180938 0.370471 0.015291 0.023551
0 0.152396 0.333333 0.011213 0.018116
0 0.158512 0.434783 0.013252 0.021739
0 0.137615 0.492754 0.012232 0.018116
0 0.112130 0.508152 0.014271 0.023551
0 0.096840 0.526268 0.010194 0.016304
0 0.133028 0.548007 0.013252 0.023551
0 0.091233 0.357790 0.017329 0.027174
0 0.073904 0.378623 0.013252 0.014493
0 0.060652 0.374094 0.013252 0.016304
0 0.039246 0.407609 0.013252 0.018116
0 0.030581 0.441123 0.010194 0.016304
0 0.009174 0.423913 0.010194 0.018116
0 0.014781 0.487319 0.011213 0.018116
0 0.014271 0.519022 0.012232 0.016304
0 0.016820 0.464674 0.011213 0.016304
0 0.659531 0.396739 0.012232 0.025362
0 0.664628 0.467391 0.012232 0.025362
