0 0.550968 0.419384 0.015291 0.023551
0 0.613660 0.449275 0.016310 0.025362
0 0.482161 0.378623 0.018349 0.021739
0 0.585117 0.423007 0.016310 0.019928
0 0.632008 0.512681 0.014271 0.025362
0 0.314985 0.402174 0.014271 0.021739
0 0.319572 0.495471 0.015291 0.023551
0 0.571865 0.527174 0.016310 0.021739
0 0.678389 0.485507 0.013252 0.021739
0 0.550968 0.484601 0.015291 0.023551
0 0.590214 0.575181 0.014271 0.023551
0 0.450051 0.464674 0.017329 0.027174
0 0.194190 0.535326 0.015291 0.019928
0 0.393986 0.417572 0.017329 0.019928
0 0.610601 0.507246 0.014271 0.021739
0 0.225280 0.429348 0.016310 0.025362
0 0.521407 0.420290 0.015291 0.021739
0 0.433741 0.556159 0.017329 0.025362
0 0.352701 0.349638 0.016310 0.021739
0 0.516310 0.497283 0.017329 0.027174
0 0.182467 0.486413 0.016310 0.019928
0 0.530581 0.558877 0.017329 0.023551
0 0.284913 0.487319 0.017329 0.018116
0 0.482161 0.453804 0.016310 0.023551
0 0.389399 0.340580 0.014271 0.021739
0 0.229358 0.364130 0.014271 0.021739
0 0.120795 0.395833 0.013252 0.016304
0 0.364424 0.428442 0.015291 0.023551
0 0.073904 0.508152 0.015291 0.016304
0 0.570336 0.302536 0.015291 0.021739
0 0.193170 0.355978 0.015291 0.019928
0 0.663099 0.597826 0.015291 0.021739
0 0.548420 0.351449 0.014271 0.021739
0 0.444954 0.308877 0.013252 0.019928
0 0.100917 0.394022 0.016310 0.019928
0 0.081040 0.559783 0.013252 0.018116
0 0.359327 0.575181 0.017329 0.023551
0 0.381244 0.523551 0.014271 0.025362
0 0.649337 0.437500 0.014271 0.023551
0 0.489806 0.700181 0.021407 0.034420
0 0.663099 0.882246 0.013252 0.021739
0 0.695209 0.810688 0.012232 0.019928
0 0.641692 0.984601 0.013252 0.019928
0 0.798165 0.649457 0.012232 0.019928
0 0.667686 0.673913 0.014271 0.025362
0 0.885831 0.683877 0.014271 0.019928
0 0.888889 0.661232 0.008155 0.014493
0 0.877166 0.199275 0.009174 0.018116
0 0.877166 0.230978 0.011213 0.012681
0 0.661570 0.370471 0.016310 0.023551
0 0.686035 0.436594 0.014271 0.028986
0 0.613660 0.360507 0.016310 0.021739
0 0.522426 0.322464 0.015291 0.025362
0 0.480632 0.323370 0.015291 0.027174
0 0.433231 0.359601 0.014271 0.030797
0 0.428135 0.500906 0.014271 0.030797
0 0.226809 0.480072 0.015291 0.021739
0 0.215596 0.545290 0.013252 0.025362
0 0.258410 0.398551 0.011213 0.021739
0 0.256371 0.345109 0.015291 0.027174
0 0.322630 0.335145 0.015291 0.018116
0 0.362385 0.473732 0.015291 0.019928
0 0.164118 0.530797 0.014271 0.018116
0 0.137105 0.548913 0.011213 0.018116
0 0.112640 0.495471 0.011213 0.012681
0 0.185015 0.442935 0.011213 0.019928
0 0.202854 0.412138 0.012232 0.019928
0 0.180938 0.364130 0.013252 0.018116
0 0.151886 0.334239 0.014271 0.016304
0 0.135576 0.307971 0.012232 0.014493
0 0.142202 0.384058 0.015291 0.018116
0 0.160041 0.422101 0.010194 0.021739
0 0.164628 0.471014 0.013252 0.014493
0 0.145260 0.488225 0.013252 0.016304
0 0.102956 0.443841 0.012232 0.014493
0 0.093782 0.475543 0.010194 0.016304
0 0.093272 0.338768 0.011213 0.018116
0 0.062691 0.379529 0.011213 0.012681
0 0.079511 0.413949 0.012232 0.016304
0 0.046891 0.463768 0.010194 0.010870
0 0.036188 0.480072 0.011213 0.010870
0 0.051478 0.503623 0.009174 0.010870
0 0.062181 0.541667 0.012232 0.018116
0 0.023955 0.527174 0.011213 0.014493
0 0.014781 0.520833 0.009174 0.012681
0 0.016820 0.471014 0.009174 0.010870
0 0.016310 0.423007 0.010194 0.016304
0 0.028542 0.410326 0.010194 0.012681
0 0.041794 0.407609 0.010194 0.010870
0 0.007136 0.370471 0.010194 0.016304
