0 0.427115 0.376812 0.018349 0.025362
0 0.205912 0.382246 0.014271 0.021739
0 0.277268 0.526268 0.018349 0.027174
0 0.497452 0.506341 0.018349 0.023551
0 0.360856 0.464674 0.016310 0.019928
0 0.242610 0.539855 0.016310 0.021739
0 0.589704 0.352355 0.013252 0.019928
0 0.346585 0.516304 0.016310 0.021739
0 0.369521 0.364130 0.015291 0.025362
0 0.505607 0.426630 0.018349 0.023551
0 0.333843 0.465580 0.015291 0.025362
0 0.581549 0.571558 0.015291 0.027174
0 0.652396 0.541667 0.014271 0.025362
0 0.421509 0.501812 0.017329 0.025362
0 0.603466 0.440217 0.016310 0.021739
0 0.588685 0.501812 0.017329 0.025362
0 0.629460 0.394928 0.013252 0.021739
0 0.285933 0.439312 0.015291 0.023551
0 0.668705 0.623188 0.014271 0.018116
0 0.879715 0.194746 0.014271 0.023551
0 0.470438 0.341486 0.017329 0.023551
0 0.214067 0.445652 0.014271 0.025362
0 0.630479 0.501812 0.013252 0.025362
0 0.318552 0.339674 0.017329 0.019928
0 0.321611 0.528986 0.019368 0.021739
0 0.504587 0.705616 0.016310 0.023551
0 0.691131 0.555254 0.014271 0.019928
0 0.324669 0.527174 0.015291 0.021739
0 0.665647 0.461051 0.014271 0.030797
0 0.804791 0.647645 0.015291 0.019928
0 0.650866 0.825181 0.011213 0.030797
0 0.634557 0.957428 0.013252 0.023551
0 0.674312 0.738225 0.011213 0.023551
0 0.534149 0.981884 0.014271 0.025362
0 0.249235 0.359601 0.015291 0.019928
0 0.186035 0.368659 0.013252 0.019928
0 0.134047 0.348732 0.015291 0.023551
0 0.153415 0.461051 0.013252 0.016304
0 0.126402 0.474638 0.012232 0.018116
0 0.136086 0.515399 0.017329 0.023551
0 0.203874 0.494565 0.012232 0.018116
0 0.223751 0.540761 0.015291 0.023551
