0 0.818552 0.510870 0.014271 0.021739
0 0.810398 0.426630 0.014271 0.019928
0 0.836391 0.514493 0.013252 0.018116
0 0.787462 0.376812 0.011213 0.021739
0 0.846585 0.566123 0.009174 0.019928
0 0.877166 0.483696 0.013252 0.018116
0 0.903160 0.508152 0.014271 0.019928
0 0.748216 0.515399 0.018349 0.023551
0 0.775739 0.552536 0.014271 0.018116
0 0.826198 0.419384 0.013252 0.019928
0 0.821101 0.374094 0.015291 0.019928
0 0.663609 0.475543 0.014271 0.023551
0 0.718654 0.494565 0.014271 0.021739
0 0.918960 0.488225 0.015291 0.019928
0 0.946993 0.844203 0.008155 0.010870
0 0.943425 0.779891 0.007136 0.012681
0 0.952090 0.712862 0.006116 0.016304
0 0.935780 0.718297 0.008155 0.016304
0 0.954128 0.647645 0.008155 0.016304
0 0.912334 0.619565 0.012232 0.018116
0 0.990826 0.569746 0.008155 0.012681
0 0.957696 0.576993 0.007136 0.012681
0 0.965851 0.508152 0.009174 0.009058
0 0.960245 0.480978 0.004077 0.009058
0 0.953109 0.493659 0.006116 0.016304
0 0.944954 0.496377 0.008155 0.010870
0 0.940367 0.486413 0.007136 0.012681
0 0.946483 0.471920 0.009174 0.012681
0 0.959735 0.458333 0.007136 0.007246
0 0.952599 0.450181 0.005097 0.012681
0 0.942406 0.447464 0.007136 0.010870
0 0.939348 0.452899 0.007136 0.010870
0 0.935780 0.461957 0.006116 0.010870
0 0.949541 0.523551 0.007136 0.014493
0 0.935780 0.511775 0.006116 0.009058
0 0.923547 0.481884 0.008155 0.010870
0 0.920999 0.462862 0.007136 0.009058
0 0.914883 0.453804 0.009174 0.012681
0 0.950561 0.423913 0.005097 0.010870
0 0.936290 0.415761 0.007136 0.012681
0 0.940877 0.403080 0.006116 0.012681
0 0.929664 0.409420 0.006116 0.014493
0 0.922018 0.408514 0.007136 0.012681
0 0.915392 0.389493 0.010194 0.014493
0 0.919470 0.373188 0.008155 0.014493
0 0.934760 0.373188 0.008155 0.010870
0 0.922018 0.346014 0.005097 0.007246
0 0.903670 0.346920 0.007136 0.012681
0 0.901631 0.403080 0.009174 0.016304
0 0.897554 0.445652 0.009174 0.018116
0 0.887360 0.461957 0.007136 0.014493
0 0.885321 0.405797 0.009174 0.014493
0 0.863405 0.428442 0.008155 0.012681
0 0.861366 0.477355 0.010194 0.016304
0 0.849134 0.500906 0.010194 0.016304
0 0.870031 0.538949 0.007136 0.012681
0 0.831295 0.448370 0.011213 0.016304
0 0.871050 0.374094 0.009174 0.012681
0 0.852192 0.322464 0.008155 0.018116
0 0.840469 0.338768 0.009174 0.014493
0 0.824159 0.332428 0.011213 0.019928
0 0.841998 0.399457 0.008155 0.016304
0 0.775229 0.477355 0.013252 0.019928
0 0.738532 0.444746 0.013252 0.019928
0 0.797146 0.521739 0.012232 0.014493
0 0.673802 0.408514 0.016310 0.023551
0 0.051988 0.335145 0.008155 0.014493
0 0.064220 0.370471 0.008155 0.016304
0 0.054536 0.375906 0.007136 0.012681
0 0.041794 0.401268 0.008155 0.012681
0 0.061672 0.431159 0.007136 0.010870
0 0.077982 0.442935 0.007136 0.009058
0 0.058614 0.469203 0.007136 0.010870
0 0.045872 0.436594 0.004077 0.007246
0 0.043323 0.459239 0.009174 0.009058
