0 0.816004 0.517210 0.013252 0.019928
0 0.618247 0.512681 0.015291 0.018116
0 0.835372 0.513587 0.013252 0.016304
0 0.892457 0.510870 0.015291 0.018116
0 0.880734 0.405797 0.014271 0.018116
0 0.856779 0.496377 0.013252 0.021739
0 0.919470 0.464674 0.014271 0.016304
0 0.892457 0.442029 0.013252 0.014493
0 0.881244 0.450181 0.013252 0.019928
0 0.712538 0.516304 0.012232 0.018116
0 0.832314 0.452899 0.015291 0.021739
0 0.841488 0.401268 0.013252 0.016304
0 0.850663 0.568841 0.009174 0.010870
0 0.813965 0.457428 0.015291 0.023551
0 0.891947 0.402174 0.014271 0.018116
0 0.906218 0.459239 0.016310 0.019928
0 0.943425 0.767210 0.009174 0.016304
0 0.958206 0.742754 0.008155 0.014493
0 0.926096 0.710145 0.007136 0.010870
0 0.954128 0.672101 0.008155 0.014493
0 0.953109 0.599638 0.006116 0.014493
0 0.962283 0.550725 0.006116 0.018116
0 0.956167 0.532609 0.008155 0.021739
0 0.942915 0.522645 0.008155 0.012681
0 0.909276 0.625906 0.008155 0.016304
0 0.869011 0.538949 0.009174 0.016304
0 0.846075 0.480978 0.010194 0.019928
0 0.858818 0.443841 0.011213 0.021739
0 0.871560 0.490036 0.010194 0.016304
0 0.909276 0.511775 0.008155 0.019928
0 0.918960 0.491848 0.011213 0.019928
0 0.928644 0.495471 0.004077 0.012681
0 0.938838 0.501812 0.008155 0.010870
0 0.955657 0.496377 0.007136 0.018116
0 0.963303 0.503623 0.006116 0.010870
0 0.962283 0.469203 0.008155 0.021739
0 0.965341 0.447464 0.010194 0.018116
0 0.949032 0.456522 0.008155 0.014493
0 0.938838 0.471920 0.006116 0.016304
0 0.933741 0.455616 0.010194 0.019928
0 0.926606 0.433877 0.008155 0.019928
0 0.934760 0.431159 0.008155 0.018116
0 0.939857 0.429348 0.006116 0.010870
0 0.952090 0.421196 0.006116 0.016304
0 0.947503 0.413043 0.007136 0.014493
0 0.938328 0.413949 0.009174 0.016304
0 0.940877 0.394928 0.006116 0.014493
0 0.929664 0.398551 0.010194 0.010870
0 0.919980 0.401268 0.009174 0.012681
0 0.910805 0.386775 0.009174 0.016304
0 0.919980 0.375906 0.009174 0.012681
0 0.936799 0.377717 0.012232 0.019928
0 0.953619 0.391304 0.005097 0.010870
0 0.958206 0.406703 0.008155 0.016304
0 0.929154 0.354167 0.009174 0.019928
0 0.911315 0.345109 0.008155 0.016304
0 0.888379 0.341486 0.011213 0.016304
0 0.863914 0.376812 0.007136 0.014493
0 0.854230 0.330616 0.008155 0.012681
0 0.841998 0.346014 0.012232 0.014493
0 0.823649 0.336957 0.010194 0.021739
0 0.818552 0.386775 0.010194 0.016304
0 0.824669 0.418478 0.010194 0.018116
0 0.774720 0.387681 0.012232 0.014493
0 0.745158 0.486413 0.012232 0.019928
0 0.737513 0.552536 0.011213 0.018116
0 0.767584 0.581522 0.014271 0.021739
0 0.682977 0.475543 0.012232 0.023551
0 0.700306 0.442935 0.012232 0.016304
0 0.626402 0.421196 0.017329 0.023551
0 0.070846 0.398551 0.009174 0.014493
0 0.071356 0.460145 0.008155 0.010870
0 0.046891 0.444746 0.008155 0.012681
0 0.041284 0.412138 0.007136 0.009058
0 0.045872 0.386775 0.008155 0.012681
0 0.058104 0.362319 0.008155 0.010870
