0 0.743119 0.493659 0.014271 0.019928
0 0.783894 0.394022 0.016310 0.019928
0 0.843527 0.448370 0.013252 0.019928
0 0.625892 0.507246 0.014271 0.021739
0 0.814475 0.405797 0.012232 0.018116
0 0.920489 0.495471 0.014271 0.019928
0 0.776758 0.497283 0.012232 0.012681
0 0.811417 0.530797 0.016310 0.021739
0 0.739042 0.550725 0.014271 0.018116
0 0.843527 0.509964 0.015291 0.019928
0 0.868502 0.396739 0.014271 0.018116
0 0.884811 0.394928 0.014271 0.021739
0 0.895005 0.539855 0.012232 0.021739
0 0.797655 0.425725 0.013252 0.018116
0 0.751274 0.375000 0.014271 0.018116
0 0.878186 0.501812 0.013252 0.021739
0 0.698267 0.441123 0.014271 0.016304
0 0.610601 0.432065 0.012232 0.023551
0 0.878186 0.447464 0.013252 0.018116
0 0.895005 0.420290 0.014271 0.018116
0 0.948012 0.793478 0.008155 0.014493
0 0.947503 0.730072 0.007136 0.014493
0 0.953619 0.649457 0.007136 0.012681
0 0.956167 0.619565 0.010194 0.014493
0 0.960245 0.576993 0.008155 0.016304
0 0.909786 0.627717 0.011213 0.019928
0 0.992355 0.570652 0.005097 0.010870
0 0.949541 0.526268 0.009174 0.016304
0 0.953619 0.504529 0.005097 0.012681
0 0.943935 0.497283 0.008155 0.016304
0 0.932722 0.527174 0.010194 0.018116
0 0.920999 0.535326 0.009174 0.012681
0 0.968909 0.508152 0.005097 0.012681
0 0.962793 0.496377 0.007136 0.014493
0 0.964832 0.483696 0.005097 0.007246
0 0.970438 0.474638 0.006116 0.010870
0 0.963303 0.467391 0.010194 0.014493
0 0.963303 0.451087 0.008155 0.010870
0 0.968400 0.442029 0.006116 0.010870
0 0.977064 0.450181 0.007136 0.012681
0 0.952090 0.485507 0.008155 0.014493
0 0.952599 0.464674 0.009174 0.019928
0 0.951070 0.446558 0.008155 0.012681
0 0.950561 0.426630 0.007136 0.009058
0 0.954638 0.433877 0.005097 0.009058
0 0.957187 0.399457 0.006116 0.012681
0 0.962793 0.404891 0.007136 0.012681
0 0.941896 0.414855 0.008155 0.014493
0 0.939857 0.451087 0.008155 0.014493
0 0.933231 0.451993 0.009174 0.016304
0 0.931193 0.474638 0.007136 0.014493
0 0.919980 0.466486 0.011213 0.016304
0 0.908767 0.472826 0.009174 0.014493
0 0.906728 0.452899 0.007136 0.010870
0 0.897044 0.450181 0.008155 0.012681
0 0.898063 0.469203 0.008155 0.014493
0 0.910296 0.414855 0.006116 0.014493
0 0.919980 0.413043 0.007136 0.014493
0 0.928644 0.421196 0.012232 0.019928
0 0.932212 0.402174 0.009174 0.010870
0 0.941896 0.384058 0.006116 0.014493
0 0.934760 0.378623 0.010194 0.021739
0 0.941386 0.358696 0.009174 0.014493
0 0.930683 0.336957 0.010194 0.018116
0 0.921509 0.368659 0.006116 0.016304
0 0.917431 0.360507 0.008155 0.018116
0 0.900612 0.398551 0.007136 0.014493
0 0.896534 0.367754 0.009174 0.018116
0 0.880734 0.370471 0.008155 0.016304
0 0.874618 0.334239 0.008155 0.012681
0 0.844037 0.336957 0.006116 0.014493
0 0.821101 0.322464 0.007136 0.014493
0 0.803772 0.334239 0.011213 0.016304
0 0.779307 0.318841 0.013252 0.018116
0 0.837411 0.391304 0.009174 0.018116
0 0.851682 0.431159 0.009174 0.018116
0 0.864424 0.453804 0.008155 0.019928
0 0.859327 0.500906 0.008155 0.016304
0 0.856779 0.548007 0.009174 0.012681
0 0.822630 0.574275 0.012232 0.021739
0 0.831295 0.485507 0.009174 0.018116
0 0.808359 0.442935 0.010194 0.019928
0 0.795617 0.476449 0.009174 0.014493
0 0.765036 0.561594 0.013252 0.018116
0 0.686035 0.490036 0.016310 0.023551
0 0.710499 0.527174 0.012232 0.018116
