0 0.800204 0.469203 0.018349 0.021739
0 0.609072 0.514493 0.017329 0.018116
0 0.753313 0.384058 0.014271 0.021739
0 0.826707 0.395833 0.014271 0.016304
0 0.853211 0.497283 0.014271 0.019928
0 0.809378 0.529891 0.014271 0.019928
0 0.783894 0.435688 0.014271 0.019928
0 0.676351 0.498188 0.013252 0.025362
0 0.777778 0.500906 0.014271 0.023551
0 0.845566 0.447464 0.017329 0.018116
0 0.711519 0.532609 0.012232 0.018116
0 0.915902 0.536232 0.011213 0.014493
0 0.781855 0.372283 0.014271 0.016304
0 0.808869 0.417572 0.013252 0.019928
0 0.832824 0.488225 0.016310 0.019928
0 0.615189 0.448370 0.013252 0.019928
0 0.949032 0.442935 0.014271 0.016304
0 0.941896 0.535326 0.012232 0.016304
0 0.850663 0.440217 0.013252 0.018116
0 0.864934 0.378623 0.013252 0.018116
0 0.903160 0.482790 0.012232 0.016304
0 0.943935 0.487319 0.014271 0.014493
0 0.953619 0.728261 0.007136 0.014493
0 0.989297 0.560688 0.007136 0.012681
0 0.935270 0.594203 0.007136 0.018116
0 0.958716 0.538949 0.007136 0.012681
0 0.950051 0.528080 0.008155 0.012681
0 0.958206 0.519928 0.006116 0.007246
0 0.967890 0.512681 0.007136 0.014493
0 0.973496 0.503623 0.008155 0.010870
0 0.975535 0.514493 0.006116 0.010870
0 0.972477 0.461051 0.006116 0.012681
0 0.967890 0.481884 0.007136 0.018116
0 0.961774 0.484601 0.007136 0.012681
0 0.956677 0.495471 0.007136 0.012681
0 0.951070 0.511775 0.008155 0.016304
0 0.937309 0.509058 0.007136 0.014493
0 0.929664 0.514493 0.010194 0.014493
0 0.928135 0.531703 0.009174 0.023551
0 0.908257 0.499094 0.008155 0.016304
0 0.924057 0.485507 0.011213 0.014493
0 0.935270 0.489130 0.009174 0.018116
0 0.945973 0.468297 0.006116 0.012681
0 0.949032 0.455616 0.006116 0.012681
0 0.954638 0.483696 0.009174 0.021739
0 0.953109 0.468297 0.006116 0.012681
0 0.956677 0.457428 0.007136 0.009058
0 0.960245 0.452899 0.006116 0.010870
0 0.968400 0.439312 0.006116 0.012681
0 0.957696 0.424819 0.007136 0.012681
0 0.949541 0.417572 0.007136 0.012681
0 0.941896 0.415761 0.008155 0.012681
0 0.934251 0.449275 0.009174 0.014493
0 0.931193 0.433877 0.011213 0.016304
0 0.922018 0.456522 0.009174 0.018116
0 0.910805 0.475543 0.009174 0.019928
0 0.906218 0.440217 0.010194 0.014493
0 0.896024 0.442935 0.006116 0.012681
0 0.895005 0.454710 0.008155 0.014493
0 0.876147 0.444746 0.009174 0.019928
0 0.871050 0.490036 0.009174 0.016304
0 0.883282 0.544384 0.007136 0.016304
0 0.859327 0.546196 0.012232 0.016304
0 0.840979 0.524457 0.010194 0.023551
0 0.823649 0.576087 0.010194 0.018116
0 0.860856 0.426630 0.011213 0.016304
0 0.873089 0.417572 0.009174 0.012681
0 0.887360 0.404891 0.009174 0.012681
0 0.896534 0.397645 0.007136 0.016304
0 0.908257 0.403986 0.010194 0.018116
0 0.916922 0.409420 0.007136 0.014493
0 0.924057 0.414855 0.009174 0.018116
0 0.930173 0.404891 0.007136 0.016304
0 0.950561 0.396739 0.007136 0.014493
0 0.961774 0.409420 0.005097 0.014493
0 0.963812 0.392210 0.005097 0.009058
0 0.958206 0.391304 0.008155 0.014493
0 0.955657 0.359601 0.007136 0.012681
0 0.944954 0.338768 0.008155 0.010870
0 0.946483 0.368659 0.009174 0.016304
0 0.936290 0.381341 0.007136 0.016304
0 0.928644 0.368659 0.010194 0.019928
0 0.920489 0.351449 0.008155 0.018116
0 0.903670 0.336957 0.011213 0.014493
0 0.911315 0.365036 0.008155 0.016304
0 0.899592 0.364130 0.007136 0.018116
0 0.888379 0.363225 0.009174 0.016304
0 0.876656 0.365942 0.008155 0.018116
0 0.852192 0.339674 0.012232 0.016304
0 0.832824 0.346014 0.010194 0.018116
0 0.823140 0.332428 0.011213 0.019928
0 0.800204 0.335145 0.010194 0.018116
0 0.780836 0.331522 0.010194 0.018116
0 0.758919 0.548913 0.013252 0.018116
0 0.737003 0.543478 0.010194 0.021739
0 0.739551 0.501812 0.011213 0.018116
0 0.701325 0.448370 0.012232 0.023551
0 0.870031 0.057971 0.009174 0.014493
