0 0.813965 0.525362 0.013252 0.021739
0 0.794088 0.430254 0.014271 0.019928
0 0.744648 0.502717 0.015291 0.019928
0 0.678389 0.514493 0.015291 0.021739
0 0.828236 0.393116 0.015291 0.021739
0 0.850663 0.423913 0.013252 0.018116
0 0.902650 0.495471 0.013252 0.016304
0 0.941896 0.537138 0.012232 0.016304
0 0.604995 0.516304 0.017329 0.021739
0 0.877676 0.443841 0.014271 0.018116
0 0.844546 0.440217 0.015291 0.018116
0 0.752294 0.380435 0.014271 0.021739
0 0.709990 0.528986 0.017329 0.021739
0 0.950051 0.440217 0.008155 0.014493
0 0.776249 0.500906 0.013252 0.023551
0 0.896534 0.446558 0.013252 0.016304
0 0.915392 0.529891 0.012232 0.016304
0 0.809888 0.416667 0.013252 0.021739
0 0.614169 0.449275 0.013252 0.018116
0 0.893476 0.461957 0.015291 0.018116
0 0.884811 0.540761 0.008155 0.016304
0 0.857798 0.545290 0.009174 0.014493
0 0.839450 0.521739 0.011213 0.018116
0 0.822630 0.574275 0.010194 0.014493
0 0.762997 0.553442 0.013252 0.016304
0 0.739551 0.564312 0.011213 0.016304
0 0.701325 0.444746 0.010194 0.016304
0 0.781346 0.385870 0.011213 0.010870
0 0.779817 0.326087 0.014271 0.018116
0 0.802752 0.314312 0.011213 0.016304
0 0.812946 0.311594 0.011213 0.014493
0 0.833843 0.352355 0.010194 0.016304
0 0.852192 0.333333 0.006116 0.014493
0 0.858818 0.380435 0.009174 0.014493
0 0.871050 0.411232 0.009174 0.014493
0 0.860347 0.424819 0.010194 0.012681
0 0.809888 0.458333 0.011213 0.014493
0 0.797655 0.479167 0.013252 0.016304
0 0.824669 0.494565 0.010194 0.018116
0 0.854230 0.494565 0.012232 0.014493
0 0.869521 0.488225 0.010194 0.016304
0 0.875637 0.361413 0.008155 0.012681
0 0.887870 0.369565 0.008155 0.014493
0 0.898573 0.361413 0.009174 0.016304
0 0.904179 0.341486 0.008155 0.016304
0 0.928135 0.346014 0.011213 0.014493
0 0.945973 0.338768 0.008155 0.014493
0 0.945973 0.365942 0.006116 0.018116
0 0.953619 0.362319 0.005097 0.014493
0 0.967380 0.396739 0.006116 0.010870
0 0.960245 0.391304 0.008155 0.014493
0 0.951580 0.391304 0.009174 0.018116
0 0.944954 0.414855 0.010194 0.018116
0 0.956677 0.414855 0.007136 0.014493
0 0.971458 0.435688 0.006116 0.009058
0 0.978593 0.514493 0.006116 0.014493
0 0.974006 0.500000 0.007136 0.007246
0 0.967890 0.510870 0.009174 0.010870
0 0.958716 0.520833 0.005097 0.009058
0 0.952090 0.529891 0.006116 0.012681
0 0.960245 0.538949 0.008155 0.012681
0 0.950561 0.502717 0.009174 0.016304
0 0.938838 0.512681 0.008155 0.014493
0 0.929664 0.513587 0.006116 0.009058
0 0.929664 0.528080 0.006116 0.016304
0 0.910296 0.502717 0.008155 0.012681
0 0.912334 0.476449 0.008155 0.018116
0 0.924567 0.484601 0.008155 0.016304
0 0.932722 0.480978 0.008155 0.019928
0 0.941896 0.487319 0.008155 0.010870
0 0.950051 0.485507 0.006116 0.014493
0 0.953109 0.473732 0.008155 0.012681
0 0.962283 0.490036 0.006116 0.012681
0 0.975025 0.463768 0.009174 0.014493
0 0.945464 0.448370 0.005097 0.012681
0 0.951580 0.462862 0.007136 0.019928
0 0.934251 0.446558 0.007136 0.016304
0 0.924057 0.452899 0.007136 0.014493
0 0.928644 0.429348 0.006116 0.014493
0 0.930173 0.402174 0.007136 0.010870
0 0.936799 0.377717 0.008155 0.016304
0 0.923547 0.373188 0.008155 0.014493
0 0.912334 0.368659 0.008155 0.012681
0 0.924057 0.412138 0.007136 0.016304
0 0.916412 0.410326 0.008155 0.012681
0 0.908257 0.411232 0.008155 0.010870
0 0.896534 0.401268 0.007136 0.016304
0 0.884811 0.412138 0.008155 0.009058
0 0.905708 0.441123 0.007136 0.012681
0 0.954638 0.723732 0.009174 0.016304
0 0.931702 0.568841 0.010194 0.014493
0 0.992355 0.573370 0.007136 0.016304
