0 0.154944 0.275362 0.018349 0.025362
0 0.237513 0.532609 0.012232 0.028986
0 0.577982 0.422101 0.010194 0.021739
0 0.361366 0.400362 0.013252 0.025362
0 0.320591 0.504529 0.011213 0.023551
0 0.277268 0.524457 0.010194 0.016304
0 0.216106 0.471014 0.010194 0.018116
0 0.193680 0.502717 0.010194 0.019928
0 0.191131 0.431159 0.013252 0.021739
0 0.205912 0.393116 0.014271 0.021739
0 0.198267 0.349638 0.017329 0.025362
0 0.175331 0.326993 0.010194 0.019928
0 0.158512 0.336957 0.011213 0.021739
0 0.158002 0.422101 0.014271 0.025362
0 0.110601 0.373188 0.015291 0.014493
0 0.114679 0.458333 0.015291 0.018116
0 0.126911 0.475543 0.015291 0.016304
0 0.166157 0.238225 0.014271 0.023551
0 0.156983 0.213768 0.014271 0.021739
0 0.178899 0.164855 0.015291 0.021739
0 0.172783 0.116848 0.013252 0.019928
0 0.168705 0.067935 0.013252 0.016304
0 0.180428 0.013587 0.014271 0.019928
