0 0.693680 0.225543 0.017329 0.019928
0 0.431193 0.223732 0.018349 0.019928
0 0.528033 0.182971 0.014271 0.021739
0 0.434760 0.163043 0.013252 0.021739
0 0.579511 0.218297 0.015291 0.019928
0 0.476555 0.238225 0.013252 0.019928
0 0.468400 0.416667 0.015291 0.021739
0 0.671764 0.198370 0.018349 0.019928
0 0.487258 0.482790 0.016310 0.019928
0 0.375637 0.184783 0.013252 0.021739
0 0.433741 0.097826 0.013252 0.021739
0 0.494903 0.105072 0.013252 0.018116
0 0.591743 0.173007 0.013252 0.019928
0 0.322120 0.174819 0.020387 0.019928
0 0.233945 0.848732 0.019368 0.027174
0 0.496432 0.190217 0.016310 0.021739
0 0.611621 0.187500 0.016310 0.023551
0 0.486748 0.298007 0.013252 0.023551
0 0.565749 0.186594 0.012232 0.021739
0 0.326707 0.438406 0.013252 0.021739
0 0.540775 0.242754 0.017329 0.021739
0 0.466871 0.087862 0.012232 0.016304
0 0.648828 0.190217 0.015291 0.025362
0 0.293068 0.190217 0.013252 0.021739
0 0.300204 0.244565 0.015291 0.021739
0 0.476045 0.123188 0.012232 0.021739
0 0.498981 0.368659 0.017329 0.023551
0 0.546891 0.324275 0.017329 0.021739
0 0.185525 0.132246 0.014271 0.018116
0 0.188583 0.214674 0.012232 0.023551
0 0.318552 0.379529 0.013252 0.023551
0 0.397554 0.171196 0.016310 0.030797
0 0.522426 0.089674 0.013252 0.027174
0 0.700815 0.283514 0.009174 0.023551
0 0.723242 0.245471 0.009174 0.023551
0 0.674312 0.268116 0.013252 0.021739
0 0.642202 0.262681 0.014271 0.018116
0 0.616718 0.258152 0.012232 0.019928
0 0.582059 0.250906 0.012232 0.019928
0 0.649847 0.402174 0.013252 0.028986
0 0.434760 0.432971 0.013252 0.021739
0 0.428135 0.533514 0.016310 0.023551
0 0.377676 0.548913 0.011213 0.018116
0 0.365443 0.498188 0.015291 0.021739
0 0.308869 0.545290 0.012232 0.021739
0 0.294597 0.463768 0.010194 0.025362
0 0.262997 0.459239 0.012232 0.027174
0 0.243119 0.490036 0.013252 0.016304
0 0.242610 0.392210 0.010194 0.019928
0 0.196738 0.323370 0.010194 0.027174
0 0.118756 0.330616 0.013252 0.016304
0 0.114169 0.365036 0.016310 0.027174
