0 0.621814 0.221920 0.016310 0.019928
0 0.643221 0.202899 0.016310 0.018116
0 0.567278 0.154891 0.015291 0.019928
0 0.602446 0.216486 0.012232 0.019928
0 0.431702 0.176630 0.013252 0.016304
0 0.435780 0.136775 0.011213 0.016304
0 0.404179 0.225543 0.015291 0.019928
0 0.571865 0.198370 0.012232 0.019928
0 0.431193 0.096014 0.012232 0.021739
0 0.468400 0.326993 0.015291 0.019928
0 0.319062 0.184783 0.014271 0.021739
0 0.497452 0.150362 0.014271 0.018116
0 0.668705 0.268116 0.016310 0.021739
0 0.541284 0.273551 0.012232 0.021739
0 0.650866 0.263587 0.013252 0.019928
0 0.688583 0.237319 0.015291 0.021739
0 0.377676 0.179348 0.015291 0.018116
0 0.477574 0.256341 0.015291 0.023551
0 0.436290 0.230072 0.016310 0.021739
0 0.617227 0.183877 0.017329 0.019928
0 0.477064 0.169384 0.012232 0.019928
0 0.522426 0.320652 0.017329 0.025362
0 0.457696 0.198370 0.014271 0.019928
0 0.467890 0.126812 0.012232 0.018116
0 0.589704 0.177536 0.013252 0.018116
0 0.233435 0.848732 0.020387 0.027174
0 0.540265 0.150362 0.014271 0.018116
0 0.529052 0.096014 0.010194 0.018116
0 0.556065 0.118659 0.013252 0.019928
0 0.400612 0.174819 0.012232 0.019928
0 0.442406 0.282609 0.014271 0.018116
0 0.373598 0.237319 0.017329 0.021739
0 0.672273 0.197464 0.015291 0.018116
0 0.298675 0.244565 0.016310 0.021739
0 0.292049 0.191123 0.013252 0.019928
0 0.455148 0.174819 0.015291 0.019928
0 0.456167 0.131341 0.011213 0.016304
0 0.505607 0.240942 0.014271 0.021739
0 0.538226 0.191123 0.012232 0.030797
0 0.500510 0.098732 0.010194 0.027174
0 0.465851 0.086051 0.012232 0.019928
0 0.705912 0.215580 0.013252 0.025362
0 0.730887 0.230072 0.014271 0.025362
0 0.722222 0.264493 0.011213 0.021739
0 0.696738 0.270833 0.009174 0.023551
0 0.623344 0.261775 0.011213 0.012681
0 0.592253 0.262681 0.010194 0.018116
0 0.563201 0.266304 0.011213 0.025362
0 0.543323 0.330616 0.016310 0.019928
0 0.686544 0.426630 0.013252 0.019928
0 0.320591 0.376812 0.011213 0.025362
0 0.337411 0.246377 0.014271 0.025362
0 0.353721 0.167572 0.016310 0.023551
0 0.269113 0.203804 0.014271 0.023551
0 0.270133 0.254529 0.008155 0.019928
0 0.115698 0.366848 0.017329 0.019928
0 0.117227 0.419384 0.010194 0.019928
