0 0.471458 0.394022 0.019368 0.023551
0 0.631498 0.416667 0.015291 0.028986
0 0.438838 0.475543 0.011213 0.023551
0 0.395005 0.487319 0.013252 0.018116
0 0.385321 0.576087 0.012232 0.021739
0 0.348114 0.515399 0.011213 0.027174
0 0.324669 0.382246 0.013252 0.018116
0 0.282365 0.462862 0.014271 0.019928
0 0.295107 0.525362 0.009174 0.021739
0 0.302752 0.591486 0.012232 0.023551
0 0.225280 0.549819 0.014271 0.023551
0 0.235474 0.504529 0.014271 0.019928
0 0.189602 0.493659 0.016310 0.023551
0 0.194190 0.440217 0.017329 0.021739
0 0.171764 0.426630 0.011213 0.019928
0 0.184506 0.338768 0.012232 0.018116
0 0.220183 0.317935 0.014271 0.023551
0 0.161060 0.308877 0.012232 0.019928
0 0.175331 0.251812 0.010194 0.021739
0 0.171254 0.179348 0.014271 0.025362
0 0.186035 0.148551 0.013252 0.018116
0 0.183996 0.099638 0.013252 0.018116
0 0.203364 0.031703 0.013252 0.019928
0 0.183996 0.021739 0.011213 0.010870
0 0.117737 0.357790 0.007136 0.019928
0 0.111621 0.454710 0.011213 0.025362
0 0.127931 0.484601 0.011213 0.023551
