0 0.618247 0.183877 0.017329 0.019928
0 0.556575 0.113225 0.014271 0.019928
0 0.376656 0.180254 0.015291 0.019928
0 0.477064 0.163043 0.012232 0.021739
0 0.348624 0.177536 0.016310 0.018116
0 0.672783 0.203804 0.014271 0.019928
0 0.526504 0.146739 0.013252 0.021739
0 0.601937 0.221014 0.015291 0.021739
0 0.570846 0.197464 0.012232 0.018116
0 0.317533 0.182971 0.013252 0.018116
0 0.393476 0.226449 0.014271 0.018116
0 0.624873 0.218297 0.014271 0.019928
0 0.593272 0.180254 0.014271 0.019928
0 0.471967 0.311594 0.014271 0.018116
0 0.538736 0.273551 0.013252 0.021739
0 0.651376 0.261775 0.014271 0.019928
0 0.501019 0.227355 0.017329 0.019928
0 0.575433 0.149457 0.013252 0.019928
0 0.469419 0.242754 0.015291 0.021739
0 0.498981 0.147645 0.013252 0.019928
0 0.690112 0.240036 0.014271 0.019928
0 0.523955 0.326087 0.016310 0.021739
0 0.642712 0.196558 0.015291 0.019928
0 0.541794 0.186594 0.013252 0.021739
0 0.457187 0.196558 0.015291 0.019928
0 0.667686 0.267210 0.014271 0.019928
0 0.529562 0.096920 0.011213 0.019928
0 0.234455 0.847826 0.020387 0.028986
0 0.434251 0.286232 0.016310 0.018116
0 0.438838 0.174819 0.013252 0.016304
0 0.688583 0.423913 0.013252 0.021739
0 0.428135 0.136775 0.012232 0.016304
0 0.399083 0.172101 0.015291 0.018116
0 0.543833 0.329710 0.015291 0.018116
0 0.401121 0.174819 0.015291 0.019928
0 0.300714 0.246377 0.016310 0.021739
0 0.476045 0.128623 0.012232 0.018116
0 0.497961 0.096920 0.011213 0.019928
0 0.416412 0.246377 0.015291 0.021739
0 0.625382 0.262681 0.019368 0.025362
0 0.590214 0.268116 0.014271 0.021739
0 0.564220 0.267210 0.013252 0.023551
0 0.694699 0.278080 0.015291 0.023551
0 0.716616 0.276268 0.014271 0.027174
0 0.728848 0.235507 0.014271 0.018116
0 0.707951 0.220109 0.013252 0.023551
0 0.465341 0.088768 0.013252 0.028986
0 0.436799 0.090580 0.013252 0.021739
0 0.367482 0.245471 0.015291 0.016304
0 0.332314 0.249094 0.016310 0.027174
0 0.292049 0.192935 0.015291 0.027174
0 0.268603 0.199275 0.009174 0.018116
0 0.270642 0.259058 0.013252 0.021739
0 0.311927 0.380435 0.014271 0.028986
0 0.115698 0.365942 0.013252 0.025362
0 0.105505 0.455616 0.011213 0.023551
