0 0.560652 0.421196 0.016310 0.019928
0 0.572375 0.153080 0.017329 0.016304
0 0.503568 0.174819 0.012232 0.016304
0 0.455657 0.312500 0.016310 0.019928
0 0.426606 0.192029 0.015291 0.021739
0 0.318043 0.197464 0.016310 0.018116
0 0.381244 0.200181 0.014271 0.019928
0 0.608053 0.192029 0.015291 0.021739
0 0.498471 0.228261 0.012232 0.018116
0 0.342508 0.502717 0.018349 0.023551
0 0.488787 0.331522 0.013252 0.021739
0 0.531091 0.399457 0.014271 0.019928
0 0.436799 0.509058 0.015291 0.018116
0 0.516310 0.153986 0.013252 0.018116
0 0.430173 0.398551 0.016310 0.021739
0 0.494393 0.460145 0.012232 0.021739
0 0.461774 0.375906 0.014271 0.019928
0 0.451070 0.154891 0.013252 0.019928
0 0.574924 0.241848 0.016310 0.019928
0 0.402650 0.182971 0.016310 0.018116
0 0.444444 0.125000 0.014271 0.021739
0 0.477574 0.216486 0.013252 0.019928
0 0.435780 0.456522 0.015291 0.021739
0 0.497961 0.103261 0.013252 0.021739
0 0.344037 0.198370 0.015291 0.016304
0 0.456677 0.235507 0.012232 0.021739
0 0.468400 0.085145 0.015291 0.018116
0 0.522936 0.448370 0.014271 0.019928
0 0.538736 0.180254 0.015291 0.019928
0 0.235474 0.850543 0.020387 0.030797
0 0.414883 0.240036 0.014271 0.019928
0 0.547910 0.103261 0.013252 0.018116
0 0.463303 0.197464 0.013252 0.018116
0 0.507645 0.469203 0.018349 0.018116
0 0.544343 0.220109 0.014271 0.019928
0 0.537207 0.179348 0.014271 0.018116
0 0.605505 0.244565 0.016310 0.018116
0 0.641692 0.183877 0.013252 0.019928
0 0.476045 0.140399 0.012232 0.019928
0 0.404689 0.597826 0.014271 0.018116
0 0.529562 0.125000 0.013252 0.018116
0 0.582059 0.190217 0.014271 0.021739
0 0.504077 0.298913 0.013252 0.021739
0 0.679409 0.271739 0.017329 0.021739
0 0.556575 0.167572 0.014271 0.023551
0 0.546381 0.475543 0.016310 0.023551
0 0.506116 0.379529 0.013252 0.019928
0 0.462283 0.199275 0.013252 0.018116
0 0.525994 0.235507 0.012232 0.021739
0 0.386850 0.403986 0.013252 0.021739
0 0.622834 0.444746 0.018349 0.019928
0 0.366463 0.408514 0.015291 0.023551
0 0.567788 0.571558 0.014271 0.019928
0 0.517839 0.269022 0.012232 0.019928
0 0.697757 0.239130 0.013252 0.018116
0 0.396024 0.392210 0.015291 0.019928
0 0.549439 0.258152 0.016310 0.023551
0 0.547401 0.291667 0.016310 0.018116
0 0.523445 0.663043 0.015291 0.018116
0 0.625892 0.259964 0.018349 0.023551
0 0.410296 0.471014 0.015291 0.021739
0 0.436799 0.259964 0.017329 0.023551
0 0.369521 0.186594 0.013252 0.021739
0 0.651886 0.594203 0.015291 0.025362
0 0.645770 0.480978 0.015291 0.023551
0 0.703364 0.413949 0.012232 0.019928
0 0.652396 0.237319 0.012232 0.021739
0 0.300714 0.212862 0.014271 0.023551
0 0.390928 0.243659 0.015291 0.019928
0 0.362895 0.241848 0.012232 0.019928
0 0.335372 0.246377 0.014271 0.018116
0 0.361366 0.514493 0.017329 0.018116
0 0.372579 0.566123 0.015291 0.027174
0 0.462793 0.585145 0.012232 0.021739
0 0.540775 0.613225 0.013252 0.027174
0 0.568298 0.522645 0.017329 0.023551
0 0.599898 0.494565 0.015291 0.018116
0 0.607543 0.544384 0.010194 0.019928
0 0.597350 0.677536 0.014271 0.021739
0 0.595821 0.771739 0.013252 0.021739
0 0.550968 0.729167 0.011213 0.030797
0 0.517839 0.783514 0.014271 0.023551
0 0.453109 0.673007 0.015291 0.023551
0 0.402650 0.674819 0.012232 0.027174
0 0.414373 0.742754 0.015291 0.018116
0 0.371560 0.785326 0.013252 0.019928
0 0.340469 0.717391 0.014271 0.021739
0 0.375127 0.667572 0.014271 0.023551
0 0.350663 0.632246 0.014271 0.025362
0 0.307849 0.688406 0.016310 0.018116
0 0.327217 0.803442 0.014271 0.019928
0 0.246687 0.615942 0.012232 0.018116
0 0.194699 0.387681 0.014271 0.025362
0 0.182467 0.240942 0.014271 0.025362
0 0.117737 0.210145 0.007136 0.014493
0 0.113150 0.391304 0.012232 0.021739
0 0.316514 0.390399 0.015291 0.023551
0 0.541794 0.332428 0.011213 0.019928
