0 0.451580 0.317029 0.016310 0.021739
0 0.481142 0.155797 0.014271 0.021739
0 0.559633 0.420290 0.016310 0.021739
0 0.509174 0.319746 0.015291 0.023551
0 0.530581 0.400362 0.013252 0.018116
0 0.564730 0.216486 0.016310 0.019928
0 0.595311 0.201087 0.014271 0.018116
0 0.487768 0.284420 0.013252 0.021739
0 0.508665 0.180254 0.014271 0.019928
0 0.453109 0.201993 0.013252 0.019928
0 0.406728 0.603261 0.014271 0.018116
0 0.519878 0.528080 0.014271 0.019928
0 0.436290 0.406703 0.016310 0.023551
0 0.509684 0.134058 0.014271 0.018116
0 0.413863 0.238225 0.014271 0.019928
0 0.566259 0.512681 0.013252 0.018116
0 0.546891 0.283514 0.017329 0.019928
0 0.466871 0.088768 0.016310 0.018116
0 0.562691 0.160326 0.016310 0.019928
0 0.405708 0.181159 0.016310 0.018116
0 0.448012 0.240036 0.015291 0.019928
0 0.436799 0.508152 0.015291 0.019928
0 0.353211 0.201087 0.015291 0.018116
0 0.472987 0.227355 0.014271 0.019928
0 0.535168 0.328804 0.016310 0.019928
0 0.400612 0.661232 0.016310 0.021739
0 0.484709 0.341486 0.013252 0.023551
0 0.516310 0.244565 0.013252 0.018116
0 0.378186 0.558877 0.014271 0.016304
0 0.621814 0.444746 0.018349 0.019928
0 0.470948 0.603261 0.014271 0.018116
0 0.436799 0.461051 0.015291 0.019928
0 0.510194 0.091486 0.013252 0.016304
0 0.610601 0.426630 0.018349 0.019928
0 0.541284 0.217391 0.014271 0.018116
0 0.466361 0.353261 0.015291 0.021739
0 0.680938 0.267210 0.020387 0.023551
0 0.498471 0.413043 0.014271 0.021739
0 0.598369 0.493659 0.014271 0.019928
0 0.367482 0.413043 0.015291 0.021739
0 0.228848 0.859601 0.015291 0.027174
0 0.425586 0.183877 0.013252 0.019928
0 0.373089 0.190217 0.016310 0.021739
0 0.548930 0.569746 0.015291 0.023551
0 0.433231 0.283514 0.014271 0.019928
0 0.537717 0.641304 0.015291 0.021739
0 0.545362 0.474638 0.016310 0.021739
0 0.602446 0.531703 0.014271 0.023551
0 0.488277 0.513587 0.014271 0.019928
0 0.389908 0.242754 0.015291 0.021739
0 0.362895 0.242754 0.012232 0.010870
0 0.335882 0.244565 0.013252 0.014493
0 0.395515 0.390399 0.014271 0.016304
0 0.412844 0.468297 0.012232 0.027174
0 0.521407 0.446558 0.013252 0.023551
0 0.557594 0.253623 0.008155 0.018116
0 0.720693 0.236413 0.012232 0.027174
0 0.703364 0.413949 0.010194 0.019928
0 0.647299 0.480978 0.014271 0.012681
0 0.634557 0.599638 0.015291 0.021739
0 0.596840 0.674819 0.013252 0.019928
0 0.585627 0.769022 0.015291 0.023551
0 0.546891 0.714674 0.011213 0.019928
0 0.521407 0.778986 0.011213 0.018116
0 0.452599 0.693841 0.012232 0.018116
0 0.423038 0.716486 0.014271 0.016304
0 0.356779 0.624094 0.014271 0.019928
0 0.376147 0.661232 0.012232 0.021739
0 0.357798 0.766304 0.010194 0.018116
0 0.337411 0.717391 0.012232 0.018116
0 0.316004 0.759058 0.012232 0.018116
0 0.308359 0.689312 0.011213 0.019928
0 0.274210 0.725543 0.012232 0.019928
0 0.247197 0.740942 0.011213 0.018116
0 0.244648 0.641304 0.012232 0.028986
0 0.335882 0.500906 0.015291 0.019928
0 0.365443 0.511775 0.017329 0.019928
0 0.536188 0.163043 0.014271 0.021739
0 0.317533 0.388587 0.013252 0.027174
0 0.221713 0.501812 0.013252 0.021739
0 0.192151 0.478261 0.011213 0.025362
0 0.173293 0.374094 0.010194 0.023551
0 0.179918 0.326993 0.009174 0.023551
0 0.166157 0.126812 0.012232 0.025362
0 0.177880 0.052536 0.009174 0.014493
0 0.113660 0.383152 0.013252 0.023551
0 0.117227 0.222826 0.010194 0.018116
0 0.016310 0.234601 0.014271 0.016304
0 0.014271 0.274457 0.010194 0.016304
0 0.065749 0.033514 0.011213 0.023551
