0 0.615698 0.821558 0.024465 0.038043
0 0.545872 0.566123 0.025484 0.034420
0 0.583078 0.507246 0.024465 0.039855
0 0.566259 0.864130 0.021407 0.032609
0 0.146279 0.333333 0.023445 0.036232
0 0.541284 0.357790 0.022426 0.038043
0 0.644750 0.354167 0.025484 0.034420
0 0.123344 0.112319 0.020387 0.032609
0 0.276249 0.224638 0.018349 0.028986
0 0.541794 0.468297 0.023445 0.038043
0 0.740061 0.598732 0.024465 0.034420
0 0.245158 0.653986 0.021407 0.028986
0 0.479103 0.573370 0.024465 0.038043
0 0.714577 0.532609 0.022426 0.036232
0 0.230377 0.468297 0.026504 0.038043
0 0.601427 0.311594 0.022426 0.036232
0 0.970438 0.199275 0.022426 0.032609
0 0.600917 0.601449 0.023445 0.036232
0 0.060143 0.129529 0.022426 0.034420
0 0.403160 0.687500 0.021407 0.038043
0 0.603976 0.697464 0.025484 0.032609
0 0.396024 0.331522 0.021407 0.032609
0 0.981142 0.708333 0.027523 0.039855
0 0.661570 0.886775 0.022426 0.038043
0 0.773191 0.307971 0.023445 0.036232
0 0.446483 0.300725 0.024465 0.036232
0 0.680428 0.492754 0.025484 0.036232
0 0.168196 0.100543 0.024465 0.034420
0 0.811927 0.511775 0.021407 0.034420
0 0.428135 0.398551 0.022426 0.036232
0 0.491335 0.451993 0.024465 0.034420
0 0.839959 0.981884 0.024465 0.032609
0 0.185525 0.534420 0.022426 0.032609
0 0.800204 0.450181 0.026504 0.038043
0 0.714577 0.689312 0.022426 0.034420
0 0.313965 0.380435 0.022426 0.036232
0 0.877166 0.609601 0.025484 0.034420
0 0.598369 0.931159 0.022426 0.032609
0 0.939348 0.618659 0.025484 0.038043
0 0.889399 0.736413 0.023445 0.034420
0 0.327217 0.753623 0.022426 0.036232
0 0.967380 0.947464 0.026504 0.036232
0 0.498471 0.286232 0.022426 0.036232
0 0.866972 0.913949 0.023445 0.034420
0 0.303262 0.920290 0.023445 0.036232
0 0.383792 0.490942 0.021407 0.036232
0 0.587666 0.430254 0.023445 0.038043
0 0.392457 0.800725 0.024465 0.036232
0 0.812946 0.293478 0.023445 0.039855
0 0.590724 0.225543 0.025484 0.038043
0 0.254842 0.140399 0.026504 0.034420
0 0.306320 0.287138 0.025484 0.038043
0 0.560143 0.270833 0.023445 0.034420
0 0.840469 0.851449 0.025484 0.032609
0 0.951070 0.819746 0.024465 0.038043
0 0.628950 0.473732 0.022426 0.034420
0 0.541794 0.805254 0.023445 0.034420
0 0.763507 0.498188 0.026504 0.032609
0 0.862895 0.283514 0.023445 0.038043
0 0.916922 0.296196 0.027523 0.034420
0 0.641692 0.980978 0.023445 0.034420
0 0.729867 0.379529 0.024465 0.034420
0 0.213558 0.936594 0.025484 0.032609
0 0.913863 0.686594 0.025484 0.039855
0 0.144241 0.486413 0.025484 0.038043
0 0.210499 0.291667 0.023445 0.036232
0 0.707951 0.273551 0.023445 0.032609
0 0.761468 0.378623 0.024465 0.036232
0 0.551478 0.699275 0.024465 0.036232
0 0.263507 0.597826 0.023445 0.032609
0 0.462793 0.985507 0.022426 0.028986
0 0.515800 0.211051 0.024465 0.038043
0 0.704383 0.812500 0.024465 0.038043
0 0.877676 0.517210 0.026504 0.034420
0 0.339450 0.684783 0.024465 0.036232
0 0.670744 0.562500 0.024465 0.038043
0 0.219164 0.558877 0.022426 0.030797
0 0.345056 0.942935 0.023445 0.034420
0 0.181957 0.227355 0.027523 0.038043
0 0.982161 0.648551 0.025484 0.036232
0 0.333333 0.544384 0.024465 0.030797
0 0.728848 0.892210 0.026504 0.038043
0 0.804791 0.901268 0.025484 0.034420
0 0.754842 0.776268 0.023445 0.030797
0 0.334862 0.471014 0.023445 0.036232
0 0.060652 0.732790 0.021407 0.030797
0 0.064730 0.957428 0.021407 0.034420
0 0.958206 0.490942 0.026504 0.039855
0 0.826707 0.563406 0.024465 0.039855
0 0.889399 0.453804 0.025484 0.034420
0 0.013761 0.121377 0.021407 0.032609
0 0.283894 0.730072 0.021407 0.028986
0 0.310398 0.143116 0.023445 0.032609
0 0.261468 0.431159 0.025484 0.036232
0 0.933231 0.389493 0.027523 0.036232
0 0.287971 0.494565 0.021407 0.032609
0 0.987258 0.819746 0.021407 0.034420
0 0.025484 0.251812 0.026504 0.032609
0 0.659021 0.653080 0.023445 0.038043
0 0.941896 0.024457 0.030581 0.038043
0 0.360856 0.412138 0.022426 0.034420
0 0.682977 0.362319 0.020387 0.036232
0 0.207441 0.124094 0.019368 0.030797
0 0.561162 0.974638 0.023445 0.036232
0 0.544852 0.628623 0.021407 0.032609
0 0.340469 0.274457 0.022426 0.034420
0 0.435270 0.774457 0.022426 0.034420
0 0.165138 0.634964 0.024465 0.030797
0 0.871050 0.986413 0.023445 0.027174
0 0.694190 0.952899 0.024465 0.032609
0 0.774210 0.198370 0.025484 0.034420
0 0.669725 0.143116 0.024465 0.032609
0 0.687054 0.433877 0.022426 0.030797
0 0.456167 0.455616 0.023445 0.034420
0 0.836901 0.353261 0.024465 0.039855
0 0.387870 0.163043 0.023445 0.032609
0 0.655963 0.755435 0.027523 0.039855
0 0.073394 0.493659 0.020387 0.023551
0 0.086137 0.789855 0.021407 0.036232
0 0.878186 0.339674 0.025484 0.034420
0 0.479613 0.693841 0.023445 0.032609
0 0.426606 0.916667 0.023445 0.032609
0 0.877676 0.210145 0.022426 0.028986
0 0.469419 0.192029 0.021407 0.032609
0 0.919470 0.889493 0.026504 0.036232
0 0.781855 0.591486 0.028542 0.041667
0 0.086137 0.638587 0.021407 0.030797
0 0.751274 0.986413 0.026504 0.027174
0 0.804281 0.685688 0.028542 0.041667
0 0.915902 0.184783 0.025484 0.036232
0 0.231397 0.371377 0.028542 0.043478
0 0.934251 0.969203 0.025484 0.036232
0 0.857798 0.658514 0.023445 0.030797
0 0.652905 0.259964 0.017329 0.038043
0 0.643221 0.412138 0.024465 0.034420
0 0.135576 0.398551 0.022426 0.028986
0 0.839450 0.193841 0.027523 0.039855
0 0.031091 0.596920 0.021407 0.030797
0 0.962283 0.347826 0.024465 0.036232
0 0.021407 0.221920 0.020387 0.027174
0 0.013761 0.454710 0.023445 0.028986
0 0.692151 0.224638 0.024465 0.043478
0 0.775229 0.873188 0.025484 0.036232
0 0.163609 0.451087 0.023445 0.032609
0 0.036697 0.355978 0.022426 0.027174
0 0.572375 0.173007 0.023445 0.041667
0 0.251784 0.987319 0.022426 0.025362
0 0.116718 0.198370 0.019368 0.027174
0 0.133028 0.216486 0.031600 0.030797
0 0.427625 0.192935 0.021407 0.038043
0 0.468909 0.359601 0.020387 0.034420
0 0.759939 0.266304 0.019368 0.032609
0 0.994393 0.191123 0.011213 0.027174
0 0.991335 0.309783 0.017329 0.047101
0 0.992355 0.426630 0.015291 0.034420
0 0.989297 0.594203 0.021407 0.043478
0 0.882773 0.682065 0.024465 0.041667
0 0.420489 0.986413 0.019368 0.027174
0 0.370540 0.595109 0.023445 0.045290
0 0.445973 0.620471 0.021407 0.034420
