0 0.582059 0.977355 0.026504 0.038043
0 0.640673 0.978261 0.023445 0.036232
0 0.221713 0.132246 0.021407 0.028986
0 0.586137 0.421196 0.024465 0.038043
0 0.425586 0.401268 0.021407 0.034420
0 0.819572 0.509058 0.024465 0.036232
0 0.292049 0.134058 0.023445 0.036232
0 0.342508 0.932971 0.024465 0.036232
0 0.714067 0.534420 0.023445 0.036232
0 0.166157 0.110507 0.022426 0.036232
0 0.633028 0.351449 0.024465 0.032609
0 0.970438 0.198370 0.020387 0.030797
0 0.948522 0.819746 0.025484 0.038043
0 0.499490 0.288043 0.024465 0.036232
0 0.257900 0.661232 0.022426 0.032609
0 0.855250 0.892210 0.024465 0.038043
0 0.541794 0.359601 0.025484 0.038043
0 0.976555 0.934783 0.022426 0.036232
0 0.264016 0.598732 0.022426 0.034420
0 0.338430 0.686594 0.024465 0.036232
0 0.543323 0.569746 0.026504 0.038043
0 0.586646 0.504529 0.023445 0.038043
0 0.603466 0.697464 0.024465 0.032609
0 0.273700 0.230978 0.019368 0.030797
0 0.542813 0.469203 0.025484 0.039855
0 0.836391 0.984601 0.025484 0.030797
0 0.237003 0.471014 0.023445 0.036232
0 0.285423 0.733696 0.022426 0.032609
0 0.776758 0.307971 0.022426 0.036232
0 0.872579 0.521739 0.024465 0.036232
0 0.600917 0.600543 0.023445 0.038043
0 0.464322 0.357790 0.021407 0.034420
0 0.288481 0.869565 0.022426 0.036232
0 0.313965 0.573370 0.026504 0.038043
0 0.383282 0.492754 0.022426 0.036232
0 0.570846 0.862319 0.022426 0.032609
0 0.397554 0.322464 0.022426 0.032609
0 0.705403 0.817029 0.024465 0.036232
0 0.387360 0.796196 0.022426 0.034420
0 0.802752 0.899457 0.023445 0.034420
0 0.146279 0.232790 0.025484 0.038043
0 0.823649 0.577899 0.024465 0.039855
0 0.486239 0.434783 0.022426 0.032609
0 0.906728 0.870471 0.025484 0.034420
0 0.470438 0.570652 0.025484 0.036232
0 0.623853 0.826087 0.022426 0.032609
0 0.656473 0.755435 0.026504 0.039855
0 0.216106 0.932065 0.026504 0.038043
0 0.219674 0.556159 0.023445 0.032609
0 0.540775 0.794384 0.023445 0.034420
0 0.285933 0.490942 0.021407 0.036232
0 0.932212 0.625000 0.025484 0.039855
0 0.801733 0.432971 0.025484 0.036232
0 0.725790 0.382246 0.022426 0.036232
0 0.878695 0.615036 0.024465 0.034420
0 0.953619 0.488225 0.027523 0.041667
0 0.306830 0.278080 0.020387 0.034420
0 0.982671 0.605978 0.026504 0.038043
0 0.584098 0.222826 0.024465 0.039855
0 0.665647 0.873188 0.022426 0.036232
0 0.825688 0.829710 0.024465 0.032609
0 0.431702 0.788043 0.021407 0.032609
0 0.061672 0.957428 0.023445 0.034420
0 0.887360 0.451993 0.025484 0.034420
0 0.691641 0.433877 0.025484 0.034420
0 0.339450 0.474638 0.024465 0.036232
0 0.412334 0.674819 0.021407 0.034420
0 0.210499 0.289855 0.025484 0.036232
0 0.332824 0.757246 0.023445 0.032609
0 0.557594 0.696558 0.024465 0.038043
0 0.767584 0.516304 0.028542 0.039855
0 0.064220 0.125906 0.026504 0.038043
0 0.463812 0.981884 0.022426 0.028986
0 0.183996 0.225543 0.025484 0.038043
0 0.630479 0.473732 0.025484 0.038043
0 0.914883 0.283514 0.023445 0.034420
0 0.984709 0.427536 0.024465 0.032609
0 0.653415 0.251812 0.020387 0.028986
0 0.558614 0.276268 0.026504 0.034420
0 0.687054 0.490942 0.024465 0.036232
0 0.068298 0.734601 0.024465 0.034420
0 0.718145 0.680254 0.025484 0.038043
0 0.142712 0.324275 0.026504 0.036232
0 0.988277 0.665761 0.023445 0.038043
0 0.359327 0.407609 0.025484 0.032609
0 0.603466 0.917572 0.022426 0.034420
0 0.694190 0.211051 0.022426 0.030797
0 0.866463 0.274457 0.024465 0.034420
0 0.820082 0.315217 0.023445 0.032609
0 0.515291 0.209239 0.023445 0.038043
0 0.725790 0.890399 0.026504 0.038043
0 0.795107 0.673007 0.026504 0.041667
0 0.433231 0.584239 0.028542 0.041667
0 0.594801 0.309783 0.023445 0.032609
0 0.881244 0.342391 0.027523 0.036232
0 0.978084 0.721920 0.023445 0.034420
0 0.833333 0.186594 0.025484 0.032609
0 0.547910 0.627717 0.023445 0.034420
0 0.837920 0.359601 0.022426 0.034420
0 0.187564 0.519928 0.022426 0.032609
0 0.706422 0.274457 0.022426 0.030797
0 0.759939 0.378623 0.025484 0.039855
0 0.116208 0.647645 0.022426 0.034420
0 0.916922 0.695652 0.025484 0.039855
0 0.737513 0.614130 0.025484 0.032609
0 0.964832 0.343297 0.025484 0.038043
0 0.656983 0.656703 0.023445 0.034420
0 0.640673 0.414855 0.025484 0.036232
0 0.314985 0.371377 0.022426 0.032609
0 0.262997 0.429348 0.022426 0.032609
0 0.418451 0.190217 0.025484 0.032609
0 0.229358 0.366848 0.024465 0.034420
0 0.135066 0.455616 0.023445 0.034420
0 0.868502 0.980072 0.024465 0.032609
0 0.751784 0.778986 0.021407 0.032609
0 0.654434 0.541667 0.024465 0.036232
0 0.933231 0.964674 0.027523 0.038043
0 0.097859 0.220109 0.020387 0.030797
0 0.876147 0.224638 0.021407 0.032609
0 0.091743 0.794384 0.022426 0.034420
0 0.931702 0.381341 0.026504 0.038043
0 0.425586 0.922101 0.023445 0.032609
0 0.390928 0.162138 0.025484 0.038043
0 0.932212 0.198370 0.023445 0.034420
0 0.704893 0.307971 0.021407 0.028986
0 0.127931 0.149457 0.025484 0.034420
0 0.449541 0.302536 0.022426 0.039855
0 0.163099 0.448370 0.024465 0.034420
0 0.682467 0.381341 0.021407 0.034420
0 0.892966 0.763587 0.024465 0.030797
0 0.362385 0.885870 0.019368 0.028986
0 0.167686 0.637681 0.025484 0.032609
0 0.471458 0.185688 0.023445 0.030797
0 0.776758 0.873188 0.024465 0.036232
0 0.853211 0.759964 0.026504 0.041667
0 0.343527 0.260870 0.026504 0.039855
0 0.030581 0.604167 0.022426 0.034420
0 0.665647 0.148551 0.024465 0.036232
0 0.010194 0.123188 0.018349 0.028986
0 0.838940 0.687500 0.022426 0.034420
0 0.454128 0.453804 0.025484 0.038043
0 0.024465 0.252717 0.024465 0.030797
0 0.695209 0.951087 0.024465 0.032609
0 0.017329 0.467391 0.026504 0.036232
0 0.133537 0.397645 0.020387 0.027174
0 0.482161 0.697464 0.024465 0.028986
0 0.778287 0.192935 0.025484 0.034420
0 0.384811 0.599638 0.027523 0.039855
0 0.631498 0.557971 0.025484 0.039855
0 0.073394 0.496377 0.022426 0.025362
0 0.324159 0.172101 0.026504 0.036232
0 0.780836 0.588768 0.026504 0.036232
0 0.985219 0.813406 0.025484 0.050725
0 0.990316 0.305254 0.019368 0.041667
0 0.760449 0.269928 0.022426 0.039855
0 0.570846 0.175725 0.022426 0.039855
0 0.021916 0.221014 0.027523 0.028986
0 0.039755 0.357790 0.028542 0.034420
0 0.252294 0.988225 0.023445 0.023551
0 0.418960 0.983696 0.020387 0.032609
0 0.750255 0.980978 0.020387 0.038043
