0 0.982161 0.912138 0.025484 0.038043
0 0.271152 0.309783 0.024465 0.039855
0 0.577472 0.802536 0.021407 0.036232
0 0.621814 0.554348 0.024465 0.036232
0 0.453109 0.577899 0.021407 0.036232
0 0.446483 0.151268 0.020387 0.030797
0 0.856269 0.335145 0.024465 0.036232
0 0.367992 0.288043 0.024465 0.032609
0 0.929154 0.463768 0.023445 0.032609
0 0.707441 0.779891 0.022426 0.034420
0 0.936799 0.760870 0.024465 0.036232
0 0.395005 0.559783 0.019368 0.032609
0 0.718654 0.729167 0.026504 0.038043
0 0.966361 0.818841 0.024465 0.036232
0 0.464832 0.409420 0.024465 0.036232
0 0.943935 0.185688 0.022426 0.030797
0 0.779817 0.743659 0.024465 0.034420
0 0.579001 0.731884 0.022426 0.032609
0 0.531600 0.314312 0.023445 0.034420
0 0.354740 0.566123 0.024465 0.034420
0 0.885321 0.670290 0.021407 0.028986
0 0.561162 0.022645 0.021407 0.030797
0 0.936799 0.897645 0.024465 0.034420
0 0.693170 0.488225 0.022426 0.034420
0 0.324669 0.673913 0.023445 0.032609
0 0.565749 0.663043 0.022426 0.032609
0 0.337411 0.336051 0.022426 0.030797
0 0.806320 0.405797 0.024465 0.036232
0 0.292049 0.534420 0.025484 0.039855
0 0.318552 0.419384 0.023445 0.034420
0 0.782875 0.959239 0.026504 0.034420
0 0.206422 0.288949 0.025484 0.041667
0 0.447503 0.759964 0.020387 0.030797
0 0.297655 0.381341 0.022426 0.034420
0 0.466361 0.487319 0.021407 0.032609
0 0.847604 0.626812 0.025484 0.036232
0 0.446483 0.683877 0.022426 0.034420
0 0.413354 0.205616 0.021407 0.034420
0 0.401631 0.662138 0.020387 0.030797
0 0.406218 0.597826 0.023445 0.036232
0 0.709480 0.337862 0.022426 0.034420
0 0.346585 0.124094 0.024465 0.034420
0 0.680938 0.740942 0.022426 0.032609
0 0.779817 0.838768 0.026504 0.036232
0 0.636086 0.673913 0.022426 0.032609
0 0.302752 0.793478 0.022426 0.032609
0 0.669725 0.106884 0.020387 0.032609
0 0.638634 0.874094 0.023445 0.034420
0 0.671254 0.322464 0.023445 0.032609
0 0.403160 0.143116 0.021407 0.032609
0 0.721203 0.395833 0.021407 0.030797
0 0.678899 0.576993 0.022426 0.034420
0 0.974006 0.554348 0.021407 0.036232
0 0.397554 0.263587 0.022426 0.034420
0 0.491845 0.516304 0.021407 0.032609
0 0.843017 0.385870 0.024465 0.032609
0 0.885321 0.447464 0.025484 0.036232
0 0.615698 0.508152 0.022426 0.034420
0 0.804791 0.340580 0.027523 0.039855
0 0.826198 0.851449 0.023445 0.032609
0 0.714577 0.963768 0.022426 0.032609
0 0.340979 0.189312 0.025484 0.038043
0 0.257390 0.153080 0.023445 0.030797
0 0.768603 0.175725 0.022426 0.028986
0 0.509684 0.355978 0.022426 0.030797
0 0.691131 0.536232 0.024465 0.032609
0 0.478084 0.652174 0.022426 0.032609
0 0.756371 0.508152 0.024465 0.030797
0 0.581040 0.225543 0.024465 0.034420
0 0.457187 0.211957 0.023445 0.036232
0 0.504077 0.839674 0.027523 0.038043
0 0.556065 0.173913 0.021407 0.032609
0 0.731906 0.271739 0.024465 0.032609
0 0.615698 0.729167 0.022426 0.034420
0 0.870031 0.173913 0.027523 0.036232
0 0.817533 0.984601 0.024465 0.030797
0 0.841488 0.269928 0.021407 0.032609
0 0.782875 0.459239 0.024465 0.034420
0 0.673293 0.432065 0.023445 0.034420
0 0.264526 0.239130 0.021407 0.032609
0 0.552497 0.564312 0.022426 0.034420
0 0.357798 0.382246 0.022426 0.032609
0 0.520897 0.677536 0.022426 0.032609
0 0.899083 0.182065 0.024465 0.034420
0 0.436799 0.523551 0.021407 0.032609
0 0.547401 0.249094 0.024465 0.030797
0 0.598879 0.462862 0.023445 0.038043
0 0.515800 0.162138 0.024465 0.030797
0 0.660550 0.784420 0.024465 0.036232
0 0.972477 0.183877 0.022426 0.034420
0 0.364424 0.836957 0.021407 0.032609
0 0.477064 0.267210 0.020387 0.034420
0 0.559633 0.076993 0.022426 0.030797
0 0.616208 0.360507 0.019368 0.032609
0 0.489806 0.710145 0.021407 0.032609
0 0.287971 0.119565 0.023445 0.032609
0 0.726809 0.870471 0.022426 0.034420
0 0.745158 0.684783 0.026504 0.036232
0 0.384811 0.498188 0.021407 0.032609
0 0.768094 0.385870 0.023445 0.036232
0 0.902141 0.392210 0.022426 0.034420
0 0.309888 0.498188 0.022426 0.028986
0 0.638634 0.211051 0.021407 0.034420
0 0.795107 0.575181 0.024465 0.030797
0 0.725790 0.455616 0.024465 0.034420
0 0.396024 0.359601 0.021407 0.027174
0 0.609582 0.401268 0.022426 0.038043
0 0.502548 0.908514 0.022426 0.034420
0 0.970948 0.322464 0.023445 0.032609
0 0.336391 0.274457 0.020387 0.030797
0 0.484709 0.561594 0.023445 0.032609
0 0.820591 0.453804 0.024465 0.030797
0 0.739042 0.330616 0.022426 0.034420
0 0.583588 0.339674 0.021407 0.030797
0 0.683486 0.052536 0.021407 0.036232
0 0.859837 0.499094 0.025484 0.034420
0 0.918960 0.711957 0.023445 0.032609
0 0.732416 0.644022 0.023445 0.034420
0 0.950561 0.255435 0.025484 0.032609
0 0.796636 0.635870 0.023445 0.036232
0 0.545362 0.714674 0.022426 0.038043
0 0.584098 0.548007 0.024465 0.034420
0 0.959735 0.671196 0.023445 0.030797
0 0.783894 0.535326 0.022426 0.030797
0 0.927625 0.309783 0.020387 0.028986
0 0.708461 0.614130 0.022426 0.032609
0 0.379205 0.216486 0.024465 0.034420
0 0.707441 0.675725 0.022426 0.032609
0 0.697757 0.284420 0.021407 0.032609
0 0.493374 0.800725 0.018349 0.025362
0 0.664118 0.501812 0.023445 0.032609
0 0.651376 0.388587 0.022426 0.034420
0 0.975535 0.739130 0.024465 0.032609
0 0.409786 0.462862 0.024465 0.030797
0 0.752803 0.808877 0.023445 0.038043
0 0.919470 0.548007 0.024465 0.034420
0 0.917431 0.653986 0.020387 0.028986
0 0.683486 0.897645 0.025484 0.041667
0 0.370031 0.437500 0.024465 0.030797
0 0.649337 0.260870 0.020387 0.032609
0 0.815494 0.141304 0.022426 0.036232
0 0.801223 0.241848 0.024465 0.034420
0 0.684506 0.375906 0.023445 0.034420
0 0.502039 0.457428 0.021407 0.034420
0 0.600408 0.923913 0.020387 0.032609
0 0.765545 0.341486 0.022426 0.034420
0 0.318552 0.576993 0.023445 0.034420
0 0.699796 0.831522 0.023445 0.032609
0 0.443425 0.453804 0.022426 0.034420
0 0.561672 0.295290 0.020387 0.032609
0 0.471458 0.144928 0.023445 0.028986
0 0.512232 0.395833 0.023445 0.030797
0 0.571356 0.122283 0.021407 0.034420
0 0.563710 0.505435 0.024465 0.032609
0 0.798675 0.673913 0.023445 0.036232
0 0.313456 0.215580 0.027523 0.036232
0 0.795107 0.165761 0.022426 0.030797
0 0.673293 0.684783 0.023445 0.032609
0 0.555556 0.606884 0.022426 0.036232
0 0.269113 0.479167 0.026504 0.034420
0 0.598879 0.317935 0.019368 0.030797
0 0.765036 0.253623 0.021407 0.032609
0 0.862385 0.831522 0.022426 0.032609
0 0.823649 0.517210 0.022426 0.038043
0 0.583588 0.615942 0.021407 0.032609
0 0.740571 0.543478 0.021407 0.032609
0 0.524975 0.564312 0.020387 0.030797
0 0.747706 0.422101 0.023445 0.032609
0 0.978084 0.772645 0.025484 0.034420
0 0.217635 0.121377 0.023445 0.028986
0 0.753313 0.607790 0.022426 0.034420
0 0.271662 0.704710 0.025484 0.032609
0 0.544852 0.776268 0.021407 0.027174
0 0.645260 0.739130 0.020387 0.032609
0 0.953619 0.514493 0.023445 0.036232
0 0.868502 0.962862 0.024465 0.034420
0 0.902141 0.471920 0.022426 0.034420
0 0.633537 0.469203 0.023445 0.032609
0 0.476045 0.346014 0.022426 0.032609
0 0.699286 0.163043 0.020387 0.028986
0 0.522426 0.625000 0.023445 0.028986
0 0.428644 0.275362 0.023445 0.039855
0 0.825178 0.759964 0.021407 0.034420
0 0.857288 0.249094 0.018349 0.027174
0 0.649847 0.583333 0.021407 0.032609
0 0.539755 0.913043 0.021407 0.032609
0 0.401121 0.329710 0.021407 0.032609
0 0.890928 0.548007 0.022426 0.030797
0 0.765545 0.665761 0.020387 0.034420
0 0.491845 0.196558 0.021407 0.027174
0 0.509684 0.244565 0.022426 0.036232
0 0.293068 0.282609 0.023445 0.036232
0 0.533129 0.460145 0.024465 0.036232
0 0.624873 0.634964 0.024465 0.034420
0 0.673293 0.632246 0.023445 0.028986
0 0.855250 0.446558 0.022426 0.034420
0 0.898063 0.326993 0.024465 0.034420
0 0.967890 0.454710 0.025484 0.032609
0 0.956677 0.608696 0.023445 0.032609
0 0.987258 0.281703 0.019368 0.027174
0 0.669215 0.172101 0.023445 0.036232
0 0.985219 0.373188 0.021407 0.039855
0 0.670744 0.235507 0.022426 0.036232
0 0.521916 0.504529 0.020387 0.030797
0 0.342508 0.464674 0.020387 0.034420
0 0.885831 0.760870 0.024465 0.036232
0 0.862385 0.730072 0.022426 0.032609
0 0.910296 0.987319 0.024465 0.025362
0 0.873089 0.391304 0.021407 0.032609
0 0.566769 0.412138 0.026504 0.034420
0 0.879205 0.612319 0.025484 0.036232
0 0.861876 0.291667 0.019368 0.028986
0 0.991845 0.639493 0.016310 0.028986
0 0.896534 0.865036 0.023445 0.030797
0 0.522426 0.202899 0.021407 0.032609
0 0.361876 0.656703 0.022426 0.038043
0 0.601937 0.257246 0.021407 0.036232
0 0.451070 0.310688 0.023445 0.038043
0 0.433741 0.349638 0.025484 0.032609
0 0.418451 0.397645 0.021407 0.038043
0 0.621305 0.988225 0.021407 0.023551
0 0.908257 0.828804 0.020387 0.041667
0 0.961774 0.990036 0.019368 0.019928
0 0.991335 0.683877 0.017329 0.038043
0 0.991335 0.516304 0.017329 0.036232
0 0.992355 0.326993 0.015291 0.034420
0 0.992864 0.199275 0.014271 0.036232
0 0.898573 0.268116 0.023445 0.036232
0 0.881753 0.244565 0.024465 0.028986
0 0.799185 0.287138 0.026504 0.038043
0 0.902141 0.586051 0.028542 0.045290
0 0.934760 0.578804 0.026504 0.034420
0 0.896534 0.707428 0.019368 0.048913
0 0.827217 0.711957 0.025484 0.050725
0 0.838940 0.667572 0.024465 0.045290
0 0.831804 0.557971 0.026504 0.032609
0 0.549439 0.368659 0.022426 0.041667
