0 0.720183 0.932971 0.023445 0.028986
0 0.644241 0.798913 0.022426 0.032609
0 0.459225 0.466486 0.023445 0.038043
0 0.309378 0.375906 0.021407 0.030797
0 0.787971 0.755435 0.022426 0.036232
0 0.356779 0.566123 0.024465 0.030797
0 0.595821 0.241848 0.021407 0.030797
0 0.492864 0.194746 0.023445 0.034420
0 0.968400 0.824275 0.026504 0.036232
0 0.588175 0.664855 0.020387 0.032609
0 0.326707 0.489130 0.021407 0.036232
0 0.592253 0.889493 0.022426 0.032609
0 0.568807 0.800725 0.022426 0.032609
0 0.299694 0.534420 0.026504 0.032609
0 0.980632 0.919384 0.024465 0.034420
0 0.685015 0.265399 0.022426 0.030797
0 0.526504 0.666667 0.021407 0.032609
0 0.345056 0.648551 0.021407 0.032609
0 0.982161 0.231884 0.023445 0.028986
0 0.429664 0.312500 0.023445 0.034420
0 0.822630 0.362319 0.026504 0.032609
0 0.317533 0.793478 0.023445 0.032609
0 0.974516 0.339674 0.024465 0.034420
0 0.181957 0.287138 0.025484 0.041667
0 0.312436 0.604167 0.023445 0.030797
0 0.879715 0.410326 0.024465 0.034420
0 0.447503 0.395833 0.022426 0.030797
0 0.308359 0.307971 0.021407 0.028986
0 0.634557 0.533514 0.023445 0.034420
0 0.296126 0.144928 0.025484 0.036232
0 0.956167 0.195652 0.022426 0.028986
0 0.865443 0.466486 0.022426 0.038043
0 0.397044 0.663949 0.021407 0.027174
0 0.832314 0.932971 0.025484 0.036232
0 0.243629 0.256341 0.022426 0.030797
0 0.369521 0.230978 0.023445 0.030797
0 0.938838 0.897645 0.026504 0.034420
0 0.922018 0.423913 0.025484 0.036232
0 0.506116 0.259964 0.023445 0.034420
0 0.957696 0.608696 0.021407 0.028986
0 0.554027 0.638587 0.021407 0.030797
0 0.846075 0.625906 0.024465 0.034420
0 0.860856 0.534420 0.025484 0.032609
0 0.607543 0.615036 0.022426 0.034420
0 0.631498 0.917572 0.023445 0.034420
0 0.830275 0.742754 0.023445 0.032609
0 0.870031 0.334239 0.023445 0.030797
0 0.929664 0.554348 0.022426 0.032609
0 0.850663 0.290761 0.019368 0.030797
0 0.361366 0.492754 0.023445 0.036232
0 0.580020 0.742754 0.022426 0.032609
0 0.269113 0.584239 0.022426 0.034420
0 0.934760 0.495471 0.022426 0.030797
0 0.442406 0.673007 0.020387 0.030797
0 0.792559 0.853261 0.023445 0.036232
0 0.360347 0.287138 0.021407 0.034420
0 0.773191 0.298913 0.023445 0.032609
0 0.732416 0.178442 0.021407 0.027174
0 0.321101 0.696558 0.022426 0.034420
0 0.803772 0.688406 0.021407 0.032609
0 0.612640 0.754529 0.022426 0.034420
0 0.656473 0.119565 0.022426 0.028986
0 0.240571 0.339674 0.026504 0.038043
0 0.502039 0.495471 0.019368 0.030797
0 0.971967 0.751812 0.023445 0.032609
0 0.503568 0.971920 0.024465 0.038043
0 0.782365 0.937500 0.021407 0.034420
0 0.395005 0.496377 0.023445 0.032609
0 0.836391 0.163043 0.023445 0.032609
0 0.615698 0.570652 0.024465 0.032609
0 0.732416 0.385870 0.025484 0.036232
0 0.877676 0.620471 0.022426 0.034420
0 0.882263 0.171196 0.027523 0.038043
0 0.702854 0.553442 0.021407 0.034420
0 0.792559 0.980978 0.023445 0.034420
0 0.574414 0.455616 0.025484 0.034420
0 0.903670 0.602355 0.021407 0.030797
0 0.735984 0.497283 0.024465 0.034420
0 0.594292 0.494565 0.024465 0.036232
0 0.682977 0.392210 0.024465 0.034420
0 0.641182 0.399457 0.022426 0.034420
0 0.698267 0.221014 0.022426 0.032609
0 0.546891 0.226449 0.021407 0.032609
0 0.737513 0.674819 0.023445 0.030797
0 0.481651 0.673007 0.021407 0.030797
0 0.726809 0.256341 0.022426 0.034420
0 0.509684 0.854167 0.024465 0.034420
0 0.460245 0.334239 0.021407 0.030797
0 0.845566 0.672101 0.025484 0.036232
0 0.375637 0.429348 0.021407 0.036232
0 0.529052 0.527174 0.022426 0.032609
0 0.760958 0.809783 0.023445 0.032609
0 0.685525 0.133152 0.021407 0.030797
0 0.534659 0.773551 0.021407 0.028986
0 0.229867 0.199275 0.021407 0.028986
0 0.760449 0.385870 0.022426 0.032609
0 0.912334 0.178442 0.022426 0.034420
0 0.561162 0.390399 0.021407 0.034420
0 0.882773 0.240036 0.024465 0.034420
0 0.560652 0.584239 0.022426 0.034420
0 0.856269 0.404891 0.024465 0.034420
0 0.276758 0.446558 0.021407 0.038043
0 0.383282 0.326087 0.022426 0.036232
0 0.937819 0.759964 0.022426 0.034420
0 0.478084 0.605978 0.022426 0.034420
0 0.823649 0.841486 0.024465 0.038043
0 0.242100 0.507246 0.027523 0.036232
0 0.541284 0.304348 0.022426 0.032609
0 0.463303 0.184783 0.021407 0.028986
0 0.414883 0.353261 0.020387 0.032609
0 0.708461 0.697464 0.020387 0.032609
0 0.259939 0.750906 0.024465 0.038043
0 0.716106 0.740036 0.023445 0.034420
0 0.632008 0.338768 0.020387 0.032609
0 0.922018 0.719203 0.023445 0.032609
0 0.954128 0.267210 0.022426 0.030797
0 0.543833 0.353261 0.021407 0.028986
0 0.539246 0.712862 0.020387 0.034420
0 0.599898 0.423007 0.019368 0.030797
0 0.802752 0.645833 0.021407 0.034420
0 0.746177 0.578804 0.020387 0.027174
0 0.864424 0.831522 0.024465 0.036232
0 0.234964 0.663043 0.023445 0.032609
0 0.403160 0.598732 0.025484 0.034420
0 0.642202 0.650362 0.022426 0.032609
0 0.708461 0.782609 0.022426 0.036232
0 0.868502 0.953804 0.022426 0.034420
0 0.674822 0.187500 0.022426 0.030797
0 0.681448 0.617754 0.023445 0.032609
0 0.902650 0.706522 0.021407 0.032609
0 0.724261 0.870471 0.021407 0.034420
0 0.648828 0.744565 0.021407 0.032609
0 0.442406 0.609601 0.020387 0.034420
0 0.931702 0.307971 0.016310 0.025362
0 0.337411 0.221920 0.022426 0.034420
0 0.492355 0.709239 0.022426 0.030797
0 0.898063 0.323370 0.022426 0.030797
0 0.250765 0.144928 0.026504 0.032609
0 0.350153 0.387681 0.021407 0.028986
0 0.324159 0.420290 0.022426 0.028986
0 0.531091 0.576087 0.020387 0.028986
0 0.266565 0.394928 0.023445 0.036232
0 0.680938 0.072464 0.022426 0.032609
0 0.806830 0.302536 0.023445 0.032609
0 0.664118 0.561594 0.021407 0.032609
0 0.672783 0.707428 0.022426 0.030797
0 0.984709 0.473732 0.024465 0.030797
0 0.988787 0.643116 0.022426 0.032609
0 0.583588 0.329710 0.025484 0.039855
0 0.460754 0.231884 0.018349 0.028986
0 0.550968 0.917572 0.023445 0.034420
0 0.668196 0.655797 0.017329 0.028986
0 0.895005 0.461957 0.026504 0.039855
0 0.962283 0.685688 0.022426 0.027174
0 0.562691 0.518116 0.022426 0.032609
0 0.304281 0.228261 0.025484 0.036232
0 0.883792 0.550725 0.022426 0.032609
0 0.567278 0.681159 0.023445 0.032609
0 0.573904 0.274457 0.022426 0.034420
0 0.399592 0.391304 0.024465 0.036232
0 0.675331 0.503623 0.023445 0.036232
0 0.456167 0.759058 0.023445 0.039855
0 0.518349 0.608696 0.019368 0.025362
0 0.678389 0.779891 0.021407 0.030797
0 0.672783 0.828804 0.022426 0.034420
0 0.264016 0.300725 0.022426 0.036232
0 0.918960 0.653080 0.019368 0.030797
0 0.488277 0.332428 0.020387 0.030797
0 0.426096 0.562500 0.018349 0.027174
0 0.434760 0.163043 0.021407 0.025362
0 0.478084 0.388587 0.022426 0.030797
0 0.481651 0.543478 0.019368 0.028986
0 0.434760 0.497283 0.021407 0.030797
0 0.540775 0.427536 0.021407 0.032609
0 0.726809 0.827899 0.020387 0.032609
0 0.785423 0.353261 0.019368 0.028986
0 0.611621 0.989130 0.024465 0.021739
0 0.829766 0.517210 0.024465 0.038043
0 0.514271 0.378623 0.021407 0.032609
0 0.420489 0.441123 0.023445 0.030797
0 0.819062 0.260870 0.023445 0.028986
0 0.701835 0.589674 0.025484 0.034420
0 0.698777 0.318841 0.021407 0.028986
0 0.890928 0.665761 0.022426 0.030797
0 0.660041 0.456522 0.023445 0.036232
0 0.865443 0.243659 0.018349 0.030797
0 0.480122 0.254529 0.022426 0.034420
0 0.626402 0.268116 0.019368 0.028986
0 0.788481 0.475543 0.025484 0.030797
0 0.973496 0.456522 0.022426 0.032609
0 0.643731 0.193841 0.021407 0.032609
0 0.737513 0.301630 0.021407 0.034420
0 0.960245 0.531703 0.022426 0.030797
0 0.621305 0.455616 0.023445 0.030797
0 0.753823 0.187500 0.021407 0.030797
0 0.625382 0.702899 0.023445 0.036232
0 0.935780 0.601449 0.020387 0.028986
0 0.690622 0.451993 0.021407 0.034420
0 0.533639 0.489130 0.019368 0.028986
0 0.611111 0.194746 0.019368 0.027174
0 0.737003 0.616848 0.024465 0.038043
0 0.770642 0.470109 0.020387 0.030797
0 0.722222 0.436594 0.023445 0.032609
0 0.764016 0.237319 0.023445 0.032609
0 0.817023 0.413949 0.023445 0.034420
0 0.327217 0.294384 0.022426 0.030797
0 0.452599 0.276268 0.022426 0.034420
0 0.684506 0.916667 0.023445 0.032609
0 0.668705 0.028080 0.020387 0.027174
0 0.600917 0.370471 0.023445 0.034420
0 0.783894 0.182065 0.022426 0.030797
0 0.793068 0.592391 0.024465 0.036232
0 0.897044 0.872283 0.024465 0.030797
0 0.916922 0.846014 0.021407 0.028986
0 0.776249 0.606884 0.021407 0.032609
0 0.759939 0.650362 0.021407 0.032609
0 0.796126 0.248188 0.020387 0.028986
0 0.763507 0.521739 0.026504 0.028986
0 0.577982 0.557065 0.020387 0.030797
0 0.340979 0.161232 0.027523 0.032609
0 0.396534 0.156703 0.016310 0.023551
0 0.796126 0.410326 0.022426 0.030797
0 0.749745 0.714674 0.025484 0.034420
0 0.375637 0.159420 0.019368 0.025362
0 0.279817 0.227355 0.021407 0.034420
0 0.800714 0.157609 0.021407 0.032609
0 0.640163 0.254529 0.018349 0.030797
0 0.871560 0.285326 0.020387 0.030797
0 0.828746 0.573370 0.026504 0.038043
0 0.567278 0.018116 0.019368 0.028986
0 0.563710 0.053442 0.022426 0.034420
0 0.554536 0.122283 0.020387 0.038043
0 0.576962 0.150362 0.018349 0.036232
0 0.905708 0.256341 0.025484 0.041667
0 0.982671 0.305254 0.024465 0.034420
0 0.993884 0.321558 0.012232 0.027174
0 0.991845 0.376812 0.014271 0.028986
0 0.980632 0.394022 0.024465 0.045290
0 0.939857 0.396739 0.016310 0.032609
0 0.927115 0.375000 0.023445 0.039855
0 0.990316 0.583333 0.019368 0.036232
0 0.985729 0.772645 0.018349 0.023551
0 0.196738 0.144022 0.022426 0.034420
0 0.153415 0.144022 0.027523 0.030797
0 0.388889 0.553442 0.019368 0.034420
0 0.432722 0.228261 0.021407 0.043478
0 0.405708 0.250000 0.016310 0.036232
0 0.516820 0.179348 0.016310 0.039855
0 0.537207 0.179348 0.014271 0.028986
0 0.994903 0.196558 0.010194 0.030797
