0 0.984200 0.889493 0.023445 0.032609
0 0.527523 0.530797 0.021407 0.036232
0 0.341998 0.691123 0.021407 0.030797
0 0.319062 0.357790 0.024465 0.038043
0 0.324669 0.445652 0.021407 0.032609
0 0.866463 0.839674 0.024465 0.034420
0 0.830785 0.956522 0.026504 0.039855
0 0.963303 0.787138 0.024465 0.030797
0 0.533639 0.355978 0.023445 0.034420
0 0.362895 0.354167 0.020387 0.034420
0 0.493884 0.900362 0.023445 0.032609
0 0.935270 0.182971 0.021407 0.028986
0 0.300714 0.783514 0.022426 0.034420
0 0.614169 0.736413 0.023445 0.034420
0 0.690622 0.798913 0.025484 0.039855
0 0.616718 0.817029 0.024465 0.036232
0 0.592762 0.394928 0.023445 0.036232
0 0.376147 0.849638 0.022426 0.032609
0 0.361876 0.135870 0.022426 0.036232
0 0.590724 0.890399 0.021407 0.034420
0 0.283894 0.532609 0.023445 0.032609
0 0.965851 0.180254 0.021407 0.034420
0 0.794088 0.330616 0.026504 0.038043
0 0.717125 0.846920 0.023445 0.038043
0 0.614679 0.441123 0.022426 0.038043
0 0.977574 0.961957 0.024465 0.036232
0 0.638634 0.357790 0.023445 0.034420
0 0.348114 0.268116 0.021407 0.032609
0 0.559123 0.803442 0.023445 0.034420
0 0.291539 0.307065 0.026504 0.041667
0 0.484200 0.422101 0.022426 0.032609
0 0.708461 0.394022 0.024465 0.038043
0 0.753313 0.557065 0.022426 0.034420
0 0.652905 0.152174 0.021407 0.036232
0 0.464322 0.365036 0.023445 0.038043
0 0.566769 0.742754 0.024465 0.036232
0 0.923547 0.461957 0.022426 0.032609
0 0.674312 0.666667 0.021407 0.032609
0 0.203364 0.295290 0.023445 0.039855
0 0.481651 0.551630 0.023445 0.034420
0 0.956167 0.262681 0.022426 0.032609
0 0.872579 0.431159 0.024465 0.036232
0 0.522936 0.730978 0.020387 0.030797
0 0.429664 0.201993 0.023445 0.034420
0 0.773700 0.697464 0.024465 0.036232
0 0.434760 0.308877 0.023445 0.034420
0 0.549439 0.396739 0.020387 0.036232
0 0.516820 0.290761 0.022426 0.034420
0 0.380224 0.293478 0.026504 0.036232
0 0.563710 0.652174 0.022426 0.036232
0 0.446483 0.574275 0.022426 0.032609
0 0.889908 0.173913 0.024465 0.036232
0 0.632008 0.625000 0.022426 0.032609
0 0.733945 0.644928 0.024465 0.036232
0 0.793578 0.634058 0.021407 0.032609
0 0.870540 0.650362 0.022426 0.032609
0 0.645260 0.206522 0.022426 0.036232
0 0.298675 0.242754 0.022426 0.036232
0 0.880224 0.522645 0.021407 0.034420
0 0.934251 0.898551 0.025484 0.036232
0 0.679918 0.707428 0.024465 0.034420
0 0.322630 0.597826 0.023445 0.036232
0 0.463303 0.211051 0.023445 0.030797
0 0.557085 0.610507 0.021407 0.028986
0 0.898573 0.581522 0.023445 0.032609
0 0.935270 0.361413 0.021407 0.030797
0 0.539755 0.902174 0.021407 0.032609
0 0.420999 0.453804 0.024465 0.034420
0 0.774720 0.782609 0.022426 0.036232
0 0.447503 0.491848 0.022426 0.030797
0 0.831295 0.588768 0.023445 0.032609
0 0.839959 0.476449 0.026504 0.039855
0 0.739042 0.740036 0.024465 0.030797
0 0.633028 0.499094 0.022426 0.034420
0 0.833333 0.631341 0.021407 0.030797
0 0.696228 0.143116 0.022426 0.028986
0 0.919980 0.520833 0.023445 0.030797
0 0.587666 0.475543 0.019368 0.030797
0 0.781855 0.394022 0.024465 0.034420
0 0.746177 0.178442 0.022426 0.034420
0 0.797146 0.206522 0.024465 0.032609
0 0.664118 0.515399 0.023445 0.034420
0 0.453109 0.274457 0.021407 0.030797
0 0.334862 0.198370 0.023445 0.034420
0 0.635066 0.676630 0.022426 0.034420
0 0.615189 0.596014 0.023445 0.036232
0 0.473496 0.626812 0.023445 0.032609
0 0.724771 0.286232 0.020387 0.036232
0 0.410805 0.262681 0.022426 0.036232
0 0.385321 0.484601 0.022426 0.038043
0 0.970948 0.539855 0.023445 0.036232
0 0.911825 0.643116 0.019368 0.028986
0 0.524465 0.633152 0.023445 0.030797
0 0.556575 0.097826 0.020387 0.032609
0 0.862385 0.371377 0.024465 0.036232
0 0.349134 0.418478 0.021407 0.032609
0 0.268603 0.461051 0.027523 0.034420
0 0.825688 0.364130 0.022426 0.032609
0 0.701835 0.321558 0.021407 0.034420
0 0.462793 0.147645 0.022426 0.030797
0 0.953619 0.604167 0.023445 0.030797
0 0.459735 0.715580 0.022426 0.032609
0 0.815494 0.698370 0.024465 0.038043
0 0.765036 0.147645 0.021407 0.034420
0 0.959225 0.384964 0.024465 0.034420
0 0.985219 0.186594 0.021407 0.028986
0 0.497452 0.341486 0.022426 0.034420
0 0.648828 0.404891 0.023445 0.034420
0 0.730887 0.451993 0.026504 0.034420
0 0.524465 0.164855 0.023445 0.032609
0 0.652905 0.575181 0.023445 0.038043
0 0.564220 0.548913 0.023445 0.036232
0 0.715596 0.607790 0.022426 0.034420
0 0.903160 0.404891 0.024465 0.038043
0 0.982671 0.782609 0.018349 0.028986
0 0.419980 0.638587 0.020387 0.027174
0 0.903670 0.272645 0.021407 0.030797
0 0.968400 0.438406 0.022426 0.032609
0 0.368502 0.194746 0.027523 0.038043
0 0.724771 0.203804 0.020387 0.034420
0 0.872069 0.594203 0.023445 0.032609
0 0.741590 0.351449 0.025484 0.036232
0 0.743629 0.299819 0.023445 0.034420
0 0.596840 0.520833 0.023445 0.034420
0 0.678899 0.348732 0.026504 0.038043
0 0.407747 0.379529 0.024465 0.034420
0 0.263507 0.260870 0.023445 0.036232
0 0.804791 0.486413 0.025484 0.041667
0 0.683486 0.447464 0.023445 0.032609
0 0.691131 0.245471 0.022426 0.038043
0 0.716106 0.918478 0.023445 0.032609
0 0.896024 0.872283 0.024465 0.034420
0 0.562691 0.044384 0.020387 0.030797
0 0.752803 0.622283 0.021407 0.030797
0 0.509174 0.810688 0.027523 0.034420
0 0.540265 0.255435 0.024465 0.032609
0 0.943935 0.504529 0.026504 0.034420
0 0.515800 0.574275 0.022426 0.028986
0 0.300714 0.115942 0.022426 0.032609
0 0.777268 0.538949 0.023445 0.034420
0 0.692661 0.568841 0.023445 0.032609
0 0.871560 0.753623 0.022426 0.036232
0 0.765036 0.221920 0.019368 0.027174
0 0.558104 0.166667 0.021407 0.028986
0 0.672783 0.269928 0.022426 0.043478
0 0.659021 0.473732 0.023445 0.034420
0 0.562691 0.438406 0.022426 0.036232
0 0.826707 0.248188 0.020387 0.032609
0 0.816004 0.769928 0.023445 0.036232
0 0.267584 0.168478 0.023445 0.036232
0 0.452090 0.416667 0.023445 0.039855
0 0.712029 0.748188 0.023445 0.036232
0 0.567788 0.230072 0.022426 0.028986
0 0.884811 0.696558 0.020387 0.030797
0 0.527523 0.451993 0.021407 0.034420
0 0.840469 0.303442 0.023445 0.034420
0 0.773191 0.274457 0.023445 0.030797
0 0.501529 0.646739 0.020387 0.028986
0 0.872579 0.222826 0.022426 0.032609
0 0.278287 0.692029 0.022426 0.032609
0 0.801223 0.835145 0.026504 0.032609
0 0.840469 0.424819 0.023445 0.034420
0 0.638124 0.273551 0.020387 0.032609
0 0.818552 0.539855 0.022426 0.036232
0 0.853721 0.172101 0.025484 0.032609
0 0.411825 0.173007 0.020387 0.034420
0 0.980122 0.705616 0.021407 0.030797
0 0.470438 0.309783 0.023445 0.032609
0 0.757900 0.395833 0.021407 0.030797
0 0.380224 0.410326 0.024465 0.030797
0 0.765545 0.427536 0.024465 0.032609
0 0.969929 0.319746 0.023445 0.027174
0 0.656983 0.049819 0.023445 0.030797
0 0.924057 0.305254 0.017329 0.023551
0 0.849134 0.246377 0.018349 0.028986
0 0.508155 0.399457 0.019368 0.030797
0 0.375127 0.637681 0.022426 0.032609
0 0.845056 0.700181 0.024465 0.038043
0 0.859837 0.285326 0.021407 0.030797
0 0.790010 0.584239 0.022426 0.034420
0 0.777778 0.986413 0.024465 0.027174
0 0.315494 0.503623 0.023445 0.032609
0 0.491845 0.230978 0.021407 0.030797
0 0.665138 0.865942 0.021407 0.032609
0 0.200815 0.193841 0.022426 0.039855
0 0.683486 0.015399 0.021407 0.027174
0 0.690622 0.642210 0.021407 0.038043
0 0.678899 0.126812 0.022426 0.036232
0 0.394495 0.537138 0.022426 0.030797
0 0.707441 0.690217 0.020387 0.028986
0 0.915902 0.732790 0.023445 0.034420
0 0.697757 0.494565 0.025484 0.036232
0 0.764526 0.500906 0.022426 0.034420
0 0.807339 0.426630 0.024465 0.034420
0 0.890928 0.310688 0.020387 0.030797
0 0.607034 0.302536 0.025484 0.032609
0 0.720183 0.548007 0.023445 0.034420
0 0.910296 0.835145 0.028542 0.047101
0 0.948522 0.662138 0.023445 0.034420
0 0.991335 0.615942 0.017329 0.043478
0 0.990316 0.509058 0.019368 0.036232
0 0.970438 0.469203 0.024465 0.032609
0 0.974516 0.345109 0.016310 0.019928
0 0.980632 0.277174 0.024465 0.032609
0 0.908257 0.326993 0.022426 0.038043
0 0.834862 0.789855 0.028542 0.039855
0 0.878186 0.942935 0.021407 0.045290
0 0.910805 0.988225 0.025484 0.023551
0 0.714577 0.495471 0.016310 0.034420
0 0.549949 0.505435 0.023445 0.039855
0 0.563201 0.334239 0.019368 0.048913
0 0.572885 0.264493 0.018349 0.043478
0 0.593272 0.162138 0.020387 0.045290
0 0.605505 0.371377 0.024465 0.036232
0 0.559123 0.011775 0.021407 0.019928
0 0.524975 0.218297 0.020387 0.041667
0 0.217635 0.141304 0.025484 0.025362
0 0.615698 0.948370 0.024465 0.038043
