0 0.201835 0.352355 0.026504 0.038043
0 0.616718 0.574275 0.022426 0.036232
0 0.608053 0.874094 0.023445 0.030797
0 0.540775 0.244565 0.021407 0.036232
0 0.982671 0.464674 0.024465 0.034420
0 0.592253 0.508152 0.024465 0.038043
0 0.643731 0.814312 0.023445 0.034420
0 0.456167 0.790761 0.019368 0.041667
0 0.829766 0.869565 0.024465 0.036232
0 0.892966 0.705616 0.024465 0.034420
0 0.973496 0.753623 0.024465 0.032609
0 0.441386 0.400362 0.022426 0.036232
0 0.866463 0.953804 0.024465 0.034420
0 0.495923 0.253623 0.021407 0.028986
0 0.534659 0.308877 0.021407 0.030797
0 0.639144 0.916667 0.024465 0.039855
0 0.745668 0.578804 0.021407 0.030797
0 0.436290 0.573370 0.022426 0.034420
0 0.948012 0.511775 0.022426 0.034420
0 0.836391 0.375906 0.023445 0.034420
0 0.897044 0.558877 0.022426 0.030797
0 0.826707 0.425725 0.022426 0.036232
0 0.812436 0.922101 0.024465 0.036232
0 0.783894 0.984601 0.024465 0.030797
0 0.679409 0.400362 0.023445 0.032609
0 0.699796 0.162138 0.023445 0.030797
0 0.895515 0.423913 0.023445 0.032609
0 0.565240 0.809783 0.021407 0.032609
0 0.607543 0.259058 0.022426 0.032609
0 0.834353 0.529891 0.025484 0.038043
0 0.776758 0.930254 0.022426 0.034420
0 0.800714 0.852355 0.023445 0.030797
0 0.268094 0.567935 0.024465 0.034420
0 0.446483 0.223732 0.020387 0.030797
0 0.404179 0.601449 0.025484 0.036232
0 0.433231 0.509058 0.022426 0.032609
0 0.978084 0.826993 0.021407 0.034420
0 0.561162 0.642210 0.023445 0.034420
0 0.885321 0.186594 0.021407 0.028986
0 0.668196 0.558877 0.023445 0.034420
0 0.166157 0.318841 0.024465 0.036232
0 0.735474 0.623188 0.023445 0.032609
0 0.246687 0.309783 0.022426 0.032609
0 0.233435 0.403986 0.022426 0.032609
0 0.671254 0.231884 0.021407 0.032609
0 0.237513 0.135870 0.024465 0.036232
0 0.944444 0.878623 0.025484 0.032609
0 0.658002 0.740036 0.021407 0.034420
0 0.935270 0.743659 0.023445 0.030797
0 0.743629 0.394928 0.023445 0.032609
0 0.650866 0.198370 0.019368 0.030797
0 0.528033 0.584239 0.020387 0.034420
0 0.632008 0.240942 0.022426 0.032609
0 0.583078 0.213768 0.022426 0.036232
0 0.858818 0.410326 0.023445 0.034420
0 0.712029 0.663043 0.023445 0.032609
0 0.839959 0.689312 0.022426 0.034420
0 0.446993 0.287138 0.023445 0.034420
0 0.308869 0.607790 0.024465 0.030797
0 0.798165 0.359601 0.020387 0.030797
0 0.734455 0.211957 0.023445 0.032609
0 0.791030 0.488225 0.024465 0.034420
0 0.356779 0.575181 0.024465 0.034420
0 0.561672 0.043478 0.022426 0.032609
0 0.775739 0.388587 0.022426 0.034420
0 0.227829 0.272645 0.021407 0.034420
0 0.467890 0.249094 0.024465 0.034420
0 0.679409 0.839674 0.023445 0.038043
0 0.546381 0.173007 0.018349 0.027174
0 0.824669 0.195652 0.020387 0.032609
0 0.840979 0.794384 0.024465 0.038043
0 0.609582 0.610507 0.022426 0.036232
0 0.598879 0.663949 0.023445 0.034420
0 0.964832 0.211051 0.025484 0.034420
0 0.797655 0.173007 0.021407 0.030797
0 0.580020 0.335145 0.026504 0.039855
0 0.319572 0.703804 0.021407 0.030797
0 0.851682 0.633152 0.023445 0.034420
0 0.917431 0.854167 0.022426 0.030797
0 0.628440 0.707428 0.023445 0.038043
0 0.722222 0.266304 0.021407 0.032609
0 0.838940 0.264493 0.022426 0.032609
0 0.325688 0.397645 0.021407 0.030797
0 0.979103 0.411232 0.021407 0.032609
0 0.728338 0.451993 0.021407 0.034420
0 0.623853 0.487319 0.020387 0.032609
0 0.766055 0.808877 0.021407 0.034420
0 0.280326 0.404891 0.020387 0.034420
0 0.257900 0.752717 0.022426 0.030797
0 0.324159 0.311594 0.022426 0.036232
0 0.233945 0.521739 0.027523 0.036232
0 0.867482 0.559783 0.024465 0.036232
0 0.563201 0.276268 0.021407 0.034420
0 0.981651 0.897645 0.024465 0.030797
0 0.496942 0.964674 0.023445 0.034420
0 0.628950 0.760870 0.022426 0.032609
0 0.670744 0.163043 0.020387 0.032609
0 0.456167 0.472826 0.025484 0.036232
0 0.452090 0.333333 0.019368 0.032609
0 0.355250 0.296196 0.023445 0.034420
0 0.791030 0.742754 0.026504 0.039855
0 0.411315 0.449275 0.021407 0.032609
0 0.438838 0.697464 0.023445 0.028986
0 0.513252 0.623188 0.021407 0.032609
0 0.436290 0.630435 0.022426 0.032609
0 0.272681 0.229167 0.019368 0.030797
0 0.778287 0.296196 0.025484 0.034420
0 0.327217 0.792572 0.020387 0.030797
0 0.831295 0.747283 0.023445 0.034420
0 0.298675 0.343297 0.022426 0.034420
0 0.978593 0.551630 0.024465 0.038043
0 0.708970 0.721014 0.021407 0.032609
0 0.890928 0.360507 0.022426 0.032609
0 0.376147 0.332428 0.022426 0.038043
0 0.477574 0.605072 0.021407 0.032609
0 0.940367 0.570652 0.023445 0.036232
0 0.558104 0.531703 0.023445 0.030797
0 0.502548 0.498188 0.022426 0.032609
0 0.750255 0.736413 0.022426 0.034420
0 0.652396 0.131341 0.020387 0.030797
0 0.507645 0.865942 0.024465 0.036232
0 0.808359 0.257246 0.022426 0.028986
0 0.317023 0.157609 0.020387 0.028986
0 0.791539 0.595109 0.023445 0.030797
0 0.802752 0.691123 0.021407 0.034420
0 0.724261 0.897645 0.021407 0.030797
0 0.567278 0.451087 0.021407 0.036232
0 0.878695 0.480072 0.024465 0.036232
0 0.700815 0.586957 0.025484 0.036232
0 0.940367 0.638587 0.021407 0.030797
0 0.708970 0.216486 0.023445 0.034420
0 0.938328 0.454710 0.023445 0.032609
0 0.533129 0.676630 0.022426 0.030797
0 0.737513 0.692029 0.025484 0.032609
0 0.678899 0.724638 0.020387 0.032609
0 0.508155 0.296196 0.021407 0.027174
0 0.919980 0.206522 0.025484 0.032609
0 0.331295 0.224638 0.024465 0.036232
0 0.912844 0.339674 0.023445 0.030797
0 0.305810 0.432065 0.022426 0.030797
0 0.824159 0.310688 0.023445 0.034420
0 0.225280 0.663949 0.026504 0.030797
0 0.914373 0.471014 0.024465 0.036232
0 0.359837 0.433877 0.024465 0.034420
0 0.597350 0.372283 0.022426 0.034420
0 0.495413 0.432065 0.022426 0.030797
0 0.404179 0.369565 0.021407 0.032609
0 0.344546 0.645833 0.022426 0.030797
0 0.521407 0.538949 0.019368 0.027174
0 0.391437 0.659420 0.022426 0.028986
0 0.284404 0.126812 0.024465 0.036232
0 0.473496 0.389493 0.023445 0.036232
0 0.349134 0.365036 0.021407 0.030797
0 0.689093 0.446558 0.022426 0.034420
0 0.559633 0.592391 0.022426 0.032609
0 0.705912 0.538043 0.021407 0.036232
0 0.392457 0.490036 0.022426 0.027174
0 0.335372 0.474638 0.024465 0.036232
0 0.299185 0.529891 0.025484 0.038043
0 0.771152 0.468297 0.021407 0.034420
0 0.543833 0.717391 0.023445 0.036232
0 0.894495 0.764493 0.025484 0.036232
0 0.495413 0.727355 0.022426 0.034420
0 0.561162 0.389493 0.021407 0.032609
0 0.734455 0.940217 0.021407 0.032609
0 0.650357 0.634058 0.022426 0.032609
0 0.803262 0.653986 0.022426 0.036232
0 0.531600 0.201993 0.019368 0.027174
0 0.595821 0.432065 0.021407 0.027174
0 0.640673 0.526268 0.023445 0.038043
0 0.477574 0.164855 0.023445 0.036232
0 0.683486 0.795290 0.023445 0.032609
0 0.577472 0.564312 0.019368 0.030797
0 0.563201 0.118659 0.023445 0.034420
0 0.361876 0.233696 0.024465 0.032609
0 0.480122 0.681159 0.024465 0.032609
0 0.896024 0.257246 0.022426 0.032609
0 0.671254 0.040761 0.021407 0.023551
0 0.688583 0.501812 0.023445 0.036232
0 0.831804 0.471014 0.022426 0.032609
0 0.848114 0.168478 0.024465 0.032609
0 0.653925 0.304348 0.021407 0.032609
0 0.768094 0.605072 0.025484 0.036232
0 0.707441 0.366848 0.022426 0.030797
0 0.917431 0.670290 0.020387 0.032609
0 0.534149 0.780797 0.020387 0.021739
0 0.533129 0.477355 0.022426 0.030797
0 0.764526 0.519928 0.022426 0.032609
0 0.419980 0.173007 0.024465 0.030797
0 0.685525 0.620471 0.021407 0.034420
0 0.421509 0.328804 0.021407 0.038043
0 0.362385 0.498188 0.021407 0.028986
0 0.685525 0.940217 0.023445 0.039855
0 0.761978 0.653080 0.023445 0.034420
0 0.804791 0.421196 0.023445 0.034420
0 0.690112 0.274457 0.020387 0.030797
0 0.590214 0.722826 0.022426 0.032609
0 0.250765 0.439312 0.022426 0.034420
0 0.752803 0.348732 0.021407 0.030797
0 0.919470 0.512681 0.024465 0.036232
0 0.866463 0.697464 0.022426 0.032609
0 0.480632 0.326993 0.025484 0.038043
0 0.946483 0.317029 0.019368 0.025362
0 0.444444 0.173913 0.024465 0.032609
0 0.791030 0.542572 0.022426 0.034420
0 0.627421 0.289855 0.021407 0.032609
0 0.766055 0.187500 0.023445 0.034420
0 0.658512 0.345109 0.020387 0.030797
0 0.381753 0.410326 0.023445 0.034420
0 0.951580 0.384058 0.021407 0.032609
0 0.945464 0.770833 0.023445 0.034420
0 0.718654 0.809783 0.024465 0.032609
0 0.896024 0.900362 0.026504 0.039855
0 0.990826 0.341486 0.018349 0.041667
0 0.823649 0.577899 0.024465 0.036232
0 0.392966 0.202899 0.027523 0.039855
0 0.737513 0.504529 0.023445 0.034420
0 0.388379 0.290761 0.020387 0.030797
0 0.870540 0.247283 0.018349 0.027174
0 0.215087 0.192029 0.024465 0.032609
0 0.989806 0.649457 0.020387 0.034420
0 0.705403 0.318841 0.022426 0.028986
0 0.461774 0.534420 0.020387 0.028986
0 0.508155 0.174819 0.023445 0.030797
0 0.963812 0.615942 0.021407 0.028986
0 0.557594 0.938406 0.024465 0.036232
0 0.734964 0.304348 0.022426 0.036232
0 0.742610 0.846014 0.025484 0.036232
0 0.988787 0.779891 0.020387 0.030797
0 0.535168 0.414855 0.022426 0.039855
0 0.360856 0.502717 0.022426 0.030797
0 0.191131 0.137681 0.025484 0.036232
0 0.145260 0.174819 0.027523 0.038043
0 0.358308 0.149457 0.023445 0.041667
0 0.576962 0.147645 0.020387 0.045290
0 0.614679 0.192935 0.022426 0.041667
0 0.773191 0.238225 0.029562 0.045290
0 0.863405 0.307065 0.024465 0.038043
0 0.881753 0.288043 0.020387 0.039855
0 0.921509 0.276268 0.022426 0.034420
0 0.930683 0.344203 0.020387 0.036232
0 0.963812 0.283514 0.017329 0.034420
0 0.991845 0.496377 0.016310 0.036232
0 0.992864 0.596014 0.014271 0.057971
0 0.958206 0.684783 0.026504 0.036232
0 0.903160 0.609601 0.026504 0.038043
0 0.879205 0.619565 0.025484 0.036232
0 0.889908 0.660326 0.022426 0.041667
0 0.868502 0.811594 0.020387 0.043478
0 0.912844 0.985507 0.023445 0.028986
0 0.714577 0.762681 0.022426 0.039855
0 0.675331 0.663043 0.019368 0.039855
0 0.633028 0.358696 0.020387 0.043478
0 0.633028 0.427536 0.024465 0.039855
