0 0.794088 0.037138 0.018349 0.027174
0 0.931702 0.191123 0.018349 0.027174
0 0.510194 0.572464 0.021407 0.032609
0 0.938328 0.083333 0.015291 0.025362
0 0.490826 0.460145 0.019368 0.028986
0 0.424057 0.443841 0.020387 0.028986
0 0.419470 0.490942 0.019368 0.028986
0 0.362895 0.461051 0.022426 0.030797
0 0.924567 0.133152 0.016310 0.023551
0 0.298675 0.470109 0.020387 0.023551
0 0.228338 0.431159 0.020387 0.028986
0 0.176351 0.146739 0.018349 0.028986
0 0.108563 0.821558 0.017329 0.023551
0 0.231397 0.191123 0.014271 0.027174
0 0.202854 0.791667 0.014271 0.021739
0 0.188073 0.857790 0.017329 0.027174
0 0.076453 0.179348 0.016310 0.021739
0 0.197757 0.185688 0.020387 0.034420
0 0.126402 0.763587 0.018349 0.023551
0 0.060143 0.478261 0.022426 0.028986
