0 0.495245 0.512681 0.031250 0.036232
0 0.354620 0.562500 0.027174 0.030797
0 0.243207 0.511775 0.024457 0.027174
0 0.253397 0.557065 0.028533 0.030797
0 0.493886 0.431159 0.028533 0.039855
0 0.309783 0.530797 0.029891 0.028986
0 0.603261 0.447464 0.032609 0.036232
0 0.629076 0.515399 0.032609 0.038043
0 0.373641 0.513587 0.029891 0.030797
0 0.427989 0.529891 0.029891 0.034420
0 0.541440 0.420290 0.028533 0.036232
0 0.876359 0.471014 0.029891 0.036232
0 0.566576 0.493659 0.032609 0.038043
0 0.766304 0.479167 0.032609 0.034420
0 0.267663 0.450181 0.024457 0.027174
0 0.440217 0.439312 0.029891 0.034420
0 0.519022 0.550725 0.029891 0.036232
0 0.281250 0.490036 0.024457 0.027174
0 0.379076 0.449275 0.029891 0.032609
0 0.216033 0.439312 0.021739 0.023551
0 0.717391 0.519022 0.032609 0.034420
0 0.309103 0.438406 0.028533 0.032609
0 0.192935 0.551630 0.021739 0.023551
0 0.198370 0.469203 0.021739 0.025362
0 0.225543 0.548913 0.021739 0.021739
0 0.341712 0.443841 0.025815 0.028986
0 0.146739 0.494565 0.021739 0.021739
0 0.143342 0.537138 0.023098 0.027174
0 0.181386 0.512681 0.020380 0.021739
0 0.069293 0.492754 0.016304 0.018116
0 0.101223 0.405797 0.020380 0.021739
0 0.165082 0.551630 0.025815 0.023551
0 0.183424 0.432971 0.021739 0.021739
0 0.168478 0.480978 0.019022 0.019928
0 0.103261 0.571558 0.021739 0.019928
0 0.114130 0.553442 0.013587 0.012681
0 0.125000 0.518116 0.016304 0.010870
0 0.110054 0.516304 0.016304 0.018116
0 0.125679 0.479167 0.020380 0.012681
0 0.129076 0.453804 0.013587 0.009058
0 0.143342 0.454710 0.012228 0.025362
0 0.159647 0.442935 0.023098 0.023551
0 0.125000 0.418478 0.024457 0.018116
0 0.105299 0.422101 0.012228 0.014493
0 0.117527 0.461957 0.023098 0.010870
0 0.105299 0.450181 0.012228 0.009058
0 0.093750 0.443841 0.013587 0.010870
0 0.084239 0.438406 0.010870 0.010870
0 0.066576 0.441123 0.016304 0.012681
0 0.081522 0.414855 0.013587 0.018116
0 0.094429 0.369565 0.014946 0.021739
0 0.104620 0.364130 0.016304 0.018116
0 0.113451 0.299819 0.017663 0.016304
0 0.099185 0.509058 0.019022 0.010870
0 0.096467 0.535326 0.024457 0.019928
0 0.075408 0.526268 0.012228 0.009058
0 0.737092 0.319746 0.031250 0.045290
0 0.817255 0.711051 0.033967 0.041667
0 0.909647 0.967391 0.023098 0.036232
