0 0.436141 0.423913 0.032609 0.036232
0 0.567935 0.395833 0.032609 0.038043
0 0.648098 0.444746 0.032609 0.034420
0 0.511549 0.400362 0.036685 0.036232
0 0.586277 0.458333 0.033967 0.036232
0 0.353261 0.472826 0.029891 0.036232
0 0.509511 0.341486 0.032609 0.034420
0 0.615489 0.544384 0.029891 0.034420
0 0.432065 0.518116 0.032609 0.036232
0 0.681386 0.532609 0.031250 0.036232
0 0.578804 0.598732 0.032609 0.034420
0 0.532609 0.596014 0.032609 0.039855
0 0.101902 0.548913 0.032609 0.036232
0 0.400136 0.563406 0.031250 0.036232
0 0.641984 0.708333 0.028533 0.032609
0 0.692255 0.686594 0.028533 0.032609
0 0.702446 0.475543 0.027174 0.034420
0 0.451766 0.338768 0.031250 0.039855
0 0.755435 0.508152 0.027174 0.030797
0 0.578804 0.499094 0.029891 0.038043
0 0.631793 0.634964 0.029891 0.034420
0 0.283967 0.541667 0.035326 0.036232
0 0.529212 0.476449 0.031250 0.036232
0 0.209918 0.508152 0.031250 0.034420
0 0.473505 0.576993 0.031250 0.034420
0 0.709239 0.394928 0.029891 0.028986
0 0.381114 0.520833 0.033967 0.038043
0 0.605299 0.352355 0.031250 0.034420
0 0.650815 0.536232 0.027174 0.028986
0 0.472826 0.673913 0.035326 0.039855
0 0.743886 0.581522 0.025815 0.028986
0 0.629076 0.301630 0.029891 0.034420
0 0.529891 0.703804 0.032609 0.038043
0 0.717391 0.530797 0.029891 0.032609
0 0.377717 0.394928 0.029891 0.039855
0 0.780571 0.562500 0.028533 0.030797
0 0.698370 0.302536 0.024457 0.028986
0 0.093071 0.756341 0.028533 0.038043
0 0.737092 0.438406 0.031250 0.025362
0 0.703804 0.618659 0.027174 0.030797
0 0.342391 0.621377 0.032609 0.043478
0 0.770380 0.442029 0.021739 0.025362
0 0.794837 0.615942 0.021739 0.021739
0 0.016304 0.750000 0.029891 0.032609
0 0.263587 0.701087 0.032609 0.039855
0 0.805027 0.569746 0.023098 0.023551
0 0.650136 0.663043 0.025815 0.032609
0 0.684103 0.343297 0.025815 0.030797
0 0.730299 0.644022 0.023098 0.023551
0 0.804348 0.454710 0.021739 0.025362
0 0.757473 0.625000 0.023098 0.021739
0 0.718750 0.621377 0.019022 0.028986
0 0.764946 0.472826 0.021739 0.021739
0 0.775136 0.403080 0.023098 0.030797
0 0.753397 0.399457 0.023098 0.023551
0 0.729620 0.367754 0.024457 0.025362
0 0.165082 0.276268 0.025815 0.052536
0 0.022418 0.091486 0.025815 0.030797
