0 0.592762 0.464674 0.019368 0.027174
0 0.822120 0.486413 0.019368 0.027174
0 0.629969 0.580616 0.020387 0.027174
0 0.692661 0.461051 0.019368 0.030797
0 0.411825 0.446558 0.020387 0.030797
0 0.207441 0.378623 0.021407 0.028986
0 0.919470 0.343297 0.018349 0.023551
0 0.784913 0.337862 0.018349 0.023551
0 0.946483 0.480072 0.019368 0.025362
0 0.891947 0.534420 0.018349 0.025362
0 0.313456 0.445652 0.019368 0.028986
0 0.984200 0.437500 0.017329 0.023551
0 0.682977 0.601449 0.020387 0.025362
0 0.772681 0.402174 0.020387 0.025362
0 0.619776 0.337862 0.020387 0.030797
0 0.812946 0.628623 0.021407 0.028986
0 0.859837 0.423007 0.019368 0.023551
0 0.650357 0.406703 0.020387 0.030797
0 0.452090 0.502717 0.021407 0.030797
0 0.288991 0.474638 0.017329 0.028986
0 0.687564 0.336957 0.019368 0.032609
0 0.839450 0.570652 0.023445 0.028986
0 0.860856 0.663949 0.019368 0.027174
0 0.500000 0.472826 0.019368 0.028986
0 0.754842 0.498188 0.021407 0.025362
0 0.550968 0.411232 0.019368 0.028986
0 0.542304 0.548913 0.020387 0.028986
0 0.937309 0.396739 0.017329 0.021739
0 0.893476 0.624094 0.019368 0.023551
0 0.960245 0.675725 0.022426 0.028986
0 0.724261 0.541667 0.021407 0.028986
0 0.981142 0.518116 0.017329 0.021739
0 0.979613 0.612319 0.020387 0.028986
0 0.832314 0.427536 0.015291 0.021739
0 0.764526 0.613225 0.022426 0.030797
0 0.977064 0.387681 0.019368 0.025362
0 0.944444 0.587862 0.019368 0.023551
0 0.898573 0.434783 0.017329 0.025362
0 0.986748 0.726449 0.022426 0.032609
0 0.886850 0.361413 0.016310 0.027174
0 0.118756 0.766304 0.023445 0.028986
0 0.938838 0.583333 0.018349 0.021739
0 0.991845 0.392210 0.014271 0.023551
0 0.217635 0.854167 0.017329 0.027174
0 0.180428 0.852355 0.022426 0.023551
0 0.110601 0.828804 0.017329 0.023551
0 0.068807 0.461957 0.023445 0.032609
