0 0.473279 0.352791 0.0332463 0.0388368
0 0.41477 0.431579 0.0335089 0.0398539
0 0.496214 0.418498 0.0342926 0.037213
0 0.512984 0.535142 0.0347988 0.0362694
0 0.460964 0.47781 0.0359679 0.0382072
0 0.344244 0.538296 0.0301027 0.0344499
0 0.696553 0.63912 0.0295849 0.0324741
0 0.0761463 0.632459 0.0306699 0.0368263
0 0.446147 0.781727 0.0313021 0.0395455
0 0.547126 0.651566 0.0319158 0.0367114
0 0.296064 0.540378 0.0329249 0.0371883
0 0.567808 0.604011 0.0332319 0.0358108
0 0.461223 0.541719 0.0347311 0.036078
0 0.600901 0.461576 0.0302724 0.0352015
0 0.532455 0.468723 0.0324562 0.0360811
0 0.311846 0.469499 0.0355453 0.038837
0 0.776413 0.410074 0.02611 0.0298569
0 0.572004 0.409158 0.0332743 0.0348806
0 0.456665 0.649304 0.032897 0.0385276
0 0.722575 0.564895 0.032157 0.033049
0 0.418501 0.516082 0.033165 0.0365786
0 0.609172 0.528789 0.0322903 0.0337976
0 0.230749 0.500134 0.0348212 0.040452
0 0.487709 0.602472 0.03448 0.037055
0 0.390907 0.657795 0.0334142 0.038574
0 0.370915 0.721223 0.0313606 0.0395403
0 0.841652 0.86303 0.0316563 0.0375441
0 0.567221 0.797965 0.0289425 0.0318354
0 0.55798 0.523567 0.0344218 0.0379944
0 0.360002 0.580165 0.033985 0.0403628
0 0.417701 0.590232 0.0309807 0.038393
0 0.532239 0.277041 0.0327511 0.0377487
0 0.156244 0.529155 0.0344844 0.0401282
0 0.668799 0.566651 0.0269522 0.0312708
0 0.465807 0.71164 0.0328856 0.0371572
0 0.369422 0.461543 0.0390355 0.0401098
0 0.663491 0.730998 0.0296833 0.0296351
0 0.74772 0.344261 0.0229754 0.0262764
0 0.125788 0.164473 0.0247239 0.0290608
0 0.564645 0.721714 0.0336555 0.0375366
0 0.256507 0.969283 0.0285603 0.0290999
0 0.322202 0.602187 0.0303837 0.037525
0 0.365595 0.378496 0.0355864 0.040793
0 0.976292 0.124932 0.0187809 0.0223649
0 0.336463 0.963813 0.0181623 0.0248728
0 0.573719 0.3378 0.0259083 0.0305082
0 0.0810949 0.170028 0.0213352 0.0237894
0 0.187929 0.285014 0.0270503 0.0297171
0 0.158481 0.0366316 0.0234267 0.0260674
0 0.229804 0.0350573 0.022732 0.0250364
