0 0.54042 0.532701 0.0345132 0.0371567
0 0.615764 0.465619 0.0324574 0.0342136
0 0.505936 0.593039 0.0322924 0.0361272
0 0.381359 0.44524 0.033513 0.0382713
0 0.4478 0.449167 0.0330479 0.0362418
0 0.0943828 0.549801 0.0301232 0.0380841
0 0.440607 0.592951 0.0320637 0.036873
0 0.656453 0.64673 0.0303345 0.0341556
0 0.405877 0.390634 0.0329716 0.0379526
0 0.757528 0.442684 0.0262124 0.0289589
0 0.521752 0.443462 0.0326763 0.0366531
0 0.495662 0.686637 0.0342943 0.0407354
0 0.470732 0.62959 0.0297632 0.0413717
0 0.397094 0.748756 0.0324213 0.0413144
0 0.472715 0.414145 0.0332067 0.0358948
0 0.633859 0.516206 0.0311361 0.0367144
0 0.482658 0.485294 0.033656 0.0379134
0 0.466013 0.538837 0.0321383 0.0370853
0 0.376285 0.513562 0.0295461 0.0355363
0 0.48002 0.761567 0.0299854 0.0341319
0 0.380975 0.583249 0.0324078 0.0428602
0 0.0648529 0.665064 0.034123 0.0384027
0 0.428674 0.482582 0.0356855 0.0400399
0 0.502835 0.544878 0.0333542 0.0360342
0 0.706398 0.338628 0.0241659 0.02976
0 0.559599 0.722644 0.0345368 0.0364903
0 0.612257 0.580905 0.0250233 0.0323155
0 0.326427 0.463154 0.0394673 0.0413157
0 0.0730542 0.861397 0.0265102 0.0335226
0 0.302562 0.522669 0.0350045 0.0391055
0 0.841642 0.86317 0.0317497 0.0377695
0 0.345369 0.640138 0.0322309 0.0410072
0 0.176546 0.534276 0.0355475 0.0374085
0 0.233835 0.52625 0.0307135 0.0334802
0 0.267794 0.471228 0.03239 0.0389957
0 0.410381 0.638284 0.0322599 0.0398552
0 0.413167 0.540623 0.033026 0.0372911
0 0.445102 0.324388 0.0327853 0.0411551
0 0.502103 0.377295 0.0312998 0.0343533
0 0.314911 0.587398 0.0299699 0.0367523
0 0.341072 0.396165 0.0331712 0.0417552
0 0.159068 0.036979 0.0239343 0.0283432
0 0.16089 0.452343 0.025752 0.0296249
0 0.434465 0.681428 0.0343396 0.0414145
0 0.125817 0.164376 0.0252142 0.0291804
0 0.256523 0.969263 0.0285562 0.0291236
0 0.976431 0.125087 0.019067 0.0223852
0 0.336565 0.963736 0.0181295 0.0246459
0 0.328588 0.690503 0.0313818 0.0397547
0 0.0811374 0.169997 0.0217132 0.0240632
