0 0.707951 0.309783 0.019368 0.032609
0 0.842508 0.329710 0.019368 0.025362
0 0.630479 0.549819 0.019368 0.030797
0 0.442915 0.469203 0.019368 0.028986
0 0.532620 0.627717 0.021407 0.030797
0 0.680938 0.480072 0.018349 0.028986
0 0.654434 0.419384 0.020387 0.027174
0 0.695719 0.414855 0.019368 0.032609
0 0.669725 0.347826 0.020387 0.028986
0 0.195719 0.239130 0.018349 0.028986
0 0.948012 0.066123 0.016310 0.023551
0 0.890418 0.058877 0.017329 0.023551
0 0.320591 0.495471 0.019368 0.027174
0 0.587156 0.438406 0.020387 0.032609
0 0.751784 0.511775 0.021407 0.030797
0 0.458206 0.535326 0.019368 0.027174
0 0.915392 0.140399 0.020387 0.027174
0 0.553517 0.360507 0.022426 0.032609
0 0.248216 0.460145 0.019368 0.028986
0 0.460245 0.409420 0.019368 0.028986
0 0.727829 0.373188 0.020387 0.028986
0 0.287462 0.441123 0.018349 0.027174
0 0.792559 0.511775 0.019368 0.027174
0 0.214577 0.131341 0.017329 0.027174
0 0.371050 0.451993 0.022426 0.027174
0 0.618756 0.338768 0.022426 0.032609
0 0.777268 0.428442 0.019368 0.030797
0 0.628950 0.478261 0.020387 0.036232
0 0.559633 0.498188 0.018349 0.028986
0 0.831804 0.604167 0.020387 0.027174
0 0.853211 0.061594 0.018349 0.025362
0 0.788991 0.326993 0.020387 0.027174
0 0.492864 0.566123 0.019368 0.030797
0 0.686544 0.535326 0.021407 0.034420
0 0.915392 0.096920 0.016310 0.027174
0 0.501529 0.499094 0.020387 0.034420
0 0.754842 0.430254 0.019368 0.027174
0 0.501019 0.438406 0.019368 0.028986
0 0.749745 0.580616 0.021407 0.027174
0 0.575943 0.672101 0.020387 0.028986
0 0.828236 0.447464 0.017329 0.025362
0 0.177370 0.406703 0.018349 0.030797
0 0.864424 0.482790 0.018349 0.027174
0 0.771152 0.645833 0.021407 0.027174
0 0.718654 0.540761 0.022426 0.030797
0 0.587666 0.533514 0.019368 0.030797
0 0.683996 0.621377 0.020387 0.025362
0 0.781855 0.599638 0.020387 0.028986
0 0.838430 0.528986 0.021407 0.025362
0 0.614679 0.673913 0.018349 0.028986
0 0.738022 0.456522 0.018349 0.028986
0 0.808869 0.451993 0.021407 0.034420
0 0.883792 0.561594 0.020387 0.021739
0 0.851172 0.063406 0.018349 0.025362
0 0.177370 0.845109 0.018349 0.023551
0 0.221713 0.816123 0.013252 0.019928
0 0.113150 0.823370 0.016310 0.023551
0 0.122834 0.766304 0.021407 0.025362
0 0.069317 0.462862 0.020387 0.023551
