0 0.565419 0.51236 0.0321976 0.0365994
0 0.375488 0.419666 0.033449 0.0383268
0 0.36011 0.484421 0.0359121 0.0403031
0 0.523764 0.526843 0.0363478 0.0376022
0 0.342536 0.364973 0.0315749 0.0408251
0 0.639941 0.513196 0.0293458 0.0374919
0 0.474174 0.445629 0.0334354 0.0377235
0 0.516955 0.451701 0.0285742 0.0375609
0 0.194866 0.502433 0.0339492 0.0387222
0 0.464039 0.603314 0.0348125 0.0358378
0 0.350892 0.609416 0.0345584 0.0383211
0 0.255268 0.507499 0.0276624 0.0352142
0 0.312828 0.447869 0.0304755 0.0396145
0 0.404191 0.605708 0.0300655 0.0388631
0 0.415699 0.40933 0.0330819 0.0363061
0 0.384444 0.304032 0.0338855 0.043092
0 0.408417 0.488828 0.0349947 0.0380278
0 0.0268572 0.632522 0.0298223 0.0389771
0 0.429192 0.556121 0.0351489 0.0379989
0 0.454782 0.520197 0.0339592 0.0370613
0 0.62626 0.692045 0.0286575 0.0330198
0 0.332465 0.556948 0.0320763 0.0381274
0 0.283815 0.604497 0.0306771 0.0411936
0 0.113095 0.545151 0.0287505 0.0352202
0 0.342537 0.668252 0.0321496 0.0431346
0 0.841237 0.862685 0.0316841 0.0359563
0 0.39067 0.539335 0.0343539 0.0370293
0 0.387058 0.737453 0.0303725 0.0327522
0 0.470002 0.704554 0.0330414 0.0366993
0 0.428489 0.45963 0.0317097 0.0370925
0 0.411689 0.67449 0.0371065 0.0428523
0 0.448714 0.390652 0.0331259 0.0351257
0 0.520596 0.609266 0.0314195 0.0392474
0 0.256198 0.968634 0.0290224 0.0284572
0 0.158971 0.0371646 0.0244395 0.0290884
0 0.125816 0.164376 0.0252648 0.0295159
0 0.0790013 0.613024 0.0318102 0.0335088
0 0.976405 0.124954 0.0190265 0.0223135
0 0.336622 0.963538 0.0175497 0.0243442
0 0.111991 0.840751 0.0323479 0.0382332
0 0.243895 0.708364 0.0329863 0.0384642
0 0.0811355 0.17019 0.0223322 0.0248351
0 0.804843 0.662758 0.0139897 0.019646
