0 0.544343 0.434783 0.020387 0.028986
0 0.779307 0.348732 0.019368 0.027174
0 0.557085 0.554348 0.019368 0.028986
0 0.491335 0.439312 0.020387 0.030797
0 0.896534 0.576993 0.019368 0.027174
0 0.919980 0.089674 0.017329 0.023551
0 0.465851 0.489130 0.018349 0.025362
0 0.341488 0.436594 0.020387 0.028986
0 0.254842 0.481884 0.020387 0.028986
0 0.732416 0.441123 0.019368 0.027174
0 0.403670 0.436594 0.020387 0.028986
0 0.943935 0.155797 0.018349 0.025362
0 0.529562 0.515399 0.021407 0.030797
0 0.606014 0.471920 0.021407 0.030797
0 0.831804 0.376812 0.018349 0.025362
0 0.917431 0.664855 0.018349 0.025362
0 0.821101 0.022645 0.015291 0.023551
0 0.307849 0.496377 0.022426 0.032609
0 0.608053 0.612319 0.021407 0.032609
0 0.660550 0.489130 0.020387 0.028986
0 0.939857 0.460145 0.016310 0.025362
0 0.879715 0.617754 0.018349 0.025362
0 0.196738 0.196558 0.020387 0.030797
0 0.678389 0.421196 0.019368 0.027174
0 0.777778 0.450181 0.020387 0.027174
0 0.907747 0.415761 0.019368 0.027174
0 0.211519 0.084239 0.019368 0.030797
0 0.430683 0.500906 0.021407 0.027174
0 0.851682 0.473732 0.019368 0.023551
0 0.818043 0.441123 0.017329 0.023551
0 0.794597 0.550725 0.017329 0.025362
0 0.178899 0.364130 0.019368 0.028986
0 0.645260 0.680254 0.020387 0.030797
0 0.689602 0.615942 0.021407 0.028986
0 0.917431 0.384058 0.018349 0.025362
0 0.580020 0.374094 0.020387 0.030797
0 0.633537 0.545290 0.019368 0.028986
0 0.817023 0.584239 0.017329 0.030797
0 0.716106 0.540761 0.019368 0.030797
0 0.486748 0.545290 0.019368 0.028986
0 0.955657 0.634964 0.019368 0.027174
0 0.694699 0.475543 0.019368 0.030797
0 0.761468 0.575181 0.018349 0.023551
0 0.675331 0.338768 0.019368 0.032609
0 0.829766 0.503623 0.020387 0.025362
0 0.654434 0.369565 0.020387 0.036232
0 0.610092 0.302536 0.021407 0.028986
0 0.889399 0.471920 0.019368 0.027174
0 0.977064 0.423913 0.019368 0.021739
0 0.274720 0.449275 0.019368 0.028986
0 0.550968 0.358696 0.021407 0.028986
0 0.724771 0.622283 0.018349 0.027174
0 0.221713 0.393116 0.017329 0.028986
0 0.201835 0.317029 0.020387 0.032609
0 0.771152 0.657609 0.021407 0.028986
0 0.799694 0.668478 0.019368 0.025362
0 0.688073 0.556159 0.020387 0.028986
0 0.799694 0.408514 0.017329 0.027174
0 0.761978 0.491848 0.019368 0.023551
0 0.863405 0.518116 0.016310 0.028986
0 0.878695 0.354167 0.018349 0.023551
0 0.984200 0.477355 0.015291 0.023551
0 0.625892 0.411232 0.020387 0.028986
0 0.759429 0.386775 0.020387 0.027174
0 0.946483 0.552536 0.017329 0.021739
0 0.798675 0.603261 0.019368 0.025362
0 0.966871 0.537138 0.017329 0.027174
0 0.939348 0.687500 0.017329 0.023551
0 0.958716 0.365942 0.019368 0.025362
0 0.972477 0.591486 0.018349 0.023551
0 0.911315 0.471014 0.016310 0.021739
0 0.121814 0.778080 0.019368 0.023551
0 0.898573 0.527174 0.017329 0.025362
0 0.231906 0.423913 0.017329 0.028986
0 0.895515 0.525362 0.019368 0.025362
0 0.960245 0.498188 0.016310 0.025362
0 0.118247 0.803442 0.022426 0.027174
0 0.953619 0.053442 0.017329 0.023551
0 0.177880 0.846014 0.017329 0.025362
0 0.991845 0.509964 0.014271 0.023551
0 0.934760 0.593297 0.018349 0.023551
0 0.851682 0.582428 0.021407 0.030797
0 0.218145 0.849638 0.020387 0.028986
0 0.067788 0.464674 0.019368 0.023551
