0 0.629755 0.504529 0.028533 0.030797
0 0.550951 0.513587 0.031250 0.030797
0 0.462636 0.592391 0.025815 0.028986
0 0.463995 0.375000 0.023098 0.028986
0 0.483696 0.518116 0.027174 0.028986
0 0.605978 0.403080 0.029891 0.030797
0 0.353940 0.440217 0.023098 0.028986
0 0.366168 0.389493 0.020380 0.028986
0 0.346467 0.510870 0.024457 0.025362
0 0.514266 0.564312 0.028533 0.030797
0 0.514946 0.389493 0.024457 0.028986
0 0.551630 0.324275 0.027174 0.032609
0 0.401495 0.453804 0.023098 0.027174
0 0.438179 0.622283 0.023098 0.027174
0 0.293478 0.521739 0.029891 0.028986
0 0.436141 0.465580 0.024457 0.028986
0 0.383832 0.426630 0.023098 0.027174
0 0.448370 0.513587 0.024457 0.027174
0 0.344429 0.570652 0.025815 0.028986
0 0.300272 0.473732 0.024457 0.027174
0 0.389266 0.555254 0.025815 0.027174
0 0.506114 0.445652 0.025815 0.028986
0 0.180707 0.527174 0.021739 0.021739
0 0.411005 0.610507 0.023098 0.028986
0 0.383832 0.498188 0.023098 0.028986
0 0.368886 0.552536 0.023098 0.028986
0 0.415761 0.566123 0.027174 0.027174
0 0.537364 0.453804 0.023098 0.027174
0 0.434103 0.359601 0.023098 0.027174
0 0.506793 0.331522 0.027174 0.028986
0 0.143342 0.618659 0.023098 0.023551
0 0.576766 0.433877 0.025815 0.030797
0 0.239130 0.489130 0.032609 0.028986
0 0.464674 0.425725 0.027174 0.028986
0 0.144701 0.514493 0.020380 0.021739
0 0.414402 0.402174 0.024457 0.025362
0 0.445652 0.562500 0.024457 0.027174
0 0.472147 0.332428 0.023098 0.027174
0 0.086957 0.747283 0.016304 0.023551
0 0.126359 0.738225 0.019022 0.023551
0 0.078804 0.612319 0.016304 0.021739
0 0.414402 0.503623 0.024457 0.025362
0 0.008152 0.498188 0.013587 0.010870
0 0.837636 0.324275 0.020380 0.025362
0 0.830163 0.712862 0.021739 0.023551
0 0.819973 0.829710 0.025815 0.032609
0 0.817255 0.942029 0.017663 0.028986
