0 0.507473 0.496377 0.031250 0.036232
0 0.354620 0.561594 0.029891 0.032609
0 0.311141 0.541667 0.027174 0.032609
0 0.254076 0.573370 0.027174 0.030797
0 0.383832 0.456522 0.028533 0.036232
0 0.559103 0.543478 0.031250 0.036232
0 0.391984 0.516304 0.031250 0.036232
0 0.515625 0.416667 0.031250 0.036232
0 0.873641 0.445652 0.032609 0.036232
0 0.279212 0.493659 0.023098 0.030797
0 0.587636 0.424819 0.031250 0.034420
0 0.146739 0.491848 0.021739 0.023551
0 0.877717 0.120471 0.029891 0.038043
0 0.444293 0.436594 0.029891 0.036232
0 0.652174 0.476449 0.035326 0.039855
0 0.899457 0.273551 0.032609 0.039855
0 0.224185 0.548007 0.021739 0.023551
0 0.754755 0.482790 0.031250 0.034420
0 0.452446 0.558877 0.029891 0.038043
0 0.342391 0.433877 0.027174 0.030797
0 0.213995 0.494565 0.023098 0.025362
0 0.182065 0.431159 0.021739 0.021739
0 0.180707 0.512681 0.021739 0.021739
0 0.193614 0.538043 0.020380 0.025362
0 0.304348 0.436594 0.029891 0.028986
0 0.247962 0.437500 0.023098 0.023551
0 0.129755 0.547101 0.017663 0.018116
0 0.216712 0.436594 0.020380 0.021739
0 0.114810 0.302536 0.020380 0.021739
0 0.820652 0.716486 0.027174 0.034420
0 0.916440 0.963768 0.023098 0.028986
0 0.816576 0.009058 0.029891 0.014493
0 0.162364 0.442029 0.014946 0.021739
0 0.246603 0.522645 0.023098 0.027174
0 0.171196 0.548007 0.019022 0.016304
0 0.148777 0.547101 0.020380 0.021739
0 0.139266 0.528080 0.020380 0.016304
0 0.124321 0.564312 0.020380 0.016304
0 0.104620 0.569746 0.016304 0.019928
0 0.097826 0.529891 0.013587 0.016304
0 0.109375 0.514493 0.020380 0.014493
0 0.095109 0.512681 0.010870 0.014493
0 0.080163 0.535326 0.013587 0.012681
0 0.069973 0.492754 0.014946 0.014493
0 0.097826 0.483696 0.016304 0.014493
0 0.088995 0.470109 0.012228 0.012681
0 0.127717 0.480072 0.013587 0.018116
0 0.131114 0.457428 0.017663 0.016304
0 0.148098 0.442935 0.013587 0.016304
0 0.127717 0.424819 0.019022 0.019928
0 0.107337 0.427536 0.016304 0.014493
0 0.098505 0.443841 0.014946 0.014493
0 0.115489 0.466486 0.013587 0.016304
0 0.107337 0.455616 0.013587 0.012681
0 0.080842 0.439312 0.014946 0.016304
0 0.083560 0.421196 0.014946 0.012681
0 0.070652 0.445652 0.013587 0.010870
0 0.106658 0.387681 0.014946 0.018116
0 0.100543 0.373188 0.016304 0.014493
0 0.103261 0.352355 0.016304 0.019928
