0 0.481658 0.492754 0.025815 0.028986
0 0.408288 0.525362 0.028533 0.028986
0 0.706522 0.391304 0.024457 0.028986
0 0.604620 0.492754 0.027174 0.032609
0 0.507473 0.525362 0.025815 0.032609
0 0.604620 0.375906 0.024457 0.030797
0 0.595109 0.323370 0.024457 0.030797
0 0.655571 0.369565 0.025815 0.028986
0 0.650136 0.556159 0.023098 0.028986
0 0.675951 0.333333 0.023098 0.028986
0 0.617527 0.451087 0.025815 0.028986
0 0.694973 0.557971 0.025815 0.028986
0 0.658967 0.419384 0.024457 0.027174
0 0.545516 0.322464 0.025815 0.032609
0 0.426630 0.357790 0.021739 0.030797
0 0.490489 0.327899 0.024457 0.032609
0 0.472826 0.566123 0.027174 0.027174
0 0.671196 0.473732 0.024457 0.027174
0 0.724185 0.545290 0.021739 0.025362
0 0.419837 0.425725 0.024457 0.025362
0 0.523777 0.597826 0.028533 0.028986
0 0.460598 0.398551 0.024457 0.028986
0 0.546875 0.463768 0.025815 0.032609
0 0.586277 0.432971 0.025815 0.028986
0 0.709918 0.481884 0.023098 0.025362
0 0.501359 0.430254 0.024457 0.030797
0 0.592391 0.647645 0.027174 0.030797
0 0.433424 0.684783 0.024457 0.028986
0 0.434783 0.584239 0.027174 0.027174
0 0.545516 0.411232 0.025815 0.028986
0 0.516304 0.375906 0.027174 0.034420
0 0.472826 0.634058 0.024457 0.028986
0 0.700408 0.431159 0.023098 0.025362
0 0.570652 0.552536 0.029891 0.032609
0 0.631114 0.607790 0.028533 0.030797
0 0.463995 0.452899 0.025815 0.028986
0 0.349185 0.499094 0.024457 0.027174
0 0.626359 0.704710 0.021739 0.025362
0 0.539402 0.676630 0.027174 0.030797
0 0.666440 0.625906 0.025815 0.027174
0 0.636549 0.333333 0.023098 0.028986
0 0.726223 0.317935 0.023098 0.023551
0 0.591033 0.711957 0.027174 0.028986
0 0.723505 0.678442 0.023098 0.027174
0 0.684783 0.671196 0.024457 0.023551
0 0.711957 0.619565 0.021739 0.025362
0 0.822011 0.175725 0.019022 0.025362
0 0.830842 0.228261 0.017663 0.018116
0 0.843750 0.503623 0.021739 0.028986
0 0.792799 0.973732 0.017663 0.030797
0 0.011549 0.662138 0.020380 0.016304
