0 0.556901 0.400514 0.0325296 0.0372462
0 0.512217 0.801541 0.032059 0.0377599
0 0.537983 0.308334 0.0345224 0.0367719
0 0.50021 0.378798 0.0365095 0.0372796
0 0.594972 0.272854 0.0318946 0.0369915
0 0.384577 0.450846 0.0353816 0.0399634
0 0.651432 0.63342 0.0304078 0.0301595
0 0.487483 0.614528 0.0337881 0.0398183
0 0.559349 0.740168 0.0325485 0.035403
0 0.71251 0.717353 0.0272413 0.0290545
0 0.467762 0.727089 0.0317153 0.0373888
0 0.717326 0.563471 0.0262022 0.0304505
0 0.409114 0.540326 0.0327089 0.0385967
0 0.576451 0.608815 0.035606 0.0344343
0 0.545929 0.676194 0.0325514 0.0357305
0 0.672539 0.343146 0.0288532 0.0321124
0 0.694779 0.491296 0.0284374 0.0320434
0 0.496183 0.521333 0.0318397 0.0382485
0 0.532437 0.445106 0.0338158 0.0391069
0 0.400619 0.8153 0.0300308 0.0376563
0 0.559743 0.54415 0.0328018 0.0358716
0 0.407357 0.609052 0.0323558 0.0389298
0 0.605859 0.538859 0.0325352 0.0342785
0 0.709332 0.663225 0.0275672 0.0313118
0 0.678321 0.397617 0.0302128 0.0332696
0 0.769535 0.558598 0.0254386 0.0275811
0 0.602906 0.460809 0.0317992 0.0342353
0 0.841311 0.862756 0.0313294 0.0356766
0 0.221067 0.510754 0.0357675 0.0381513
0 0.344616 0.630746 0.0310551 0.0392851
0 0.365682 0.491743 0.0329498 0.0374341
0 0.64599 0.751705 0.0291929 0.0321241
0 0.62712 0.684114 0.0309179 0.0311129
0 0.646555 0.473591 0.0333378 0.0351007
0 0.765293 0.496629 0.0241121 0.0260225
0 0.44277 0.289797 0.0327592 0.0389238
0 0.125509 0.164675 0.0248126 0.0292386
0 0.670098 0.764002 0.0253776 0.0255112
0 0.316828 0.560331 0.0353208 0.0390843
0 0.448012 0.357347 0.0384312 0.0404405
0 0.631024 0.313183 0.026211 0.0301424
0 0.256457 0.969265 0.0285137 0.0288225
0 0.797841 0.419672 0.0269202 0.0274797
0 0.226863 0.036778 0.0278051 0.0289555
0 0.33637 0.963698 0.0177248 0.0247512
0 0.321167 0.442691 0.0330224 0.039296
0 0.0816069 0.170453 0.0207731 0.0233896
0 0.976441 0.125401 0.0193498 0.0234338
0 0.110705 0.962796 0.0192147 0.0227606
0 0.768024 0.3303 0.0225823 0.0242307
0 0.186836 0.284897 0.0266157 0.0296753
0 0.105766 0.955468 0.0222083 0.0215256
