0 0.110054 0.531703 0.035326 0.041667
0 0.324728 0.512681 0.035326 0.036232
0 0.040082 0.836957 0.028533 0.036232
0 0.982337 0.962862 0.019022 0.019928
0 0.029891 0.662138 0.032609 0.041667
0 0.241168 0.526268 0.033967 0.034420
0 0.171196 0.273551 0.032609 0.043478
0 0.015625 0.422101 0.023098 0.028986
0 0.057065 0.082428 0.024457 0.030797
0 0.040082 0.023551 0.023098 0.028986
0 0.267663 0.714674 0.027174 0.034420
0 0.883152 0.917572 0.013587 0.012681
0 0.890625 0.936594 0.012228 0.014493
0 0.881114 0.967391 0.014946 0.021739
0 0.135190 0.989130 0.028533 0.021739
