0 0.429348 0.590580 0.027174 0.032609
0 0.519022 0.500000 0.027174 0.028986
0 0.403533 0.484601 0.029891 0.030797
0 0.383152 0.527174 0.027174 0.028986
0 0.319973 0.537138 0.025815 0.027174
0 0.461957 0.451993 0.027174 0.030797
0 0.208560 0.538949 0.023098 0.027174
0 0.502038 0.385870 0.025815 0.028986
0 0.383152 0.657609 0.024457 0.025362
0 0.440897 0.528986 0.028533 0.028986
0 0.333560 0.572464 0.025815 0.028986
0 0.357337 0.684783 0.021739 0.025362
0 0.319973 0.464674 0.025815 0.027174
0 0.160326 0.543478 0.021739 0.025362
0 0.275815 0.470109 0.024457 0.027174
0 0.275815 0.528986 0.024457 0.025362
0 0.120924 0.673007 0.021739 0.023551
0 0.188179 0.446558 0.023098 0.027174
0 0.190217 0.581522 0.021739 0.025362
0 0.090353 0.577899 0.020380 0.025362
0 0.155571 0.648551 0.025815 0.025362
0 0.443614 0.378623 0.025815 0.028986
0 0.114810 0.561594 0.020380 0.025362
0 0.372962 0.443841 0.028533 0.028986
0 0.334239 0.500000 0.024457 0.025362
0 0.241848 0.469203 0.021739 0.025362
0 0.089674 0.702899 0.016304 0.021739
0 0.101902 0.639493 0.021739 0.025362
0 0.110054 0.471014 0.021739 0.025362
0 0.067935 0.567935 0.019022 0.023551
0 0.095788 0.761775 0.017663 0.019928
0 0.052310 0.627717 0.017663 0.023551
0 0.360054 0.938406 0.021739 0.032609
0 0.039402 0.611413 0.019022 0.023551
0 0.814538 0.193841 0.020380 0.036232
0 0.085598 0.652174 0.021739 0.021739
0 0.817935 0.837862 0.029891 0.016304
0 0.107337 0.750000 0.019022 0.021739
0 0.070652 0.655797 0.016304 0.021739
0 0.836277 0.341486 0.023098 0.030797
0 0.766984 0.977355 0.020380 0.030797
0 0.736413 0.983696 0.019022 0.021739
0 0.247962 0.308877 0.023098 0.030797
