0 0.668478 0.483696 0.032609 0.039855
0 0.876359 0.482790 0.029891 0.038043
0 0.574049 0.432065 0.031250 0.038043
0 0.586957 0.535326 0.035326 0.038043
0 0.865489 0.100543 0.027174 0.034420
0 0.930027 0.344203 0.028533 0.039855
0 0.860734 0.986413 0.025815 0.027174
0 0.519701 0.476449 0.036685 0.039855
0 0.781929 0.492754 0.033967 0.036232
0 0.395380 0.450181 0.032609 0.034420
0 0.145380 0.018116 0.013587 0.014493
0 0.992527 0.932065 0.014946 0.038043
0 0.957201 0.975543 0.025815 0.027174
0 0.822690 0.705616 0.042120 0.038043
