0 0.493207 0.374094 0.024457 0.030797
0 0.505435 0.517210 0.024457 0.027174
0 0.396060 0.538043 0.025815 0.025362
0 0.491848 0.655797 0.021739 0.028986
0 0.612092 0.521739 0.028533 0.032609
0 0.455842 0.470109 0.028533 0.030797
0 0.491848 0.584239 0.027174 0.027174
0 0.511549 0.617754 0.025815 0.028986
0 0.406929 0.478261 0.025815 0.028986
0 0.482337 0.484601 0.027174 0.030797
0 0.336277 0.505435 0.025815 0.028986
0 0.558424 0.318841 0.027174 0.028986
0 0.595788 0.584239 0.025815 0.027174
0 0.474185 0.526268 0.024457 0.027174
0 0.585598 0.450181 0.024457 0.027174
0 0.356658 0.469203 0.023098 0.025362
0 0.399457 0.584239 0.024457 0.027174
0 0.524457 0.563406 0.027174 0.028986
0 0.415082 0.417572 0.023098 0.027174
0 0.691576 0.494565 0.027174 0.028986
0 0.546875 0.434783 0.025815 0.028986
0 0.453804 0.565217 0.027174 0.028986
0 0.425951 0.574275 0.023098 0.028986
0 0.378397 0.486413 0.023098 0.027174
0 0.349864 0.549819 0.025815 0.030797
0 0.450408 0.394928 0.025815 0.028986
0 0.435462 0.517210 0.023098 0.027174
0 0.363451 0.613225 0.023098 0.027174
0 0.457201 0.355978 0.023098 0.027174
0 0.382473 0.415761 0.023098 0.030797
0 0.624321 0.422101 0.023098 0.028986
0 0.458560 0.629529 0.025815 0.027174
0 0.542120 0.378623 0.027174 0.028986
0 0.507473 0.324275 0.025815 0.028986
0 0.241168 0.475543 0.023098 0.030797
0 0.165082 0.622283 0.020380 0.023551
0 0.668478 0.405797 0.024457 0.028986
0 0.129755 0.622283 0.017663 0.023551
0 0.504755 0.417572 0.025815 0.027174
0 0.625679 0.331522 0.025815 0.028986
0 0.423913 0.443841 0.024457 0.028986
0 0.214674 0.530797 0.021739 0.025362
0 0.283288 0.526268 0.023098 0.023551
0 0.321332 0.480978 0.025815 0.030797
0 0.134511 0.759058 0.016304 0.021739
0 0.125679 0.816123 0.017663 0.019928
0 0.838995 0.327899 0.020380 0.025362
0 0.826766 0.716486 0.020380 0.023551
0 0.816576 0.830616 0.019022 0.019928
0 0.815217 0.962862 0.019022 0.023551
0 0.009511 0.504529 0.016304 0.012681
