0 0.858308 0.060688 0.018349 0.027174
0 0.816514 0.096920 0.020387 0.034420
0 0.941896 0.153986 0.016310 0.025362
0 0.266055 0.476449 0.024465 0.028986
0 0.222222 0.408514 0.018349 0.027174
0 0.154434 0.301630 0.021407 0.034420
0 0.925586 0.100543 0.016310 0.027174
0 0.201325 0.278080 0.017329 0.030797
0 0.103466 0.811594 0.019368 0.025362
0 0.221203 0.039855 0.022426 0.028986
0 0.080530 0.176630 0.018349 0.023551
0 0.125382 0.767210 0.018349 0.023551
0 0.212029 0.790761 0.022426 0.023551
0 0.187564 0.851449 0.018349 0.028986
0 0.063201 0.487319 0.020387 0.025362
