0 0.456522 0.502717 0.032609 0.038043
0 0.254755 0.441123 0.025815 0.030797
0 0.370245 0.471920 0.031250 0.034420
0 0.494565 0.443841 0.029891 0.036232
0 0.273777 0.535326 0.025815 0.030797
0 0.911685 0.435688 0.035326 0.041667
0 0.591033 0.451993 0.035326 0.041667
0 0.812500 0.499094 0.035326 0.038043
0 0.312500 0.492754 0.027174 0.032609
0 0.385190 0.529891 0.031250 0.034420
0 0.330842 0.435688 0.028533 0.030797
0 0.958560 0.354167 0.031250 0.034420
0 0.230299 0.480072 0.023098 0.025362
0 0.858016 0.067029 0.028533 0.036232
0 0.526495 0.539855 0.033967 0.036232
0 0.222147 0.538949 0.028533 0.030797
0 0.662364 0.509058 0.036685 0.036232
0 0.701087 0.460145 0.029891 0.036232
0 0.334239 0.548913 0.029891 0.032609
0 0.404212 0.444746 0.028533 0.038043
0 0.184103 0.505435 0.023098 0.025362
0 0.961957 0.976449 0.021739 0.028986
0 0.120924 0.462862 0.019022 0.019928
0 0.108016 0.557065 0.017663 0.016304
0 0.148098 0.497283 0.019022 0.023551
0 0.822011 0.701993 0.029891 0.034420
0 0.990489 0.939312 0.019022 0.027174
0 0.141304 0.011775 0.013587 0.012681
0 0.199728 0.450181 0.029891 0.019928
0 0.176630 0.465580 0.021739 0.018116
0 0.133832 0.456522 0.020380 0.018116
0 0.131114 0.498188 0.014946 0.018116
0 0.141304 0.521739 0.019022 0.021739
0 0.161005 0.539855 0.025815 0.018116
0 0.114810 0.503623 0.014946 0.014493
0 0.102582 0.511775 0.017663 0.012681
0 0.087636 0.548007 0.017663 0.012681
0 0.087636 0.503623 0.012228 0.014493
0 0.103940 0.483696 0.017663 0.014493
0 0.105978 0.466486 0.019022 0.012681
0 0.091712 0.465580 0.012228 0.010870
0 0.105978 0.424819 0.019022 0.019928
0 0.097826 0.407609 0.019022 0.014493
0 0.090353 0.426630 0.012228 0.016304
0 0.086277 0.368659 0.020380 0.016304
