0 0.611413 0.447464 0.032609 0.039855
0 0.517663 0.448370 0.029891 0.038043
0 0.452446 0.500000 0.032609 0.028986
0 0.891984 0.113225 0.028533 0.034420
0 0.342391 0.462862 0.032609 0.030797
0 0.516984 0.532609 0.033967 0.032609
0 0.917799 0.290761 0.031250 0.038043
0 0.875679 0.471920 0.025815 0.034420
0 0.758832 0.491848 0.031250 0.034420
0 0.686141 0.522645 0.032609 0.038043
0 0.140625 0.018116 0.017663 0.018116
0 0.818614 0.699275 0.039402 0.043478
0 0.991168 0.931159 0.017663 0.028986
0 0.953125 0.974638 0.020380 0.028986
0 0.865489 0.986413 0.021739 0.027174
