0 0.282609 0.556159 0.027174 0.032609
0 0.368886 0.500000 0.031250 0.036232
0 0.508152 0.547101 0.032609 0.036232
0 0.531250 0.433877 0.032609 0.038043
0 0.583560 0.485507 0.031250 0.036232
0 0.803668 0.494565 0.031250 0.036232
0 0.472147 0.462862 0.033967 0.038043
0 0.416440 0.524457 0.031250 0.034420
0 0.913723 0.333333 0.031250 0.039855
0 0.253397 0.545290 0.025815 0.028986
0 0.315217 0.509058 0.032609 0.032609
0 0.250679 0.487319 0.023098 0.028986
0 0.197690 0.439312 0.023098 0.023551
0 0.391984 0.431159 0.031250 0.032609
0 0.329484 0.427536 0.028533 0.028986
0 0.902174 0.445652 0.027174 0.036232
0 0.192935 0.539855 0.021739 0.021739
0 0.888587 0.155797 0.029891 0.032609
0 0.222826 0.530797 0.024457 0.025362
0 0.150815 0.494565 0.024457 0.028986
0 0.280571 0.440217 0.025815 0.028986
0 0.221467 0.466486 0.027174 0.027174
0 0.691576 0.493659 0.035326 0.038043
0 0.169158 0.552536 0.023098 0.025362
0 0.072690 0.490036 0.017663 0.019928
0 0.108696 0.461957 0.019022 0.021739
0 0.910326 0.968297 0.019022 0.030797
0 0.104620 0.355978 0.019022 0.012681
0 0.819293 0.711957 0.035326 0.039855
0 0.181386 0.476449 0.023098 0.018116
0 0.163043 0.443841 0.019022 0.025362
0 0.148098 0.443841 0.019022 0.014493
0 0.132473 0.457428 0.020380 0.016304
0 0.130435 0.477355 0.021739 0.016304
0 0.112772 0.514493 0.019022 0.018116
0 0.125679 0.525362 0.014946 0.018116
0 0.139946 0.523551 0.019022 0.018116
0 0.146739 0.541667 0.016304 0.014493
0 0.126359 0.557971 0.021739 0.018116
0 0.105978 0.574275 0.021739 0.014493
0 0.099864 0.538043 0.017663 0.014493
0 0.080842 0.532609 0.014946 0.010870
0 0.100543 0.514493 0.013587 0.018116
0 0.097826 0.486413 0.016304 0.019928
0 0.085598 0.472826 0.016304 0.018116
0 0.098505 0.444746 0.014946 0.012681
0 0.104620 0.426630 0.016304 0.019928
0 0.127038 0.420290 0.014946 0.014493
0 0.103261 0.395833 0.019022 0.012681
0 0.097826 0.388587 0.016304 0.012681
0 0.083560 0.435688 0.017663 0.012681
0 0.084239 0.418478 0.013587 0.018116
0 0.074049 0.445652 0.014946 0.014493
0 0.087636 0.318841 0.014946 0.021739
0 0.233696 0.441123 0.027174 0.023551
