0 0.179348 0.551630 0.024457 0.023551
0 0.133832 0.507246 0.023098 0.025362
0 0.221467 0.536232 0.024457 0.025362
0 0.148098 0.615036 0.024457 0.027174
0 0.229620 0.471014 0.021739 0.025362
0 0.076766 0.536232 0.020380 0.025362
0 0.119565 0.801630 0.021739 0.023551
0 0.134511 0.713768 0.019022 0.021739
0 0.048234 0.829710 0.017663 0.021739
0 0.088315 0.740942 0.021739 0.025362
0 0.099864 0.620471 0.023098 0.023551
0 0.835598 0.684783 0.027174 0.036232
0 0.094429 0.641304 0.023098 0.025362
0 0.822690 0.202899 0.020380 0.025362
0 0.067935 0.678442 0.021739 0.019928
0 0.815897 0.954710 0.017663 0.021739
