0 0.421875 0.512681 0.033967 0.039855
0 0.644701 0.535326 0.031250 0.034420
0 0.552310 0.398551 0.031250 0.036232
0 0.457880 0.436594 0.032609 0.039855
0 0.601223 0.528986 0.028533 0.036232
0 0.597826 0.432065 0.032609 0.034420
0 0.375000 0.499094 0.032609 0.034420
0 0.383152 0.403080 0.029891 0.041667
0 0.533967 0.600543 0.027174 0.038043
0 0.556386 0.489130 0.031250 0.036232
0 0.768342 0.566123 0.031250 0.030797
0 0.527174 0.543478 0.032609 0.036232
0 0.533288 0.275362 0.031250 0.036232
0 0.637908 0.592391 0.028533 0.032609
0 0.666440 0.441123 0.025815 0.034420
0 0.209918 0.504529 0.031250 0.034420
0 0.599185 0.605978 0.032609 0.038043
0 0.120924 0.546196 0.029891 0.038043
0 0.792799 0.488225 0.023098 0.027174
0 0.489130 0.468297 0.029891 0.038043
0 0.796196 0.561594 0.021739 0.021739
0 0.092391 0.894022 0.027174 0.034420
0 0.692935 0.523551 0.029891 0.032609
0 0.353261 0.550725 0.032609 0.036232
0 0.739810 0.570652 0.023098 0.028986
0 0.486413 0.369565 0.029891 0.036232
0 0.442255 0.358696 0.031250 0.036232
0 0.681386 0.685688 0.028533 0.034420
0 0.620245 0.701087 0.028533 0.032609
0 0.476902 0.669384 0.029891 0.038043
0 0.386549 0.644928 0.033967 0.039855
0 0.751359 0.446558 0.024457 0.030797
0 0.733016 0.476449 0.025815 0.028986
0 0.048913 0.666667 0.027174 0.039855
0 0.674592 0.626812 0.028533 0.032609
0 0.267663 0.500000 0.032609 0.036232
0 0.684103 0.375000 0.028533 0.032609
0 0.720109 0.512681 0.027174 0.032609
0 0.631793 0.346920 0.029891 0.034420
0 0.694973 0.607790 0.025815 0.034420
0 0.745245 0.644928 0.025815 0.025362
0 0.733696 0.398551 0.024457 0.025362
0 0.702446 0.350543 0.021739 0.027174
0 0.476223 0.579710 0.031250 0.043478
0 0.710598 0.644022 0.024457 0.027174
0 0.264266 0.701993 0.031250 0.038043
0 0.715353 0.432065 0.025815 0.030797
0 0.169837 0.266304 0.032609 0.036232
0 0.650136 0.325181 0.025815 0.030797
0 0.052989 0.911232 0.024457 0.028986
0 0.778533 0.616848 0.024457 0.027174
0 0.759511 0.391304 0.027174 0.028986
0 0.025136 0.094203 0.025815 0.028986
0 0.854620 0.961051 0.016304 0.016304
