0 0.411685 0.471014 0.029891 0.032609
0 0.879076 0.479167 0.029891 0.034420
0 0.430027 0.549819 0.031250 0.038043
0 0.353261 0.547101 0.029891 0.032609
0 0.474185 0.432971 0.029891 0.036232
0 0.574728 0.442935 0.035326 0.038043
0 0.951087 0.342391 0.029891 0.036232
0 0.529212 0.540761 0.031250 0.034420
0 0.635870 0.529891 0.035326 0.038043
0 0.300272 0.518116 0.027174 0.032609
0 0.338995 0.443841 0.025815 0.032609
0 0.770380 0.477355 0.032609 0.034420
0 0.248641 0.447464 0.024457 0.025362
0 0.864130 0.145833 0.027174 0.034420
0 0.143342 0.017210 0.020380 0.023551
0 0.841033 0.014493 0.027174 0.025362
0 0.846467 0.992754 0.016304 0.014493
0 0.951087 0.970109 0.027174 0.030797
0 0.993207 0.926630 0.013587 0.034420
0 0.813859 0.703804 0.035326 0.038043
0 0.690897 0.472826 0.039402 0.039855
