0 0.464674 0.499094 0.032609 0.038043
0 0.386549 0.433877 0.033967 0.034420
0 0.385190 0.522645 0.033967 0.041667
0 0.076766 0.864130 0.025815 0.028986
0 0.099185 0.828804 0.027174 0.034420
0 0.317255 0.500000 0.036685 0.039855
0 0.024457 0.633152 0.029891 0.038043
0 0.254755 0.700181 0.031250 0.034420
0 0.118886 0.543478 0.031250 0.036232
0 0.203125 0.540761 0.033967 0.038043
0 0.982337 0.961957 0.019022 0.018116
0 0.016304 0.845109 0.021739 0.027174
0 0.080163 0.989130 0.024457 0.021739
0 0.163043 0.269928 0.029891 0.047101
0 0.039402 0.089674 0.024457 0.027174
0 0.032609 0.028080 0.019022 0.023551
0 0.887228 0.936594 0.013587 0.010870
0 0.883152 0.913949 0.010870 0.016304
0 0.883152 0.968297 0.013587 0.016304
