0 0.518342 0.553442 0.031250 0.038043
0 0.444293 0.459239 0.032609 0.038043
0 0.457880 0.557971 0.035326 0.039855
0 0.124321 0.511775 0.036685 0.038043
0 0.570652 0.596014 0.029891 0.036232
0 0.633832 0.593297 0.028533 0.034420
0 0.489130 0.411232 0.032609 0.036232
0 0.528533 0.454710 0.032609 0.039855
0 0.063859 0.780797 0.029891 0.036232
0 0.519701 0.644022 0.031250 0.038043
0 0.663043 0.626812 0.029891 0.032609
0 0.603261 0.484601 0.027174 0.030797
0 0.608016 0.396739 0.025815 0.028986
0 0.386549 0.525362 0.036685 0.039855
0 0.654212 0.486413 0.028533 0.034420
0 0.563179 0.385870 0.028533 0.032609
0 0.542799 0.683877 0.031250 0.034420
0 0.029891 0.629529 0.032609 0.041667
0 0.588995 0.635870 0.025815 0.028986
0 0.574049 0.483696 0.031250 0.036232
0 0.256114 0.701993 0.031250 0.038043
0 0.082880 0.979167 0.029891 0.034420
0 0.413723 0.606884 0.033967 0.039855
0 0.328804 0.457428 0.032609 0.038043
0 0.701766 0.532609 0.028533 0.028986
0 0.700408 0.596014 0.031250 0.032609
0 0.883832 0.940217 0.012228 0.018116
0 0.879076 0.968297 0.010870 0.019928
0 0.164402 0.269928 0.032609 0.047101
0 0.029891 0.096920 0.024457 0.023551
0 0.252038 0.538043 0.036685 0.036232
