0 0.116718 0.759964 0.019368 0.027174
0 0.691641 0.424819 0.019368 0.038043
0 0.627421 0.574275 0.019368 0.025362
0 0.648828 0.478261 0.017329 0.025362
0 0.244139 0.461051 0.021407 0.027174
0 0.173293 0.131341 0.018349 0.041667
0 0.165647 0.325181 0.019368 0.034420
0 0.649337 0.405797 0.020387 0.036232
0 0.547401 0.281703 0.022426 0.038043
0 0.572375 0.372283 0.021407 0.038043
0 0.527523 0.499094 0.021407 0.038043
0 0.240571 0.034420 0.020387 0.039855
0 0.610601 0.506341 0.020387 0.034420
0 0.567278 0.609601 0.023445 0.034420
0 0.470948 0.404891 0.024465 0.034420
0 0.511213 0.348732 0.021407 0.038043
0 0.313965 0.501812 0.024465 0.036232
0 0.442915 0.456522 0.019368 0.028986
0 0.696228 0.490942 0.020387 0.025362
0 0.283384 0.427536 0.022426 0.036232
0 0.582569 0.454710 0.017329 0.032609
0 0.116208 0.827899 0.016310 0.028986
0 0.188073 0.824275 0.021407 0.025362
0 0.200815 0.865036 0.016310 0.027174
0 0.213048 0.209239 0.020387 0.041667
0 0.196738 0.344203 0.018349 0.028986
0 0.188073 0.434783 0.021407 0.025362
0 0.397044 0.491848 0.023445 0.034420
0 0.616718 0.418478 0.024465 0.036232
0 0.745158 0.396739 0.022426 0.025362
0 0.737513 0.479167 0.021407 0.030797
0 0.749745 0.615942 0.017329 0.036232
0 0.654434 0.627717 0.018349 0.030797
0 0.469929 0.534420 0.020387 0.028986
0 0.517839 0.588768 0.018349 0.032609
0 0.603976 0.646739 0.017329 0.032609
0 0.866463 0.064312 0.018349 0.038043
0 0.908767 0.011775 0.017329 0.019928
0 0.907747 0.117754 0.021407 0.028986
0 0.976555 0.088768 0.014271 0.025362
0 0.985219 0.201993 0.017329 0.027174
0 0.958206 0.236413 0.016310 0.027174
