0 0.410337 0.466532 0.0322762 0.0372922
0 0.478575 0.447911 0.0318781 0.0427448
0 0.539793 0.573191 0.0344419 0.036436
0 0.404309 0.526828 0.0326157 0.036278
0 0.321246 0.549988 0.0342058 0.0393359
0 0.0957641 0.666826 0.0319109 0.0405645
0 0.429884 0.366895 0.0321463 0.0384054
0 0.164079 0.952487 0.0279597 0.0309693
0 0.389176 0.612992 0.0366699 0.0376878
0 0.488316 0.622521 0.0320151 0.0386184
0 0.308025 0.39915 0.0332563 0.0450447
0 0.337543 0.462306 0.0278045 0.0350171
0 0.841534 0.862912 0.0305202 0.0361748
0 0.0957983 0.544776 0.0325112 0.0386637
0 0.168872 0.497501 0.0371102 0.0410636
0 0.373329 0.414847 0.0289612 0.0378318
0 0.262458 0.50319 0.0386992 0.0418309
0 0.327889 0.610219 0.0294696 0.0350983
0 0.256622 0.969608 0.0286886 0.0288647
0 0.10377 0.953831 0.0187738 0.021567
0 0.125656 0.164297 0.0247393 0.0286164
0 0.227036 0.0364584 0.0274224 0.0275808
0 0.0208911 0.690547 0.0283711 0.0373629
0 0.976459 0.124703 0.0189747 0.021983
0 0.33645 0.963553 0.017473 0.0244374
0 0.120442 0.98887 0.0286392 0.0222605
0 0.08131 0.169833 0.0210915 0.0237192
0 0.804853 0.662612 0.0139405 0.0195033
0 0.45131 0.54448 0.0324865 0.0432889
0 0.161734 0.034477 0.0204734 0.0247926
0 0.244037 0.705619 0.031306 0.0359929
0 0.852194 0.638177 0.0138729 0.0152435
