0 0.755861 0.548913 0.019368 0.028986
0 0.593782 0.483696 0.021407 0.028986
0 0.515291 0.461957 0.019368 0.028986
0 0.792049 0.335145 0.020387 0.028986
0 0.169215 0.182065 0.018349 0.030797
0 0.550459 0.440217 0.018349 0.028986
0 0.918960 0.352355 0.019368 0.027174
0 0.582569 0.591486 0.019368 0.030797
0 0.283384 0.435688 0.018349 0.030797
0 0.768094 0.445652 0.019368 0.028986
0 0.693170 0.448370 0.020387 0.027174
0 0.500510 0.528080 0.020387 0.030797
0 0.527013 0.397645 0.018349 0.027174
0 0.716106 0.575181 0.019368 0.030797
0 0.670744 0.666667 0.020387 0.028986
0 0.474516 0.423913 0.019368 0.028986
0 0.398573 0.448370 0.020387 0.030797
0 0.615698 0.428442 0.020387 0.030797
0 0.182977 0.408514 0.019368 0.027174
0 0.578491 0.350543 0.021407 0.030797
0 0.659021 0.329710 0.021407 0.028986
0 0.541284 0.584239 0.020387 0.030797
0 0.805810 0.378623 0.017329 0.025362
0 0.443425 0.455616 0.020387 0.030797
0 0.197248 0.305254 0.019368 0.030797
0 0.706422 0.358696 0.022426 0.028986
0 0.233945 0.427536 0.019368 0.025362
0 0.540265 0.519928 0.018349 0.032609
0 0.615698 0.540761 0.020387 0.034420
0 0.862385 0.593297 0.020387 0.030797
0 0.358308 0.479167 0.019368 0.030797
0 0.288481 0.497283 0.020387 0.027174
0 0.858308 0.355072 0.020387 0.025362
0 0.741081 0.335145 0.018349 0.025362
0 0.831804 0.562500 0.020387 0.027174
0 0.851682 0.453804 0.019368 0.030797
0 0.652905 0.495471 0.019368 0.027174
0 0.834862 0.509964 0.018349 0.027174
0 0.450051 0.533514 0.017329 0.027174
0 0.753313 0.487319 0.020387 0.025362
0 0.830275 0.450181 0.019368 0.027174
0 0.868502 0.521739 0.018349 0.028986
0 0.710499 0.488225 0.020387 0.030797
0 0.899592 0.596920 0.019368 0.027174
0 0.889908 0.436594 0.018349 0.032609
0 0.679409 0.546196 0.021407 0.030797
0 0.747706 0.686594 0.019368 0.025362
0 0.785423 0.674819 0.017329 0.027174
0 0.546891 0.670290 0.021407 0.032609
0 0.734455 0.414855 0.019368 0.025362
0 0.815494 0.479167 0.018349 0.027174
0 0.846585 0.644022 0.021407 0.027174
0 0.941896 0.552536 0.018349 0.021739
0 0.807339 0.529891 0.020387 0.023551
0 0.577982 0.018116 0.022426 0.032609
0 0.898063 0.527174 0.022426 0.025362
0 0.992864 0.229167 0.014271 0.023551
0 0.922018 0.500906 0.019368 0.027174
0 0.117737 0.775362 0.021407 0.025362
0 0.785423 0.602355 0.019368 0.023551
0 0.115698 0.822464 0.017329 0.025362
0 0.177370 0.845109 0.018349 0.027174
0 0.214577 0.831522 0.019368 0.025362
0 0.066259 0.464674 0.022426 0.027174
