0 0.185015 0.311594 0.021407 0.028986
0 0.617737 0.545290 0.016310 0.032609
0 0.863914 0.337862 0.023445 0.030797
0 0.593782 0.390399 0.023445 0.027174
0 0.926606 0.449275 0.024465 0.028986
0 0.951070 0.541667 0.022426 0.028986
0 0.205912 0.866848 0.020387 0.027174
0 0.495923 0.542572 0.019368 0.027174
0 0.900612 0.375000 0.019368 0.025362
0 0.766565 0.661232 0.020387 0.032609
0 0.547910 0.533514 0.019368 0.027174
0 0.693170 0.475543 0.020387 0.041667
0 0.397044 0.453804 0.017329 0.038043
0 0.702345 0.423007 0.020387 0.027174
0 0.867482 0.575181 0.020387 0.027174
0 0.929154 0.529891 0.021407 0.027174
0 0.746177 0.446558 0.022426 0.030797
0 0.504077 0.393116 0.025484 0.032609
0 0.632008 0.427536 0.020387 0.028986
0 0.668705 0.305254 0.020387 0.034420
0 0.783894 0.584239 0.024465 0.030797
0 0.786952 0.505435 0.020387 0.021739
0 0.950051 0.490942 0.022426 0.032609
0 0.571356 0.576087 0.023445 0.032609
0 0.928644 0.602355 0.020387 0.027174
0 0.980632 0.450181 0.026504 0.027174
0 0.207441 0.136775 0.023445 0.041667
0 0.754842 0.562500 0.023445 0.027174
0 0.289501 0.431159 0.022426 0.032609
0 0.643731 0.587862 0.023445 0.034420
0 0.842508 0.419384 0.023445 0.027174
0 0.531600 0.445652 0.027523 0.028986
0 0.902141 0.492754 0.020387 0.025362
0 0.679918 0.504529 0.020387 0.027174
0 0.435270 0.426630 0.022426 0.027174
0 0.985219 0.528080 0.017329 0.019928
0 0.959735 0.376812 0.023445 0.025362
0 0.783384 0.365942 0.019368 0.032609
0 0.799694 0.432065 0.025484 0.030797
0 0.803262 0.067029 0.018349 0.028986
0 0.587156 0.482790 0.020387 0.030797
0 0.594801 0.657609 0.019368 0.032609
0 0.709990 0.604167 0.023445 0.030797
0 0.793578 0.650362 0.015291 0.025362
0 0.962283 0.626812 0.020387 0.025362
0 0.990826 0.657609 0.016310 0.025362
0 0.909276 0.671196 0.016310 0.023551
0 0.886850 0.671196 0.020387 0.027174
0 0.873089 0.642210 0.021407 0.023551
0 0.849134 0.689312 0.024465 0.030797
0 0.809888 0.606884 0.021407 0.021739
0 0.809888 0.528080 0.019368 0.023551
0 0.853721 0.511775 0.021407 0.027174
0 0.875637 0.512681 0.020387 0.021739
0 0.924567 0.391304 0.018349 0.021739
0 0.803262 0.323370 0.020387 0.027174
0 0.765545 0.398551 0.018349 0.025362
0 0.723751 0.324275 0.022426 0.028986
0 0.661570 0.370471 0.026504 0.027174
0 0.632008 0.335145 0.022426 0.028986
0 0.565240 0.424819 0.019368 0.030797
0 0.547401 0.320652 0.018349 0.032609
0 0.482671 0.438406 0.015291 0.028986
0 0.460245 0.500906 0.019368 0.027174
0 0.433741 0.532609 0.019368 0.028986
0 0.490826 0.631341 0.015291 0.030797
0 0.368502 0.522645 0.025484 0.027174
0 0.316004 0.501812 0.020387 0.025362
0 0.235474 0.476449 0.018349 0.021739
0 0.172273 0.123188 0.022426 0.028986
0 0.211009 0.017210 0.018349 0.027174
0 0.092253 0.728261 0.019368 0.025362
0 0.155454 0.785326 0.019368 0.027174
0 0.116718 0.824275 0.011213 0.021739
0 0.718145 0.011775 0.019368 0.019928
0 0.879205 0.077899 0.023445 0.028986
0 0.957696 0.222826 0.015291 0.025362
