0 0.317255 0.490036 0.031250 0.030797
0 0.344429 0.559783 0.025815 0.028986
0 0.205842 0.538949 0.028533 0.030797
0 0.394022 0.516304 0.027174 0.028986
0 0.369565 0.504529 0.024457 0.027174
0 0.409647 0.474638 0.025815 0.028986
0 0.116848 0.483696 0.021739 0.025362
0 0.311141 0.548007 0.024457 0.027174
0 0.296875 0.453804 0.025815 0.027174
0 0.165082 0.545290 0.020380 0.025362
0 0.057745 0.827899 0.017663 0.021739
0 0.268342 0.479167 0.023098 0.027174
0 0.152174 0.573370 0.021739 0.023551
0 0.180027 0.481884 0.023098 0.025362
0 0.143342 0.629529 0.020380 0.023551
0 0.090353 0.826087 0.017663 0.021739
0 0.059103 0.784420 0.017663 0.021739
0 0.081522 0.585145 0.021739 0.021739
0 0.128397 0.699275 0.020380 0.021739
0 0.078125 0.537138 0.020380 0.023551
0 0.383152 0.423007 0.024457 0.027174
0 0.061141 0.710145 0.019022 0.025362
0 0.239810 0.570652 0.025815 0.025362
0 0.822011 0.199275 0.021739 0.025362
0 0.023777 0.761775 0.028533 0.027174
0 0.072690 0.689312 0.020380 0.019928
0 0.842391 0.678442 0.021739 0.027174
0 0.813179 0.937500 0.023098 0.030797
