0 0.604620 0.506341 0.027174 0.034420
0 0.602582 0.437500 0.031250 0.034420
0 0.321332 0.519022 0.031250 0.034420
0 0.555707 0.584239 0.029891 0.038043
0 0.391984 0.458333 0.033967 0.036232
0 0.651495 0.508152 0.028533 0.034420
0 0.388587 0.379529 0.032609 0.038043
0 0.511549 0.396739 0.033967 0.036232
0 0.455163 0.357790 0.029891 0.034420
0 0.538723 0.518116 0.031250 0.036232
0 0.567935 0.403080 0.029891 0.034420
0 0.698370 0.516304 0.032609 0.032609
0 0.504755 0.458333 0.028533 0.036232
0 0.622962 0.695652 0.025815 0.032609
0 0.451766 0.533514 0.033967 0.041667
0 0.571332 0.487319 0.031250 0.032609
0 0.384511 0.582428 0.032609 0.041667
0 0.680027 0.698370 0.028533 0.030797
0 0.459239 0.412138 0.032609 0.038043
0 0.792120 0.476449 0.024457 0.028986
0 0.716712 0.653080 0.023098 0.023551
0 0.677989 0.615036 0.027174 0.030797
0 0.670516 0.443841 0.028533 0.032609
0 0.434103 0.628623 0.033967 0.043478
0 0.641304 0.323370 0.027174 0.030797
0 0.584239 0.341486 0.032609 0.034420
0 0.062500 0.699275 0.032609 0.039855
0 0.742527 0.585145 0.025815 0.028986
0 0.687500 0.395833 0.029891 0.030797
0 0.108016 0.542572 0.033967 0.038043
0 0.476223 0.606884 0.033967 0.039855
0 0.226223 0.509058 0.036685 0.032609
0 0.632473 0.621377 0.028533 0.036232
0 0.703125 0.604167 0.025815 0.030797
0 0.766984 0.561594 0.028533 0.032609
0 0.599864 0.610507 0.031250 0.036232
0 0.723505 0.512681 0.023098 0.028986
0 0.761549 0.497283 0.023098 0.027174
0 0.752038 0.454710 0.025815 0.028986
0 0.667799 0.298007 0.023098 0.027174
0 0.724185 0.427536 0.021739 0.028986
0 0.503397 0.653986 0.028533 0.039855
0 0.263587 0.702899 0.029891 0.036232
0 0.027174 0.770833 0.027174 0.034420
0 0.112772 0.988225 0.027174 0.023551
0 0.747962 0.634058 0.025815 0.025362
0 0.766304 0.413043 0.024457 0.025362
0 0.792799 0.562500 0.020380 0.023551
0 0.707880 0.369565 0.024457 0.028986
0 0.313859 0.462862 0.032609 0.038043
0 0.781250 0.615036 0.027174 0.023551
0 0.738451 0.395833 0.023098 0.030797
0 0.167799 0.269022 0.042120 0.038043
0 0.027174 0.094203 0.027174 0.028986
