0 0.307745 0.538949 0.025815 0.030797
0 0.142663 0.539855 0.021739 0.025362
0 0.245924 0.545290 0.027174 0.028986
0 0.266984 0.494565 0.028533 0.028986
0 0.351223 0.623188 0.020380 0.028986
0 0.165082 0.608696 0.020380 0.025362
0 0.421875 0.431159 0.025815 0.028986
0 0.383152 0.425725 0.027174 0.028986
0 0.446332 0.529891 0.028533 0.027174
0 0.112092 0.711051 0.020380 0.023551
0 0.326766 0.502717 0.025815 0.027174
0 0.122962 0.497283 0.020380 0.023551
0 0.195652 0.505435 0.024457 0.028986
0 0.074728 0.505435 0.019022 0.025362
0 0.370924 0.480978 0.027174 0.027174
0 0.250679 0.461051 0.023098 0.027174
0 0.207201 0.467391 0.020380 0.021739
0 0.174592 0.576087 0.023098 0.025362
0 0.081522 0.771739 0.019022 0.021739
0 0.164402 0.444746 0.019022 0.027174
0 0.048234 0.838768 0.017663 0.021739
0 0.364130 0.933877 0.024457 0.041667
0 0.100543 0.590580 0.019022 0.021739
0 0.100543 0.823370 0.016304 0.023551
0 0.029212 0.823370 0.017663 0.019928
0 0.055027 0.751812 0.017663 0.021739
0 0.379755 0.571558 0.023098 0.027174
0 0.114810 0.794384 0.020380 0.023551
0 0.085598 0.644022 0.019022 0.023551
0 0.074049 0.844203 0.014946 0.021739
0 0.072690 0.814312 0.017663 0.019928
0 0.042799 0.705616 0.017663 0.019928
0 0.059783 0.679348 0.019022 0.021739
0 0.816576 0.193841 0.021739 0.032609
0 0.141984 0.756341 0.017663 0.019928
0 0.061821 0.698370 0.017663 0.019928
0 0.812500 0.836957 0.027174 0.025362
0 0.838995 0.337862 0.023098 0.027174
0 0.026495 0.679348 0.014946 0.018116
0 0.241168 0.312500 0.017663 0.034420
0 0.764946 0.974638 0.021739 0.028986
0 0.735054 0.988225 0.019022 0.023551
