0 0.465721 0.429975 0.0294571 0.03919
0 0.42235 0.499841 0.034647 0.0378912
0 0.487562 0.483314 0.0363479 0.0385116
0 0.446257 0.576221 0.0328363 0.0375274
0 0.586141 0.582353 0.0332596 0.0377896
0 0.342906 0.434234 0.0315792 0.0387355
0 0.504602 0.680108 0.0295415 0.0374978
0 0.388665 0.538121 0.0343157 0.0391227
0 0.436022 0.692996 0.0336885 0.0372181
0 0.216838 0.533411 0.0345661 0.0373893
0 0.314681 0.521853 0.0335515 0.0406185
0 0.157443 0.525567 0.0350138 0.0379911
0 0.551286 0.497424 0.0319131 0.0393662
0 0.450546 0.352032 0.0305537 0.0381937
0 0.405858 0.443263 0.0315896 0.0375827
0 0.105123 0.824306 0.0296186 0.0344279
0 0.841178 0.862834 0.0317459 0.0359942
0 0.373148 0.473628 0.0344021 0.0388398
0 0.322036 0.370738 0.0320026 0.044429
0 0.366648 0.707349 0.0291937 0.0355901
0 0.343202 0.558569 0.0304136 0.0385305
0 0.370495 0.586741 0.03105 0.0411385
0 0.263016 0.484174 0.0361425 0.0396819
0 0.0827572 0.588245 0.0328973 0.0401355
0 0.405783 0.623014 0.0353339 0.0416135
0 0.486283 0.623059 0.0307242 0.0386251
0 0.381702 0.393776 0.031319 0.0370349
0 0.158986 0.0369492 0.024363 0.0287887
0 0.339278 0.621026 0.0337664 0.0431399
0 0.256576 0.969349 0.0281105 0.0289327
0 0.125742 0.16444 0.0249587 0.0288693
0 0.336446 0.963557 0.01742 0.0243671
0 0.976327 0.125068 0.0189464 0.0224265
0 0.100518 0.976881 0.0256218 0.0336098
0 0.245084 0.706994 0.0315602 0.0378989
0 0.0811372 0.17033 0.0219374 0.0245667
