0 0.130989 0.757246 0.021407 0.028986
0 0.773700 0.509058 0.024465 0.025362
0 0.587156 0.620471 0.022426 0.034420
0 0.196228 0.097826 0.017329 0.036232
0 0.618756 0.511775 0.024465 0.030797
0 0.701325 0.621377 0.022426 0.025362
0 0.692151 0.538043 0.024465 0.032609
0 0.435270 0.447464 0.026504 0.028986
0 0.854230 0.434783 0.020387 0.036232
0 0.208970 0.221920 0.018349 0.034420
0 0.731906 0.648551 0.020387 0.039855
0 0.197248 0.011775 0.019368 0.019928
0 0.582059 0.472826 0.020387 0.032609
0 0.546891 0.405797 0.023445 0.032609
0 0.459735 0.399457 0.022426 0.041667
0 0.204383 0.871377 0.023445 0.028986
0 0.701325 0.384058 0.022426 0.036232
0 0.744648 0.455616 0.023445 0.034420
0 0.175841 0.430254 0.019368 0.038043
0 0.539755 0.512681 0.021407 0.032609
0 0.493374 0.471920 0.020387 0.027174
0 0.718145 0.541667 0.019368 0.032609
0 0.891947 0.521739 0.016310 0.036232
0 0.221203 0.319746 0.014271 0.034420
0 0.932722 0.086051 0.020387 0.027174
0 0.234455 0.112319 0.016310 0.039855
0 0.804791 0.511775 0.019368 0.030797
0 0.354740 0.440217 0.024465 0.036232
0 0.958206 0.239130 0.016310 0.032609
0 0.232416 0.443841 0.024465 0.025362
0 0.298675 0.442029 0.026504 0.028986
0 0.333333 0.491848 0.020387 0.027174
0 0.442915 0.504529 0.019368 0.027174
0 0.588175 0.552536 0.022426 0.028986
0 0.601427 0.338768 0.020387 0.032609
0 0.589704 0.398551 0.017329 0.032609
0 0.511213 0.525362 0.021407 0.032609
0 0.637105 0.564312 0.018349 0.030797
0 0.621305 0.656703 0.019368 0.030797
0 0.651886 0.689312 0.019368 0.038043
0 0.754842 0.683877 0.019368 0.038043
0 0.781346 0.573370 0.019368 0.023551
0 0.794088 0.450181 0.020387 0.030797
0 0.788991 0.389493 0.022426 0.025362
0 0.758410 0.396739 0.024465 0.028986
0 0.702345 0.283514 0.020387 0.034420
0 0.667686 0.317935 0.022426 0.030797
0 0.656983 0.413949 0.023445 0.030797
0 0.694190 0.461957 0.020387 0.032609
0 0.665647 0.508152 0.022426 0.023551
0 0.803262 0.646739 0.022426 0.021739
0 0.876656 0.633152 0.016310 0.023551
0 0.895005 0.437500 0.022426 0.027174
0 0.851172 0.540761 0.022426 0.027174
0 0.827217 0.340580 0.027523 0.028986
0 0.186035 0.827899 0.021407 0.032609
0 0.962283 0.081522 0.014271 0.021739
0 0.918960 0.018116 0.017329 0.025362
0 0.827727 0.029891 0.016310 0.023551
0 0.774210 0.053442 0.015291 0.030797
0 0.117227 0.847826 0.022426 0.032609
