0 0.568614 0.474638 0.025815 0.032609
0 0.538723 0.624094 0.025815 0.030797
0 0.643342 0.385870 0.023098 0.028986
0 0.358016 0.558877 0.025815 0.030797
0 0.327446 0.510870 0.024457 0.028986
0 0.544837 0.509964 0.027174 0.030797
0 0.548234 0.410326 0.025815 0.030797
0 0.567255 0.339674 0.025815 0.030797
0 0.591033 0.519928 0.027174 0.028986
0 0.235054 0.506341 0.019022 0.023551
0 0.576766 0.582428 0.028533 0.027174
0 0.514946 0.361413 0.024457 0.030797
0 0.434783 0.588768 0.027174 0.025362
0 0.643342 0.328804 0.025815 0.027174
0 0.440897 0.519928 0.025815 0.028986
0 0.708560 0.534420 0.025815 0.028986
0 0.400136 0.568841 0.023098 0.028986
0 0.444973 0.473732 0.028533 0.030797
0 0.681386 0.482790 0.025815 0.027174
0 0.661005 0.432065 0.023098 0.027174
0 0.620924 0.432971 0.024457 0.028986
0 0.703804 0.315217 0.024457 0.025362
0 0.628397 0.485507 0.025815 0.028986
0 0.496603 0.437500 0.025815 0.030797
0 0.692255 0.408514 0.025815 0.030797
0 0.516304 0.724638 0.027174 0.032609
0 0.463995 0.403986 0.025815 0.032609
0 0.427989 0.366848 0.024457 0.030797
0 0.614130 0.634058 0.027174 0.025362
0 0.612092 0.347826 0.023098 0.028986
0 0.697011 0.697464 0.024457 0.025362
0 0.298913 0.481884 0.024457 0.025362
0 0.687500 0.605072 0.024457 0.025362
0 0.521060 0.461957 0.025815 0.028986
0 0.467391 0.640399 0.027174 0.034420
0 0.176630 0.573370 0.021739 0.030797
0 0.388587 0.488225 0.027174 0.030797
0 0.504755 0.529891 0.031250 0.030797
0 0.133832 0.635870 0.020380 0.021739
0 0.273777 0.530797 0.023098 0.021739
0 0.364130 0.463768 0.021739 0.028986
0 0.420516 0.445652 0.025815 0.028986
0 0.673913 0.560688 0.027174 0.027174
0 0.411005 0.519928 0.025815 0.028986
0 0.556386 0.660326 0.025815 0.027174
0 0.635870 0.668478 0.024457 0.025362
0 0.821332 0.176630 0.020380 0.027174
0 0.830842 0.229167 0.020380 0.023551
0 0.845788 0.502717 0.017663 0.030797
0 0.794158 0.967391 0.020380 0.028986
0 0.010190 0.660326 0.017663 0.019928
