0 0.610054 0.435688 0.032609 0.034420
0 0.601902 0.625000 0.032609 0.036232
0 0.420516 0.380435 0.031250 0.039855
0 0.521060 0.464674 0.033967 0.038043
0 0.485734 0.434783 0.028533 0.039855
0 0.545516 0.533514 0.031250 0.038043
0 0.642663 0.609601 0.029891 0.034420
0 0.343750 0.447464 0.029891 0.039855
0 0.414402 0.458333 0.032609 0.036232
0 0.493207 0.510870 0.032609 0.036232
0 0.116848 0.537138 0.029891 0.034420
0 0.362092 0.530797 0.031250 0.036232
0 0.628397 0.538043 0.028533 0.032609
0 0.581522 0.391304 0.029891 0.036232
0 0.658967 0.514493 0.032609 0.036232
0 0.388587 0.503623 0.032609 0.036232
0 0.552310 0.617754 0.028533 0.036232
0 0.772418 0.567935 0.028533 0.030797
0 0.428668 0.578804 0.031250 0.038043
0 0.629755 0.710145 0.028533 0.032609
0 0.693614 0.474638 0.028533 0.032609
0 0.697011 0.404891 0.029891 0.030797
0 0.480299 0.340580 0.028533 0.036232
0 0.515625 0.665761 0.028533 0.038043
0 0.694973 0.685688 0.028533 0.034420
0 0.684783 0.634964 0.024457 0.030797
0 0.528533 0.389493 0.032609 0.036232
0 0.741168 0.586957 0.025815 0.028986
0 0.707880 0.549819 0.029891 0.030797
0 0.495245 0.593297 0.031250 0.041667
0 0.729620 0.439312 0.024457 0.030797
0 0.044837 0.681159 0.029891 0.039855
0 0.600543 0.513587 0.027174 0.030797
0 0.799592 0.482790 0.023098 0.027174
0 0.292120 0.530797 0.035326 0.036232
0 0.442935 0.694746 0.032609 0.038043
0 0.601223 0.301630 0.031250 0.034420
0 0.763587 0.407609 0.024457 0.021739
0 0.711277 0.354167 0.025815 0.030797
0 0.657609 0.341486 0.029891 0.034420
0 0.757473 0.452899 0.023098 0.028986
0 0.733016 0.516304 0.028533 0.032609
0 0.753397 0.482790 0.023098 0.027174
0 0.748641 0.634058 0.024457 0.025362
0 0.792799 0.551630 0.020380 0.023551
0 0.123641 0.908514 0.021739 0.030797
0 0.264266 0.702899 0.031250 0.039855
0 0.779891 0.635870 0.019022 0.021739
0 0.707201 0.617754 0.025815 0.025362
0 0.211957 0.528080 0.038043 0.038043
0 0.165761 0.267210 0.035326 0.045290
0 0.026495 0.095109 0.020380 0.027174
0 0.676630 0.305254 0.027174 0.030797
0 0.744565 0.398551 0.021739 0.028986
