0 0.420489 0.442935 0.019368 0.027174
0 0.655963 0.480978 0.019368 0.027174
0 0.616718 0.552536 0.018349 0.028986
0 0.503568 0.605072 0.020387 0.032609
0 0.467380 0.548007 0.019368 0.030797
0 0.767074 0.423913 0.019368 0.028986
0 0.467380 0.431159 0.019368 0.028986
0 0.195209 0.440217 0.017329 0.025362
0 0.827727 0.349638 0.018349 0.028986
0 0.604485 0.369565 0.022426 0.032609
0 0.365443 0.465580 0.019368 0.025362
0 0.729358 0.592391 0.021407 0.028986
0 0.963812 0.129529 0.015291 0.023551
0 0.660041 0.538949 0.019368 0.030797
0 0.697757 0.314312 0.019368 0.030797
0 0.717635 0.457428 0.018349 0.027174
0 0.479613 0.478261 0.019368 0.032609
0 0.642712 0.341486 0.019368 0.027174
0 0.809888 0.426630 0.019368 0.030797
0 0.630989 0.412138 0.018349 0.027174
0 0.761468 0.315217 0.018349 0.028986
0 0.548930 0.490942 0.019368 0.025362
0 0.979103 0.202899 0.019368 0.025362
0 0.616718 0.476449 0.020387 0.032609
0 0.551988 0.651268 0.019368 0.030797
0 0.574924 0.430254 0.020387 0.030797
0 0.428644 0.498188 0.021407 0.028986
0 0.550459 0.349638 0.018349 0.032609
0 0.713558 0.370471 0.022426 0.030797
0 0.175331 0.118659 0.018349 0.030797
0 0.869521 0.570652 0.022426 0.025362
0 0.211009 0.234601 0.018349 0.030797
0 0.581549 0.517210 0.021407 0.030797
0 0.673293 0.435688 0.021407 0.034420
0 0.734964 0.513587 0.022426 0.030797
0 0.564220 0.036232 0.019368 0.032609
0 0.740061 0.019928 0.016310 0.025362
0 0.765545 0.586957 0.020387 0.028986
0 0.703874 0.525362 0.019368 0.028986
0 0.935270 0.129529 0.017329 0.023551
0 0.632518 0.614130 0.021407 0.028986
0 0.212538 0.368659 0.019368 0.034420
0 0.813965 0.589674 0.021407 0.030797
0 0.239551 0.433877 0.020387 0.030797
0 0.821101 0.523551 0.021407 0.025362
0 0.589195 0.678442 0.018349 0.030797
0 0.774210 0.500000 0.023445 0.028986
0 0.761468 0.646739 0.020387 0.025362
0 0.744139 0.421196 0.018349 0.027174
0 0.848624 0.480072 0.019368 0.025362
0 0.114169 0.821558 0.016310 0.023551
0 0.123344 0.767210 0.024465 0.027174
0 0.175841 0.841486 0.021407 0.027174
0 0.213558 0.830616 0.015291 0.027174
0 0.070336 0.460145 0.024465 0.028986
