0 0.500679 0.513587 0.031250 0.034420
0 0.353940 0.561594 0.028533 0.032609
0 0.383832 0.517210 0.028533 0.034420
0 0.930707 0.310688 0.032609 0.038043
0 0.547554 0.437500 0.029891 0.034420
0 0.582880 0.494565 0.032609 0.039855
0 0.251359 0.563406 0.027174 0.032609
0 0.312500 0.532609 0.027174 0.028986
0 0.497962 0.432065 0.031250 0.038043
0 0.666440 0.459239 0.031250 0.038043
0 0.278533 0.494565 0.024457 0.028986
0 0.881793 0.142210 0.029891 0.034420
0 0.379755 0.450181 0.031250 0.034420
0 0.146739 0.491848 0.021739 0.023551
0 0.245924 0.516304 0.024457 0.025362
0 0.440217 0.540761 0.029891 0.034420
0 0.265625 0.455616 0.023098 0.027174
0 0.302989 0.438406 0.027174 0.028986
0 0.442935 0.435688 0.029891 0.034420
0 0.245924 0.439312 0.021739 0.023551
0 0.891984 0.435688 0.031250 0.038043
0 0.213315 0.496377 0.021739 0.025362
0 0.148777 0.550725 0.023098 0.021739
0 0.542120 0.557065 0.029891 0.038043
0 0.182065 0.512681 0.021739 0.021739
0 0.193614 0.552536 0.023098 0.025362
0 0.216712 0.438406 0.020380 0.021739
0 0.758832 0.472826 0.031250 0.036232
0 0.160326 0.447464 0.021739 0.025362
0 0.223505 0.548913 0.023098 0.021739
0 0.906929 0.970109 0.020380 0.027174
0 0.809103 0.715580 0.031250 0.039855
0 0.741848 0.010870 0.027174 0.018116
0 0.138587 0.529891 0.021739 0.012681
0 0.127717 0.544384 0.016304 0.016304
0 0.123641 0.563406 0.024457 0.014493
0 0.103940 0.566123 0.014946 0.016304
0 0.099185 0.534420 0.016304 0.014493
0 0.112772 0.516304 0.019022 0.018116
0 0.099185 0.509964 0.016304 0.012681
0 0.080163 0.536232 0.016304 0.010870
0 0.068614 0.489130 0.014946 0.018116
0 0.095788 0.485507 0.020380 0.010870
0 0.129076 0.479167 0.016304 0.012681
0 0.130435 0.459239 0.019022 0.016304
0 0.147418 0.451087 0.017663 0.018116
0 0.184783 0.425725 0.021739 0.018116
0 0.199049 0.465580 0.020380 0.021739
0 0.173234 0.476449 0.025815 0.010870
0 0.127717 0.424819 0.021739 0.023551
0 0.108016 0.432971 0.017663 0.014493
0 0.097826 0.441123 0.013587 0.016304
0 0.114130 0.461051 0.019022 0.016304
0 0.087636 0.468297 0.014946 0.012681
0 0.071332 0.445652 0.012228 0.014493
0 0.082880 0.422101 0.019022 0.010870
0 0.107337 0.392210 0.019022 0.016304
0 0.102582 0.375000 0.017663 0.014493
0 0.112092 0.347826 0.017663 0.018116
0 0.112772 0.302536 0.021739 0.018116
