0 0.494903 0.446558 0.017329 0.019928
0 0.506116 0.519022 0.015291 0.023551
0 0.551478 0.528080 0.016310 0.019928
0 0.620795 0.449275 0.014271 0.021739
0 0.502039 0.351449 0.015291 0.021739
0 0.440367 0.354167 0.018349 0.019928
0 0.536697 0.439312 0.015291 0.019928
0 0.391437 0.519928 0.018349 0.025362
0 0.790520 0.639493 0.023445 0.032609
0 0.586137 0.380435 0.012232 0.018116
0 0.310907 0.490036 0.014271 0.027174
0 0.596330 0.542572 0.016310 0.023551
0 0.665138 0.497283 0.015291 0.023551
0 0.504587 0.707428 0.016310 0.023551
0 0.876147 0.200181 0.007136 0.023551
0 0.904689 0.587862 0.009174 0.019928
0 0.664628 0.674819 0.012232 0.023551
0 0.658002 0.797101 0.009174 0.025362
0 0.645260 0.901268 0.014271 0.027174
0 0.636595 0.980072 0.009174 0.021739
0 0.533639 0.987319 0.013252 0.025362
0 0.691641 0.482790 0.011213 0.023551
0 0.372579 0.350543 0.015291 0.027174
0 0.424057 0.468297 0.022426 0.023551
