0 0.820591 0.431159 0.012232 0.021739
0 0.722222 0.511775 0.013252 0.019928
0 0.832824 0.508152 0.014271 0.019928
0 0.852192 0.516304 0.012232 0.021739
0 0.778287 0.555254 0.009174 0.019928
0 0.780326 0.510870 0.013252 0.018116
0 0.901631 0.414855 0.013252 0.021739
0 0.666157 0.474638 0.013252 0.021739
0 0.841488 0.451087 0.015291 0.021739
0 0.872579 0.448370 0.014271 0.019928
0 0.893986 0.472826 0.014271 0.018116
0 0.796126 0.392210 0.014271 0.019928
0 0.747706 0.513587 0.015291 0.019928
0 0.863914 0.482790 0.013252 0.019928
0 0.797655 0.522645 0.013252 0.016304
0 0.864934 0.557971 0.009174 0.014493
0 0.889399 0.523551 0.009174 0.014493
0 0.875127 0.490036 0.009174 0.012681
0 0.903160 0.473732 0.010194 0.012681
0 0.913863 0.498188 0.009174 0.014493
0 0.932212 0.509058 0.009174 0.014493
0 0.928644 0.493659 0.008155 0.016304
0 0.925076 0.477355 0.009174 0.016304
0 0.932212 0.468297 0.007136 0.012681
0 0.914883 0.442935 0.009174 0.016304
0 0.929664 0.441123 0.008155 0.016304
0 0.939857 0.435688 0.006116 0.012681
0 0.944444 0.423007 0.005097 0.016304
0 0.951580 0.426630 0.009174 0.012681
0 0.957187 0.448370 0.008155 0.012681
0 0.950051 0.464674 0.012232 0.019928
0 0.949541 0.490036 0.009174 0.016304
0 0.956677 0.507246 0.009174 0.018116
0 0.946483 0.511775 0.009174 0.012681
0 0.955148 0.531703 0.008155 0.016304
0 0.959225 0.572464 0.010194 0.014493
0 0.957187 0.609601 0.008155 0.019928
0 0.991845 0.571558 0.010194 0.012681
0 0.910296 0.619565 0.010194 0.014493
0 0.937309 0.720109 0.009174 0.016304
0 0.934760 0.409420 0.010194 0.014493
0 0.912334 0.406703 0.010194 0.012681
0 0.928644 0.388587 0.010194 0.016304
0 0.932212 0.368659 0.007136 0.012681
0 0.909276 0.342391 0.008155 0.014493
0 0.890928 0.367754 0.010194 0.014493
0 0.864424 0.343297 0.010194 0.019928
0 0.843527 0.343297 0.011213 0.019928
0 0.820591 0.329710 0.010194 0.014493
0 0.828236 0.375906 0.011213 0.019928
0 0.837920 0.420290 0.010194 0.014493
0 0.859327 0.398551 0.012232 0.014493
0 0.732926 0.436594 0.010194 0.021739
0 0.675331 0.400362 0.011213 0.018116
0 0.055556 0.318841 0.007136 0.010870
0 0.044852 0.317935 0.008155 0.012681
0 0.056065 0.369565 0.006116 0.010870
0 0.041284 0.378623 0.005097 0.010870
0 0.061162 0.412138 0.008155 0.009058
0 0.074414 0.447464 0.006116 0.007246
0 0.077982 0.484601 0.007136 0.012681
0 0.047401 0.436594 0.007136 0.010870
0 0.059123 0.444746 0.008155 0.009058
0 0.041284 0.451993 0.009174 0.009058
0 0.033129 0.480978 0.007136 0.009058
