0 0.810907 0.531703 0.015291 0.019928
0 0.798675 0.465580 0.015291 0.021739
0 0.785933 0.427536 0.014271 0.018116
0 0.696738 0.439312 0.013252 0.019928
0 0.831804 0.405797 0.014271 0.021739
0 0.614679 0.442935 0.012232 0.019928
0 0.942406 0.537138 0.011213 0.016304
0 0.853211 0.497283 0.014271 0.019928
0 0.744648 0.503623 0.015291 0.021739
0 0.896534 0.445652 0.013252 0.014493
0 0.778797 0.501812 0.016310 0.021739
0 0.709480 0.528986 0.018349 0.021739
0 0.831804 0.486413 0.014271 0.019928
0 0.950561 0.440217 0.013252 0.018116
0 0.781346 0.373188 0.013252 0.018116
0 0.752294 0.369565 0.014271 0.021739
0 0.931702 0.512681 0.012232 0.014493
0 0.844546 0.442935 0.015291 0.019928
0 0.833843 0.353261 0.014271 0.018116
0 0.900102 0.496377 0.008155 0.018116
0 0.907238 0.661232 0.010194 0.018116
0 0.954128 0.724638 0.008155 0.010870
0 0.991335 0.567029 0.009174 0.010870
0 0.959735 0.544384 0.009174 0.012681
0 0.951580 0.528986 0.007136 0.014493
0 0.958716 0.519022 0.007136 0.012681
0 0.968400 0.513587 0.008155 0.016304
0 0.976555 0.511775 0.006116 0.012681
0 0.971458 0.498188 0.006116 0.010870
0 0.964322 0.490942 0.006116 0.014493
0 0.968400 0.485507 0.006116 0.014493
0 0.958206 0.495471 0.006116 0.016304
0 0.950561 0.509964 0.007136 0.016304
0 0.939348 0.511775 0.007136 0.012681
0 0.927625 0.528080 0.008155 0.016304
0 0.912844 0.530797 0.009174 0.014493
0 0.909786 0.496377 0.011213 0.018116
0 0.912334 0.476449 0.008155 0.014493
0 0.925076 0.483696 0.009174 0.014493
0 0.932212 0.477355 0.009174 0.012681
0 0.934251 0.487319 0.007136 0.010870
0 0.942406 0.487319 0.009174 0.010870
0 0.953619 0.480072 0.007136 0.014493
0 0.944954 0.470109 0.006116 0.009058
0 0.948522 0.457428 0.007136 0.016304
0 0.956167 0.461051 0.006116 0.012681
0 0.959735 0.450181 0.007136 0.012681
0 0.969929 0.434783 0.009174 0.014493
0 0.961264 0.413043 0.004077 0.010870
0 0.953619 0.420290 0.007136 0.014493
0 0.943425 0.413043 0.009174 0.014493
0 0.942915 0.423007 0.006116 0.009058
0 0.931193 0.429348 0.007136 0.014493
0 0.933231 0.446558 0.007136 0.019928
0 0.925076 0.459239 0.005097 0.016304
0 0.907238 0.439312 0.010194 0.012681
0 0.894495 0.461051 0.011213 0.019928
0 0.918451 0.410326 0.008155 0.016304
0 0.924057 0.413043 0.007136 0.014493
0 0.931193 0.404891 0.007136 0.012681
0 0.936290 0.380435 0.009174 0.014493
0 0.949541 0.395833 0.007136 0.016304
0 0.957696 0.389493 0.005097 0.010870
0 0.963812 0.393116 0.007136 0.010870
0 0.954128 0.360507 0.008155 0.014493
0 0.945973 0.370471 0.008155 0.016304
0 0.946483 0.340580 0.007136 0.010870
0 0.924057 0.363225 0.007136 0.012681
0 0.920489 0.351449 0.008155 0.014493
0 0.911825 0.368659 0.009174 0.012681
0 0.907747 0.405797 0.009174 0.018116
0 0.896534 0.400362 0.009174 0.018116
0 0.885321 0.407609 0.009174 0.014493
0 0.873089 0.418478 0.011213 0.014493
0 0.876656 0.445652 0.010194 0.018116
0 0.870031 0.480072 0.011213 0.018116
0 0.882263 0.543478 0.009174 0.018116
0 0.856269 0.544384 0.010194 0.019928
0 0.838430 0.521739 0.009174 0.018116
0 0.885831 0.367754 0.008155 0.018116
0 0.898063 0.360507 0.006116 0.021739
0 0.905199 0.338768 0.008155 0.010870
0 0.878186 0.364130 0.011213 0.018116
0 0.862385 0.379529 0.010194 0.019928
0 0.861876 0.434783 0.011213 0.021739
0 0.849643 0.428442 0.009174 0.016304
0 0.851682 0.338768 0.009174 0.018116
0 0.819062 0.326087 0.011213 0.021739
0 0.804791 0.323370 0.009174 0.016304
0 0.781855 0.327899 0.012232 0.018116
0 0.809378 0.413949 0.010194 0.023551
0 0.810907 0.465580 0.009174 0.021739
0 0.824159 0.575181 0.011213 0.016304
0 0.761978 0.558877 0.013252 0.016304
0 0.737513 0.566123 0.011213 0.019928
0 0.678389 0.478261 0.011213 0.021739
0 0.624363 0.511775 0.015291 0.023551
