0 0.824159 0.682971 0.013252 0.018116
0 0.743119 0.986413 0.012232 0.019928
0 0.787462 0.979167 0.011213 0.016304
0 0.748726 0.927536 0.011213 0.021739
0 0.779817 0.909420 0.010194 0.021739
0 0.802243 0.923913 0.012232 0.021739
0 0.820082 0.887681 0.011213 0.018116
0 0.753313 0.872283 0.012232 0.019928
0 0.779817 0.817029 0.012232 0.021739
0 0.814985 0.803442 0.011213 0.023551
0 0.830275 0.828804 0.011213 0.016304
0 0.787462 0.743659 0.011213 0.019928
0 0.860856 0.794384 0.011213 0.019928
0 0.838430 0.718297 0.013252 0.023551
0 0.871050 0.723732 0.011213 0.016304
0 0.885831 0.634058 0.012232 0.021739
0 0.881244 0.572464 0.009174 0.021739
0 0.906218 0.487319 0.016310 0.018116
0 0.779307 0.284420 0.013252 0.021739
0 0.768603 0.019022 0.014271 0.019928
0 0.753823 0.773551 0.017329 0.021739
