0 0.421055 0.636031 0.0327667 0.0392446
0 0.514054 0.480246 0.0353744 0.0394047
0 0.573076 0.548261 0.0341502 0.0360792
0 0.292839 0.483393 0.0326764 0.0394094
0 0.425039 0.48418 0.0364767 0.0395759
0 0.332119 0.440944 0.0315712 0.0375433
0 0.347966 0.494539 0.0339697 0.037621
0 0.132889 0.527928 0.0327279 0.0384324
0 0.0698065 0.533139 0.0320182 0.0417455
0 0.429123 0.560253 0.0331637 0.0361244
0 0.370491 0.555017 0.0359083 0.0405396
0 0.322445 0.550705 0.0352722 0.0382202
0 0.423066 0.350348 0.0274495 0.0400107
0 0.42925 0.410201 0.0322063 0.037561
0 0.0322016 0.613169 0.0310194 0.039296
0 0.370821 0.431261 0.035018 0.03938
0 0.227848 0.507601 0.0338597 0.0354339
0 0.268701 0.550003 0.0296147 0.0355611
0 0.309229 0.364392 0.0339235 0.0451554
0 0.477811 0.671808 0.0302729 0.0389009
0 0.478257 0.590237 0.0328107 0.037885
0 0.841274 0.862691 0.0312069 0.0355988
0 0.110825 0.932627 0.0282809 0.0320828
0 0.359962 0.683245 0.0292143 0.0355486
0 0.358378 0.388681 0.0289485 0.0377695
0 0.32957 0.611069 0.0332852 0.0412771
0 0.158779 0.0370959 0.0245472 0.0289251
0 0.125826 0.164243 0.025037 0.0294646
0 0.0607478 0.772075 0.0326925 0.0404808
0 0.256228 0.968794 0.0286086 0.0282449
0 0.041378 0.954732 0.0251556 0.031826
0 0.976536 0.125128 0.019298 0.0226465
0 0.336338 0.963376 0.0171604 0.0242202
0 0.244654 0.706119 0.030882 0.0375032
0 0.804816 0.662564 0.0141525 0.0196252
0 0.0813221 0.169808 0.0216239 0.024209
