0 0.544852 0.404891 0.017329 0.023551
0 0.486748 0.371377 0.017329 0.025362
0 0.330275 0.404891 0.016310 0.023551
0 0.578491 0.419384 0.015291 0.023551
0 0.316514 0.490942 0.017329 0.021739
0 0.516820 0.428442 0.016310 0.023551
0 0.410805 0.424819 0.016310 0.023551
0 0.511723 0.488225 0.016310 0.023551
0 0.585117 0.597826 0.016310 0.021739
0 0.456167 0.365036 0.015291 0.023551
0 0.196228 0.528080 0.015291 0.019928
0 0.645770 0.439312 0.015291 0.023551
0 0.568298 0.342391 0.013252 0.021739
0 0.083078 0.559783 0.013252 0.018116
0 0.432722 0.564312 0.017329 0.023551
0 0.186035 0.485507 0.015291 0.018116
0 0.550459 0.482790 0.016310 0.023551
0 0.238022 0.436594 0.017329 0.025362
0 0.376147 0.442935 0.014271 0.023551
0 0.544343 0.296196 0.014271 0.023551
0 0.610092 0.448370 0.015291 0.019928
0 0.162080 0.422101 0.014271 0.021739
0 0.333333 0.560688 0.016310 0.023551
0 0.380224 0.538949 0.014271 0.023551
0 0.653925 0.498188 0.015291 0.025362
0 0.476045 0.450181 0.016310 0.023551
0 0.392457 0.337862 0.018349 0.019928
0 0.580020 0.530797 0.018349 0.021739
0 0.632008 0.522645 0.014271 0.023551
0 0.676860 0.583333 0.014271 0.025362
0 0.606014 0.506341 0.013252 0.023551
0 0.450051 0.482790 0.019368 0.027174
0 0.420999 0.495471 0.018349 0.019928
0 0.283384 0.495471 0.016310 0.023551
0 0.481142 0.302536 0.012232 0.021739
0 0.047910 0.470109 0.014271 0.016304
0 0.113660 0.505435 0.013252 0.021739
0 0.801733 0.640399 0.015291 0.019928
0 0.358818 0.476449 0.018349 0.025362
0 0.323140 0.352355 0.018349 0.019928
0 0.704383 0.429348 0.016310 0.025362
0 0.670234 0.665761 0.011213 0.019928
0 0.685525 0.546196 0.013252 0.023551
0 0.700306 0.488225 0.010194 0.023551
0 0.661570 0.362319 0.014271 0.021739
0 0.621814 0.344203 0.014271 0.021739
0 0.528542 0.568841 0.013252 0.021739
0 0.478593 0.715580 0.013252 0.032609
0 0.525484 0.319746 0.015291 0.027174
0 0.449541 0.309783 0.014271 0.021739
0 0.364424 0.337862 0.011213 0.023551
0 0.290520 0.343297 0.014271 0.027174
0 0.283384 0.413949 0.012232 0.019928
0 0.251274 0.373188 0.013252 0.018116
0 0.217125 0.331522 0.012232 0.028986
0 0.219674 0.416667 0.015291 0.021739
0 0.236493 0.484601 0.014271 0.023551
0 0.223751 0.545290 0.013252 0.021739
0 0.195209 0.443841 0.013252 0.021739
0 0.182467 0.369565 0.014271 0.014493
0 0.167176 0.477355 0.014271 0.019928
0 0.143731 0.500000 0.014271 0.018116
0 0.166157 0.532609 0.010194 0.018116
0 0.138124 0.579710 0.015291 0.018116
0 0.101427 0.533514 0.011213 0.016304
0 0.097350 0.490942 0.013252 0.021739
0 0.102956 0.434783 0.010194 0.021739
0 0.104995 0.403986 0.014271 0.018116
0 0.120285 0.385870 0.014271 0.021739
0 0.146279 0.388587 0.015291 0.023551
0 0.153925 0.334239 0.016310 0.016304
0 0.134557 0.309783 0.014271 0.018116
0 0.093272 0.344203 0.013252 0.018116
0 0.071356 0.358696 0.012232 0.018116
0 0.081549 0.418478 0.016310 0.018116
0 0.073904 0.496377 0.013252 0.014493
0 0.066769 0.544384 0.013252 0.016304
0 0.053517 0.524457 0.011213 0.012681
0 0.037207 0.510870 0.009174 0.018116
0 0.021916 0.528080 0.009174 0.016304
0 0.023445 0.468297 0.010194 0.012681
0 0.018858 0.428442 0.015291 0.027174
0 0.032110 0.402174 0.009174 0.014493
0 0.041794 0.403080 0.014271 0.019928
0 0.011723 0.384058 0.011213 0.014493
0 0.908257 0.420290 0.010194 0.018116
0 0.876656 0.199275 0.012232 0.014493
0 0.879715 0.238225 0.008155 0.016304
