0 0.42491 0.600216 0.0327301 0.0363888
0 0.530735 0.571735 0.0320586 0.0378977
0 0.44045 0.467828 0.0340699 0.0389182
0 0.345749 0.647528 0.0316772 0.0354187
0 0.396226 0.652885 0.0303586 0.0397204
0 0.289215 0.513677 0.0341215 0.0369173
0 0.404684 0.5444 0.0339344 0.0395434
0 0.0773577 0.847496 0.0279273 0.0329109
0 0.351293 0.533402 0.0378311 0.0424642
0 0.101892 0.582735 0.0257998 0.0371672
0 0.50223 0.461484 0.0328346 0.0413297
0 0.067917 0.684911 0.0302972 0.0401998
0 0.169472 0.510075 0.0355511 0.0390644
0 0.325976 0.41054 0.0344429 0.0422387
0 0.841542 0.862911 0.0305563 0.0360468
0 0.482034 0.625628 0.0312699 0.0408431
0 0.418955 0.357809 0.0296567 0.0374985
0 0.380322 0.400868 0.0304259 0.0372839
0 0.158911 0.0370248 0.0242896 0.0287253
0 0.455059 0.541708 0.0333908 0.0369775
0 0.296301 0.573955 0.0378987 0.0395277
0 0.369604 0.447069 0.0321759 0.0399935
0 0.243371 0.532796 0.0350263 0.0372047
0 0.125693 0.164361 0.0250422 0.029252
0 0.255794 0.968838 0.0289799 0.0281525
0 0.336567 0.963533 0.017445 0.023999
0 0.97657 0.125104 0.0193825 0.0227344
0 0.199417 0.988332 0.026166 0.0233353
0 0.243871 0.706266 0.0299395 0.0366364
0 0.804872 0.662755 0.0141625 0.0197525
0 0.0812161 0.169977 0.0218457 0.0243247
