0 0.540265 0.957428 0.022426 0.038043
0 0.247197 0.156703 0.023445 0.030797
0 0.541284 0.798007 0.022426 0.034420
0 0.953109 0.800725 0.024465 0.039855
0 0.018858 0.113225 0.021407 0.030797
0 0.717635 0.596920 0.026504 0.034420
0 0.643221 0.478261 0.024465 0.036232
0 0.713558 0.688406 0.022426 0.036232
0 0.196738 0.333333 0.024465 0.036232
0 0.871050 0.441123 0.025484 0.038043
0 0.556575 0.615036 0.024465 0.034420
0 0.644750 0.955616 0.023445 0.038043
0 0.497452 0.262681 0.024465 0.036232
0 0.509684 0.840580 0.022426 0.032609
0 0.348624 0.934783 0.024465 0.036232
0 0.595311 0.456522 0.024465 0.039855
0 0.278797 0.230978 0.019368 0.030797
0 0.269623 0.355072 0.023445 0.036232
0 0.675841 0.493659 0.024465 0.034420
0 0.595821 0.557971 0.023445 0.036232
0 0.764016 0.274457 0.025484 0.034420
0 0.608563 0.805254 0.024465 0.034420
0 0.189093 0.227355 0.023445 0.034420
0 0.547910 0.450181 0.023445 0.038043
0 0.317023 0.960145 0.024465 0.036232
0 0.682467 0.441123 0.021407 0.030797
0 0.586646 0.980978 0.025484 0.034420
0 0.474516 0.566123 0.023445 0.034420
0 0.248216 0.648551 0.021407 0.036232
0 0.960245 0.377717 0.026504 0.034420
0 0.670744 0.876812 0.024465 0.036232
0 0.872579 0.223732 0.026504 0.034420
0 0.099388 0.740942 0.025484 0.032609
0 0.492864 0.431159 0.025484 0.032609
0 0.759939 0.763587 0.021407 0.030797
0 0.822120 0.730072 0.025484 0.036232
0 0.979613 0.712862 0.022426 0.030797
0 0.353211 0.206522 0.025484 0.039855
0 0.821101 0.838768 0.023445 0.032609
0 0.457187 0.307971 0.025484 0.039855
0 0.354740 0.256341 0.028542 0.041667
0 0.603466 0.697464 0.026504 0.032609
0 0.556575 0.322464 0.024465 0.032609
0 0.173802 0.562500 0.025484 0.038043
0 0.859837 0.345109 0.025484 0.034420
0 0.566769 0.855072 0.022426 0.032609
0 0.619776 0.867754 0.024465 0.036232
0 0.220183 0.569746 0.024465 0.034420
0 0.717635 0.493659 0.024465 0.038043
0 0.268094 0.855978 0.024465 0.034420
0 0.306830 0.159420 0.026504 0.036232
0 0.467380 0.844203 0.021407 0.028986
0 0.307339 0.575181 0.027523 0.038043
0 0.940877 0.462862 0.026504 0.041667
0 0.679409 0.378623 0.021407 0.032609
0 0.263507 0.432065 0.025484 0.034420
0 0.864424 0.878623 0.024465 0.036232
0 0.201325 0.713768 0.025484 0.032609
0 0.474006 0.959239 0.024465 0.038043
0 0.768603 0.519928 0.026504 0.036232
0 0.793068 0.465580 0.026504 0.039855
0 0.643731 0.359601 0.023445 0.034420
0 0.339959 0.699275 0.025484 0.036232
0 0.928644 0.307971 0.026504 0.036232
0 0.916412 0.855072 0.024465 0.036232
0 0.214067 0.403986 0.026504 0.036232
0 0.952090 0.204710 0.022426 0.032609
0 0.727319 0.384964 0.023445 0.034420
0 0.191641 0.115036 0.022426 0.030797
0 0.976555 0.565217 0.024465 0.032609
0 0.399592 0.300725 0.020387 0.036232
0 0.557594 0.236413 0.024465 0.034420
0 0.970948 0.168478 0.025484 0.036232
0 0.207441 0.923007 0.027523 0.038043
0 0.803262 0.366848 0.024465 0.034420
0 0.229358 0.772645 0.022426 0.034420
0 0.827217 0.489130 0.023445 0.039855
0 0.669215 0.144022 0.023445 0.034420
0 0.814985 0.304348 0.023445 0.032609
0 0.805301 0.903080 0.024465 0.034420
0 0.594292 0.938406 0.024465 0.032609
0 0.774210 0.660326 0.025484 0.041667
0 0.966361 0.631341 0.026504 0.038043
0 0.971458 0.302536 0.024465 0.036232
0 0.859327 0.519928 0.024465 0.032609
0 0.818043 0.550725 0.027523 0.036232
0 0.911315 0.212862 0.024465 0.034420
0 0.351172 0.477355 0.025484 0.034420
0 0.425076 0.564312 0.024465 0.030797
0 0.587156 0.394022 0.024465 0.038043
0 0.325178 0.882246 0.022426 0.036232
0 0.329256 0.762681 0.022426 0.032609
0 0.542813 0.678442 0.025484 0.034420
0 0.531600 0.519928 0.029562 0.036232
0 0.520387 0.190217 0.025484 0.036232
0 0.213558 0.143116 0.025484 0.032609
0 0.752294 0.968297 0.024465 0.038043
0 0.413354 0.940217 0.021407 0.032609
0 0.914373 0.707428 0.026504 0.038043
0 0.859327 0.279891 0.024465 0.034420
0 0.641692 0.405797 0.025484 0.036232
0 0.209480 0.285326 0.023445 0.034420
0 0.703874 0.272645 0.023445 0.034420
0 0.890928 0.760870 0.022426 0.032609
0 0.418960 0.190217 0.024465 0.039855
0 0.267074 0.596920 0.024465 0.038043
0 0.771662 0.852355 0.022426 0.030797
0 0.655963 0.753623 0.027523 0.039855
0 0.474516 0.352355 0.023445 0.034420
0 0.831295 0.661232 0.023445 0.032609
0 0.242610 0.472826 0.026504 0.036232
0 0.879205 0.606884 0.025484 0.036232
0 0.635066 0.623188 0.024465 0.036232
0 0.456677 0.464674 0.024465 0.038043
0 0.360347 0.990036 0.023445 0.019928
0 0.912844 0.936594 0.031600 0.050725
0 0.971458 0.926630 0.028542 0.038043
0 0.315494 0.370471 0.023445 0.034420
0 0.373089 0.606884 0.024465 0.032609
0 0.048930 0.563406 0.024465 0.032609
0 0.582569 0.205616 0.023445 0.038043
0 0.435780 0.388587 0.025484 0.034420
0 0.660041 0.548007 0.023445 0.038043
0 0.487768 0.693841 0.021407 0.050725
0 0.299185 0.495471 0.021407 0.034420
0 0.140673 0.236413 0.024465 0.038043
0 0.902141 0.293478 0.024465 0.036232
0 0.309888 0.279891 0.030581 0.038043
0 0.596840 0.277174 0.021407 0.028986
0 0.850153 0.766304 0.024465 0.036232
0 0.371560 0.418478 0.025484 0.036232
0 0.781855 0.200181 0.026504 0.038043
0 0.266055 0.786232 0.022426 0.032609
0 0.062691 0.721920 0.023445 0.030797
0 0.156473 0.360507 0.021407 0.028986
0 0.079511 0.129529 0.026504 0.038043
0 0.121305 0.209239 0.020387 0.030797
0 0.718145 0.805254 0.023445 0.038043
0 0.833843 0.184783 0.024465 0.036232
0 0.757900 0.378623 0.025484 0.036232
0 0.401121 0.472826 0.023445 0.039855
0 0.632518 0.263587 0.021407 0.030797
0 0.397044 0.776268 0.023445 0.034420
0 0.989806 0.826993 0.020387 0.034420
0 0.289501 0.714674 0.020387 0.027174
0 0.026504 0.254529 0.024465 0.030797
0 0.696228 0.924819 0.024465 0.034420
0 0.098369 0.649457 0.023445 0.038043
0 0.154434 0.497283 0.019368 0.030797
0 0.011213 0.953804 0.020387 0.030797
0 0.438838 0.904891 0.025484 0.038043
0 0.679918 0.209239 0.022426 0.030797
0 0.422018 0.661232 0.024465 0.039855
0 0.468909 0.167572 0.026504 0.038043
0 0.757390 0.582428 0.026504 0.038043
0 0.036188 0.441123 0.023445 0.034420
0 0.036188 0.358696 0.023445 0.032609
0 0.647299 0.248188 0.018349 0.025362
0 0.915392 0.370471 0.022426 0.034420
0 0.027523 0.206522 0.028542 0.032609
0 0.094292 0.480072 0.031600 0.032609
0 0.243629 0.991848 0.022426 0.016304
0 0.519368 0.990942 0.021407 0.018116
0 0.826198 0.944746 0.017329 0.052536
0 0.857798 0.963768 0.023445 0.039855
0 0.558104 0.174819 0.021407 0.034420
0 0.413354 0.149457 0.021407 0.038043
0 0.200815 0.483696 0.026504 0.043478
0 0.182977 0.416667 0.023445 0.036232
0 0.432722 0.789855 0.025484 0.043478
0 0.731397 0.880435 0.021407 0.054348
