0 0.505097 0.484601 0.023445 0.027174
0 0.557085 0.438406 0.023445 0.032609
0 0.881753 0.540761 0.018349 0.034420
0 0.925076 0.620471 0.019368 0.034420
0 0.324669 0.061594 0.062181 0.086957
0 0.942406 0.572464 0.021407 0.025362
0 0.986239 0.728261 0.017329 0.028986
0 0.477064 0.423007 0.022426 0.041667
0 0.627421 0.563406 0.023445 0.032609
0 0.429664 0.450181 0.021407 0.030797
0 0.795107 0.333333 0.024465 0.032609
0 0.838940 0.692935 0.022426 0.027174
0 0.979613 0.335145 0.020387 0.021739
0 0.982161 0.403986 0.021407 0.028986
0 0.989297 0.461957 0.017329 0.021739
0 0.972987 0.517210 0.013252 0.027174
0 0.959225 0.514493 0.010194 0.028986
0 0.969419 0.566123 0.020387 0.023551
0 0.968400 0.628623 0.024465 0.025362
0 0.960245 0.675725 0.024465 0.028986
0 0.942406 0.701993 0.019368 0.027174
0 0.908767 0.696558 0.019368 0.019928
0 0.895515 0.655797 0.021407 0.025362
0 0.873089 0.627717 0.019368 0.027174
0 0.917941 0.510870 0.023445 0.025362
0 0.926096 0.470109 0.019368 0.027174
0 0.899083 0.426630 0.018349 0.027174
0 0.940877 0.369565 0.018349 0.025362
0 0.887870 0.360507 0.020387 0.025362
0 0.856269 0.413043 0.020387 0.028986
0 0.875127 0.473732 0.021407 0.027174
0 0.837411 0.598732 0.021407 0.027174
0 0.805301 0.667572 0.016310 0.027174
0 0.762997 0.632246 0.023445 0.028986
0 0.791539 0.566123 0.023445 0.027174
0 0.777268 0.493659 0.021407 0.023551
0 0.809378 0.433877 0.018349 0.023551
0 0.725280 0.426630 0.025484 0.027174
0 0.697757 0.363225 0.021407 0.030797
0 0.717635 0.532609 0.022426 0.028986
0 0.722732 0.604167 0.020387 0.030797
0 0.679918 0.606884 0.020387 0.028986
0 0.665647 0.506341 0.020387 0.030797
0 0.641182 0.428442 0.020387 0.030797
0 0.593782 0.516304 0.017329 0.025362
0 0.553517 0.589674 0.020387 0.038043
0 0.450051 0.528986 0.023445 0.021739
0 0.374618 0.442029 0.021407 0.025362
0 0.309378 0.501812 0.025484 0.032609
0 0.271152 0.442029 0.024465 0.025362
0 0.214067 0.462862 0.026504 0.027174
0 0.104995 0.762681 0.016310 0.025362
0 0.112640 0.816123 0.019368 0.027174
0 0.147299 0.802536 0.019368 0.018116
0 0.201835 0.872283 0.018349 0.023551
