0 0.560652 0.421196 0.016310 0.019928
0 0.531091 0.399457 0.014271 0.019928
0 0.317023 0.217391 0.016310 0.018116
0 0.454128 0.285326 0.015291 0.019928
0 0.554536 0.136775 0.016310 0.019928
0 0.515800 0.307971 0.012232 0.018116
0 0.491335 0.169384 0.012232 0.019928
0 0.403160 0.488225 0.017329 0.023551
0 0.576962 0.162138 0.016310 0.023551
0 0.459225 0.109601 0.013252 0.016304
0 0.466361 0.161232 0.013252 0.018116
0 0.531600 0.250906 0.013252 0.019928
0 0.442915 0.175725 0.015291 0.018116
0 0.665647 0.230978 0.016310 0.023551
0 0.515291 0.146739 0.013252 0.018116
0 0.464322 0.236413 0.013252 0.023551
0 0.570336 0.115036 0.015291 0.019928
0 0.576453 0.196558 0.013252 0.023551
0 0.597859 0.250000 0.015291 0.018116
0 0.436799 0.459239 0.015291 0.023551
0 0.335882 0.194746 0.015291 0.019928
0 0.436799 0.507246 0.017329 0.021739
0 0.431193 0.148551 0.014271 0.018116
0 0.463303 0.326087 0.013252 0.021739
0 0.553517 0.172101 0.016310 0.021739
0 0.535678 0.177536 0.013252 0.018116
0 0.505607 0.100543 0.014271 0.023551
0 0.610601 0.427536 0.018349 0.021739
0 0.437309 0.107790 0.014271 0.019928
0 0.477064 0.105978 0.012232 0.019928
0 0.339959 0.246377 0.015291 0.021739
0 0.234964 0.850543 0.019368 0.030797
0 0.568807 0.240036 0.016310 0.019928
0 0.621814 0.444746 0.018349 0.019928
0 0.360347 0.512681 0.017329 0.018116
0 0.393986 0.619565 0.015291 0.018116
0 0.641182 0.231884 0.016310 0.021739
0 0.466871 0.372283 0.014271 0.019928
0 0.393476 0.403080 0.016310 0.019928
0 0.597859 0.496377 0.015291 0.021739
0 0.603466 0.187500 0.014271 0.023551
0 0.546891 0.258152 0.015291 0.019928
0 0.390418 0.247283 0.014271 0.016304
0 0.570336 0.524457 0.013252 0.019928
0 0.360347 0.412138 0.017329 0.023551
0 0.683486 0.226449 0.015291 0.018116
0 0.338940 0.502717 0.017329 0.023551
0 0.531091 0.097826 0.012232 0.021739
0 0.513252 0.194746 0.013252 0.019928
0 0.382773 0.408514 0.015291 0.023551
0 0.538226 0.327899 0.014271 0.018116
0 0.390418 0.191123 0.016310 0.019928
0 0.544852 0.479167 0.015291 0.023551
0 0.703874 0.218297 0.015291 0.019928
0 0.364934 0.214674 0.014271 0.019928
0 0.390418 0.512681 0.014271 0.025362
0 0.352192 0.241848 0.015291 0.023551
0 0.440877 0.230978 0.015291 0.019928
0 0.672273 0.263587 0.013252 0.023551
0 0.703364 0.257246 0.016310 0.018116
0 0.640163 0.192029 0.012232 0.021739
0 0.548420 0.294384 0.012232 0.023551
0 0.503568 0.234601 0.012232 0.027174
0 0.476045 0.211051 0.014271 0.019928
0 0.482671 0.306159 0.013252 0.025362
0 0.496432 0.360507 0.012232 0.025362
0 0.510703 0.401268 0.014271 0.019928
0 0.647299 0.481884 0.014271 0.021739
0 0.650866 0.594203 0.015291 0.025362
0 0.607034 0.546196 0.015291 0.019928
0 0.562181 0.580616 0.015291 0.023551
0 0.597859 0.677536 0.013252 0.021739
0 0.594292 0.768116 0.012232 0.028986
0 0.547401 0.730072 0.012232 0.028986
0 0.520897 0.666667 0.012232 0.028986
0 0.541284 0.613225 0.012232 0.030797
0 0.519368 0.778080 0.009174 0.023551
0 0.490316 0.559783 0.014271 0.025362
0 0.440877 0.658514 0.011213 0.019928
0 0.393986 0.687500 0.011213 0.023551
0 0.372069 0.674819 0.010194 0.016304
0 0.371560 0.568841 0.013252 0.025362
0 0.352192 0.631341 0.013252 0.023551
0 0.303772 0.688406 0.014271 0.018116
0 0.340979 0.718297 0.013252 0.019928
0 0.369011 0.767210 0.014271 0.019928
0 0.290010 0.702899 0.011213 0.014493
0 0.316004 0.375906 0.014271 0.019928
0 0.432722 0.394022 0.015291 0.023551
0 0.296636 0.207428 0.012232 0.019928
0 0.409276 0.240942 0.013252 0.025362
0 0.411315 0.192029 0.013252 0.021739
0 0.703364 0.415761 0.016310 0.023551
0 0.114169 0.375000 0.012232 0.014493
0 0.133028 0.181159 0.013252 0.018116
0 0.360347 0.173007 0.011213 0.023551
