0 0.116168 0.667572 0.017663 0.023551
0 0.086957 0.790761 0.019022 0.023551
0 0.093750 0.715580 0.019022 0.021739
0 0.109375 0.752717 0.020380 0.023551
0 0.090353 0.650362 0.020380 0.021739
0 0.051630 0.846920 0.021739 0.023551
0 0.065897 0.703804 0.014946 0.019928
0 0.735734 0.982790 0.025815 0.034420
0 0.328125 0.925725 0.028533 0.036232
0 0.192255 0.253623 0.023098 0.025362
0 0.813179 0.834239 0.025815 0.030797
0 0.075408 0.857790 0.017663 0.019928
0 0.838995 0.340580 0.020380 0.025362
0 0.814538 0.198370 0.023098 0.023551
0 0.771060 0.975543 0.025815 0.034420
