0 0.532110 0.489130 0.020387 0.028986
0 0.233435 0.443841 0.020387 0.028986
0 0.359327 0.465580 0.021407 0.025362
0 0.708461 0.059783 0.018349 0.028986
0 0.468400 0.460145 0.019368 0.028986
0 0.409786 0.447464 0.022426 0.028986
0 0.293578 0.482790 0.022426 0.030797
0 0.495923 0.555254 0.019368 0.027174
0 0.177880 0.462862 0.017329 0.023551
0 0.226809 0.125906 0.017329 0.030797
0 0.575433 0.467391 0.019368 0.028986
0 0.489806 0.426630 0.023445 0.034420
0 0.199286 0.103261 0.017329 0.028986
0 0.983180 0.218297 0.017329 0.027174
0 0.924057 0.124094 0.019368 0.027174
0 0.188583 0.236413 0.018349 0.030797
0 0.588685 0.545290 0.021407 0.028986
0 0.956167 0.076087 0.016310 0.021739
0 0.095821 0.061594 0.018349 0.025362
0 0.125382 0.762681 0.022426 0.025362
0 0.110601 0.823370 0.019368 0.023551
0 0.198777 0.863225 0.016310 0.027174
0 0.209990 0.801630 0.018349 0.030797
0 0.989806 0.522645 0.014271 0.034420
0 0.065240 0.476449 0.016310 0.028986
