0 0.469429 0.460145 0.031250 0.036232
0 0.657609 0.465580 0.032609 0.036232
0 0.550951 0.438406 0.033967 0.039855
0 0.468750 0.555254 0.029891 0.038043
0 0.847147 0.088768 0.031250 0.039855
0 0.317255 0.453804 0.025815 0.030797
0 0.942935 0.298007 0.029891 0.038043
0 0.885870 0.457428 0.029891 0.038043
0 0.143342 0.017210 0.023098 0.019928
0 0.623641 0.541667 0.032609 0.039855
0 0.862092 0.987319 0.020380 0.025362
0 0.953125 0.974638 0.020380 0.021739
0 0.992527 0.932971 0.014946 0.032609
0 0.400136 0.483696 0.033967 0.032609
0 0.755435 0.466486 0.024457 0.030797
0 0.815897 0.699275 0.033967 0.050725
