0 0.479103 0.442935 0.018349 0.030797
0 0.432212 0.489130 0.020387 0.025362
0 0.540265 0.506341 0.020387 0.030797
0 0.556065 0.355978 0.021407 0.030797
0 0.730887 0.343297 0.018349 0.027174
0 0.485219 0.528986 0.022426 0.028986
0 0.582569 0.559783 0.019368 0.028986
0 0.881244 0.471920 0.017329 0.023551
0 0.583078 0.665761 0.022426 0.034420
0 0.632008 0.432065 0.020387 0.027174
0 0.897044 0.430254 0.018349 0.027174
0 0.874618 0.061594 0.016310 0.025362
0 0.778287 0.567029 0.019368 0.032609
0 0.361876 0.492754 0.022426 0.028986
0 0.653925 0.479167 0.021407 0.034420
0 0.610092 0.474638 0.019368 0.028986
0 0.496942 0.386775 0.019368 0.030797
0 0.166157 0.172101 0.018349 0.032609
0 0.201325 0.441123 0.019368 0.027174
0 0.758410 0.379529 0.020387 0.027174
0 0.848114 0.425725 0.022426 0.025362
0 0.928135 0.403080 0.017329 0.023551
0 0.679409 0.639493 0.019368 0.028986
0 0.928135 0.531703 0.017329 0.027174
0 0.978593 0.429348 0.018349 0.025362
0 0.309888 0.464674 0.022426 0.027174
0 0.838940 0.336051 0.016310 0.023551
0 0.242100 0.428442 0.021407 0.030797
0 0.524465 0.430254 0.021407 0.030797
0 0.827727 0.497283 0.018349 0.027174
0 0.808359 0.474638 0.018349 0.028986
0 0.572375 0.432971 0.021407 0.028986
0 0.537717 0.591486 0.019368 0.030797
0 0.873089 0.369565 0.017329 0.025362
0 0.789501 0.360507 0.017329 0.025362
0 0.625382 0.363225 0.021407 0.034420
0 0.681957 0.542572 0.020387 0.030797
0 0.838430 0.620471 0.017329 0.027174
0 0.739042 0.626812 0.020387 0.028986
0 0.210499 0.049819 0.019368 0.030797
0 0.632008 0.613225 0.020387 0.030797
0 0.739551 0.453804 0.021407 0.027174
0 0.775739 0.445652 0.018349 0.025362
0 0.955657 0.396739 0.017329 0.021739
0 0.751784 0.681159 0.019368 0.028986
0 0.216616 0.299819 0.019368 0.030797
0 0.713558 0.407609 0.020387 0.028986
0 0.705912 0.498188 0.021407 0.025362
0 0.871050 0.670290 0.019368 0.025362
0 0.599898 0.366848 0.021407 0.034420
0 0.816514 0.565217 0.018349 0.025362
0 0.690112 0.428442 0.020387 0.030797
0 0.724261 0.565217 0.019368 0.025362
0 0.784913 0.490036 0.022426 0.030797
0 0.762997 0.615942 0.019368 0.028986
0 0.937819 0.574275 0.016310 0.025362
0 0.916412 0.617754 0.018349 0.025362
0 0.648318 0.570652 0.020387 0.032609
0 0.896024 0.536232 0.022426 0.032609
0 0.942406 0.451993 0.017329 0.023551
0 0.985729 0.550725 0.018349 0.021739
0 0.860347 0.509964 0.020387 0.023551
0 0.859837 0.565217 0.019368 0.028986
0 0.949032 0.480978 0.016310 0.023551
0 0.949541 0.060688 0.017329 0.027174
0 0.910296 0.346014 0.018349 0.025362
0 0.232416 0.168478 0.014271 0.028986
0 0.751784 0.523551 0.019368 0.028986
0 0.906728 0.653986 0.019368 0.028986
0 0.874108 0.403080 0.019368 0.023551
0 0.923547 0.490942 0.018349 0.021739
0 0.951580 0.607790 0.019368 0.027174
0 0.956677 0.536232 0.017329 0.025362
0 0.674822 0.534420 0.018349 0.028986
0 0.217125 0.845109 0.018349 0.030797
0 0.177370 0.846920 0.018349 0.027174
0 0.939857 0.650362 0.016310 0.025362
0 0.111111 0.822464 0.016310 0.021739
0 0.122324 0.772645 0.018349 0.027174
0 0.896024 0.587862 0.018349 0.030797
0 0.986748 0.613225 0.020387 0.030797
0 0.562691 0.007246 0.016310 0.010870
0 0.246687 0.056159 0.016310 0.021739
0 0.067278 0.461051 0.018349 0.027174
