0 0.483690 0.502717 0.015291 0.023551
0 0.550968 0.420290 0.015291 0.021739
0 0.496432 0.424819 0.018349 0.019928
0 0.430173 0.448370 0.016310 0.023551
0 0.427115 0.502717 0.016310 0.023551
0 0.579511 0.463768 0.015291 0.021739
0 0.638634 0.516304 0.015291 0.021739
0 0.611111 0.503623 0.015291 0.021739
0 0.537717 0.335145 0.015291 0.025362
0 0.594801 0.547101 0.015291 0.021739
0 0.538736 0.481884 0.017329 0.025362
0 0.502039 0.538949 0.015291 0.023551
0 0.626402 0.367754 0.013252 0.025362
0 0.669215 0.487319 0.013252 0.021739
0 0.648318 0.413949 0.014271 0.023551
0 0.505097 0.706522 0.015291 0.021739
0 0.322630 0.528986 0.019368 0.021739
0 0.387360 0.350543 0.014271 0.019928
0 0.237003 0.382246 0.015291 0.021739
0 0.277778 0.521739 0.019368 0.025362
0 0.344546 0.368659 0.018349 0.023551
0 0.326198 0.454710 0.014271 0.025362
0 0.641692 0.565217 0.013252 0.021739
0 0.804281 0.643116 0.016310 0.021739
0 0.387360 0.520833 0.016310 0.023551
0 0.424057 0.331522 0.016310 0.018116
0 0.685015 0.432065 0.014271 0.027174
0 0.685015 0.531703 0.016310 0.030797
0 0.663099 0.569746 0.013252 0.027174
0 0.668705 0.629529 0.016310 0.027174
0 0.660550 0.725543 0.014271 0.030797
0 0.654434 0.813406 0.012232 0.025362
0 0.670234 0.966486 0.015291 0.027174
0 0.643221 0.953804 0.008155 0.019928
0 0.531600 0.983696 0.013252 0.021739
0 0.865953 0.807065 0.013252 0.023551
0 0.480632 0.336051 0.019368 0.023551
0 0.877676 0.201993 0.012232 0.023551
0 0.342508 0.519928 0.016310 0.025362
0 0.356269 0.452899 0.013252 0.018116
0 0.303772 0.346014 0.018349 0.025362
0 0.280326 0.437500 0.018349 0.023551
0 0.202345 0.456522 0.013252 0.021739
0 0.187564 0.382246 0.014271 0.018116
0 0.159021 0.372283 0.012232 0.019928
0 0.185015 0.504529 0.013252 0.019928
0 0.206932 0.540761 0.010194 0.023551
0 0.108053 0.474638 0.014271 0.025362
0 0.111621 0.372283 0.011213 0.019928
0 0.073904 0.480978 0.015291 0.019928
0 0.089195 0.523551 0.013252 0.021739
