0 0.534149 0.575181 0.018349 0.030797
0 0.369521 0.461051 0.021407 0.027174
0 0.466361 0.510870 0.019368 0.025362
0 0.658512 0.577899 0.018349 0.028986
0 0.667686 0.480978 0.018349 0.034420
0 0.881244 0.150362 0.021407 0.025362
0 0.459735 0.419384 0.018349 0.027174
0 0.792049 0.569746 0.020387 0.027174
0 0.583078 0.637681 0.020387 0.028986
0 0.272171 0.488225 0.018349 0.027174
0 0.559123 0.523551 0.019368 0.036232
0 0.796636 0.507246 0.021407 0.032609
0 0.705403 0.491848 0.018349 0.027174
0 0.828746 0.591486 0.020387 0.030797
0 0.488787 0.444746 0.019368 0.027174
0 0.523445 0.375000 0.019368 0.028986
0 0.743629 0.324275 0.019368 0.032609
0 0.528542 0.480072 0.019368 0.028986
0 0.636595 0.437500 0.021407 0.030797
0 0.677370 0.418478 0.019368 0.028986
0 0.708461 0.542572 0.020387 0.034420
0 0.870031 0.084239 0.017329 0.023551
0 0.867482 0.598732 0.018349 0.023551
0 0.716616 0.432065 0.020387 0.034420
0 0.827217 0.105978 0.019368 0.027174
0 0.406728 0.495471 0.020387 0.030797
0 0.485729 0.552536 0.019368 0.028986
0 0.616718 0.675725 0.020387 0.028986
0 0.874618 0.355072 0.020387 0.028986
0 0.827727 0.519022 0.020387 0.027174
0 0.225790 0.422101 0.019368 0.028986
0 0.316514 0.453804 0.021407 0.027174
0 0.197248 0.297101 0.019368 0.032609
0 0.685525 0.352355 0.019368 0.027174
0 0.823140 0.335145 0.019368 0.025362
0 0.614679 0.500000 0.018349 0.028986
0 0.897044 0.490036 0.020387 0.023551
0 0.552497 0.413043 0.020387 0.028986
0 0.813456 0.432065 0.020387 0.030797
0 0.750255 0.383152 0.020387 0.030797
0 0.605505 0.310688 0.018349 0.030797
0 0.647299 0.326087 0.022426 0.032609
0 0.472987 0.627717 0.020387 0.034420
0 0.211519 0.188406 0.017329 0.028986
0 0.861366 0.432065 0.018349 0.027174
0 0.760449 0.539855 0.022426 0.028986
0 0.922018 0.554348 0.019368 0.021739
0 0.235474 0.026268 0.020387 0.027174
0 0.899592 0.046196 0.015291 0.019928
0 0.772681 0.460145 0.020387 0.025362
0 0.808869 0.644928 0.021407 0.025362
0 0.640673 0.512681 0.017329 0.025362
0 0.790520 0.423007 0.019368 0.027174
0 0.872069 0.533514 0.021407 0.023551
0 0.663609 0.649457 0.018349 0.030797
0 0.977574 0.165761 0.018349 0.027174
0 0.214067 0.833333 0.014271 0.028986
0 0.200306 0.014493 0.019368 0.025362
0 0.118756 0.771739 0.019368 0.028986
0 0.109072 0.817029 0.016310 0.021739
0 0.179918 0.841486 0.021407 0.027174
0 0.069827 0.460145 0.025484 0.032609
