0 0.545516 0.391304 0.031250 0.036232
0 0.486413 0.487319 0.032609 0.039855
0 0.582201 0.568841 0.031250 0.039855
0 0.563179 0.311594 0.031250 0.036232
0 0.648777 0.418478 0.031250 0.036232
0 0.592391 0.465580 0.029891 0.036232
0 0.606658 0.383152 0.031250 0.038043
0 0.531929 0.483696 0.031250 0.036232
0 0.467391 0.581522 0.032609 0.039855
0 0.562500 0.666667 0.032609 0.036232
0 0.632473 0.586051 0.031250 0.034420
0 0.419158 0.544384 0.031250 0.038043
0 0.769701 0.576087 0.025815 0.028986
0 0.538043 0.597826 0.029891 0.032609
0 0.386549 0.494565 0.033967 0.036232
0 0.726223 0.547101 0.025815 0.028986
0 0.675951 0.461051 0.028533 0.030797
0 0.606658 0.338768 0.028533 0.032609
0 0.188859 0.517210 0.032609 0.034420
0 0.711277 0.422101 0.031250 0.032609
0 0.781250 0.392210 0.024457 0.030797
0 0.516304 0.530797 0.032609 0.036232
0 0.751359 0.519928 0.027174 0.028986
0 0.692255 0.564312 0.028533 0.030797
0 0.477582 0.390399 0.028533 0.034420
0 0.348505 0.529891 0.031250 0.041667
0 0.372962 0.433877 0.033967 0.041667
0 0.101223 0.550725 0.031250 0.036232
0 0.610054 0.637681 0.029891 0.036232
0 0.742527 0.611413 0.028533 0.030797
0 0.863451 0.497283 0.020380 0.023551
0 0.677310 0.499094 0.025815 0.030797
0 0.066576 0.711051 0.029891 0.038043
0 0.705842 0.634964 0.028533 0.030797
0 0.809783 0.516304 0.024457 0.025362
0 0.402853 0.360507 0.031250 0.036232
0 0.445652 0.457428 0.029891 0.034420
0 0.516304 0.325181 0.029891 0.038043
0 0.637228 0.496377 0.027174 0.032609
0 0.093071 0.974638 0.025815 0.032609
0 0.499321 0.661232 0.033967 0.036232
0 0.830163 0.603261 0.024457 0.025362
0 0.662364 0.709239 0.025815 0.034420
0 0.810462 0.620471 0.020380 0.023551
0 0.406250 0.723732 0.032609 0.038043
0 0.718750 0.692935 0.027174 0.030797
0 0.780571 0.619565 0.025815 0.028986
0 0.012908 0.788043 0.023098 0.032609
0 0.681386 0.616848 0.028533 0.030797
0 0.807745 0.469203 0.023098 0.025362
0 0.096467 0.934783 0.027174 0.036232
0 0.831522 0.528080 0.024457 0.027174
0 0.264946 0.536232 0.035326 0.036232
0 0.820652 0.350543 0.021739 0.023551
0 0.344429 0.388587 0.028533 0.038043
0 0.259511 0.701087 0.032609 0.039855
0 0.843071 0.490036 0.020380 0.023551
0 0.838995 0.433877 0.020380 0.023551
0 0.733016 0.658514 0.023098 0.027174
0 0.764266 0.663043 0.020380 0.021739
0 0.802989 0.404891 0.021739 0.023551
0 0.852582 0.557971 0.020380 0.021739
0 0.844429 0.601449 0.014946 0.018116
0 0.894022 0.538043 0.019022 0.018116
0 0.828125 0.465580 0.020380 0.025362
0 0.848505 0.438406 0.017663 0.021739
0 0.705842 0.330616 0.025815 0.030797
0 0.684103 0.336051 0.031250 0.023551
0 0.355978 0.631341 0.029891 0.034420
0 0.182065 0.261775 0.029891 0.048913
0 0.063179 0.070652 0.025815 0.028986
