0 0.392457 0.505435 0.020387 0.028986
0 0.533129 0.548913 0.020387 0.028986
0 0.581549 0.664855 0.019368 0.028986
0 0.293068 0.443841 0.019368 0.025362
0 0.620285 0.578804 0.021407 0.027174
0 0.569827 0.579710 0.020387 0.032609
0 0.704893 0.505435 0.021407 0.028986
0 0.763507 0.561594 0.022426 0.028986
0 0.595311 0.344203 0.020387 0.028986
0 0.768094 0.659420 0.021407 0.028986
0 0.234455 0.483696 0.020387 0.028986
0 0.573904 0.395833 0.020387 0.027174
0 0.820591 0.577899 0.020387 0.028986
0 0.924057 0.467391 0.017329 0.021739
0 0.514271 0.470109 0.021407 0.030797
0 0.865443 0.351449 0.018349 0.025362
0 0.685525 0.605072 0.019368 0.028986
0 0.647808 0.533514 0.021407 0.030797
0 0.219674 0.397645 0.017329 0.027174
0 0.560652 0.469203 0.020387 0.028986
0 0.514271 0.385870 0.023445 0.032609
0 0.652396 0.407609 0.020387 0.028986
0 0.868502 0.475543 0.018349 0.027174
0 0.785423 0.313406 0.021407 0.025362
0 0.338940 0.494565 0.019368 0.028986
0 0.178389 0.313406 0.020387 0.032609
0 0.459735 0.425725 0.020387 0.028986
0 0.469929 0.541667 0.020387 0.028986
0 0.721203 0.314312 0.019368 0.027174
0 0.703874 0.414855 0.021407 0.028986
0 0.945973 0.650362 0.018349 0.025362
0 0.900612 0.526268 0.017329 0.027174
0 0.866463 0.408514 0.018349 0.027174
0 0.786952 0.415761 0.022426 0.030797
0 0.610601 0.474638 0.020387 0.028986
0 0.972477 0.631341 0.016310 0.027174
0 0.415902 0.453804 0.020387 0.027174
0 0.751274 0.478261 0.020387 0.028986
0 0.923547 0.670290 0.018349 0.025362
0 0.927115 0.399457 0.017329 0.023551
0 0.874618 0.604167 0.018349 0.023551
0 0.871560 0.547101 0.020387 0.025362
0 0.213048 0.119565 0.020387 0.032609
0 0.836901 0.364130 0.018349 0.028986
0 0.959225 0.382246 0.018349 0.021739
0 0.832824 0.502717 0.018349 0.027174
0 0.895515 0.635870 0.017329 0.021739
0 0.964832 0.694746 0.019368 0.023551
0 0.749745 0.367754 0.021407 0.028986
0 0.950561 0.480072 0.017329 0.025362
0 0.942406 0.555254 0.015291 0.023551
0 0.815494 0.509058 0.020387 0.032609
0 0.962793 0.596014 0.015291 0.025362
0 0.112130 0.824275 0.016310 0.021739
0 0.180428 0.845109 0.014271 0.023551
0 0.936290 0.591486 0.019368 0.027174
0 0.992864 0.548007 0.014271 0.023551
0 0.894495 0.525362 0.021407 0.028986
0 0.126402 0.768116 0.020387 0.025362
0 0.213558 0.849638 0.015291 0.025362
0 0.591743 0.566123 0.019368 0.030797
0 0.965341 0.435688 0.020387 0.030797
0 0.994903 0.384964 0.010194 0.027174
0 0.854230 0.660326 0.020387 0.030797
0 0.067788 0.463768 0.021407 0.036232
