0 0.724261 0.377717 0.021407 0.038043
0 0.347604 0.932971 0.022426 0.036232
0 0.334862 0.490942 0.023445 0.032609
0 0.538736 0.539855 0.025484 0.036232
0 0.592253 0.503623 0.024465 0.039855
0 0.742100 0.599638 0.024465 0.032609
0 0.278287 0.231884 0.020387 0.032609
0 0.577472 0.953804 0.025484 0.038043
0 0.535168 0.799819 0.024465 0.034420
0 0.872579 0.513587 0.026504 0.038043
0 0.879715 0.615942 0.026504 0.036232
0 0.306320 0.891304 0.021407 0.032609
0 0.514781 0.196558 0.022426 0.038043
0 0.715087 0.535326 0.023445 0.038043
0 0.541794 0.463768 0.023445 0.039855
0 0.820082 0.505435 0.025484 0.039855
0 0.054536 0.975543 0.025484 0.038043
0 0.428644 0.978261 0.021407 0.032609
0 0.792049 0.447464 0.026504 0.039855
0 0.093782 0.783514 0.024465 0.034420
0 0.550968 0.241848 0.023445 0.038043
0 0.829766 0.834239 0.024465 0.034420
0 0.561672 0.866848 0.020387 0.030797
0 0.643221 0.477355 0.022426 0.034420
0 0.200306 0.734601 0.021407 0.030797
0 0.327727 0.771739 0.023445 0.032609
0 0.551988 0.626812 0.023445 0.036232
0 0.685525 0.488225 0.023445 0.038043
0 0.313456 0.961051 0.021407 0.034420
0 0.464322 0.974638 0.023445 0.047101
0 0.433231 0.576087 0.026504 0.036232
0 0.474516 0.565217 0.023445 0.032609
0 0.642202 0.358696 0.022426 0.036232
0 0.230887 0.781703 0.021407 0.030797
0 0.398573 0.321558 0.022426 0.034420
0 0.765036 0.516304 0.025484 0.036232
0 0.948522 0.499094 0.027523 0.038043
0 0.251274 0.662138 0.021407 0.034420
0 0.763507 0.277174 0.022426 0.036232
0 0.867482 0.345109 0.026504 0.038043
0 0.189093 0.236413 0.025484 0.038043
0 0.478593 0.357790 0.021407 0.034420
0 0.853721 0.896739 0.023445 0.036232
0 0.624363 0.815217 0.025484 0.036232
0 0.945973 0.807065 0.028542 0.056159
0 0.914883 0.859601 0.025484 0.048913
0 0.676351 0.376812 0.021407 0.032609
0 0.597859 0.593297 0.023445 0.038043
0 0.693170 0.436594 0.024465 0.036232
0 0.168705 0.121377 0.021407 0.028986
0 0.605505 0.703804 0.028542 0.038043
0 0.066769 0.735507 0.023445 0.032609
0 0.455657 0.302536 0.024465 0.036232
0 0.186544 0.517210 0.020387 0.030797
0 0.409786 0.692029 0.022426 0.036232
0 0.788991 0.673007 0.024465 0.038043
0 0.339450 0.703804 0.024465 0.038043
0 0.814985 0.298007 0.023445 0.034420
0 0.808359 0.745471 0.024465 0.034420
0 0.488787 0.431159 0.021407 0.032609
0 0.591743 0.411232 0.025484 0.039855
0 0.438838 0.905797 0.025484 0.036232
0 0.716616 0.683877 0.024465 0.041667
0 0.391947 0.787138 0.023445 0.034420
0 0.927625 0.294384 0.022426 0.034420
0 0.969929 0.297101 0.025484 0.036232
0 0.015291 0.112319 0.022426 0.032609
0 0.616208 0.884058 0.023445 0.032609
0 0.732416 0.884964 0.027523 0.038043
0 0.912844 0.700181 0.027523 0.034420
0 0.321101 0.174819 0.026504 0.038043
0 0.271152 0.886775 0.022426 0.030797
0 0.759429 0.778986 0.022426 0.028986
0 0.640163 0.410326 0.024465 0.034420
0 0.885321 0.450181 0.025484 0.034420
0 0.314985 0.373188 0.022426 0.036232
0 0.656473 0.644022 0.024465 0.038043
0 0.563710 0.694746 0.024465 0.038043
0 0.603976 0.277174 0.025484 0.032609
0 0.234455 0.374094 0.022426 0.034420
0 0.665138 0.548007 0.023445 0.038043
0 0.891437 0.769928 0.023445 0.032609
0 0.859327 0.280797 0.024465 0.036232
0 0.877166 0.220109 0.025484 0.038043
0 0.283894 0.732790 0.023445 0.027174
0 0.264016 0.434783 0.024465 0.036232
0 0.655963 0.754529 0.027523 0.041667
0 0.313456 0.292572 0.023445 0.038043
0 0.211009 0.288949 0.022426 0.034420
0 0.927625 0.948370 0.024465 0.034420
0 0.705403 0.814312 0.026504 0.038043
0 0.665138 0.154891 0.021407 0.034420
0 0.848624 0.772645 0.023445 0.034420
0 0.831295 0.984601 0.023445 0.030797
0 0.580020 0.207428 0.024465 0.038043
0 0.292049 0.492754 0.023445 0.036232
0 0.961774 0.648551 0.025484 0.036232
0 0.706932 0.278080 0.021407 0.030797
0 0.971458 0.186594 0.022426 0.032609
0 0.812436 0.365036 0.024465 0.034420
0 0.237003 0.479167 0.023445 0.034420
0 0.981651 0.836957 0.022426 0.032609
0 0.969929 0.941123 0.025484 0.030797
0 0.823140 0.567029 0.027523 0.032609
0 0.693170 0.947464 0.024465 0.036232
0 0.238022 0.144022 0.021407 0.034420
0 0.362385 0.410326 0.025484 0.034420
0 0.985729 0.402174 0.024465 0.032609
0 0.159021 0.325181 0.024465 0.034420
0 0.220693 0.566123 0.023445 0.030797
0 0.298165 0.122283 0.023445 0.034420
0 0.835882 0.207428 0.026504 0.030797
0 0.497961 0.254529 0.023445 0.034420
0 0.758919 0.375906 0.025484 0.038043
0 0.028542 0.252717 0.032620 0.030797
0 0.343527 0.261775 0.026504 0.038043
0 0.077472 0.129529 0.026504 0.038043
0 0.554027 0.348732 0.023445 0.034420
0 0.152396 0.382246 0.019368 0.028986
0 0.641182 0.960145 0.024465 0.036232
0 0.905708 0.281703 0.025484 0.034420
0 0.974516 0.719203 0.022426 0.028986
0 0.106014 0.618659 0.026504 0.038043
0 0.149847 0.727355 0.022426 0.034420
0 0.193680 0.416667 0.024465 0.036232
0 0.265545 0.808877 0.023445 0.038043
0 0.666667 0.874094 0.024465 0.038043
0 0.451580 0.450181 0.024465 0.038043
0 0.302752 0.563406 0.024465 0.028986
0 0.918960 0.182065 0.025484 0.034420
0 0.387870 0.487319 0.023445 0.043478
0 0.135576 0.236413 0.024465 0.034420
0 0.783384 0.592391 0.025484 0.039855
0 0.117227 0.206522 0.028542 0.028986
0 0.166667 0.582428 0.029562 0.027174
0 0.427625 0.398551 0.023445 0.039855
0 0.865953 0.966486 0.023445 0.034420
0 0.483180 0.691123 0.022426 0.027174
0 0.210499 0.946558 0.023445 0.030797
0 0.267074 0.594203 0.024465 0.036232
0 0.646279 0.250906 0.022426 0.030797
0 0.671764 0.833333 0.024465 0.036232
0 0.753313 0.973732 0.024465 0.038043
0 0.399083 0.159420 0.023445 0.039855
0 0.420489 0.194746 0.027523 0.038043
0 0.780836 0.192029 0.026504 0.032609
0 0.433231 0.789855 0.022426 0.032609
0 0.171254 0.413043 0.022426 0.036232
0 0.012232 0.453804 0.022426 0.030797
0 0.854230 0.673913 0.022426 0.032609
0 0.206422 0.148551 0.025484 0.036232
0 0.805810 0.900362 0.023445 0.028986
0 0.366972 0.595109 0.022426 0.038043
0 0.020897 0.610507 0.023445 0.036232
0 0.080020 0.509058 0.027523 0.032609
0 0.038736 0.355978 0.026504 0.034420
0 0.020897 0.221920 0.025484 0.030797
0 0.770133 0.862319 0.023445 0.050725
0 0.470948 0.173007 0.024465 0.041667
0 0.561672 0.161232 0.022426 0.043478
0 0.676860 0.214674 0.026504 0.038043
0 0.778797 0.313406 0.022426 0.050725
0 0.987258 0.170290 0.023445 0.039855
0 0.988277 0.564312 0.023445 0.038043
