0 0.387228 0.498188 0.032609 0.036232
0 0.216712 0.457428 0.025815 0.027174
0 0.191576 0.473732 0.021739 0.023551
0 0.360734 0.437500 0.028533 0.034420
0 0.334918 0.536232 0.028533 0.032609
0 0.552989 0.423913 0.032609 0.036232
0 0.432065 0.555254 0.032609 0.034420
0 0.326087 0.476449 0.032609 0.032609
0 0.591033 0.527174 0.032609 0.036232
0 0.508832 0.515399 0.033967 0.038043
0 0.229620 0.531703 0.027174 0.027174
0 0.268342 0.492754 0.025815 0.032609
0 0.404891 0.442935 0.029891 0.034420
0 0.798913 0.480978 0.032609 0.038043
0 0.485734 0.442935 0.033967 0.038043
0 0.917120 0.153080 0.029891 0.034420
0 0.920516 0.238225 0.033967 0.038043
0 0.901495 0.428442 0.031250 0.038043
0 0.184783 0.517210 0.024457 0.027174
0 0.692935 0.491848 0.038043 0.038043
0 0.274457 0.435688 0.024457 0.027174
0 0.131114 0.478261 0.020380 0.021739
0 0.204484 0.536232 0.023098 0.025362
0 0.961957 0.981884 0.024457 0.021739
0 0.989130 0.942935 0.021739 0.030797
0 0.812500 0.710145 0.035326 0.036232
0 0.294837 0.513587 0.021739 0.027174
0 0.151495 0.500000 0.023098 0.021739
0 0.139266 0.526268 0.023098 0.016304
0 0.167120 0.452899 0.019022 0.018116
0 0.151495 0.461051 0.020380 0.012681
0 0.124321 0.447464 0.020380 0.014493
0 0.114130 0.469203 0.016304 0.010870
0 0.116848 0.493659 0.019022 0.019928
0 0.120924 0.518116 0.019022 0.014493
0 0.132473 0.539855 0.017663 0.014493
0 0.103940 0.572464 0.014946 0.021739
0 0.081522 0.529891 0.016304 0.016304
0 0.100543 0.512681 0.019022 0.018116
0 0.083560 0.495471 0.017663 0.012681
0 0.094429 0.471920 0.017663 0.016304
0 0.091712 0.451993 0.014946 0.019928
0 0.095109 0.407609 0.013587 0.014493
0 0.103940 0.395833 0.012228 0.012681
0 0.099185 0.366848 0.016304 0.019928
0 0.082880 0.365942 0.016304 0.014493
