0 0.436141 0.454710 0.032609 0.036232
0 0.552310 0.448370 0.033967 0.034420
0 0.494565 0.353261 0.029891 0.036232
0 0.743886 0.600543 0.025815 0.027174
0 0.681386 0.526268 0.031250 0.034420
0 0.631114 0.424819 0.031250 0.034420
0 0.716033 0.517210 0.029891 0.030797
0 0.402174 0.567029 0.029891 0.036232
0 0.517663 0.407609 0.032609 0.036232
0 0.193614 0.515399 0.033967 0.038043
0 0.530571 0.678442 0.031250 0.038043
0 0.641984 0.554348 0.028533 0.032609
0 0.645380 0.699275 0.027174 0.032609
0 0.417120 0.510870 0.032609 0.036232
0 0.566576 0.518116 0.029891 0.036232
0 0.567255 0.603261 0.031250 0.036232
0 0.045516 0.702899 0.031250 0.039855
0 0.297554 0.499094 0.029891 0.034420
0 0.526495 0.494565 0.031250 0.036232
0 0.459918 0.578804 0.031250 0.034420
0 0.351902 0.512681 0.032609 0.036232
0 0.599185 0.361413 0.029891 0.034420
0 0.690217 0.460145 0.027174 0.032609
0 0.504755 0.568841 0.033967 0.039855
0 0.357337 0.564312 0.032609 0.038043
0 0.629755 0.317029 0.031250 0.036232
0 0.686821 0.692935 0.025815 0.030797
0 0.777174 0.552536 0.027174 0.032609
0 0.654891 0.620471 0.027174 0.034420
0 0.098505 0.565217 0.028533 0.036232
0 0.453125 0.355072 0.028533 0.039855
0 0.615489 0.529891 0.029891 0.034420
0 0.472147 0.678442 0.033967 0.038043
0 0.769022 0.455616 0.021739 0.027174
0 0.805707 0.563406 0.021739 0.021739
0 0.752038 0.514493 0.025815 0.028986
0 0.800272 0.482790 0.021739 0.027174
0 0.627038 0.606884 0.036685 0.036232
0 0.538043 0.355978 0.032609 0.034420
0 0.729620 0.362319 0.024457 0.028986
0 0.698370 0.605072 0.024457 0.032609
0 0.788723 0.624094 0.020380 0.023551
0 0.139946 0.968297 0.024457 0.030797
0 0.772418 0.395833 0.023098 0.027174
0 0.264266 0.702899 0.031250 0.039855
0 0.766304 0.483696 0.021739 0.025362
0 0.356658 0.406703 0.028533 0.038043
0 0.716033 0.630435 0.024457 0.028986
0 0.169158 0.272645 0.028533 0.056159
0 0.029891 0.091486 0.021739 0.027174
0 0.036685 0.905797 0.027174 0.028986
0 0.748641 0.634964 0.027174 0.027174
0 0.719429 0.658514 0.028533 0.023551
0 0.735054 0.422101 0.027174 0.032609
0 0.707201 0.403080 0.031250 0.027174
0 0.749321 0.388587 0.023098 0.027174
0 0.665761 0.310688 0.032609 0.034420
