0 0.485729 0.528986 0.015291 0.021739
0 0.546891 0.509964 0.017329 0.019928
0 0.625892 0.617754 0.016310 0.021739
0 0.611111 0.515399 0.015291 0.019928
0 0.531600 0.574275 0.017329 0.021739
0 0.643221 0.645833 0.016310 0.019928
0 0.385831 0.449275 0.017329 0.021739
0 0.632008 0.475543 0.014271 0.023551
0 0.479103 0.596014 0.018349 0.021739
0 0.457696 0.445652 0.016310 0.021739
0 0.734455 0.620471 0.015291 0.019928
0 0.325688 0.579710 0.017329 0.021739
0 0.410805 0.466486 0.016310 0.019928
0 0.603466 0.682065 0.018349 0.023551
0 0.456677 0.516304 0.016310 0.021739
0 0.366463 0.673007 0.015291 0.019928
0 0.431702 0.485507 0.017329 0.021739
0 0.491845 0.419384 0.015291 0.019928
0 0.596840 0.425725 0.015291 0.018116
0 0.516820 0.484601 0.014271 0.019928
0 0.553007 0.644022 0.017329 0.019928
0 0.355759 0.585145 0.016310 0.021739
0 0.720183 0.611413 0.013252 0.023551
0 0.383282 0.613225 0.016310 0.023551
0 0.351172 0.496377 0.017329 0.025362
0 0.685015 0.539855 0.014271 0.021739
0 0.440367 0.548913 0.014271 0.021739
0 0.677880 0.504529 0.014271 0.019928
0 0.309378 0.539855 0.019368 0.025362
0 0.412334 0.617754 0.015291 0.021739
0 0.570336 0.499094 0.017329 0.023551
0 0.656983 0.537138 0.013252 0.019928
0 0.279307 0.506341 0.018349 0.023551
0 0.670234 0.423913 0.013252 0.018116
0 0.634557 0.529891 0.013252 0.023551
0 0.861876 0.613225 0.015291 0.027174
0 0.315494 0.629529 0.017329 0.023551
0 0.711519 0.449275 0.016310 0.021739
0 0.355759 0.347826 0.016310 0.021739
0 0.176351 0.438406 0.014271 0.021739
0 0.306830 0.488225 0.018349 0.019928
0 0.580530 0.429348 0.013252 0.021739
0 0.338940 0.431159 0.015291 0.025362
0 0.617227 0.413949 0.013252 0.019928
0 0.062181 0.522645 0.010194 0.019928
0 0.547910 0.432065 0.017329 0.023551
0 0.514781 0.691123 0.014271 0.016304
0 0.279307 0.587862 0.016310 0.023551
0 0.767584 0.528986 0.014271 0.021739
0 0.413354 0.682971 0.013252 0.021739
0 0.083078 0.438406 0.015291 0.021739
0 0.693170 0.611413 0.014271 0.027174
0 0.706932 0.536232 0.015291 0.021739
0 0.580020 0.606884 0.016310 0.021739
0 0.594292 0.498188 0.014271 0.021739
0 0.435780 0.409420 0.017329 0.021739
0 0.451070 0.615942 0.015291 0.025362
0 0.707441 0.665761 0.014271 0.019928
0 0.406218 0.395833 0.019368 0.023551
0 0.225280 0.575181 0.016310 0.023551
0 0.521916 0.436594 0.016310 0.021739
0 0.730377 0.538043 0.015291 0.018116
0 0.643221 0.419384 0.014271 0.016304
0 0.676351 0.635870 0.015291 0.021739
0 0.249745 0.505435 0.022426 0.032609
0 0.508155 0.613225 0.017329 0.023551
0 0.693170 0.432065 0.014271 0.023551
0 0.738532 0.473732 0.015291 0.023551
0 0.762997 0.017210 0.013252 0.019928
0 0.866972 0.429348 0.011213 0.014493
0 0.867482 0.538043 0.010194 0.025362
0 0.753823 0.418478 0.013252 0.025362
0 0.766565 0.625000 0.014271 0.025362
0 0.457187 0.675725 0.013252 0.025362
0 0.392966 0.528986 0.019368 0.021739
0 0.313965 0.388587 0.014271 0.019928
0 0.279307 0.430254 0.014271 0.023551
0 0.242610 0.410326 0.016310 0.023551
0 0.212538 0.375000 0.015291 0.021739
0 0.253823 0.610507 0.014271 0.021739
0 0.216106 0.634964 0.012232 0.016304
0 0.188073 0.624094 0.015291 0.016304
0 0.186035 0.545290 0.013252 0.018116
0 0.210499 0.502717 0.013252 0.019928
0 0.171254 0.507246 0.012232 0.018116
0 0.161060 0.563406 0.012232 0.018116
0 0.165138 0.601449 0.012232 0.021739
0 0.136086 0.621377 0.011213 0.014493
0 0.084608 0.606884 0.014271 0.018116
0 0.112640 0.528986 0.011213 0.014493
0 0.144241 0.426630 0.015291 0.016304
0 0.117227 0.420290 0.016310 0.018116
0 0.056575 0.441123 0.011213 0.012681
