0 0.492527 0.539855 0.031250 0.036232
0 0.608016 0.434783 0.033967 0.039855
0 0.430707 0.531703 0.029891 0.034420
0 0.351223 0.444746 0.028533 0.034420
0 0.476902 0.427536 0.035326 0.036232
0 0.629755 0.534420 0.031250 0.039855
0 0.542799 0.478261 0.031250 0.036232
0 0.713995 0.472826 0.033967 0.036232
0 0.383832 0.525362 0.031250 0.036232
0 0.319973 0.509058 0.028533 0.032609
0 0.120924 0.541667 0.021739 0.021739
0 0.394701 0.462862 0.028533 0.034420
0 0.906250 0.152174 0.029891 0.036232
0 0.937500 0.383152 0.029891 0.038043
0 0.834918 0.095109 0.028533 0.034420
0 0.300951 0.454710 0.025815 0.028986
0 0.275136 0.548913 0.025815 0.025362
0 0.154212 0.461051 0.020380 0.023551
0 0.268342 0.495471 0.025815 0.027174
0 0.156929 0.489130 0.020380 0.021739
0 0.101902 0.456522 0.016304 0.018116
0 0.136549 0.498188 0.020380 0.021739
0 0.887908 0.031703 0.025815 0.027174
0 0.750679 0.490942 0.033967 0.036232
0 0.197011 0.473732 0.021739 0.023551
0 0.811821 0.711957 0.031250 0.043478
0 0.962636 0.982790 0.023098 0.030797
0 0.992527 0.932971 0.014946 0.028986
0 0.230299 0.459239 0.025815 0.027174
0 0.204484 0.527174 0.025815 0.025362
0 0.184783 0.504529 0.021739 0.019928
0 0.164402 0.542572 0.029891 0.019928
0 0.148098 0.534420 0.016304 0.014493
0 0.116168 0.501812 0.014946 0.018116
0 0.108696 0.522645 0.019022 0.016304
0 0.087636 0.477355 0.023098 0.019928
0 0.126359 0.450181 0.021739 0.019928
0 0.141984 0.028080 0.017663 0.016304
