0 0.608053 0.867754 0.021407 0.028986
0 0.324669 0.822464 0.019368 0.032609
0 0.271662 0.576993 0.023445 0.034420
0 0.617737 0.570652 0.022426 0.036232
0 0.606014 0.618659 0.023445 0.034420
0 0.305301 0.152174 0.027523 0.039855
0 0.397044 0.665761 0.019368 0.027174
0 0.804281 0.179348 0.022426 0.032609
0 0.518349 0.192029 0.025484 0.039855
0 0.754842 0.374094 0.023445 0.034420
0 0.591743 0.329710 0.023445 0.032609
0 0.373089 0.288043 0.022426 0.036232
0 0.930173 0.475543 0.023445 0.034420
0 0.778797 0.932971 0.022426 0.032609
0 0.701835 0.530797 0.021407 0.036232
0 0.641182 0.787138 0.022426 0.034420
0 0.677370 0.667572 0.021407 0.034420
0 0.525994 0.667572 0.022426 0.030797
0 0.483180 0.668478 0.024465 0.032609
0 0.595821 0.497283 0.023445 0.034420
0 0.594801 0.277174 0.023445 0.032609
0 0.521916 0.265399 0.022426 0.030797
0 0.731397 0.499094 0.025484 0.034420
0 0.498471 0.490036 0.022426 0.030797
0 0.267584 0.307065 0.023445 0.038043
0 0.971458 0.828804 0.024465 0.034420
0 0.893986 0.454710 0.024465 0.032609
0 0.639144 0.913949 0.020387 0.034420
0 0.433741 0.564312 0.021407 0.034420
0 0.869521 0.173913 0.026504 0.036232
0 0.868502 0.346920 0.024465 0.034420
0 0.829256 0.855978 0.027523 0.038043
0 0.903670 0.709239 0.023445 0.038043
0 0.646279 0.722826 0.022426 0.032609
0 0.676860 0.153080 0.020387 0.034420
0 0.944954 0.179348 0.022426 0.028986
0 0.935270 0.767210 0.023445 0.034420
0 0.837920 0.676630 0.024465 0.030797
0 0.864934 0.518116 0.025484 0.036232
0 0.895515 0.653080 0.021407 0.030797
0 0.258410 0.776268 0.021407 0.034420
0 0.978593 0.565217 0.022426 0.036232
0 0.314475 0.373188 0.023445 0.032609
0 0.954128 0.264493 0.028542 0.032609
0 0.791539 0.246377 0.023445 0.032609
0 0.980122 0.916667 0.023445 0.036232
0 0.549439 0.210145 0.020387 0.032609
0 0.245158 0.348732 0.025484 0.038043
0 0.585117 0.664855 0.022426 0.032609
0 0.968400 0.387681 0.022426 0.028986
0 0.927115 0.711957 0.021407 0.032609
0 0.185525 0.304348 0.024465 0.039855
0 0.528542 0.540761 0.021407 0.034420
0 0.770642 0.607790 0.022426 0.030797
0 0.863914 0.246377 0.017329 0.028986
0 0.318043 0.697464 0.022426 0.032609
0 0.563710 0.598732 0.020387 0.034420
0 0.310398 0.610507 0.023445 0.032609
0 0.760449 0.808877 0.022426 0.030797
0 0.937819 0.894928 0.024465 0.032609
0 0.402650 0.395833 0.024465 0.038043
0 0.974006 0.451087 0.023445 0.032609
0 0.728848 0.758152 0.022426 0.034420
0 0.255861 0.124094 0.024465 0.034420
0 0.982671 0.190217 0.022426 0.032609
0 0.373089 0.428442 0.022426 0.034420
0 0.538736 0.494565 0.021407 0.032609
0 0.703874 0.240942 0.021407 0.032609
0 0.456677 0.471014 0.024465 0.036232
0 0.340469 0.307971 0.026504 0.039855
0 0.477064 0.597826 0.022426 0.036232
0 0.291539 0.220109 0.020387 0.030797
0 0.663099 0.031703 0.019368 0.027174
0 0.825178 0.155797 0.021407 0.036232
0 0.607034 0.741848 0.019368 0.030797
0 0.569317 0.807971 0.023445 0.032609
0 0.728848 0.942029 0.022426 0.032609
0 0.668705 0.817935 0.022426 0.034420
0 0.957696 0.519022 0.023445 0.034420
0 0.503058 0.936594 0.023445 0.036232
0 0.276758 0.378623 0.023445 0.036232
0 0.681957 0.383152 0.022426 0.030797
0 0.685525 0.447464 0.021407 0.032609
0 0.853721 0.405797 0.023445 0.032609
0 0.637615 0.522645 0.023445 0.034420
0 0.830275 0.515399 0.023445 0.038043
0 0.650357 0.143116 0.022426 0.032609
0 0.721713 0.178442 0.022426 0.030797
0 0.862895 0.463768 0.021407 0.032609
0 0.488787 0.183877 0.021407 0.030797
0 0.798165 0.677536 0.022426 0.032609
0 0.549439 0.631341 0.022426 0.030797
0 0.456167 0.751812 0.019368 0.025362
0 0.358818 0.384964 0.022426 0.030797
0 0.537717 0.711957 0.019368 0.032609
0 0.475535 0.221920 0.021407 0.034420
0 0.905708 0.185688 0.025484 0.034420
0 0.985219 0.285326 0.019368 0.030797
0 0.576962 0.444746 0.020387 0.034420
0 0.793578 0.848732 0.025484 0.038043
0 0.816004 0.948370 0.025484 0.034420
0 0.598369 0.384058 0.020387 0.028986
0 0.314985 0.232790 0.024465 0.034420
0 0.795107 0.740942 0.024465 0.032609
0 0.767074 0.296196 0.023445 0.034420
0 0.330785 0.423007 0.023445 0.030797
0 0.731397 0.609601 0.023445 0.034420
0 0.825178 0.362319 0.023445 0.032609
0 0.726809 0.430254 0.022426 0.034420
0 0.729358 0.375000 0.023445 0.036232
0 0.893476 0.540761 0.019368 0.030797
0 0.235474 0.181159 0.022426 0.032609
0 0.551988 0.958333 0.021407 0.036232
0 0.647808 0.631341 0.021407 0.034420
0 0.409276 0.597826 0.023445 0.028986
0 0.707441 0.842391 0.024465 0.032609
0 0.672273 0.240942 0.021407 0.032609
0 0.288991 0.440217 0.021407 0.036232
0 0.467890 0.320652 0.020387 0.028986
0 0.422018 0.241848 0.022426 0.038043
0 0.243119 0.500906 0.027523 0.038043
0 0.732926 0.670290 0.024465 0.032609
0 0.717125 0.792572 0.023445 0.038043
0 0.553007 0.297101 0.021407 0.028986
0 0.840469 0.788043 0.025484 0.036232
0 0.692661 0.917572 0.017329 0.027174
0 0.450051 0.385870 0.021407 0.032609
0 0.646789 0.381341 0.021407 0.034420
0 0.386850 0.496377 0.021407 0.028986
0 0.897554 0.778080 0.023445 0.030797
0 0.394495 0.311594 0.022426 0.032609
0 0.323649 0.496377 0.021407 0.032609
0 0.181957 0.142210 0.017329 0.027174
0 0.676860 0.494565 0.022426 0.032609
0 0.381753 0.230978 0.023445 0.030797
0 0.297655 0.541667 0.024465 0.032609
0 0.681448 0.611413 0.023445 0.034420
0 0.972987 0.326087 0.023445 0.036232
0 0.930683 0.315217 0.018349 0.025362
0 0.436799 0.300725 0.023445 0.032609
0 0.919980 0.383152 0.023445 0.030797
0 0.535168 0.773551 0.020387 0.025362
0 0.758919 0.458333 0.021407 0.032609
0 0.567788 0.683877 0.022426 0.030797
0 0.847095 0.633152 0.024465 0.034420
0 0.799694 0.575181 0.021407 0.030797
0 0.863405 0.822464 0.024465 0.036232
0 0.691641 0.289855 0.021407 0.032609
0 0.427115 0.153986 0.026504 0.039855
0 0.790520 0.412138 0.023445 0.034420
0 0.709990 0.720109 0.021407 0.034420
0 0.981142 0.783514 0.021407 0.030797
0 0.651376 0.454710 0.022426 0.036232
0 0.482161 0.539855 0.022426 0.028986
0 0.490316 0.420290 0.022426 0.036232
0 0.829256 0.747283 0.023445 0.034420
0 0.809888 0.294384 0.021407 0.030797
0 0.660550 0.541667 0.022426 0.032609
0 0.916922 0.653080 0.021407 0.034420
0 0.785423 0.471920 0.023445 0.030797
0 0.246177 0.252717 0.019368 0.034420
0 0.312946 0.309783 0.020387 0.028986
0 0.708461 0.653986 0.020387 0.028986
0 0.916412 0.841486 0.022426 0.030797
0 0.925076 0.540761 0.021407 0.030797
0 0.958716 0.603261 0.019368 0.028986
0 0.983690 0.484601 0.024465 0.034420
0 0.978084 0.740036 0.021407 0.030797
0 0.818552 0.410326 0.024465 0.034420
0 0.495923 0.328804 0.023445 0.034420
0 0.866463 0.959239 0.022426 0.034420
0 0.446993 0.615036 0.021407 0.034420
0 0.899592 0.330616 0.023445 0.030797
0 0.685015 0.910326 0.018349 0.034420
0 0.936290 0.592391 0.023445 0.032609
0 0.233945 0.660326 0.023445 0.030797
0 0.352192 0.478261 0.023445 0.032609
0 0.345056 0.656703 0.021407 0.034420
0 0.555046 0.346014 0.023445 0.032609
0 0.760958 0.222826 0.025484 0.032609
0 0.426606 0.497283 0.023445 0.030797
0 0.385321 0.558877 0.022426 0.030797
0 0.612130 0.431159 0.021407 0.032609
0 0.460245 0.151268 0.023445 0.030797
0 0.509174 0.850543 0.025484 0.038043
0 0.478084 0.383152 0.022426 0.034420
0 0.880734 0.396739 0.022426 0.032609
0 0.734964 0.330616 0.020387 0.030797
0 0.444444 0.673007 0.020387 0.027174
0 0.781346 0.356884 0.019368 0.028986
0 0.581040 0.730072 0.020387 0.028986
0 0.570846 0.388587 0.022426 0.030797
0 0.493374 0.250906 0.024465 0.034420
0 0.673802 0.075181 0.020387 0.034420
0 0.351682 0.216486 0.024465 0.034420
0 0.648318 0.298007 0.020387 0.030797
0 0.918451 0.428442 0.022426 0.034420
0 0.745668 0.573370 0.023445 0.034420
0 0.753823 0.638587 0.021407 0.034420
0 0.545362 0.415761 0.024465 0.030797
0 0.705912 0.332428 0.023445 0.034420
0 0.581040 0.560688 0.020387 0.030797
0 0.635576 0.240036 0.023445 0.034420
0 0.962283 0.674819 0.022426 0.030797
0 0.862895 0.688406 0.019368 0.028986
0 0.673802 0.718297 0.020387 0.030797
0 0.416922 0.344203 0.020387 0.036232
0 0.637615 0.326993 0.021407 0.034420
0 0.685015 0.767210 0.022426 0.030797
0 0.832314 0.578804 0.025484 0.030797
0 0.739042 0.820652 0.024465 0.036232
0 0.989806 0.633152 0.020387 0.034420
0 0.947503 0.383152 0.017329 0.027174
0 0.619776 0.339674 0.022426 0.034420
0 0.781346 0.178442 0.021407 0.030797
0 0.566259 0.522645 0.021407 0.034420
0 0.362385 0.153986 0.023445 0.028986
0 0.886850 0.907609 0.026504 0.047101
0 0.746687 0.187500 0.021407 0.030797
0 0.726300 0.262681 0.021407 0.032609
0 0.696738 0.584239 0.023445 0.034420
0 0.517839 0.584239 0.020387 0.027174
0 0.874618 0.288043 0.022426 0.032609
0 0.550968 0.136775 0.019368 0.030797
0 0.562181 0.038949 0.021407 0.034420
0 0.798675 0.643116 0.023445 0.032609
0 0.574414 0.242754 0.021407 0.036232
0 0.395515 0.152174 0.020387 0.025362
0 0.150357 0.124094 0.021407 0.030797
0 0.354740 0.573370 0.022426 0.030797
0 0.722222 0.883152 0.023445 0.030797
0 0.780326 0.531703 0.021407 0.027174
0 0.565749 0.109601 0.024465 0.045290
0 0.588685 0.167572 0.013252 0.034420
0 0.582059 0.212862 0.018349 0.034420
0 0.629969 0.196558 0.018349 0.030797
0 0.881244 0.245471 0.015291 0.034420
0 0.904689 0.270833 0.015291 0.041667
0 0.990826 0.318841 0.018349 0.032609
0 0.988787 0.381341 0.018349 0.027174
0 0.608563 0.987319 0.018349 0.025362
0 0.489806 0.703804 0.021407 0.034420
0 0.362385 0.346014 0.025484 0.032609
0 0.409786 0.455616 0.020387 0.034420
0 0.529052 0.309783 0.022426 0.036232
0 0.517839 0.384964 0.020387 0.045290
0 0.457187 0.268116 0.027523 0.043478
0 0.450561 0.213768 0.022426 0.032609
0 0.817023 0.250906 0.025484 0.038043
0 0.902141 0.488225 0.018349 0.038043
0 0.871050 0.736413 0.019368 0.048913
0 0.879715 0.623188 0.020387 0.043478
0 0.902650 0.590580 0.023445 0.036232
0 0.754332 0.701087 0.020387 0.039855
0 0.764526 0.670290 0.018349 0.036232
