0 0.729620 0.473732 0.027174 0.027174
0 0.651495 0.375906 0.031250 0.034420
0 0.484375 0.501812 0.031250 0.036232
0 0.579484 0.444746 0.031250 0.034420
0 0.407609 0.447464 0.032609 0.039855
0 0.489130 0.567029 0.029891 0.036232
0 0.597147 0.359601 0.031250 0.034420
0 0.655571 0.692029 0.028533 0.032609
0 0.655571 0.491848 0.028533 0.034420
0 0.794837 0.539855 0.024457 0.028986
0 0.669158 0.619565 0.028533 0.032609
0 0.641984 0.577899 0.031250 0.036232
0 0.540761 0.386775 0.029891 0.034420
0 0.771739 0.430254 0.021739 0.023551
0 0.364810 0.516304 0.033967 0.039855
0 0.631114 0.307065 0.031250 0.034420
0 0.468750 0.672101 0.032609 0.039855
0 0.440897 0.608696 0.031250 0.036232
0 0.593750 0.632246 0.027174 0.032609
0 0.587636 0.524457 0.031250 0.034420
0 0.688179 0.537138 0.025815 0.030797
0 0.712636 0.596920 0.028533 0.030797
0 0.716033 0.414855 0.027174 0.028986
0 0.771739 0.480978 0.021739 0.023551
0 0.399457 0.299819 0.032609 0.034420
0 0.790761 0.592391 0.021739 0.028986
0 0.756114 0.514493 0.025815 0.025362
0 0.540761 0.706522 0.032609 0.036232
0 0.574728 0.780797 0.027174 0.028986
0 0.504076 0.413043 0.029891 0.032609
0 0.555027 0.578804 0.033967 0.034420
0 0.555027 0.488225 0.031250 0.034420
0 0.678668 0.739130 0.025815 0.028986
0 0.403533 0.731884 0.029891 0.036232
0 0.567935 0.288949 0.029891 0.034420
0 0.362772 0.634964 0.029891 0.034420
0 0.811141 0.606884 0.024457 0.025362
0 0.462636 0.791667 0.028533 0.032609
0 0.722147 0.560688 0.023098 0.027174
0 0.377038 0.371377 0.031250 0.039855
0 0.252038 0.681159 0.031250 0.032609
0 0.774457 0.614130 0.021739 0.025362
0 0.837636 0.465580 0.017663 0.021739
0 0.461277 0.345109 0.031250 0.041667
0 0.797554 0.403986 0.024457 0.025362
0 0.745924 0.515399 0.027174 0.023551
0 0.839674 0.596014 0.019022 0.021739
0 0.327446 0.437500 0.029891 0.041667
0 0.468750 0.261775 0.029891 0.034420
0 0.326087 0.704710 0.027174 0.036232
0 0.976902 0.125000 0.019022 0.021739
0 0.728261 0.351449 0.024457 0.028986
0 0.739130 0.684783 0.024457 0.025362
0 0.855299 0.588768 0.017663 0.018116
0 0.769701 0.350543 0.023098 0.023551
0 0.801630 0.669384 0.021739 0.023551
0 0.819973 0.465580 0.020380 0.021739
0 0.826087 0.519928 0.021739 0.025362
0 0.842391 0.615036 0.019022 0.023551
0 0.858016 0.548913 0.017663 0.021739
0 0.891304 0.524457 0.021739 0.023551
0 0.887908 0.500000 0.017663 0.021739
0 0.903533 0.481884 0.013587 0.018116
0 0.869565 0.449275 0.016304 0.021739
0 0.851223 0.448370 0.014946 0.019928
0 0.812500 0.401268 0.019022 0.027174
0 0.741168 0.396739 0.025815 0.025362
0 0.841033 0.510870 0.021739 0.025362
