0 0.482671 0.551630 0.017329 0.023551
0 0.488787 0.507246 0.015291 0.021739
0 0.283894 0.497283 0.015291 0.023551
0 0.414373 0.439312 0.015291 0.019928
0 0.401631 0.504529 0.014271 0.019928
0 0.695209 0.493659 0.016310 0.023551
0 0.271152 0.382246 0.016310 0.021739
0 0.416412 0.577899 0.017329 0.018116
0 0.460754 0.394022 0.016310 0.023551
0 0.532620 0.494565 0.017329 0.028986
0 0.366463 0.627717 0.015291 0.019928
0 0.759939 0.397645 0.015291 0.023551
0 0.382773 0.548913 0.015291 0.021739
0 0.442406 0.466486 0.014271 0.019928
0 0.263507 0.547101 0.017329 0.025362
0 0.125382 0.503623 0.014271 0.021739
0 0.399083 0.408514 0.015291 0.023551
0 0.637615 0.451993 0.013252 0.019928
0 0.543833 0.394928 0.015291 0.021739
0 0.433741 0.530797 0.015291 0.018116
0 0.640673 0.379529 0.013252 0.019928
0 0.827727 0.440217 0.016310 0.025362
0 0.248726 0.580616 0.014271 0.019928
0 0.918451 0.417572 0.014271 0.019928
0 0.943935 0.493659 0.008155 0.016304
0 0.098369 0.416667 0.009174 0.014493
0 0.092253 0.466486 0.011213 0.016304
0 0.109582 0.498188 0.009174 0.014493
0 0.126911 0.458333 0.011213 0.014493
0 0.122324 0.414855 0.010194 0.014493
0 0.165138 0.434783 0.012232 0.018116
0 0.160041 0.473732 0.010194 0.012681
0 0.182977 0.487319 0.013252 0.014493
0 0.190112 0.524457 0.011213 0.019928
0 0.168705 0.538949 0.013252 0.012681
0 0.186035 0.590580 0.009174 0.014493
0 0.210499 0.560688 0.009174 0.012681
0 0.224261 0.577899 0.012232 0.021739
0 0.226809 0.528986 0.011213 0.014493
0 0.225790 0.471014 0.013252 0.021739
0 0.249745 0.425725 0.012232 0.018116
0 0.284913 0.450181 0.013252 0.019928
0 0.255861 0.489130 0.010194 0.018116
0 0.214577 0.378623 0.013252 0.021739
0 0.205403 0.340580 0.009174 0.018116
0 0.179409 0.367754 0.010194 0.014493
0 0.163099 0.349638 0.010194 0.014493
0 0.107034 0.269022 0.010194 0.012681
0 0.325178 0.410326 0.014271 0.016304
0 0.365953 0.380435 0.012232 0.018116
0 0.361366 0.437500 0.015291 0.019928
0 0.358818 0.510870 0.016310 0.018116
0 0.314475 0.478261 0.013252 0.018116
0 0.312436 0.545290 0.017329 0.018116
0 0.303772 0.574275 0.012232 0.018116
0 0.366972 0.581522 0.014271 0.018116
0 0.697757 0.389493 0.013252 0.018116
0 0.709990 0.433877 0.015291 0.023551
0 0.668705 0.542572 0.010194 0.019928
0 0.569317 0.557065 0.013252 0.023551
0 0.597350 0.420290 0.012232 0.018116
0 0.738022 0.471014 0.012232 0.018116
0 0.773191 0.517210 0.011213 0.016304
0 0.736493 0.543478 0.011213 0.014493
0 0.860347 0.452899 0.012232 0.021739
0 0.865443 0.509964 0.010194 0.016304
0 0.867482 0.383152 0.008155 0.019928
0 0.904179 0.419384 0.010194 0.016304
0 0.897044 0.450181 0.010194 0.012681
0 0.944954 0.354167 0.008155 0.012681
0 0.951070 0.393116 0.006116 0.014493
0 0.933231 0.411232 0.009174 0.014493
0 0.966361 0.418478 0.006116 0.014493
0 0.955148 0.434783 0.008155 0.018116
0 0.950561 0.432971 0.009174 0.014493
0 0.947503 0.441123 0.009174 0.012681
0 0.971967 0.451087 0.007136 0.014493
0 0.962793 0.467391 0.005097 0.014493
0 0.956677 0.450181 0.005097 0.009058
0 0.948012 0.449275 0.006116 0.007246
0 0.955148 0.461051 0.006116 0.016304
0 0.952599 0.464674 0.005097 0.009058
0 0.942915 0.460145 0.006116 0.010870
0 0.945464 0.471920 0.007136 0.009058
0 0.953109 0.481884 0.006116 0.018116
0 0.969929 0.482790 0.007136 0.012681
0 0.962283 0.486413 0.008155 0.012681
0 0.955657 0.495471 0.007136 0.016304
0 0.967380 0.501812 0.006116 0.010870
0 0.958716 0.517210 0.009174 0.016304
0 0.962793 0.536232 0.007136 0.018116
0 0.952599 0.528986 0.009174 0.010870
0 0.950561 0.513587 0.007136 0.016304
0 0.938328 0.513587 0.007136 0.012681
0 0.944444 0.528080 0.009174 0.016304
0 0.934760 0.494565 0.008155 0.014493
0 0.932212 0.475543 0.007136 0.012681
0 0.921509 0.480978 0.008155 0.016304
0 0.909276 0.485507 0.006116 0.014493
0 0.991845 0.569746 0.008155 0.012681
0 0.952599 0.727355 0.009174 0.016304
0 0.870540 0.736413 0.012232 0.019928
