0 0.630479 0.617754 0.021407 0.032609
0 0.405199 0.443841 0.019368 0.025362
0 0.457696 0.464674 0.018349 0.027174
0 0.279817 0.505435 0.021407 0.028986
0 0.943935 0.490942 0.016310 0.021739
0 0.815494 0.350543 0.018349 0.027174
0 0.970948 0.442935 0.017329 0.027174
0 0.666667 0.551630 0.020387 0.027174
0 0.523445 0.574275 0.019368 0.032609
0 0.683996 0.483696 0.020387 0.028986
0 0.622324 0.463768 0.021407 0.028986
0 0.369011 0.501812 0.020387 0.028986
0 0.275229 0.444746 0.022426 0.030797
0 0.845056 0.592391 0.018349 0.028986
0 0.591233 0.559783 0.020387 0.028986
0 0.210499 0.224638 0.019368 0.028986
0 0.585627 0.423007 0.019368 0.027174
0 0.891437 0.533514 0.017329 0.027174
0 0.482671 0.523551 0.019368 0.028986
0 0.808869 0.459239 0.021407 0.027174
0 0.713558 0.357790 0.020387 0.030797
0 0.954128 0.399457 0.018349 0.023551
0 0.427115 0.502717 0.022426 0.030797
0 0.706422 0.618659 0.020387 0.027174
0 0.709480 0.427536 0.022426 0.028986
0 0.798675 0.659420 0.019368 0.025362
0 0.861366 0.376812 0.018349 0.025362
0 0.742100 0.538043 0.020387 0.028986
0 0.564730 0.522645 0.020387 0.030797
0 0.475025 0.407609 0.020387 0.028986
0 0.715596 0.556159 0.020387 0.028986
0 0.521407 0.433877 0.019368 0.030797
0 0.512232 0.490942 0.019368 0.025362
0 0.719164 0.466486 0.019368 0.027174
0 0.831295 0.667572 0.019368 0.023551
0 0.831804 0.410326 0.018349 0.027174
0 0.189602 0.336051 0.018349 0.030797
0 0.884811 0.461051 0.020387 0.023551
0 0.650357 0.429348 0.022426 0.028986
0 0.765545 0.437500 0.018349 0.027174
0 0.644241 0.301630 0.020387 0.030797
0 0.840469 0.072464 0.021407 0.032609
0 0.679409 0.681159 0.021407 0.032609
0 0.865443 0.509058 0.020387 0.025362
0 0.925586 0.538949 0.016310 0.023551
0 0.912334 0.620471 0.018349 0.027174
0 0.746177 0.631341 0.020387 0.027174
0 0.678899 0.366848 0.022426 0.034420
0 0.940877 0.676630 0.020387 0.027174
0 0.581549 0.342391 0.019368 0.028986
0 0.884302 0.596920 0.017329 0.019928
0 0.882773 0.020833 0.018349 0.023551
0 0.801223 0.515399 0.016310 0.023551
0 0.790010 0.392210 0.020387 0.027174
0 0.825688 0.609601 0.020387 0.027174
0 0.223751 0.432065 0.019368 0.030797
0 0.325688 0.454710 0.021407 0.028986
0 0.926606 0.484601 0.018349 0.027174
0 0.912334 0.372283 0.018349 0.023551
0 0.163609 0.144022 0.019368 0.030797
0 0.787462 0.562500 0.019368 0.027174
0 0.923547 0.579710 0.018349 0.025362
0 0.977574 0.654891 0.020387 0.027174
0 0.791539 0.511775 0.019368 0.027174
0 0.826707 0.549819 0.016310 0.023551
0 0.991845 0.494565 0.014271 0.025362
0 0.919980 0.482790 0.019368 0.027174
0 0.861876 0.508152 0.025484 0.027174
0 0.993884 0.604167 0.012232 0.023551
0 0.981651 0.552536 0.018349 0.025362
0 0.609582 0.365036 0.024465 0.034420
0 0.848114 0.456522 0.018349 0.028986
0 0.214577 0.850543 0.013252 0.023551
0 0.115189 0.820652 0.016310 0.025362
0 0.990316 0.365942 0.017329 0.028986
0 0.959225 0.589674 0.018349 0.023551
0 0.945464 0.427536 0.019368 0.032609
0 0.177880 0.845109 0.019368 0.019928
0 0.123853 0.767210 0.017329 0.023551
0 0.067788 0.467391 0.019368 0.028986
