0 0.491335 0.442029 0.024465 0.036232
0 0.245158 0.653080 0.023445 0.030797
0 0.275229 0.222826 0.018349 0.028986
0 0.967890 0.488225 0.027523 0.041667
0 0.645770 0.491848 0.025484 0.034420
0 0.255861 0.134058 0.026504 0.039855
0 0.571865 0.867754 0.020387 0.028986
0 0.550968 0.375000 0.025484 0.036232
0 0.423547 0.397645 0.021407 0.034420
0 0.122834 0.115942 0.019368 0.028986
0 0.793578 0.455616 0.025484 0.038043
0 0.540775 0.985507 0.023445 0.028986
0 0.780836 0.315217 0.024465 0.036232
0 0.974006 0.956522 0.023445 0.032609
0 0.390418 0.686594 0.024465 0.039855
0 0.269113 0.599638 0.026504 0.036232
0 0.229358 0.475543 0.026504 0.034420
0 0.422528 0.609601 0.025484 0.038043
0 0.189602 0.643116 0.024465 0.039855
0 0.919980 0.291667 0.025484 0.036232
0 0.346075 0.942029 0.023445 0.036232
0 0.882263 0.620471 0.025484 0.034420
0 0.587666 0.431159 0.023445 0.036232
0 0.732926 0.378623 0.024465 0.036232
0 0.817533 0.307065 0.024465 0.034420
0 0.546891 0.700181 0.023445 0.034420
0 0.182467 0.225543 0.026504 0.041667
0 0.951580 0.813406 0.029562 0.039855
0 0.609582 0.829710 0.024465 0.032609
0 0.920489 0.876812 0.024465 0.036232
0 0.502039 0.278080 0.023445 0.038043
0 0.304791 0.300725 0.022426 0.036232
0 0.705403 0.811594 0.024465 0.036232
0 0.858308 0.666667 0.022426 0.028986
0 0.544343 0.560688 0.026504 0.038043
0 0.210499 0.288949 0.023445 0.038043
0 0.930173 0.640399 0.027523 0.038043
0 0.969929 0.201087 0.023445 0.032609
0 0.869521 0.527174 0.026504 0.039855
0 0.397554 0.328804 0.022426 0.034420
0 0.651886 0.752717 0.025484 0.038043
0 0.395515 0.794384 0.024465 0.034420
0 0.868502 0.278080 0.024465 0.034420
0 0.603976 0.699275 0.025484 0.032609
0 0.466871 0.583333 0.026504 0.039855
0 0.586646 0.505435 0.023445 0.039855
0 0.208461 0.120471 0.019368 0.030797
0 0.217125 0.932971 0.026504 0.039855
0 0.844546 0.981884 0.025484 0.032609
0 0.059123 0.926630 0.026504 0.038043
0 0.601427 0.311594 0.024465 0.036232
0 0.435270 0.778080 0.020387 0.034420
0 0.701835 0.431159 0.023445 0.036232
0 0.187054 0.538043 0.021407 0.032609
0 0.599898 0.603261 0.023445 0.036232
0 0.705403 0.692029 0.024465 0.036232
0 0.824159 0.560688 0.025484 0.038043
0 0.714577 0.542572 0.024465 0.034420
0 0.382263 0.495471 0.024465 0.038043
0 0.554536 0.268116 0.022426 0.032609
0 0.303262 0.923007 0.023445 0.034420
0 0.059633 0.127717 0.023445 0.034420
0 0.139144 0.332428 0.025484 0.034420
0 0.727319 0.892210 0.025484 0.038043
0 0.467380 0.357790 0.021407 0.034420
0 0.516310 0.209239 0.023445 0.038043
0 0.347095 0.255435 0.023445 0.032609
0 0.446993 0.299819 0.023445 0.034420
0 0.540265 0.467391 0.022426 0.036232
0 0.924567 0.375906 0.026504 0.038043
0 0.865443 0.916667 0.022426 0.036232
0 0.816514 0.502717 0.024465 0.038043
0 0.699286 0.956522 0.022426 0.032609
0 0.333843 0.673007 0.025484 0.038043
0 0.312946 0.366848 0.022426 0.034420
0 0.541284 0.806159 0.022426 0.032609
0 0.655454 0.884964 0.024465 0.034420
0 0.319572 0.561594 0.025484 0.036232
0 0.841488 0.355072 0.023445 0.032609
0 0.764526 0.384058 0.026504 0.032609
0 0.844037 0.848732 0.026504 0.034420
0 0.670744 0.566123 0.024465 0.038043
0 0.659531 0.916667 0.024465 0.036232
0 0.746687 0.601449 0.023445 0.032609
0 0.332824 0.466486 0.023445 0.034420
0 0.329256 0.761775 0.020387 0.030797
0 0.687564 0.496377 0.025484 0.032609
0 0.125382 0.221014 0.022426 0.032609
0 0.221203 0.551630 0.026504 0.038043
0 0.573394 0.948370 0.023445 0.034420
0 0.077472 0.496377 0.028542 0.028986
0 0.933231 0.965580 0.025484 0.036232
0 0.880734 0.341486 0.026504 0.038043
0 0.759939 0.499094 0.025484 0.034420
0 0.641182 0.410326 0.024465 0.034420
0 0.107543 0.194746 0.023445 0.030797
0 0.750765 0.985507 0.021407 0.028986
0 0.066769 0.721014 0.023445 0.032609
0 0.282365 0.727355 0.024465 0.034420
0 0.592253 0.230978 0.026504 0.038043
0 0.096330 0.773551 0.023445 0.032609
0 0.917431 0.705616 0.026504 0.038043
0 0.895005 0.788043 0.024465 0.032609
0 0.803772 0.901268 0.025484 0.034420
0 0.960245 0.350543 0.022426 0.034420
0 0.464322 0.984601 0.023445 0.030797
0 0.424567 0.914855 0.025484 0.032609
0 0.872579 0.212862 0.026504 0.034420
0 0.259429 0.432971 0.025484 0.036232
0 0.721203 0.255435 0.023445 0.032609
0 0.642202 0.342391 0.022426 0.036232
0 0.683996 0.372283 0.022426 0.034420
0 0.974516 0.720109 0.024465 0.030797
0 0.287971 0.498188 0.023445 0.032609
0 0.164118 0.105978 0.020387 0.034420
0 0.548420 0.627717 0.024465 0.034420
0 0.660041 0.653986 0.023445 0.036232
0 0.013252 0.129529 0.022426 0.034420
0 0.989806 0.820652 0.020387 0.032609
0 0.754842 0.775362 0.023445 0.032609
0 0.832314 0.185688 0.023445 0.030797
0 0.693170 0.208333 0.022426 0.032609
0 0.386340 0.163949 0.024465 0.034420
0 0.781346 0.584239 0.027523 0.038043
0 0.310398 0.141304 0.023445 0.032609
0 0.916412 0.183877 0.024465 0.038043
0 0.359837 0.414855 0.024465 0.036232
0 0.451580 0.441123 0.022426 0.034420
0 0.479613 0.694746 0.023445 0.030797
0 0.469419 0.190217 0.023445 0.032609
0 0.872069 0.985507 0.021407 0.025362
0 0.380734 0.603261 0.025484 0.036232
0 0.855250 0.766304 0.022426 0.036232
0 0.665138 0.147645 0.023445 0.038043
0 0.776758 0.187500 0.026504 0.041667
0 0.887870 0.447464 0.024465 0.032609
0 0.118756 0.495471 0.021407 0.030797
0 0.652396 0.260870 0.020387 0.032609
0 0.414883 0.191123 0.024465 0.034420
0 0.153925 0.480978 0.026504 0.034420
0 0.984709 0.659420 0.024465 0.036232
0 0.035678 0.356884 0.022426 0.028986
0 0.262487 0.985507 0.021407 0.028986
0 0.022936 0.254529 0.027523 0.030797
0 0.133028 0.988225 0.023445 0.023551
0 0.086137 0.639493 0.021407 0.032609
0 0.990826 0.609601 0.018349 0.038043
0 0.013252 0.214674 0.020387 0.030797
0 0.994393 0.183877 0.011213 0.038043
0 0.989806 0.307065 0.020387 0.045290
0 0.992864 0.426630 0.014271 0.038043
0 0.777268 0.859601 0.023445 0.056159
0 0.760958 0.267210 0.023445 0.034420
0 0.567788 0.179348 0.026504 0.036232
0 0.423038 0.984601 0.022426 0.030797
0 0.139144 0.393116 0.031600 0.036232
0 0.008665 0.449275 0.015291 0.032609
0 0.024975 0.599638 0.029562 0.028986
