0 0.370031 0.509058 0.018349 0.025362
0 0.618247 0.442935 0.019368 0.027174
0 0.484200 0.394928 0.018349 0.028986
0 0.429664 0.474638 0.019368 0.025362
0 0.218654 0.180254 0.017329 0.027174
0 0.770642 0.504529 0.020387 0.030797
0 0.720183 0.318841 0.019368 0.032609
0 0.554536 0.613225 0.022426 0.030797
0 0.593272 0.355978 0.020387 0.030797
0 0.584608 0.493659 0.019368 0.027174
0 0.767584 0.572464 0.020387 0.025362
0 0.847095 0.600543 0.020387 0.027174
0 0.299185 0.484601 0.021407 0.030797
0 0.255352 0.444746 0.019368 0.027174
0 0.768094 0.427536 0.019368 0.025362
0 0.213048 0.068841 0.018349 0.028986
0 0.793578 0.423913 0.021407 0.028986
0 0.468400 0.589674 0.019368 0.030797
0 0.487768 0.481884 0.021407 0.028986
0 0.654944 0.560688 0.019368 0.030797
0 0.698267 0.491848 0.020387 0.027174
0 0.696738 0.425725 0.019368 0.032609
0 0.525994 0.515399 0.020387 0.034420
0 0.655454 0.474638 0.018349 0.032609
0 0.510703 0.584239 0.020387 0.030797
0 0.444444 0.515399 0.020387 0.027174
0 0.818552 0.061594 0.020387 0.028986
0 0.980632 0.281703 0.022426 0.027174
0 0.807339 0.342391 0.022426 0.028986
0 0.399083 0.459239 0.019368 0.027174
0 0.938838 0.128623 0.018349 0.025362
0 0.851172 0.340580 0.022426 0.032609
0 0.217635 0.381341 0.019368 0.030797
0 0.690622 0.545290 0.019368 0.032609
0 0.832314 0.035326 0.017329 0.027174
0 0.646279 0.346920 0.022426 0.030797
0 0.801223 0.586957 0.020387 0.028986
0 0.726300 0.380435 0.019368 0.028986
0 0.793578 0.636775 0.021407 0.027174
0 0.715596 0.597826 0.018349 0.025362
0 0.662080 0.410326 0.019368 0.030797
0 0.733435 0.524457 0.019368 0.030797
0 0.881244 0.492754 0.017329 0.025362
0 0.510703 0.427536 0.020387 0.028986
0 0.604485 0.661232 0.020387 0.028986
0 0.618247 0.539855 0.019368 0.032609
0 0.190112 0.278986 0.019368 0.028986
0 0.803772 0.523551 0.023445 0.028986
0 0.627931 0.651268 0.020387 0.030797
0 0.976045 0.187500 0.019368 0.027174
0 0.899592 0.552536 0.019368 0.025362
0 0.751274 0.460145 0.018349 0.025362
0 0.664628 0.342391 0.018349 0.028986
0 0.992864 0.153080 0.014271 0.023551
0 0.264016 0.013587 0.016310 0.023551
0 0.859837 0.007246 0.015291 0.010870
0 0.858818 0.502717 0.021407 0.027174
0 0.113150 0.823370 0.016310 0.023551
0 0.848114 0.453804 0.020387 0.027174
0 0.174822 0.845109 0.017329 0.027174
0 0.993374 0.099638 0.013252 0.028986
0 0.120285 0.761775 0.018349 0.019928
0 0.214577 0.830616 0.019368 0.027174
0 0.069317 0.470109 0.022426 0.027174
