0 0.069973 0.686594 0.028533 0.039855
0 0.340353 0.432065 0.031250 0.034420
0 0.130435 0.959239 0.027174 0.030797
0 0.414402 0.478261 0.032609 0.036232
0 0.340353 0.528986 0.039402 0.039855
0 0.098505 0.558877 0.033967 0.038043
0 0.217391 0.520833 0.035326 0.038043
0 0.260870 0.701993 0.032609 0.038043
0 0.105299 0.980072 0.025815 0.032609
0 0.028533 0.809783 0.027174 0.032609
0 0.982337 0.961957 0.019022 0.018116
0 0.165082 0.275362 0.031250 0.047101
0 0.042120 0.088768 0.027174 0.036232
0 0.055027 0.058877 0.020380 0.027174
0 0.887228 0.938406 0.010870 0.014493
0 0.879755 0.966486 0.017663 0.016304
0 0.886549 0.917572 0.012228 0.016304
