0 0.493374 0.441123 0.026504 0.038043
0 0.622834 0.820652 0.022426 0.036232
0 0.423038 0.401268 0.022426 0.034420
0 0.291030 0.865036 0.021407 0.034420
0 0.295107 0.131341 0.025484 0.038043
0 0.240571 0.485507 0.026504 0.036232
0 0.851682 0.778080 0.023445 0.038043
0 0.854740 0.889493 0.023445 0.036232
0 0.384302 0.490942 0.022426 0.036232
0 0.715087 0.535326 0.023445 0.038043
0 0.876656 0.606884 0.026504 0.036232
0 0.835372 0.977355 0.025484 0.038043
0 0.546381 0.567029 0.024465 0.036232
0 0.876656 0.223732 0.024465 0.038043
0 0.477574 0.558877 0.023445 0.038043
0 0.567788 0.855072 0.022426 0.032609
0 0.327217 0.753623 0.022426 0.036232
0 0.544343 0.458333 0.024465 0.036232
0 0.536697 0.806159 0.021407 0.032609
0 0.924057 0.374094 0.025484 0.038043
0 0.591743 0.496377 0.025484 0.039855
0 0.274210 0.230978 0.020387 0.030797
0 0.184506 0.224638 0.024465 0.036232
0 0.657492 0.893116 0.024465 0.036232
0 0.875127 0.521739 0.025484 0.036232
0 0.231906 0.375906 0.023445 0.034420
0 0.795107 0.669384 0.026504 0.038043
0 0.604485 0.698370 0.026504 0.034420
0 0.955148 0.321558 0.026504 0.038043
0 0.340469 0.685688 0.024465 0.038043
0 0.171254 0.630435 0.026504 0.032609
0 0.390928 0.789855 0.023445 0.036232
0 0.644241 0.480072 0.024465 0.036232
0 0.656473 0.754529 0.026504 0.041667
0 0.220693 0.557065 0.023445 0.034420
0 0.247706 0.652174 0.022426 0.032609
0 0.776758 0.868659 0.024465 0.038043
0 0.708461 0.818841 0.024465 0.036232
0 0.709990 0.692935 0.023445 0.034420
0 0.566769 0.961957 0.024465 0.032609
0 0.653925 0.554348 0.023445 0.039855
0 0.604485 0.600543 0.024465 0.038043
0 0.287462 0.491848 0.022426 0.038043
0 0.213558 0.934783 0.025484 0.036232
0 0.462793 0.980978 0.022426 0.030797
0 0.061162 0.127717 0.024465 0.034420
0 0.805810 0.900362 0.023445 0.032609
0 0.062181 0.957428 0.022426 0.034420
0 0.953109 0.814312 0.024465 0.038043
0 0.794088 0.449275 0.024465 0.036232
0 0.338430 0.472826 0.024465 0.036232
0 0.955148 0.472826 0.028542 0.039855
0 0.971458 0.206522 0.022426 0.032609
0 0.963812 0.934783 0.021407 0.036232
0 0.827217 0.573370 0.025484 0.038043
0 0.832314 0.220109 0.025484 0.034420
0 0.545362 0.701087 0.024465 0.036232
0 0.834353 0.828804 0.025484 0.034420
0 0.808359 0.759058 0.024465 0.032609
0 0.685525 0.499094 0.025484 0.034420
0 0.514781 0.210145 0.022426 0.036232
0 0.757390 0.776268 0.022426 0.030797
0 0.397554 0.324275 0.022426 0.036232
0 0.848114 0.669384 0.022426 0.030797
0 0.331804 0.917572 0.021407 0.034420
0 0.707441 0.275362 0.022426 0.028986
0 0.260449 0.432065 0.023445 0.038043
0 0.466361 0.358696 0.021407 0.036232
0 0.765036 0.519022 0.025484 0.034420
0 0.659531 0.657609 0.024465 0.039855
0 0.068298 0.734601 0.022426 0.034420
0 0.310907 0.275362 0.022426 0.032609
0 0.886340 0.450181 0.025484 0.034420
0 0.610092 0.892210 0.021407 0.030797
0 0.751274 0.983696 0.022426 0.028986
0 0.284913 0.732790 0.021407 0.030797
0 0.916412 0.702899 0.026504 0.036232
0 0.932722 0.937500 0.026504 0.034420
0 0.589704 0.225543 0.023445 0.038043
0 0.690112 0.435688 0.024465 0.034420
0 0.589195 0.419384 0.026504 0.045290
0 0.731397 0.382246 0.025484 0.036232
0 0.316004 0.366848 0.022426 0.034420
0 0.341998 0.257246 0.025484 0.036232
0 0.500000 0.279891 0.023445 0.034420
0 0.211519 0.289855 0.023445 0.036232
0 0.449032 0.307065 0.023445 0.038043
0 0.664118 0.154891 0.021407 0.034420
0 0.091743 0.794384 0.022426 0.034420
0 0.145770 0.320652 0.026504 0.036232
0 0.818043 0.299819 0.027523 0.038043
0 0.879205 0.348732 0.027523 0.038043
0 0.391437 0.163949 0.024465 0.038043
0 0.428135 0.920290 0.022426 0.032609
0 0.779817 0.306159 0.024465 0.036232
0 0.822630 0.500906 0.022426 0.034420
0 0.359837 0.410326 0.024465 0.034420
0 0.382773 0.607790 0.027523 0.038043
0 0.732926 0.592391 0.026504 0.039855
0 0.549439 0.627717 0.022426 0.034420
0 0.988787 0.825181 0.020387 0.030797
0 0.483690 0.688406 0.025484 0.032609
0 0.832314 0.359601 0.023445 0.038043
0 0.431193 0.780797 0.022426 0.032609
0 0.409786 0.682971 0.022426 0.039855
0 0.637105 0.346920 0.024465 0.034420
0 0.323140 0.173913 0.024465 0.036232
0 0.104995 0.615942 0.024465 0.032609
0 0.103976 0.219203 0.022426 0.032609
0 0.547910 0.348732 0.023445 0.034420
0 0.986239 0.421196 0.023445 0.030797
0 0.681448 0.380435 0.021407 0.032609
0 0.558104 0.274457 0.025484 0.034420
0 0.864934 0.272645 0.023445 0.034420
0 0.135576 0.230978 0.024465 0.030797
0 0.124363 0.144928 0.022426 0.032609
0 0.073394 0.492754 0.020387 0.021739
0 0.640673 0.413043 0.025484 0.036232
0 0.975025 0.721014 0.023445 0.028986
0 0.864934 0.961051 0.021407 0.034420
0 0.760449 0.379529 0.022426 0.038043
0 0.011723 0.122283 0.019368 0.030797
0 0.136086 0.452899 0.023445 0.032609
0 0.216616 0.129529 0.021407 0.034420
0 0.786952 0.985507 0.024465 0.028986
0 0.986239 0.660326 0.023445 0.045290
0 0.024975 0.252717 0.025484 0.030797
0 0.310398 0.567029 0.023445 0.032609
0 0.785933 0.584239 0.026504 0.038043
0 0.894495 0.768116 0.023445 0.036232
0 0.972477 0.286232 0.024465 0.036232
0 0.913863 0.177536 0.025484 0.036232
0 0.433231 0.582428 0.028542 0.041667
0 0.268603 0.593297 0.025484 0.034420
0 0.695209 0.951993 0.024465 0.034420
0 0.453109 0.451087 0.025484 0.039855
0 0.912334 0.282609 0.026504 0.036232
0 0.164628 0.447464 0.023445 0.032609
0 0.681448 0.225543 0.021407 0.030797
0 0.597859 0.307971 0.023445 0.036232
0 0.726809 0.894928 0.026504 0.036232
0 0.633028 0.987319 0.024465 0.025362
0 0.568807 0.179348 0.022426 0.028986
0 0.171254 0.139493 0.020387 0.032609
0 0.133537 0.397645 0.020387 0.027174
0 0.019878 0.221920 0.023445 0.030797
0 0.038226 0.355072 0.021407 0.025362
0 0.013252 0.452899 0.024465 0.039855
0 0.029562 0.658514 0.028542 0.023551
0 0.981142 0.599638 0.025484 0.039855
0 0.903670 0.860507 0.023445 0.050725
0 0.781346 0.191123 0.019368 0.038043
0 0.753823 0.271739 0.021407 0.039855
0 0.651376 0.259964 0.018349 0.038043
0 0.473496 0.178442 0.021407 0.041667
0 0.420489 0.186594 0.017329 0.032609
0 0.366463 0.989130 0.019368 0.021739
0 0.422018 0.983696 0.026504 0.032609
