0 0.452599 0.313406 0.016310 0.021739
0 0.571356 0.216486 0.013252 0.019928
0 0.449032 0.440217 0.015291 0.021739
0 0.557085 0.115942 0.013252 0.018116
0 0.497961 0.151268 0.013252 0.016304
0 0.393476 0.173913 0.014271 0.018116
0 0.543833 0.334239 0.015291 0.019928
0 0.640673 0.204710 0.013252 0.021739
0 0.574414 0.149457 0.013252 0.019928
0 0.544343 0.262681 0.014271 0.018116
0 0.568807 0.419384 0.016310 0.019928
0 0.526504 0.146739 0.013252 0.021739
0 0.429664 0.134964 0.011213 0.016304
0 0.486748 0.268116 0.013252 0.014493
0 0.497961 0.476449 0.017329 0.025362
0 0.616208 0.190217 0.015291 0.021739
0 0.522936 0.532609 0.016310 0.021739
0 0.541794 0.300725 0.015291 0.021739
0 0.596330 0.188406 0.014271 0.021739
0 0.474516 0.382246 0.013252 0.021739
0 0.530071 0.096014 0.010194 0.018116
0 0.292559 0.191123 0.014271 0.019928
0 0.416412 0.244565 0.017329 0.018116
0 0.705912 0.235507 0.013252 0.021739
0 0.695719 0.270833 0.015291 0.019928
0 0.427625 0.193841 0.013252 0.021739
0 0.393986 0.228261 0.015291 0.018116
0 0.725280 0.240036 0.015291 0.019928
0 0.232926 0.849638 0.021407 0.028986
0 0.455657 0.236413 0.016310 0.019928
0 0.671254 0.211051 0.015291 0.023551
0 0.332824 0.247283 0.017329 0.019928
0 0.466871 0.086051 0.010194 0.016304
0 0.510194 0.197464 0.015291 0.018116
0 0.655454 0.410326 0.014271 0.027174
0 0.715087 0.285326 0.015291 0.023551
0 0.661570 0.269928 0.012232 0.018116
0 0.627421 0.265399 0.013252 0.019928
0 0.591233 0.259058 0.018349 0.025362
0 0.562691 0.261775 0.012232 0.016304
0 0.508665 0.251812 0.012232 0.018116
0 0.508665 0.345109 0.012232 0.027174
0 0.525484 0.429348 0.013252 0.025362
0 0.326198 0.391304 0.012232 0.018116
0 0.361876 0.246377 0.016310 0.021739
0 0.346585 0.185688 0.014271 0.023551
0 0.471967 0.130435 0.012232 0.018116
0 0.448522 0.185688 0.014271 0.023551
0 0.437819 0.091486 0.011213 0.023551
0 0.497961 0.099638 0.015291 0.025362
0 0.298675 0.243659 0.016310 0.023551
0 0.268094 0.253623 0.014271 0.014493
0 0.267584 0.202899 0.011213 0.018116
0 0.109582 0.376812 0.013252 0.018116
0 0.117227 0.331522 0.010194 0.010870
0 0.181957 0.013587 0.011213 0.019928
0 0.058614 0.137681 0.009174 0.018116
0 0.031091 0.257246 0.011213 0.014493
