0 0.474864 0.417572 0.033967 0.038043
0 0.609375 0.438406 0.031250 0.036232
0 0.407609 0.461957 0.032609 0.036232
0 0.461277 0.495471 0.033967 0.038043
0 0.515625 0.468297 0.028533 0.038043
0 0.416440 0.387681 0.028533 0.039855
0 0.595109 0.326087 0.032609 0.036232
0 0.621603 0.516304 0.025815 0.032609
0 0.366168 0.508152 0.031250 0.034420
0 0.680027 0.630435 0.028533 0.032609
0 0.418478 0.558877 0.032609 0.038043
0 0.317255 0.525362 0.031250 0.036232
0 0.656929 0.544384 0.031250 0.034420
0 0.605978 0.601449 0.032609 0.039855
0 0.057065 0.848732 0.029891 0.041667
0 0.684103 0.380435 0.028533 0.032609
0 0.546196 0.528986 0.029891 0.036232
0 0.451766 0.338768 0.028533 0.036232
0 0.116168 0.553442 0.031250 0.038043
0 0.514266 0.650362 0.028533 0.036232
0 0.742527 0.583333 0.025815 0.025362
0 0.704484 0.528986 0.028533 0.028986
0 0.573370 0.390399 0.029891 0.034420
0 0.589674 0.508152 0.029891 0.034420
0 0.771060 0.568841 0.028533 0.032609
0 0.646739 0.318841 0.029891 0.028986
0 0.681386 0.309783 0.025815 0.028986
0 0.690217 0.692935 0.027174 0.030797
0 0.794837 0.571558 0.021739 0.023551
0 0.553668 0.608696 0.031250 0.036232
0 0.796875 0.487319 0.023098 0.025362
0 0.680027 0.451993 0.028533 0.034420
0 0.618207 0.714674 0.027174 0.034420
0 0.728940 0.509964 0.025815 0.034420
0 0.722147 0.436594 0.033967 0.025362
0 0.434783 0.678442 0.032609 0.041667
0 0.638587 0.610507 0.027174 0.036232
0 0.523098 0.375000 0.032609 0.036232
0 0.218071 0.537138 0.033967 0.034420
0 0.045516 0.626812 0.028533 0.036232
0 0.489810 0.576993 0.033967 0.041667
0 0.264266 0.701993 0.031250 0.038043
0 0.753397 0.475543 0.025815 0.030797
0 0.746603 0.408514 0.023098 0.027174
0 0.722147 0.646739 0.023098 0.025362
0 0.750679 0.615942 0.025815 0.025362
0 0.327446 0.459239 0.029891 0.038043
0 0.756793 0.445652 0.024457 0.025362
0 0.703125 0.632246 0.020380 0.028986
0 0.779891 0.620471 0.024457 0.019928
0 0.771060 0.413043 0.023098 0.028986
0 0.709918 0.358696 0.023098 0.028986
0 0.166440 0.269928 0.036685 0.047101
0 0.024457 0.094203 0.024457 0.025362
