0 0.663609 0.473732 0.022426 0.034420
0 0.550459 0.368659 0.026504 0.038043
0 0.573394 0.586957 0.023445 0.032609
0 0.940367 0.686594 0.017329 0.021739
0 0.843017 0.589674 0.022426 0.030797
0 0.416412 0.448370 0.019368 0.030797
0 0.676860 0.380435 0.022426 0.028986
0 0.543833 0.485507 0.025484 0.025362
0 0.608053 0.408514 0.023445 0.038043
0 0.732926 0.544384 0.022426 0.034420
0 0.506626 0.541667 0.022426 0.028986
0 0.151886 0.798913 0.016310 0.039855
0 0.665647 0.318841 0.022426 0.043478
0 0.946483 0.643116 0.017329 0.025362
0 0.873598 0.526268 0.018349 0.027174
0 0.365953 0.498188 0.020387 0.032609
0 0.776249 0.529891 0.021407 0.027174
0 0.988277 0.473732 0.019368 0.030797
0 0.890418 0.479167 0.021407 0.030797
0 0.159531 0.360507 0.023445 0.036232
0 0.223242 0.339674 0.014271 0.027174
0 0.784913 0.357790 0.020387 0.027174
0 0.853721 0.352355 0.019368 0.027174
0 0.900102 0.334239 0.020387 0.023551
0 0.947503 0.370471 0.013252 0.027174
0 0.977574 0.428442 0.020387 0.023551
0 0.984709 0.531703 0.022426 0.023551
0 0.974516 0.575181 0.020387 0.019928
0 0.953619 0.594203 0.021407 0.028986
0 0.963303 0.654891 0.014271 0.027174
0 0.958716 0.701993 0.017329 0.027174
0 0.883282 0.657609 0.019368 0.025362
0 0.917431 0.641304 0.020387 0.025362
0 0.906218 0.585145 0.018349 0.025362
0 0.904179 0.526268 0.018349 0.019928
0 0.949032 0.528986 0.020387 0.025362
0 0.909786 0.472826 0.015291 0.021739
0 0.938838 0.441123 0.020387 0.023551
0 0.901631 0.396739 0.023445 0.028986
0 0.846075 0.451087 0.016310 0.025362
0 0.818043 0.490942 0.019368 0.025362
0 0.801223 0.431159 0.020387 0.028986
0 0.750765 0.452899 0.021407 0.025362
0 0.752294 0.378623 0.022426 0.028986
0 0.811927 0.609601 0.025484 0.027174
0 0.823140 0.687500 0.017329 0.027174
0 0.768603 0.615942 0.020387 0.028986
0 0.724261 0.694746 0.021407 0.030797
0 0.692151 0.653080 0.018349 0.030797
0 0.643731 0.612319 0.021407 0.028986
0 0.681957 0.528080 0.022426 0.027174
0 0.627421 0.530797 0.021407 0.032609
0 0.591233 0.485507 0.020387 0.025362
0 0.517329 0.442935 0.019368 0.027174
0 0.477064 0.479167 0.016310 0.034420
0 0.441896 0.523551 0.021407 0.025362
0 0.324159 0.450181 0.024465 0.030797
0 0.255861 0.422101 0.016310 0.021739
0 0.269623 0.494565 0.019368 0.028986
0 0.193680 0.195652 0.016310 0.036232
0 0.153925 0.158514 0.016310 0.027174
0 0.085627 0.728261 0.022426 0.025362
0 0.115189 0.823370 0.016310 0.023551
0 0.200306 0.872283 0.013252 0.023551
