0 0.118465 0.523019 0.0303247 0.0363877
0 0.841779 0.862876 0.0309968 0.0359795
0 0.0403755 0.667644 0.0292868 0.04046
0 0.804794 0.662109 0.0133763 0.0184112
0 0.158745 0.0366888 0.0243841 0.027293
0 0.97642 0.125013 0.0191517 0.0223136
0 0.125743 0.16469 0.0249569 0.0271556
0 0.231094 0.493535 0.0329466 0.0367171
0 0.227181 0.0364969 0.0274831 0.0287573
0 0.337071 0.963766 0.019035 0.025213
0 0.0805324 0.169971 0.0227684 0.0247973
0 0.0437722 0.87532 0.0274181 0.0350702
0 0.852122 0.637933 0.0128494 0.01424
0 0.256611 0.968788 0.0291523 0.0283723
0 0.685632 0.124179 0.0315851 0.0346413
