0 0.841712 0.472826 0.023098 0.025362
0 0.448370 0.401268 0.029891 0.034420
0 0.170516 0.517210 0.031250 0.038043
0 0.512228 0.399457 0.035326 0.038043
0 0.688859 0.423913 0.032609 0.032609
0 0.458560 0.490036 0.033967 0.038043
0 0.703125 0.529891 0.028533 0.030797
0 0.508832 0.490942 0.033967 0.036232
0 0.680707 0.641304 0.027174 0.032609
0 0.730299 0.389493 0.028533 0.032609
0 0.077446 0.596014 0.035326 0.036232
0 0.612772 0.585145 0.032609 0.036232
0 0.479620 0.557971 0.032609 0.036232
0 0.415082 0.579710 0.036685 0.039855
0 0.733016 0.486413 0.025815 0.030797
0 0.580163 0.403986 0.029891 0.036232
0 0.565217 0.560688 0.032609 0.038043
0 0.368207 0.554348 0.029891 0.036232
0 0.544837 0.342391 0.029891 0.036232
0 0.644701 0.461957 0.031250 0.032609
0 0.587636 0.356884 0.028533 0.032609
0 0.657609 0.615942 0.029891 0.036232
0 0.813179 0.543478 0.023098 0.028986
0 0.235054 0.532609 0.035326 0.039855
0 0.626359 0.416667 0.029891 0.032609
0 0.756114 0.439312 0.025815 0.030797
0 0.544158 0.663043 0.031250 0.039855
0 0.807065 0.481884 0.021739 0.021739
0 0.517663 0.580616 0.029891 0.034420
0 0.713995 0.341486 0.025815 0.030797
0 0.376359 0.403986 0.029891 0.039855
0 0.771739 0.512681 0.024457 0.028986
0 0.752038 0.616848 0.025815 0.030797
0 0.584239 0.490942 0.032609 0.036232
0 0.724185 0.599638 0.027174 0.028986
0 0.737092 0.664855 0.023098 0.021739
0 0.674592 0.696558 0.025815 0.027174
0 0.833560 0.563406 0.020380 0.021739
0 0.421875 0.474638 0.031250 0.036232
0 0.598505 0.660326 0.028533 0.034420
0 0.086957 0.914855 0.024457 0.032609
0 0.350543 0.476449 0.035326 0.036232
0 0.682065 0.336957 0.029891 0.032609
0 0.036685 0.951087 0.024457 0.032609
0 0.743886 0.545290 0.028533 0.028986
0 0.437500 0.680254 0.035326 0.041667
0 0.343750 0.641304 0.032609 0.039855
0 0.786005 0.585145 0.023098 0.025362
0 0.304348 0.471920 0.029891 0.034420
0 0.675272 0.540761 0.027174 0.030797
0 0.449728 0.323370 0.027174 0.038043
0 0.789402 0.416667 0.021739 0.025362
0 0.033288 0.822464 0.025815 0.032609
0 0.656250 0.364130 0.029891 0.032609
0 0.798913 0.338768 0.021739 0.021739
0 0.164402 0.273551 0.029891 0.039855
0 0.648098 0.522645 0.027174 0.034420
0 0.260870 0.701087 0.032609 0.039855
0 0.790082 0.634058 0.025815 0.025362
0 0.025815 0.159420 0.027174 0.032609
0 0.612772 0.495471 0.024457 0.030797
0 0.042799 0.067935 0.025815 0.038043
0 0.705163 0.704710 0.027174 0.028986
0 0.820652 0.597826 0.027174 0.025362
0 0.813859 0.412138 0.016304 0.019928
0 0.796196 0.426630 0.019022 0.023551
0 0.757473 0.374094 0.020380 0.027174
