0 0.548930 0.482790 0.017329 0.023551
0 0.546381 0.406703 0.018349 0.023551
0 0.616208 0.450181 0.017329 0.023551
0 0.652905 0.438406 0.015291 0.021739
0 0.488787 0.357790 0.017329 0.023551
0 0.510703 0.493659 0.016310 0.023551
0 0.571865 0.333333 0.016310 0.018116
0 0.510703 0.437500 0.018349 0.023551
0 0.453109 0.495471 0.017329 0.023551
0 0.313456 0.491848 0.017329 0.023551
0 0.408767 0.427536 0.018349 0.021739
0 0.577472 0.536232 0.017329 0.021739
0 0.433741 0.562500 0.017329 0.023551
0 0.238532 0.437500 0.016310 0.023551
0 0.334862 0.409420 0.017329 0.025362
0 0.376656 0.579710 0.015291 0.021739
0 0.477574 0.452899 0.017329 0.025362
0 0.112640 0.505435 0.015291 0.021739
0 0.379715 0.423007 0.015291 0.023551
0 0.447503 0.308877 0.016310 0.019928
0 0.231397 0.542572 0.014271 0.023551
0 0.582059 0.596920 0.016310 0.019928
0 0.338940 0.559783 0.017329 0.025362
0 0.455148 0.366848 0.015291 0.023551
0 0.618756 0.350543 0.016310 0.019928
0 0.380734 0.506341 0.017329 0.023551
0 0.664118 0.592391 0.015291 0.021739
0 0.531091 0.319746 0.016310 0.023551
0 0.188583 0.489130 0.014271 0.021739
0 0.071865 0.505435 0.015291 0.018116
0 0.241081 0.484601 0.015291 0.019928
0 0.629460 0.520833 0.015291 0.023551
0 0.142202 0.494565 0.015291 0.021739
0 0.546891 0.288043 0.013252 0.018116
0 0.897554 0.476449 0.011213 0.018116
0 0.422528 0.497283 0.017329 0.023551
0 0.193680 0.438406 0.014271 0.021739
0 0.652396 0.506341 0.016310 0.023551
0 0.165647 0.471014 0.015291 0.018116
0 0.065240 0.538949 0.014271 0.019928
0 0.163099 0.429348 0.014271 0.021739
0 0.605505 0.500906 0.014271 0.023551
0 0.894495 0.227355 0.015291 0.019928
0 0.684506 0.535326 0.017329 0.027174
0 0.378186 0.340580 0.016310 0.032609
0 0.136086 0.584239 0.013252 0.019928
0 0.479613 0.712862 0.017329 0.034420
0 0.527523 0.568841 0.017329 0.032609
0 0.475025 0.314312 0.014271 0.023551
0 0.592762 0.408514 0.013252 0.019928
0 0.691641 0.429348 0.013252 0.018116
0 0.699796 0.485507 0.017329 0.021739
0 0.662589 0.327899 0.014271 0.025362
0 0.805301 0.644022 0.014271 0.016304
0 0.670234 0.679348 0.015291 0.018116
0 0.401631 0.301630 0.016310 0.030797
0 0.323649 0.346014 0.017329 0.021739
0 0.289501 0.334239 0.016310 0.019928
0 0.284404 0.397645 0.014271 0.019928
0 0.280836 0.491848 0.017329 0.023551
0 0.248726 0.369565 0.018349 0.021739
0 0.213558 0.330616 0.013252 0.023551
0 0.210499 0.420290 0.017329 0.025362
0 0.185015 0.370471 0.013252 0.019928
0 0.152396 0.335145 0.017329 0.028986
0 0.137615 0.307065 0.012232 0.012681
0 0.088685 0.336051 0.012232 0.016304
0 0.072375 0.346920 0.010194 0.016304
0 0.080020 0.411232 0.009174 0.018116
0 0.101937 0.436594 0.014271 0.021739
0 0.093272 0.478261 0.009174 0.014493
0 0.877676 0.195652 0.010194 0.025362
0 0.890928 0.503623 0.010194 0.021739
0 0.146789 0.390399 0.010194 0.016304
0 0.119776 0.384058 0.011213 0.014493
0 0.106014 0.398551 0.012232 0.014493
0 0.048420 0.475543 0.011213 0.016304
0 0.051988 0.500906 0.008155 0.012681
0 0.098369 0.526268 0.011213 0.012681
0 0.023955 0.522645 0.011213 0.012681
0 0.042813 0.405797 0.010194 0.018116
0 0.085117 0.569746 0.011213 0.019928
0 0.035168 0.484601 0.009174 0.012681
0 0.030071 0.404891 0.011213 0.016304
0 0.016820 0.431159 0.009174 0.010870
0 0.017839 0.496377 0.011213 0.021739
0 0.022426 0.470109 0.010194 0.012681
0 0.008155 0.380435 0.008155 0.010870
