0 0.530581 0.464674 0.019368 0.034420
0 0.583588 0.483696 0.019368 0.028986
0 0.602446 0.307971 0.020387 0.032609
0 0.543833 0.421196 0.019368 0.027174
0 0.589704 0.550725 0.019368 0.032609
0 0.418960 0.495471 0.020387 0.027174
0 0.768094 0.317029 0.019368 0.028986
0 0.943425 0.087862 0.017329 0.023551
0 0.716106 0.350543 0.023445 0.034420
0 0.493374 0.388587 0.020387 0.034420
0 0.218145 0.147645 0.018349 0.030797
0 0.870031 0.057971 0.017329 0.025362
0 0.148318 0.153986 0.021407 0.032609
0 0.591743 0.405797 0.021407 0.036232
0 0.178389 0.282609 0.018349 0.028986
0 0.659531 0.414855 0.020387 0.028986
0 0.643221 0.466486 0.018349 0.027174
0 0.947503 0.192029 0.017329 0.025362
0 0.755352 0.582428 0.020387 0.027174
0 0.904689 0.116848 0.017329 0.023551
0 0.271152 0.471920 0.022426 0.030797
0 0.480122 0.568841 0.018349 0.028986
0 0.550968 0.533514 0.021407 0.034420
0 0.209480 0.294384 0.019368 0.034420
0 0.225790 0.419384 0.019368 0.030797
0 0.782365 0.480978 0.019368 0.027174
0 0.664628 0.514493 0.022426 0.032609
0 0.690112 0.535326 0.018349 0.027174
0 0.356269 0.459239 0.023445 0.027174
0 0.756881 0.435688 0.021407 0.030797
0 0.517839 0.617754 0.020387 0.032609
0 0.655963 0.578804 0.019368 0.027174
0 0.694190 0.413949 0.020387 0.034420
0 0.696738 0.483696 0.023445 0.028986
0 0.451580 0.480978 0.022426 0.030797
0 0.548420 0.348732 0.020387 0.030797
0 0.687054 0.632246 0.022426 0.032609
0 0.503568 0.492754 0.020387 0.032609
0 0.979103 0.280797 0.019368 0.028986
0 0.626402 0.528080 0.021407 0.030797
0 0.885321 0.160326 0.019368 0.027174
0 0.814985 0.563406 0.023445 0.028986
0 0.622324 0.340580 0.021407 0.028986
0 0.656473 0.014493 0.020387 0.025362
0 0.757900 0.508152 0.023445 0.027174
0 0.214577 0.026268 0.017329 0.027174
0 0.994393 0.153986 0.011213 0.025362
0 0.110092 0.819746 0.016310 0.023551
0 0.179409 0.846920 0.018349 0.027174
0 0.122834 0.774457 0.019368 0.027174
0 0.209480 0.817029 0.015291 0.025362
0 0.095311 0.019022 0.019368 0.023551
0 0.266565 0.009964 0.023445 0.016304
0 0.994903 0.219203 0.010194 0.025362
0 0.068298 0.458333 0.020387 0.021739
