0 0.106658 0.511775 0.031250 0.038043
0 0.081522 0.653080 0.029891 0.038043
0 0.497962 0.468297 0.036685 0.038043
0 0.059103 0.723732 0.031250 0.038043
0 0.419158 0.391304 0.031250 0.036232
0 0.415761 0.532609 0.035326 0.039855
0 0.043478 0.880435 0.027174 0.032609
0 0.253397 0.698370 0.028533 0.034420
0 0.302310 0.518116 0.033967 0.036232
0 0.138587 0.981884 0.024457 0.028986
0 0.332880 0.439312 0.032609 0.038043
0 0.983016 0.961051 0.020380 0.019928
0 0.221467 0.500906 0.035326 0.038043
0 0.044837 0.951993 0.021739 0.027174
0 0.167799 0.269022 0.031250 0.048913
0 0.047554 0.080616 0.029891 0.034420
0 0.029212 0.023551 0.020380 0.021739
0 0.887228 0.940217 0.013587 0.014493
0 0.882473 0.966486 0.014946 0.019928
0 0.883152 0.915761 0.010870 0.012681
