0 0.339358 0.464473 0.0307364 0.0370237
0 0.345958 0.528289 0.0331067 0.0373814
0 0.439349 0.364187 0.0319172 0.035964
0 0.476829 0.684523 0.029723 0.0361056
0 0.580997 0.555001 0.0313332 0.036102
0 0.387056 0.50503 0.0346626 0.0381641
0 0.0734072 0.763516 0.0309463 0.0388046
0 0.457996 0.48009 0.0354795 0.0417537
0 0.305449 0.532442 0.0308306 0.0369338
0 0.391941 0.452723 0.0332715 0.0379948
0 0.350653 0.582084 0.0344947 0.0351377
0 0.159872 0.469748 0.033477 0.041001
0 0.306056 0.45531 0.0303014 0.0363659
0 0.118495 0.52086 0.0331729 0.03999
0 0.482206 0.60242 0.0310541 0.0432263
0 0.441505 0.550159 0.0301155 0.0354071
0 0.4399 0.440636 0.0335724 0.0373172
0 0.434549 0.690132 0.0329445 0.0382278
0 0.0823932 0.599232 0.0307631 0.0427368
0 0.840995 0.862982 0.0315428 0.0355255
0 0.374015 0.409851 0.0312712 0.0348258
0 0.141318 0.952565 0.0299306 0.0358945
0 0.537022 0.476907 0.0331782 0.0402927
0 0.402994 0.576865 0.036695 0.0401337
0 0.303046 0.367726 0.0346017 0.044876
0 0.256346 0.969302 0.0286672 0.0291834
0 0.158855 0.0371565 0.0244903 0.0287483
0 0.342535 0.625452 0.0325762 0.0425575
0 0.125841 0.164207 0.0251377 0.0290623
0 0.188222 0.907925 0.030854 0.0342469
0 0.976365 0.125076 0.0191196 0.0225572
0 0.23449 0.525668 0.0396103 0.0377702
0 0.336468 0.963559 0.0173538 0.0243765
0 0.349279 0.695517 0.0275846 0.0334331
0 0.245326 0.705211 0.0313945 0.0358057
0 0.804867 0.662577 0.0141693 0.0196731
0 0.0811564 0.17001 0.0218713 0.0243807
0 0.134928 0.597157 0.039257 0.0313554
0 0.104538 0.955287 0.0210516 0.0209589
