0 0.892966 0.105072 0.018349 0.025362
0 0.246687 0.462862 0.020387 0.030797
0 0.174822 0.311594 0.017329 0.028986
0 0.338430 0.441123 0.018349 0.027174
0 0.328236 0.495471 0.020387 0.030797
0 0.219164 0.390399 0.016310 0.034420
0 0.400102 0.455616 0.019368 0.027174
0 0.744648 0.028986 0.021407 0.028986
0 0.102956 0.817029 0.016310 0.021739
0 0.451580 0.501812 0.022426 0.028986
0 0.992355 0.208333 0.015291 0.025362
0 0.188583 0.858696 0.016310 0.025362
0 0.210499 0.793478 0.015291 0.021739
0 0.077982 0.179348 0.017329 0.036232
0 0.125892 0.767210 0.021407 0.023551
0 0.058104 0.475543 0.020387 0.030797
