0 0.481651 0.413949 0.019368 0.027174
0 0.333843 0.463768 0.023445 0.028986
0 0.895515 0.372283 0.017329 0.023551
0 0.471458 0.528080 0.021407 0.030797
0 0.656983 0.627717 0.021407 0.030797
0 0.553517 0.423913 0.020387 0.032609
0 0.684506 0.309783 0.019368 0.025362
0 0.604485 0.522645 0.020387 0.030797
0 0.276249 0.469203 0.020387 0.028986
0 0.719164 0.481884 0.019368 0.025362
0 0.398063 0.503623 0.019368 0.028986
0 0.505607 0.479167 0.018349 0.027174
0 0.869521 0.403080 0.016310 0.023551
0 0.616208 0.427536 0.021407 0.028986
0 0.880734 0.596014 0.018349 0.028986
0 0.746177 0.341486 0.020387 0.030797
0 0.192661 0.249094 0.018349 0.030797
0 0.509174 0.370471 0.019368 0.030797
0 0.654944 0.467391 0.021407 0.028986
0 0.524975 0.552536 0.020387 0.028986
0 0.388379 0.440217 0.020387 0.028986
0 0.921509 0.537138 0.016310 0.023551
0 0.782875 0.641304 0.018349 0.025362
0 0.440367 0.445652 0.020387 0.028986
0 0.746177 0.422101 0.020387 0.025362
0 0.831804 0.519022 0.016310 0.023551
0 0.852192 0.620471 0.018349 0.027174
0 0.957187 0.548007 0.018349 0.027174
0 0.575433 0.587862 0.021407 0.030797
0 0.847604 0.466486 0.019368 0.023551
0 0.833333 0.662138 0.021407 0.027174
0 0.610092 0.326993 0.019368 0.030797
0 0.903160 0.509964 0.016310 0.023551
0 0.686544 0.424819 0.021407 0.030797
0 0.809378 0.451993 0.018349 0.027174
0 0.202345 0.145833 0.017329 0.027174
0 0.822630 0.572464 0.018349 0.021739
0 0.633537 0.566123 0.021407 0.030797
0 0.696738 0.562500 0.021407 0.027174
0 0.751784 0.473732 0.019368 0.030797
0 0.548930 0.503623 0.019368 0.028986
0 0.242100 0.431159 0.019368 0.028986
0 0.979613 0.392210 0.018349 0.023551
0 0.781855 0.544384 0.020387 0.030797
0 0.189602 0.369565 0.020387 0.028986
0 0.439857 0.544384 0.019368 0.030797
0 0.830785 0.391304 0.018349 0.025362
0 0.714067 0.682971 0.021407 0.032609
0 0.853211 0.346920 0.020387 0.027174
0 0.747197 0.617754 0.022426 0.028986
0 0.960245 0.597826 0.018349 0.025362
0 0.949032 0.394022 0.016310 0.023551
0 0.724261 0.052536 0.023445 0.036232
0 0.919470 0.470109 0.018349 0.019928
0 0.716106 0.368659 0.023445 0.034420
0 0.754332 0.552536 0.020387 0.028986
0 0.858818 0.552536 0.017329 0.021739
0 0.964322 0.692935 0.018349 0.023551
0 0.939348 0.636775 0.019368 0.027174
0 0.641182 0.363225 0.020387 0.030797
0 0.959735 0.488225 0.019368 0.023551
0 0.886340 0.454710 0.019368 0.025362
0 0.862895 0.678442 0.019368 0.027174
0 0.975535 0.475543 0.016310 0.023551
0 0.821611 0.517210 0.018349 0.023551
0 0.949541 0.486413 0.013252 0.023551
0 0.178389 0.846014 0.016310 0.025362
0 0.811927 0.385870 0.025484 0.032609
0 0.984200 0.730978 0.019368 0.019928
0 0.214067 0.850543 0.014271 0.023551
0 0.916922 0.608696 0.021407 0.032609
0 0.118756 0.770833 0.021407 0.023551
0 0.107034 0.818841 0.016310 0.018116
0 0.067278 0.464674 0.020387 0.030797
