0 0.717391 0.537138 0.027174 0.030797
0 0.546875 0.323370 0.028533 0.038043
0 0.443614 0.611413 0.033967 0.038043
0 0.349864 0.507246 0.033967 0.036232
0 0.479620 0.499094 0.032609 0.038043
0 0.522418 0.484601 0.031250 0.038043
0 0.761549 0.559783 0.025815 0.028986
0 0.529891 0.376812 0.032609 0.036232
0 0.669837 0.708333 0.027174 0.032609
0 0.445652 0.449275 0.032609 0.032609
0 0.455163 0.371377 0.029891 0.036232
0 0.399457 0.548913 0.029891 0.036232
0 0.694293 0.420290 0.029891 0.032609
0 0.580842 0.593297 0.031250 0.038043
0 0.536005 0.585145 0.031250 0.032609
0 0.633832 0.593297 0.031250 0.034420
0 0.391984 0.363225 0.028533 0.038043
0 0.092391 0.583333 0.029891 0.036232
0 0.794837 0.509058 0.024457 0.028986
0 0.750000 0.481884 0.024457 0.025362
0 0.588315 0.494565 0.029891 0.036232
0 0.550951 0.688406 0.031250 0.036232
0 0.470109 0.682065 0.032609 0.038043
0 0.399457 0.465580 0.035326 0.039855
0 0.766984 0.394022 0.025815 0.030797
0 0.349864 0.577899 0.031250 0.036232
0 0.665082 0.463768 0.028533 0.036232
0 0.773098 0.327899 0.021739 0.025362
0 0.692935 0.653080 0.029891 0.030797
0 0.739810 0.619565 0.025815 0.028986
0 0.507473 0.542572 0.033967 0.038043
0 0.584918 0.394022 0.031250 0.038043
0 0.682745 0.540761 0.025815 0.030797
0 0.665761 0.528080 0.024457 0.034420
0 0.258152 0.517210 0.035326 0.038043
0 0.589674 0.346014 0.029891 0.032609
0 0.674592 0.617754 0.031250 0.032609
0 0.826087 0.547101 0.024457 0.028986
0 0.115489 0.915761 0.024457 0.034420
0 0.055027 0.944746 0.028533 0.034420
0 0.620924 0.530797 0.027174 0.036232
0 0.820652 0.589674 0.021739 0.023551
0 0.152174 0.548007 0.032609 0.034420
0 0.633832 0.453804 0.031250 0.034420
0 0.476902 0.304348 0.029891 0.039855
0 0.603261 0.680254 0.029891 0.038043
0 0.722147 0.688406 0.025815 0.028986
0 0.793478 0.386775 0.019022 0.023551
0 0.382473 0.707428 0.031250 0.038043
0 0.697690 0.351449 0.025815 0.028986
0 0.825408 0.421196 0.025815 0.027174
0 0.019701 0.670290 0.028533 0.039855
0 0.338995 0.401268 0.028533 0.038043
0 0.841033 0.596014 0.016304 0.021739
0 0.858696 0.488225 0.021739 0.023551
0 0.665082 0.348732 0.028533 0.030797
0 0.769701 0.622283 0.023098 0.027174
0 0.801630 0.446558 0.021739 0.027174
0 0.259511 0.702899 0.032609 0.039855
0 0.802310 0.578804 0.023098 0.027174
0 0.747962 0.678442 0.025815 0.027174
0 0.845788 0.553442 0.020380 0.023551
0 0.834239 0.469203 0.019022 0.021739
0 0.817935 0.461957 0.019022 0.021739
0 0.169837 0.271739 0.035326 0.047101
0 0.045516 0.067935 0.025815 0.034420
