0 0.516304 0.418478 0.032609 0.036232
0 0.455842 0.436594 0.031250 0.036232
0 0.538723 0.509058 0.033967 0.036232
0 0.917799 0.428442 0.031250 0.041667
0 0.482337 0.519022 0.035326 0.038043
0 0.379076 0.440217 0.029891 0.032609
0 0.411685 0.540761 0.032609 0.034420
0 0.328804 0.445652 0.027174 0.032609
0 0.603261 0.494565 0.035326 0.039855
0 0.197011 0.448370 0.024457 0.023551
0 0.294837 0.488225 0.029891 0.030797
0 0.178668 0.480072 0.020380 0.025362
0 0.256793 0.454710 0.024457 0.025362
0 0.665082 0.465580 0.033967 0.039855
0 0.245924 0.490942 0.024457 0.028986
0 0.212636 0.535326 0.025815 0.027174
0 0.315897 0.550725 0.028533 0.028986
0 0.353940 0.505435 0.033967 0.036232
0 0.878397 0.129529 0.028533 0.038043
0 0.962636 0.332428 0.028533 0.034420
0 0.798234 0.490942 0.036685 0.036232
0 0.123641 0.471014 0.019022 0.021739
0 0.091712 0.456522 0.020380 0.021739
0 0.121603 0.429348 0.017663 0.018116
0 0.264266 0.546196 0.025815 0.027174
0 0.116848 0.521739 0.021739 0.021739
0 0.134511 0.499094 0.019022 0.019928
0 0.815217 0.711051 0.029891 0.048913
0 0.991848 0.956522 0.016304 0.043478
0 0.957880 0.983696 0.024457 0.032609
0 0.189538 0.516304 0.023098 0.021739
0 0.169158 0.516304 0.020380 0.021739
0 0.133152 0.529891 0.021739 0.012681
0 0.131114 0.549819 0.014946 0.019928
0 0.101223 0.562500 0.020380 0.019928
0 0.078125 0.529891 0.014946 0.016304
0 0.115489 0.492754 0.019022 0.014493
0 0.095788 0.493659 0.017663 0.016304
0 0.082201 0.483696 0.017663 0.014493
0 0.113451 0.455616 0.020380 0.019928
0 0.152853 0.461051 0.020380 0.016304
0 0.100543 0.399457 0.019022 0.016304
0 0.101902 0.361413 0.016304 0.019928
0 0.082201 0.365036 0.017663 0.012681
