0 0.557999 0.579968 0.0314517 0.039444
0 0.396339 0.477591 0.0344095 0.0383573
0 0.337369 0.488538 0.033623 0.0375064
0 0.420803 0.548088 0.0311764 0.0381507
0 0.499637 0.449241 0.0381325 0.0389386
0 0.327333 0.434715 0.0329369 0.037278
0 0.0592568 0.734117 0.0323065 0.0410033
0 0.358857 0.554154 0.0367498 0.0417295
0 0.453054 0.410666 0.0293787 0.0372962
0 0.302166 0.529845 0.0318853 0.0347965
0 0.354791 0.646916 0.0313802 0.0361034
0 0.472892 0.654233 0.0306368 0.0405558
0 0.0939647 0.646514 0.0305359 0.0426163
0 0.439404 0.357199 0.029542 0.036476
0 0.40597 0.621318 0.0340376 0.0416175
0 0.309558 0.371298 0.0317659 0.0434214
0 0.841466 0.862999 0.0308694 0.0363109
0 0.263146 0.494006 0.0316665 0.0353488
0 0.131992 0.518024 0.0313314 0.0357861
0 0.398407 0.40614 0.0307824 0.0360654
0 0.19159 0.515199 0.0336287 0.0365209
0 0.467563 0.559372 0.0308158 0.0380666
0 0.304651 0.585907 0.0347969 0.0398271
0 0.0801957 0.923914 0.0291936 0.034577
0 0.019446 0.79811 0.0290303 0.0332428
0 0.158889 0.03701 0.0245134 0.0291896
0 0.256536 0.969169 0.0275701 0.0270402
0 0.125786 0.164339 0.0252636 0.0294046
0 0.368792 0.373101 0.0280414 0.0380915
0 0.336355 0.963495 0.0169991 0.0241889
0 0.976507 0.125013 0.0188031 0.0219421
0 0.244523 0.70641 0.0309856 0.0375684
0 0.804912 0.662787 0.0143632 0.0197592
0 0.0811503 0.169927 0.0218228 0.024354
