0 0.286442 0.496377 0.024465 0.036232
0 0.115698 0.760870 0.021407 0.032609
0 0.629460 0.374094 0.021407 0.034420
0 0.202345 0.414855 0.021407 0.028986
0 0.693680 0.488225 0.021407 0.038043
0 0.725790 0.424819 0.020387 0.038043
0 0.711519 0.644022 0.024465 0.041667
0 0.550968 0.465580 0.023445 0.032609
0 0.669725 0.558877 0.020387 0.034420
0 0.869521 0.075181 0.018349 0.030797
0 0.684506 0.395833 0.019368 0.038043
0 0.371050 0.512681 0.022426 0.036232
0 0.621305 0.622283 0.023445 0.041667
0 0.646279 0.038949 0.024465 0.038043
0 0.597859 0.517210 0.019368 0.038043
0 0.660550 0.501812 0.020387 0.036232
0 0.594292 0.398551 0.020387 0.039855
0 0.167176 0.322464 0.024465 0.028986
0 0.545362 0.391304 0.020387 0.032609
0 0.739551 0.516304 0.021407 0.036232
0 0.773700 0.387681 0.024465 0.032609
0 0.628440 0.461957 0.019368 0.039855
0 0.777778 0.476449 0.020387 0.025362
0 0.454128 0.536232 0.025484 0.032609
0 0.962793 0.171196 0.021407 0.038043
0 0.808869 0.085145 0.019368 0.028986
0 0.774210 0.596920 0.023445 0.034420
0 0.662589 0.428442 0.024465 0.030797
0 0.645260 0.283514 0.022426 0.030797
0 0.558104 0.521739 0.017329 0.032609
0 0.579001 0.604167 0.022426 0.030797
0 0.651886 0.667572 0.017329 0.030797
0 0.523445 0.500906 0.021407 0.030797
0 0.493374 0.588768 0.020387 0.032609
0 0.478084 0.440217 0.024465 0.032609
0 0.416412 0.437500 0.021407 0.027174
0 0.417431 0.500000 0.021407 0.028986
0 0.350663 0.449275 0.024465 0.028986
0 0.229867 0.218297 0.015291 0.027174
0 0.168196 0.183877 0.020387 0.030797
0 0.213048 0.033514 0.020387 0.027174
0 0.936290 0.112319 0.017329 0.032609
0 0.904179 0.022645 0.018349 0.023551
0 0.961774 0.244565 0.015291 0.025362
0 0.255352 0.432971 0.021407 0.032609
0 0.951070 0.032609 0.014271 0.025362
0 0.982671 0.159420 0.014271 0.028986
0 0.117227 0.827899 0.016310 0.018116
0 0.188073 0.827899 0.017329 0.032609
0 0.200815 0.865036 0.016310 0.034420
