0 0.437819 0.078804 0.039755 0.063406
0 0.860856 0.633152 0.039755 0.067029
0 0.314985 0.344203 0.042813 0.068841
0 0.421509 0.497283 0.035678 0.063406
0 0.185525 0.853261 0.038736 0.065217
0 0.519368 0.304348 0.037717 0.068841
0 0.387360 0.601449 0.040775 0.065217
0 0.433741 0.412138 0.035678 0.067029
0 0.171254 0.283514 0.040775 0.056159
0 0.153415 0.699275 0.041794 0.065217
0 0.545362 0.744565 0.036697 0.068841
0 0.240061 0.436594 0.043833 0.061594
0 0.887870 0.502717 0.042813 0.063406
0 0.571356 0.621377 0.041794 0.057971
0 0.449541 0.211957 0.036697 0.068841
0 0.313965 0.496377 0.036697 0.061594
0 0.346075 0.923007 0.041794 0.059783
0 0.588175 0.434783 0.034659 0.065217
0 0.356269 0.105978 0.037717 0.056159
0 0.303262 0.616848 0.037717 0.063406
0 0.305810 0.211957 0.042813 0.057971
0 0.510703 0.381341 0.036697 0.063406
0 0.372579 0.245471 0.039755 0.063406
0 0.698267 0.594203 0.036697 0.065217
0 0.359327 0.405797 0.035678 0.061594
0 0.629969 0.634058 0.036697 0.068841
0 0.494903 0.788043 0.037717 0.068841
0 0.734455 0.106884 0.043833 0.054348
0 0.401631 0.135870 0.040775 0.054348
0 0.544852 0.206522 0.033639 0.065217
0 0.217635 0.240036 0.041794 0.056159
0 0.241590 0.339674 0.042813 0.056159
0 0.613150 0.306159 0.035678 0.065217
0 0.761468 0.548913 0.042813 0.065217
0 0.540775 0.485507 0.037717 0.065217
0 0.236493 0.095109 0.036697 0.063406
0 0.318043 0.111413 0.040775 0.056159
0 0.664628 0.269022 0.038736 0.063406
0 0.742100 0.403986 0.040775 0.061594
0 0.827217 0.467391 0.043833 0.065217
0 0.324669 0.740036 0.037717 0.063406
0 0.726300 0.755435 0.037717 0.065217
0 0.964832 0.804348 0.041794 0.057971
0 0.933231 0.947464 0.039755 0.061594
0 0.777268 0.902174 0.035678 0.068841
0 0.484200 0.470109 0.034659 0.067029
0 0.208970 0.605978 0.040775 0.063406
0 0.247706 0.916667 0.044852 0.065217
0 0.487768 0.067029 0.035678 0.076087
0 0.793578 0.696558 0.039755 0.063406
0 0.480632 0.644022 0.037717 0.063406
0 0.460245 0.336051 0.033639 0.067029
0 0.957696 0.579710 0.037717 0.068841
0 0.256371 0.813406 0.035678 0.061594
0 0.798165 0.305254 0.036697 0.063406
0 0.099388 0.911232 0.037717 0.061594
0 0.400612 0.712862 0.036697 0.063406
0 0.493374 0.942935 0.040775 0.063406
0 0.841998 0.797101 0.040775 0.065217
0 0.654944 0.802536 0.039755 0.065217
0 0.597350 0.898551 0.034659 0.079710
0 0.716106 0.869565 0.035678 0.068841
0 0.774210 0.196558 0.035678 0.063406
0 0.616718 0.186594 0.040775 0.065217
0 0.630479 0.494565 0.031600 0.065217
0 0.116718 0.332428 0.041794 0.059783
0 0.117737 0.536232 0.035678 0.068841
0 0.362385 0.824275 0.033639 0.065217
0 0.071865 0.751812 0.041794 0.065217
0 0.626911 0.976449 0.034659 0.047101
0 0.126911 0.130435 0.039755 0.054348
0 0.741590 0.977355 0.033639 0.045290
0 0.539755 0.089674 0.033639 0.070652
