0 0.341488 0.346920 0.042813 0.059783
0 0.285423 0.370471 0.036697 0.067029
0 0.285933 0.971014 0.041794 0.057971
0 0.967890 0.926630 0.047910 0.056159
0 0.542304 0.788949 0.038736 0.067029
0 0.345056 0.452899 0.035678 0.061594
0 0.698777 0.615036 0.037717 0.067029
0 0.463812 0.545290 0.034659 0.068841
0 0.233435 0.486413 0.044852 0.059783
0 0.412334 0.462862 0.035678 0.067029
0 0.133028 0.726449 0.043833 0.061594
0 0.276249 0.125000 0.040775 0.054348
0 0.621305 0.668478 0.035678 0.065217
0 0.203364 0.365036 0.041794 0.067029
0 0.583078 0.483696 0.040775 0.057971
0 0.327727 0.107790 0.039755 0.056159
0 0.502039 0.851449 0.035678 0.068841
0 0.174312 0.585145 0.038736 0.065217
0 0.380734 0.548007 0.035678 0.063406
0 0.376656 0.671196 0.041794 0.059783
0 0.395005 0.092391 0.041794 0.057971
0 0.469419 0.707428 0.035678 0.067029
0 0.558614 0.280797 0.036697 0.068841
0 0.140163 0.337862 0.041794 0.056159
0 0.444954 0.405797 0.033639 0.068841
0 0.282365 0.636775 0.036697 0.067029
0 0.379715 0.264493 0.039755 0.065217
0 0.170744 0.223732 0.041794 0.056159
0 0.353721 0.182065 0.040775 0.056159
0 0.628440 0.403080 0.039755 0.074275
0 0.509684 0.470109 0.036697 0.067029
0 0.071865 0.298913 0.041794 0.065217
0 0.826707 0.293478 0.042813 0.061594
0 0.294597 0.510870 0.038736 0.057971
0 0.519368 0.192935 0.035678 0.063406
0 0.811417 0.736413 0.040775 0.063406
0 0.743629 0.757246 0.039755 0.068841
0 0.505607 0.361413 0.036697 0.067029
0 0.845056 0.490036 0.042813 0.059783
0 0.373598 0.773551 0.033639 0.072464
0 0.676860 0.226449 0.038736 0.068841
0 0.086137 0.948370 0.037717 0.067029
0 0.771152 0.230072 0.037717 0.054348
0 0.256371 0.222826 0.045872 0.057971
0 0.531600 0.557971 0.037717 0.065217
0 0.719674 0.913949 0.042813 0.059783
0 0.487258 0.245471 0.036697 0.067029
0 0.666667 0.839674 0.038736 0.067029
0 0.656473 0.071558 0.042813 0.059783
0 0.429664 0.234601 0.037717 0.067029
0 0.806320 0.923913 0.038736 0.072464
0 0.583078 0.096014 0.040775 0.072464
0 0.567788 0.663043 0.038736 0.061594
0 0.666157 0.334239 0.039755 0.056159
0 0.206422 0.078804 0.039755 0.063406
0 0.767074 0.388587 0.039755 0.067029
0 0.453619 0.118659 0.040775 0.059783
0 0.872579 0.692029 0.042813 0.061594
0 0.784913 0.557971 0.040775 0.061594
0 0.056065 0.551630 0.046891 0.056159
0 0.300714 0.754529 0.034659 0.063406
0 0.608053 0.199275 0.041794 0.061594
0 0.866463 0.843297 0.040775 0.070652
0 0.821101 0.141304 0.039755 0.057971
0 0.091233 0.154891 0.043833 0.052536
0 0.918451 0.558877 0.040775 0.070652
0 0.611111 0.557971 0.035678 0.065217
0 0.500510 0.979167 0.038736 0.041667
0 0.597350 0.940217 0.036697 0.079710
0 0.532620 0.052536 0.037717 0.076087
0 0.351682 0.888587 0.034659 0.063406
0 0.049949 0.775362 0.042813 0.061594
0 0.239042 0.839674 0.035678 0.059783
0 0.989297 0.662138 0.021407 0.059783
0 0.152396 0.883152 0.039755 0.063406
