0 0.258919 0.366848 0.042813 0.063406
0 0.574924 0.788949 0.036697 0.067029
0 0.563201 0.567935 0.039755 0.059783
0 0.204383 0.194746 0.041794 0.056159
0 0.320082 0.172101 0.040775 0.057971
0 0.492355 0.609601 0.038736 0.063406
0 0.808869 0.582428 0.043833 0.056159
0 0.166667 0.276268 0.043833 0.059783
0 0.470438 0.370471 0.035678 0.063406
0 0.348624 0.250906 0.036697 0.067029
0 0.948522 0.575181 0.041794 0.063406
0 0.407747 0.075181 0.040775 0.063406
0 0.940367 0.852355 0.043833 0.059783
0 0.716106 0.657609 0.037717 0.065217
0 0.859327 0.606884 0.040775 0.065217
0 0.428644 0.810688 0.037717 0.067029
0 0.522936 0.704710 0.038736 0.065217
0 0.618247 0.323370 0.039755 0.067029
0 0.282365 0.519022 0.038736 0.059783
0 0.111111 0.103261 0.040775 0.057971
0 0.392966 0.307065 0.037717 0.059783
0 0.399083 0.204710 0.039755 0.054348
0 0.493374 0.497283 0.038736 0.067029
0 0.659531 0.154891 0.042813 0.063406
0 0.379205 0.429348 0.036697 0.072464
0 0.431193 0.410326 0.040775 0.063406
0 0.371050 0.769022 0.038736 0.067029
0 0.333333 0.662138 0.040775 0.056159
0 0.107543 0.271739 0.039755 0.057971
0 0.561162 0.908514 0.039755 0.063406
0 0.445973 0.658514 0.035678 0.070652
0 0.313965 0.360507 0.038736 0.061594
0 0.844037 0.413043 0.040775 0.061594
0 0.474516 0.223732 0.035678 0.070652
0 0.760958 0.778986 0.041794 0.061594
0 0.083588 0.361413 0.040775 0.056159
0 0.782875 0.245471 0.044852 0.056159
0 0.023445 0.808877 0.034659 0.067029
0 0.278287 0.250906 0.042813 0.056159
0 0.602446 0.176630 0.036697 0.063406
0 0.187054 0.538043 0.041794 0.065217
0 0.362895 0.599638 0.038736 0.065217
0 0.215596 0.423007 0.039755 0.067029
0 0.136086 0.456522 0.037717 0.061594
0 0.485729 0.935688 0.037717 0.067029
0 0.693170 0.292572 0.046891 0.056159
0 0.047401 0.973732 0.039755 0.052536
0 0.823140 0.962862 0.039755 0.070652
0 0.496432 0.127717 0.036697 0.070652
0 0.831804 0.146739 0.040775 0.061594
0 0.202854 0.653080 0.038736 0.063406
0 0.903670 0.375906 0.045872 0.059783
0 0.685525 0.909420 0.041794 0.065217
0 0.597859 0.663043 0.039755 0.057971
0 0.649847 0.508152 0.037717 0.077899
0 0.719674 0.099638 0.042813 0.061594
0 0.641692 0.746377 0.035678 0.072464
0 0.717125 0.441123 0.039755 0.063406
0 0.251274 0.832428 0.033639 0.067029
0 0.142202 0.724638 0.039755 0.061594
0 0.452090 0.134964 0.039755 0.059783
0 0.259429 0.645833 0.037717 0.059783
0 0.372069 0.956522 0.034659 0.068841
0 0.431702 0.537138 0.031600 0.067029
0 0.885321 0.257246 0.031600 0.061594
0 0.889908 0.759964 0.042813 0.059783
0 0.348624 0.872283 0.032620 0.067029
0 0.532110 0.190217 0.034659 0.072464
0 0.558104 0.060688 0.035678 0.074275
0 0.532110 0.309783 0.034659 0.061594
0 0.255861 0.110507 0.040775 0.061594
0 0.076453 0.792572 0.038736 0.052536
0 0.579001 0.423913 0.036697 0.072464
0 0.169725 0.865942 0.037717 0.061594
0 0.039246 0.200181 0.045872 0.052536
0 0.822630 0.839674 0.040775 0.056159
0 0.015291 0.547101 0.028542 0.061594
0 0.923547 0.134964 0.038736 0.056159
0 0.987258 0.895833 0.025484 0.056159
0 0.131498 0.977355 0.034659 0.045290
0 0.990826 0.621377 0.018349 0.050725
