0 0.678899 0.391304 0.032620 0.068841
0 0.358818 0.269022 0.032620 0.067029
0 0.839450 0.256341 0.035678 0.067029
0 0.304281 0.442029 0.035678 0.072464
0 0.063201 0.238225 0.036697 0.059783
0 0.749745 0.243659 0.035678 0.067029
0 0.392457 0.343297 0.036697 0.059783
0 0.291539 0.276268 0.046891 0.056159
0 0.378186 0.464674 0.032620 0.067029
0 0.175331 0.464674 0.032620 0.074275
0 0.016820 0.411232 0.031600 0.072464
0 0.712029 0.340580 0.035678 0.061594
0 0.406728 0.650362 0.032620 0.076087
0 0.349134 0.373188 0.031600 0.068841
0 0.668196 0.269022 0.031600 0.056159
0 0.186035 0.364130 0.031600 0.072464
0 0.239551 0.266304 0.032620 0.076087
0 0.455148 0.153080 0.033639 0.063406
0 0.786442 0.207428 0.033639 0.059783
0 0.821611 0.365942 0.042813 0.057971
0 0.705403 0.213768 0.036697 0.054348
0 0.651886 0.134964 0.035678 0.056159
0 0.264526 0.187500 0.031600 0.059783
0 0.757900 0.396739 0.039755 0.065217
0 0.554027 0.111413 0.025484 0.056159
0 0.188583 0.266304 0.034659 0.061594
0 0.414373 0.082428 0.033639 0.056159
0 0.843527 0.419384 0.037717 0.063406
0 0.060652 0.294384 0.039755 0.059783
0 0.419470 0.425725 0.031600 0.068841
0 0.267584 0.118659 0.027523 0.048913
0 0.290010 0.581522 0.033639 0.068841
0 0.251274 0.491848 0.035678 0.063406
0 0.205403 0.175725 0.041794 0.068841
0 0.887360 0.327899 0.039755 0.068841
0 0.865953 0.183877 0.043833 0.048913
0 0.608563 0.754529 0.032620 0.081522
0 0.752803 0.882246 0.031600 0.072464
0 0.874618 0.810688 0.038736 0.067029
0 0.721713 0.683877 0.032620 0.070652
0 0.806320 0.557971 0.034659 0.068841
0 0.766055 0.483696 0.037717 0.054348
0 0.822630 0.139493 0.038736 0.057971
0 0.924567 0.232790 0.040775 0.059783
0 0.695719 0.096920 0.039755 0.052536
0 0.735984 0.049819 0.030581 0.063406
0 0.765545 0.133152 0.038736 0.056159
0 0.620285 0.259964 0.027523 0.063406
0 0.636595 0.345109 0.037717 0.063406
0 0.618247 0.435688 0.039755 0.052536
0 0.666667 0.466486 0.034659 0.063406
0 0.923038 0.055254 0.039755 0.063406
0 0.990316 0.103261 0.019368 0.057971
0 0.850153 0.060688 0.040775 0.059783
0 0.795617 0.055254 0.033639 0.067029
0 0.643731 0.076087 0.041794 0.050725
0 0.592253 0.072464 0.040775 0.065217
0 0.604995 0.174819 0.033639 0.070652
0 0.476045 0.617754 0.040775 0.061594
0 0.409786 0.242754 0.032620 0.065217
0 0.395515 0.146739 0.038736 0.061594
0 0.485729 0.105072 0.031600 0.065217
0 0.511723 0.023551 0.034659 0.043478
0 0.551478 0.023551 0.030581 0.043478
0 0.368502 0.064312 0.039755 0.059783
0 0.343017 0.180254 0.041794 0.063406
0 0.311417 0.085145 0.039755 0.057971
0 0.301223 0.347826 0.041794 0.054348
0 0.226809 0.082428 0.035678 0.059783
0 0.186035 0.054348 0.033639 0.065217
0 0.143221 0.059783 0.037717 0.061594
0 0.154434 0.133152 0.039755 0.052536
0 0.152905 0.219203 0.040775 0.050725
0 0.130989 0.305254 0.043833 0.067029
0 0.118756 0.404891 0.045872 0.052536
0 0.101937 0.528986 0.036697 0.061594
0 0.140163 0.653080 0.039755 0.067029
0 0.238022 0.708333 0.039755 0.068841
0 0.347095 0.558877 0.031600 0.070652
0 0.237003 0.955616 0.033639 0.067029
0 0.084098 0.812500 0.041794 0.063406
0 0.008155 0.556159 0.014271 0.061594
0 0.060652 0.126812 0.043833 0.054348
0 0.105505 0.173913 0.047910 0.050725
