0 0.360856 0.655797 0.038736 0.065217
0 0.267074 0.412138 0.040775 0.063406
0 0.786952 0.478261 0.036697 0.065217
0 0.183486 0.482790 0.042813 0.056159
0 0.150866 0.145833 0.040775 0.063406
0 0.861366 0.240036 0.038736 0.059783
0 0.225280 0.610507 0.038736 0.065217
0 0.336901 0.406703 0.037717 0.063406
0 0.403160 0.565217 0.037717 0.068841
0 0.475535 0.659420 0.035678 0.065217
0 0.627421 0.432065 0.039755 0.063406
0 0.240061 0.162138 0.041794 0.056159
0 0.676860 0.240036 0.040775 0.059783
0 0.625382 0.788949 0.037717 0.067029
0 0.630989 0.566123 0.040775 0.067029
0 0.744648 0.763587 0.043833 0.059783
0 0.038226 0.525362 0.045872 0.057971
0 0.535168 0.649457 0.036697 0.063406
0 0.693170 0.885870 0.042813 0.054348
0 0.196738 0.260870 0.040775 0.057971
0 0.547401 0.243659 0.034659 0.074275
0 0.430173 0.210145 0.040775 0.065217
0 0.313456 0.105978 0.039755 0.056159
0 0.290520 0.854167 0.038736 0.067029
0 0.694190 0.326087 0.034659 0.072464
0 0.809888 0.265399 0.037717 0.063406
0 0.200306 0.743659 0.039755 0.070652
0 0.070846 0.643116 0.043833 0.061594
0 0.251784 0.526268 0.038736 0.059783
0 0.751784 0.630435 0.039755 0.068841
0 0.601937 0.278080 0.035678 0.067029
0 0.404179 0.310688 0.039755 0.059783
0 0.401121 0.426630 0.033639 0.074275
0 0.091743 0.169384 0.042813 0.059783
0 0.338430 0.275362 0.038736 0.061594
0 0.449541 0.402174 0.038736 0.065217
0 0.084608 0.317935 0.036697 0.063406
0 0.586137 0.361413 0.038736 0.063406
0 0.099388 0.489130 0.043833 0.057971
0 0.437309 0.095109 0.038736 0.059783
0 0.171764 0.586051 0.039755 0.059783
0 0.821611 0.410326 0.044852 0.063406
0 0.366972 0.159420 0.042813 0.054348
0 0.020387 0.318841 0.038736 0.054348
0 0.753313 0.255435 0.040775 0.065217
0 0.218145 0.399457 0.040775 0.059783
0 0.344546 0.858696 0.040775 0.061594
0 0.153925 0.375000 0.042813 0.057971
0 0.542304 0.570652 0.038736 0.068841
0 0.940367 0.213768 0.043833 0.061594
0 0.538226 0.786232 0.034659 0.068841
0 0.512232 0.359601 0.037717 0.067029
0 0.278287 0.317029 0.040775 0.065217
0 0.689602 0.519928 0.037717 0.068841
0 0.080530 0.793478 0.038736 0.061594
0 0.667686 0.683877 0.042813 0.059783
0 0.261468 0.713768 0.039755 0.061594
0 0.318043 0.529891 0.038736 0.067029
0 0.853721 0.766304 0.039755 0.068841
0 0.247706 0.894022 0.038736 0.067029
0 0.981651 0.783514 0.036697 0.052536
0 0.459225 0.546196 0.035678 0.067029
0 0.144750 0.787138 0.038736 0.059783
0 0.603466 0.669384 0.038736 0.059783
0 0.740571 0.509964 0.039755 0.059783
0 0.459735 0.884058 0.040775 0.065217
0 0.396024 0.771739 0.035678 0.061594
0 0.444444 0.730978 0.038736 0.067029
0 0.652905 0.156703 0.041794 0.059783
0 0.481142 0.254529 0.038736 0.070652
0 0.483180 0.093297 0.036697 0.067029
0 0.924057 0.698370 0.039755 0.063406
0 0.316514 0.711051 0.035678 0.059783
0 0.390928 0.975543 0.039755 0.048913
0 0.770642 0.839674 0.040775 0.059783
0 0.715087 0.113225 0.041794 0.063406
0 0.984200 0.584239 0.031600 0.059783
0 0.014781 0.193841 0.027523 0.061594
0 0.895515 0.536232 0.041794 0.057971
0 0.615698 0.936594 0.040775 0.057971
0 0.985729 0.164855 0.028542 0.065217
0 0.521407 0.056159 0.035678 0.072464
0 0.568807 0.977355 0.034659 0.045290
0 0.167176 0.937500 0.036697 0.056159
0 0.590724 0.094203 0.045872 0.057971
0 0.494903 0.980072 0.033639 0.039855
0 0.695209 0.981884 0.038736 0.036232
0 0.009684 0.793478 0.017329 0.061594
0 0.762997 0.982790 0.039755 0.034420
0 0.924057 0.986413 0.037717 0.027174
