0 0.241590 0.325181 0.040775 0.059783
0 0.549949 0.698370 0.035678 0.067029
0 0.636086 0.278986 0.036697 0.065217
0 0.096840 0.524457 0.040775 0.059783
0 0.095311 0.144928 0.043833 0.061594
0 0.219674 0.475543 0.041794 0.063406
0 0.852192 0.193841 0.040775 0.057971
0 0.821611 0.282609 0.040775 0.057971
0 0.237513 0.769022 0.040775 0.063406
0 0.239551 0.124094 0.038736 0.063406
0 0.325178 0.402174 0.036697 0.065217
0 0.372579 0.724638 0.039755 0.065217
0 0.279817 0.455616 0.039755 0.063406
0 0.705403 0.636775 0.036697 0.063406
0 0.900102 0.256341 0.040775 0.056159
0 0.761978 0.821558 0.043833 0.063406
0 0.813456 0.151268 0.042813 0.059783
0 0.744139 0.327899 0.040775 0.057971
0 0.294088 0.230072 0.043833 0.061594
0 0.441896 0.793478 0.039755 0.068841
0 0.686035 0.764493 0.040775 0.057971
0 0.474006 0.119565 0.036697 0.065217
0 0.192151 0.349638 0.041794 0.057971
0 0.051988 0.833333 0.038736 0.061594
0 0.475535 0.714674 0.035678 0.063406
0 0.104485 0.657609 0.039755 0.061594
0 0.401631 0.620471 0.036697 0.067029
0 0.388889 0.290761 0.039755 0.063406
0 0.154944 0.508152 0.040775 0.059783
0 0.347095 0.320652 0.039755 0.065217
0 0.424567 0.140399 0.041794 0.059783
0 0.701835 0.221014 0.045872 0.061594
0 0.347095 0.111413 0.039755 0.059783
0 0.254332 0.634058 0.041794 0.065217
0 0.183486 0.604167 0.040775 0.056159
0 0.522936 0.193841 0.038736 0.065217
0 0.197757 0.840580 0.038736 0.065217
0 0.604995 0.595109 0.037717 0.063406
0 0.525994 0.626812 0.038736 0.061594
0 0.669725 0.384058 0.038736 0.065217
0 0.649847 0.153986 0.039755 0.065217
0 0.606524 0.838768 0.038736 0.068841
0 0.621305 0.961957 0.039755 0.068841
0 0.274210 0.932065 0.036697 0.067029
0 0.502548 0.298913 0.036697 0.068841
0 0.021916 0.149457 0.041794 0.063406
0 0.437309 0.365036 0.038736 0.067029
0 0.301223 0.783514 0.035678 0.059783
0 0.340979 0.567029 0.039755 0.065217
0 0.834862 0.528986 0.038736 0.057971
0 0.177880 0.223732 0.039755 0.059783
0 0.125892 0.308877 0.043833 0.059783
0 0.381753 0.153986 0.035678 0.065217
0 0.660550 0.473732 0.036697 0.063406
0 0.115189 0.810688 0.040775 0.059783
0 0.450051 0.616848 0.035678 0.063406
0 0.216616 0.964674 0.039755 0.067029
0 0.589704 0.755435 0.033639 0.061594
0 0.586646 0.172101 0.039755 0.061594
0 0.150357 0.667572 0.039755 0.059783
0 0.944444 0.725543 0.041794 0.059783
0 0.537717 0.833333 0.033639 0.072464
0 0.750255 0.120471 0.042813 0.059783
0 0.394495 0.493659 0.040775 0.067029
0 0.711519 0.966486 0.038736 0.067029
0 0.757390 0.420290 0.042813 0.061594
0 0.642202 0.666667 0.036697 0.061594
0 0.693170 0.560688 0.038736 0.056159
0 0.524465 0.406703 0.035678 0.063406
0 0.959735 0.588768 0.043833 0.050725
0 0.854230 0.768116 0.042813 0.068841
0 0.791539 0.469203 0.039755 0.057971
0 0.121305 0.962862 0.040775 0.074275
0 0.769113 0.938406 0.039755 0.068841
0 0.042304 0.553442 0.043833 0.056159
0 0.402141 0.844203 0.033639 0.065217
0 0.022426 0.299819 0.042813 0.056159
0 0.331804 0.923007 0.035678 0.067029
0 0.591233 0.406703 0.036697 0.070652
0 0.875637 0.378623 0.042813 0.061594
0 0.457696 0.938406 0.038736 0.061594
0 0.542304 0.043478 0.038736 0.072464
0 0.903670 0.913043 0.043833 0.061594
0 0.985219 0.827899 0.029562 0.057971
0 0.069317 0.415761 0.034659 0.052536
0 0.767584 0.599638 0.040775 0.061594
0 0.978593 0.248188 0.042813 0.054348
0 0.478084 0.025362 0.036697 0.047101
0 0.365443 0.981884 0.039755 0.036232
