0 0.631498 0.169384 0.039755 0.063406
0 0.709990 0.126812 0.039755 0.057971
0 0.635066 0.397645 0.036697 0.063406
0 0.641182 0.308877 0.038736 0.063406
0 0.449032 0.209239 0.037717 0.067029
0 0.571865 0.355978 0.034659 0.063406
0 0.460754 0.510870 0.036697 0.065217
0 0.582569 0.480072 0.033639 0.072464
0 0.484200 0.638587 0.036697 0.067029
0 0.345566 0.187500 0.044852 0.052536
0 0.519878 0.236413 0.034659 0.074275
0 0.528033 0.061594 0.034659 0.072464
0 0.753313 0.362319 0.042813 0.072464
0 0.565749 0.120471 0.036697 0.077899
0 0.479613 0.023551 0.031600 0.043478
