0 0.500000 0.747283 0.035678 0.067029
0 0.384302 0.324275 0.036697 0.065217
0 0.647299 0.778080 0.042813 0.059783
0 0.483180 0.592391 0.038736 0.065217
0 0.272171 0.385870 0.042813 0.061594
0 0.647808 0.391304 0.037717 0.065217
0 0.683486 0.565217 0.037717 0.065217
0 0.454128 0.326087 0.037717 0.065217
0 0.571865 0.345109 0.032620 0.067029
0 0.637615 0.218297 0.037717 0.059783
0 0.772171 0.503623 0.041794 0.057971
0 0.723751 0.690217 0.038736 0.068841
0 0.627931 0.596014 0.036697 0.068841
0 0.310907 0.549819 0.036697 0.067029
0 0.519878 0.294384 0.038736 0.067029
0 0.559633 0.429348 0.036697 0.065217
0 0.858818 0.576993 0.041794 0.067029
0 0.274210 0.311594 0.040775 0.057971
0 0.900612 0.843297 0.039755 0.070652
0 0.202345 0.311594 0.041794 0.050725
0 0.730377 0.366848 0.041794 0.063406
0 0.202854 0.674819 0.040775 0.063406
0 0.774720 0.278986 0.042813 0.065217
0 0.828236 0.737319 0.039755 0.068841
0 0.231906 0.585145 0.041794 0.061594
0 0.958716 0.495471 0.043833 0.063406
0 0.489806 0.396739 0.035678 0.068841
0 0.341998 0.288043 0.041794 0.061594
0 0.579511 0.232790 0.039755 0.067029
0 0.170744 0.125000 0.041794 0.057971
0 0.348624 0.663043 0.038736 0.057971
0 0.424057 0.883152 0.040775 0.059783
0 0.509684 0.892210 0.038736 0.059783
0 0.898063 0.396739 0.040775 0.065217
0 0.612640 0.115942 0.040775 0.061594
0 0.567788 0.713768 0.038736 0.065217
0 0.715087 0.964674 0.033639 0.067029
0 0.365443 0.459239 0.035678 0.059783
0 0.442406 0.175725 0.040775 0.057971
0 0.833843 0.459239 0.038736 0.056159
0 0.405199 0.568841 0.037717 0.068841
0 0.936799 0.690217 0.038736 0.057971
0 0.442915 0.463768 0.035678 0.061594
0 0.266565 0.769022 0.033639 0.067029
0 0.692661 0.877717 0.039755 0.063406
0 0.397554 0.757246 0.036697 0.061594
0 0.621305 0.957428 0.037717 0.074275
0 0.568807 0.598732 0.040775 0.063406
0 0.235984 0.222826 0.039755 0.057971
0 0.392457 0.087862 0.040775 0.056159
0 0.147299 0.339674 0.041794 0.056159
0 0.365953 0.200181 0.042813 0.059783
0 0.279307 0.107790 0.038736 0.059783
0 0.128440 0.479167 0.042813 0.056159
0 0.032620 0.355978 0.046891 0.059783
0 0.528033 0.128623 0.036697 0.068841
0 0.783384 0.685688 0.041794 0.059783
0 0.454638 0.101449 0.038736 0.065217
0 0.489806 0.231884 0.031600 0.065217
0 0.203364 0.871377 0.039755 0.057971
0 0.431193 0.681159 0.032620 0.068841
0 0.105505 0.692935 0.041794 0.056159
0 0.773191 0.884964 0.039755 0.067029
0 0.123344 0.888587 0.040775 0.063406
0 0.268094 0.934783 0.038736 0.065217
0 0.567278 0.850543 0.037717 0.077899
0 0.803262 0.153080 0.034659 0.063406
0 0.988787 0.925725 0.022426 0.057971
0 0.990826 0.734601 0.018349 0.052536
0 0.993884 0.467391 0.012232 0.057971
0 0.156983 0.990942 0.032620 0.018116
