0 0.312946 0.501812 0.038736 0.065217
0 0.242100 0.194746 0.039755 0.059783
0 0.373598 0.810688 0.035678 0.067029
0 0.474516 0.098732 0.039755 0.063406
0 0.511213 0.963768 0.037717 0.065217
0 0.163099 0.412138 0.040775 0.063406
0 0.196738 0.239130 0.040775 0.057971
0 0.264016 0.421196 0.038736 0.063406
0 0.219164 0.394022 0.042813 0.056159
0 0.320591 0.700181 0.037717 0.063406
0 0.496942 0.701087 0.035678 0.065217
0 0.564220 0.230978 0.039755 0.063406
0 0.433741 0.743659 0.035678 0.067029
0 0.365953 0.099638 0.040775 0.061594
0 0.061162 0.249094 0.040775 0.063406
0 0.116718 0.346014 0.045872 0.068841
0 0.626402 0.237319 0.039755 0.057971
0 0.429154 0.211051 0.038736 0.063406
0 0.582569 0.080616 0.039755 0.063406
0 0.958206 0.692029 0.042813 0.065217
0 0.554536 0.618659 0.042813 0.052536
0 0.276249 0.289855 0.040775 0.061594
0 0.873598 0.673913 0.036697 0.068841
0 0.458206 0.319746 0.035678 0.070652
0 0.898063 0.789855 0.040775 0.061594
0 0.383792 0.498188 0.041794 0.061594
0 0.486239 0.621377 0.038736 0.065217
0 0.649337 0.791667 0.036697 0.068841
0 0.432722 0.097826 0.037717 0.065217
0 0.326198 0.396739 0.040775 0.065217
0 0.599898 0.310688 0.035678 0.070652
0 0.960245 0.199275 0.042813 0.061594
0 0.656473 0.646739 0.044852 0.050725
0 0.493374 0.275362 0.036697 0.068841
0 0.329766 0.874094 0.041794 0.056159
0 0.290010 0.098732 0.039755 0.067029
0 0.168196 0.567935 0.044852 0.067029
0 0.408257 0.302536 0.037717 0.068841
0 0.684506 0.152174 0.041794 0.054348
0 0.602956 0.564312 0.041794 0.059783
0 0.577472 0.839674 0.039755 0.067029
0 0.590724 0.695652 0.031600 0.068841
0 0.772681 0.219203 0.036697 0.065217
0 0.144241 0.835145 0.035678 0.061594
0 0.044343 0.370471 0.041794 0.059783
0 0.128950 0.212862 0.039755 0.063406
0 0.709480 0.559783 0.038736 0.057971
0 0.373598 0.689312 0.035678 0.067029
0 0.430173 0.469203 0.036697 0.061594
0 0.340979 0.278080 0.037717 0.063406
0 0.271152 0.603261 0.038736 0.061594
0 0.105505 0.489130 0.037717 0.061594
0 0.669725 0.440217 0.042813 0.061594
0 0.270642 0.710145 0.037717 0.057971
0 0.482671 0.811594 0.035678 0.065217
0 0.689093 0.942935 0.040775 0.074275
0 0.600917 0.443841 0.039755 0.057971
0 0.912334 0.915761 0.044852 0.063406
0 0.822630 0.834239 0.040775 0.059783
0 0.838940 0.331522 0.036697 0.068841
0 0.882263 0.514493 0.039755 0.065217
0 0.443425 0.892210 0.036697 0.067029
0 0.406218 0.615036 0.033639 0.063406
0 0.533639 0.361413 0.035678 0.070652
0 0.862385 0.113225 0.036697 0.067029
0 0.057085 0.794384 0.040775 0.067029
0 0.262487 0.877717 0.041794 0.052536
0 0.531091 0.167572 0.036697 0.067029
0 0.193680 0.709239 0.040775 0.059783
0 0.829256 0.629529 0.041794 0.059783
0 0.165647 0.105072 0.035678 0.061594
0 0.677880 0.246377 0.040775 0.065217
0 0.765036 0.873188 0.043833 0.065217
0 0.765545 0.400362 0.042813 0.057971
0 0.936290 0.308877 0.037717 0.063406
0 0.367482 0.220109 0.039755 0.059783
0 0.715596 0.756341 0.038736 0.063406
0 0.088175 0.074275 0.041794 0.057971
0 0.585117 0.947464 0.040775 0.068841
0 0.485219 0.449275 0.038736 0.057971
0 0.097859 0.692935 0.042813 0.056159
0 0.014781 0.187500 0.027523 0.063406
0 0.333333 0.977355 0.036697 0.045290
0 0.833333 0.980072 0.041794 0.039855
0 0.989297 0.957428 0.021407 0.077899
0 0.119776 0.984601 0.037717 0.027174
0 0.994903 0.618659 0.010194 0.048913
0 0.006626 0.556159 0.011213 0.057971
0 0.543833 0.017210 0.031600 0.030797
