0 0.234964 0.413043 0.041794 0.065217
0 0.536188 0.633152 0.038736 0.067029
0 0.311417 0.208333 0.039755 0.057971
0 0.387360 0.186594 0.042813 0.061594
0 0.212029 0.520833 0.042813 0.063406
0 0.194190 0.259964 0.045872 0.059783
0 0.588175 0.256341 0.036697 0.067029
0 0.464832 0.767210 0.036697 0.067029
0 0.462283 0.610507 0.035678 0.068841
0 0.575433 0.522645 0.039755 0.056159
0 0.509684 0.431159 0.036697 0.068841
0 0.508155 0.523551 0.037717 0.068841
0 0.308359 0.471014 0.039755 0.057971
0 0.569827 0.366848 0.036697 0.067029
0 0.291539 0.346014 0.042813 0.065217
0 0.553007 0.749094 0.037717 0.067029
0 0.730887 0.214674 0.042813 0.059783
0 0.435780 0.259964 0.037717 0.063406
0 0.397554 0.349638 0.036697 0.072464
0 0.345056 0.134058 0.041794 0.057971
0 0.537717 0.838768 0.039755 0.061594
0 0.924057 0.482790 0.039755 0.063406
0 0.099388 0.734601 0.041794 0.059783
0 0.481651 0.891304 0.041794 0.057971
0 0.650357 0.252717 0.038736 0.067029
0 0.282875 0.575181 0.037717 0.059783
0 0.697248 0.635870 0.038736 0.065217
0 0.637615 0.721014 0.037717 0.068841
0 0.196228 0.855072 0.039755 0.057971
0 0.512742 0.289855 0.034659 0.065217
0 0.746687 0.118659 0.041794 0.063406
0 0.450561 0.482790 0.030581 0.067029
0 0.742610 0.814312 0.039755 0.070652
0 0.375127 0.724638 0.036697 0.068841
0 0.352192 0.600543 0.041794 0.056159
0 0.390418 0.528080 0.040775 0.063406
0 0.664628 0.900362 0.038736 0.068841
0 0.892457 0.874094 0.043833 0.063406
0 0.226300 0.154891 0.040775 0.059783
0 0.606014 0.615036 0.041794 0.056159
0 0.470438 0.358696 0.039755 0.065217
0 0.100917 0.333333 0.042813 0.057971
0 0.819572 0.418478 0.038736 0.065217
0 0.132518 0.231884 0.038736 0.057971
0 0.341488 0.310688 0.038736 0.063406
0 0.545872 0.175725 0.035678 0.068841
0 0.035678 0.282609 0.040775 0.068841
0 0.616718 0.433877 0.042813 0.056159
0 0.168705 0.430254 0.037717 0.067029
0 0.232926 0.643116 0.037717 0.061594
0 0.821101 0.851449 0.039755 0.061594
0 0.064220 0.175725 0.046891 0.050725
0 0.885321 0.748188 0.041794 0.057971
0 0.295617 0.098732 0.034659 0.059783
0 0.030581 0.792572 0.044852 0.059783
0 0.970948 0.932971 0.039755 0.065217
0 0.680428 0.401268 0.039755 0.059783
0 0.066259 0.944746 0.042813 0.063406
0 0.450051 0.161232 0.037717 0.065217
0 0.159021 0.071558 0.042813 0.056159
0 0.592762 0.104167 0.041794 0.067029
0 0.853211 0.532609 0.042813 0.061594
0 0.882263 0.378623 0.043833 0.057971
0 0.655454 0.111413 0.040775 0.059783
0 0.025994 0.519022 0.045872 0.059783
0 0.138634 0.638587 0.044852 0.059783
0 0.268603 0.782609 0.043833 0.054348
0 0.858308 0.126812 0.042813 0.061594
0 0.784404 0.604167 0.043833 0.059783
0 0.360347 0.839674 0.035678 0.063406
0 0.833333 0.953804 0.039755 0.067029
0 0.834353 0.224638 0.037717 0.061594
0 0.333843 0.937500 0.033639 0.081522
0 0.519368 0.067935 0.037717 0.067029
0 0.140673 0.954710 0.036697 0.050725
0 0.714067 0.978261 0.037717 0.043478
0 0.600917 0.980072 0.037717 0.039855
0 0.269623 0.986413 0.027523 0.027174
