0 0.687564 0.475543 0.037717 0.063406
0 0.246687 0.457428 0.040775 0.063406
0 0.139144 0.123188 0.041794 0.061594
0 0.331804 0.186594 0.041794 0.057971
0 0.433231 0.104167 0.038736 0.059783
0 0.686035 0.124094 0.040775 0.063406
0 0.277268 0.277174 0.040775 0.061594
0 0.636595 0.432971 0.035678 0.068841
0 0.610092 0.714674 0.039755 0.059783
0 0.765036 0.767210 0.041794 0.067029
0 0.369011 0.483696 0.042813 0.054348
0 0.880734 0.255435 0.040775 0.061594
0 0.441896 0.790761 0.039755 0.067029
0 0.244139 0.348732 0.041794 0.059783
0 0.025994 0.637681 0.043833 0.057971
0 0.608563 0.832428 0.038736 0.067029
0 0.715087 0.326993 0.041794 0.059783
0 0.124873 0.394022 0.039755 0.056159
0 0.827217 0.233696 0.037717 0.065217
0 0.304281 0.432971 0.039755 0.065217
0 0.586646 0.527174 0.035678 0.068841
0 0.122834 0.627717 0.039755 0.059783
0 0.562181 0.171196 0.037717 0.067029
0 0.120285 0.529891 0.042813 0.056159
0 0.057594 0.146739 0.041794 0.065217
0 0.303262 0.589674 0.041794 0.063406
0 0.633028 0.615942 0.040775 0.057971
0 0.380734 0.590580 0.037717 0.065217
0 0.539246 0.674819 0.034659 0.063406
0 0.052497 0.813406 0.037717 0.061594
0 0.194699 0.655797 0.038736 0.061594
0 0.464832 0.693841 0.036697 0.061594
0 0.174822 0.448370 0.039755 0.059783
0 0.814475 0.511775 0.038736 0.063406
0 0.686544 0.711957 0.037717 0.068841
0 0.423038 0.450181 0.038736 0.063406
0 0.206422 0.207428 0.041794 0.059783
0 0.698267 0.576993 0.036697 0.063406
0 0.312946 0.740036 0.034659 0.063406
0 0.157492 0.317029 0.043833 0.057971
0 0.697248 0.248188 0.038736 0.057971
0 0.635066 0.330616 0.034659 0.067029
0 0.571356 0.346014 0.033639 0.072464
0 0.517329 0.604167 0.037717 0.067029
0 0.273191 0.115036 0.040775 0.056159
0 0.379205 0.115942 0.040775 0.057971
0 0.057085 0.531703 0.042813 0.059783
0 0.356779 0.692029 0.040775 0.061594
0 0.529562 0.301630 0.037717 0.067029
0 0.195719 0.781703 0.036697 0.070652
0 0.255861 0.749094 0.040775 0.059783
0 0.041794 0.337862 0.044852 0.052536
0 0.783894 0.119565 0.042813 0.061594
0 0.979103 0.973732 0.041794 0.052536
0 0.844037 0.668478 0.044852 0.061594
0 0.202854 0.580616 0.040775 0.052536
0 0.757390 0.512681 0.042813 0.054348
0 0.749745 0.383152 0.039755 0.056159
0 0.889399 0.561594 0.043833 0.054348
0 0.232926 0.917572 0.037717 0.067029
0 0.497961 0.148551 0.037717 0.061594
0 0.264016 0.870471 0.040775 0.059783
0 0.538226 0.036232 0.038736 0.068841
0 0.529052 0.819746 0.036697 0.070652
0 0.430683 0.221920 0.041794 0.059783
0 0.779817 0.266304 0.040775 0.061594
0 0.354230 0.357790 0.039755 0.059783
0 0.974006 0.843297 0.039755 0.059783
0 0.831804 0.412138 0.040775 0.067029
0 0.371560 0.976449 0.039755 0.047101
0 0.378695 0.267210 0.043833 0.059783
0 0.458716 0.359601 0.038736 0.070652
0 0.622324 0.970109 0.035678 0.059783
0 0.629969 0.175725 0.044852 0.065217
0 0.482161 0.929348 0.040775 0.061594
0 0.769623 0.881341 0.040775 0.067029
0 0.976555 0.263587 0.042813 0.059783
0 0.327217 0.889493 0.038736 0.061594
0 0.925076 0.730978 0.039755 0.063406
0 0.443935 0.601449 0.033639 0.065217
0 0.886340 0.906703 0.039755 0.067029
0 0.138124 0.822464 0.037717 0.057971
0 0.398063 0.817935 0.033639 0.063406
0 0.714067 0.953804 0.037717 0.074275
0 0.490826 0.026268 0.035678 0.048913
0 0.012742 0.469203 0.023445 0.057971
0 0.882263 0.843297 0.033639 0.059783
0 0.930683 0.663949 0.046891 0.067029
0 0.990826 0.517210 0.018349 0.052536
0 0.159531 0.983696 0.033639 0.032609
0 0.495413 0.986413 0.032620 0.027174
0 0.006626 0.340580 0.011213 0.050725
0 0.072375 0.234601 0.036697 0.034420
0 0.969419 0.171196 0.016310 0.034420
