0 0.484200 0.453804 0.042813 0.063406
0 0.153415 0.342391 0.049949 0.061594
0 0.485729 0.611413 0.043833 0.067029
0 0.236493 0.209239 0.040775 0.059783
0 0.104995 0.257246 0.042813 0.057971
0 0.435780 0.065217 0.041794 0.065217
0 0.129460 0.458333 0.042813 0.057971
0 0.559123 0.200181 0.039755 0.059783
0 0.249235 0.579710 0.045872 0.061594
0 0.358818 0.866848 0.044852 0.059783
0 0.364934 0.668478 0.038736 0.065217
0 0.426606 0.309783 0.037717 0.065217
0 0.362895 0.204710 0.040775 0.065217
0 0.177880 0.852355 0.045872 0.059783
0 0.142202 0.923913 0.041794 0.061594
0 0.036188 0.832428 0.043833 0.052536
0 0.031091 0.533514 0.045872 0.056159
0 0.111111 0.653986 0.040775 0.050725
0 0.064730 0.136775 0.037717 0.052536
0 0.276249 0.079710 0.034659 0.054348
0 0.317533 0.349638 0.037717 0.054348
0 0.306830 0.982790 0.034659 0.034420
