0 0.324159 0.096014 0.038736 0.061594
0 0.310398 0.546196 0.041794 0.063406
0 0.549949 0.254529 0.039755 0.070652
0 0.808359 0.193841 0.042813 0.061594
0 0.824159 0.409420 0.039755 0.057971
0 0.888889 0.194746 0.042813 0.056159
0 0.170234 0.357790 0.042813 0.059783
0 0.474006 0.278080 0.040775 0.063406
0 0.038736 0.588768 0.042813 0.061594
0 0.625382 0.827899 0.039755 0.054348
0 0.430173 0.388587 0.044852 0.067029
0 0.172273 0.898551 0.040775 0.065217
0 0.856779 0.615036 0.037717 0.067029
0 0.296126 0.195652 0.041794 0.057971
0 0.448522 0.902174 0.040775 0.057971
0 0.336901 0.720109 0.037717 0.067029
0 0.280836 0.619565 0.041794 0.057971
0 0.387870 0.481884 0.041794 0.065217
0 0.416412 0.235507 0.039755 0.065217
0 0.234455 0.922101 0.036697 0.065217
0 0.800714 0.623188 0.037717 0.068841
0 0.667176 0.747283 0.037717 0.063406
0 0.589704 0.147645 0.037717 0.063406
0 0.767074 0.522645 0.035678 0.067029
0 0.962793 0.277174 0.037717 0.061594
0 0.108563 0.382246 0.043833 0.054348
0 0.863405 0.495471 0.044852 0.056159
0 0.372579 0.227355 0.039755 0.059783
0 0.165647 0.209239 0.041794 0.059783
0 0.946483 0.578804 0.037717 0.063406
0 0.897044 0.624094 0.038736 0.059783
0 0.640673 0.083333 0.041794 0.057971
0 0.901631 0.353261 0.039755 0.061594
0 0.461264 0.138587 0.037717 0.063406
0 0.518349 0.718297 0.041794 0.063406
0 0.738532 0.187500 0.039755 0.063406
0 0.520387 0.851449 0.035678 0.068841
0 0.020387 0.659420 0.036697 0.065217
0 0.330275 0.372283 0.038736 0.059783
0 0.680938 0.360507 0.040775 0.057971
0 0.619776 0.490036 0.038736 0.067029
0 0.959735 0.731884 0.041794 0.057971
0 0.230887 0.305254 0.039755 0.059783
0 0.596840 0.378623 0.041794 0.057971
0 0.194190 0.602355 0.041794 0.059783
0 0.782875 0.853261 0.038736 0.068841
0 0.099388 0.692935 0.039755 0.056159
0 0.948522 0.920290 0.039755 0.068841
0 0.938838 0.111413 0.038736 0.063406
0 0.726300 0.779891 0.037717 0.063406
0 0.175841 0.731884 0.043833 0.061594
0 0.541284 0.967391 0.038736 0.065217
0 0.066769 0.803442 0.045872 0.059783
0 0.752294 0.058877 0.038736 0.063406
0 0.149337 0.492754 0.037717 0.057971
0 0.624363 0.941123 0.037717 0.077899
0 0.409276 0.094203 0.041794 0.054348
0 0.261978 0.452899 0.044852 0.054348
0 0.069317 0.200181 0.040775 0.056159
0 0.381753 0.976449 0.041794 0.047101
0 0.310907 0.896739 0.038736 0.061594
0 0.604485 0.712862 0.036697 0.067029
0 0.048420 0.349638 0.037717 0.065217
0 0.168705 0.072464 0.037717 0.068841
0 0.765036 0.422101 0.039755 0.061594
0 0.272171 0.142210 0.038736 0.056159
0 0.707441 0.949275 0.036697 0.068841
0 0.418451 0.592391 0.037717 0.072464
0 0.277778 0.708333 0.037717 0.057971
0 0.106014 0.549819 0.040775 0.059783
0 0.984200 0.822464 0.031600 0.057971
0 0.816004 0.075181 0.039755 0.067029
0 0.517839 0.560688 0.034659 0.067029
0 0.647808 0.206522 0.039755 0.061594
0 0.866463 0.781703 0.036697 0.052536
0 0.392457 0.795290 0.038736 0.057971
0 0.515291 0.428442 0.041794 0.063406
0 0.742100 0.669384 0.042813 0.059783
0 0.666667 0.572464 0.042813 0.061594
0 0.013761 0.288043 0.025484 0.061594
0 0.524465 0.096014 0.041794 0.057971
0 0.951070 0.423913 0.036697 0.054348
0 0.061672 0.937500 0.047910 0.063406
0 0.796126 0.980978 0.038736 0.038043
0 0.008665 0.153080 0.015291 0.045290
0 0.129460 0.984601 0.036697 0.030797
0 0.879715 0.983696 0.046891 0.032609
0 0.019368 0.489130 0.036697 0.043478
0 0.277778 0.984601 0.033639 0.030797
0 0.728848 0.360507 0.030581 0.083333
0 0.006116 0.971014 0.010194 0.057971
0 0.011213 0.771739 0.020387 0.065217
0 0.719674 0.073370 0.030581 0.052536
0 0.995923 0.163043 0.008155 0.065217
0 0.393476 0.739130 0.038736 0.057971
