0 0.126402 0.627500 0.038736 0.130000
0 0.265036 0.676250 0.038736 0.172500
0 0.361366 0.791250 0.047910 0.157500
0 0.445464 0.716250 0.034659 0.112500
0 0.538736 0.857500 0.043833 0.130000
0 0.643221 0.952500 0.073394 0.095000
0 0.804791 0.930000 0.072375 0.140000
0 0.912334 0.866250 0.042813 0.167500
0 0.982671 0.903750 0.034659 0.162500
0 0.800714 0.565000 0.031600 0.100000
0 0.130479 0.272500 0.022426 0.065000
0 0.100408 0.228750 0.019368 0.052500
0 0.141692 0.151250 0.014271 0.042500
0 0.186035 0.156250 0.013252 0.042500
0 0.195209 0.231250 0.017329 0.042500
0 0.227319 0.305000 0.020387 0.050000
0 0.303772 0.335000 0.018349 0.055000
0 0.043833 0.137500 0.018349 0.055000
0 0.018858 0.137500 0.015291 0.055000
0 0.005607 0.182500 0.009174 0.050000
0 0.085117 0.133750 0.013252 0.032500
0 0.089195 0.160000 0.011213 0.035000
0 0.151886 0.135000 0.012232 0.035000
0 0.159531 0.121250 0.011213 0.032500
0 0.090214 0.092500 0.011213 0.030000
0 0.206422 0.126250 0.013252 0.042500
0 0.252803 0.138750 0.012232 0.042500
0 0.252294 0.195000 0.017329 0.045000
0 0.264016 0.176250 0.012232 0.042500
0 0.292559 0.170000 0.014271 0.045000
0 0.285423 0.132500 0.012232 0.040000
0 0.362385 0.288750 0.017329 0.057500
0 0.305810 0.148750 0.010194 0.042500
0 0.316514 0.123750 0.011213 0.032500
0 0.262487 0.117500 0.009174 0.030000
0 0.217635 0.093750 0.011213 0.037500
0 0.323140 0.100000 0.012232 0.035000
0 0.354230 0.131250 0.015291 0.042500
0 0.381753 0.161250 0.011213 0.037500
0 0.387360 0.127500 0.012232 0.025000
0 0.403160 0.168750 0.013252 0.032500
0 0.411825 0.275000 0.018349 0.055000
0 0.427625 0.142500 0.015291 0.045000
0 0.412844 0.106250 0.014271 0.042500
0 0.400102 0.116250 0.013252 0.042500
0 0.468400 0.407500 0.023445 0.080000
0 0.533639 0.370000 0.027523 0.080000
0 0.594801 0.388750 0.025484 0.087500
0 0.474516 0.202500 0.015291 0.060000
0 0.529562 0.132500 0.013252 0.045000
0 0.546891 0.192500 0.017329 0.055000
0 0.618247 0.298750 0.021407 0.067500
0 0.439857 0.117500 0.011213 0.040000
0 0.457696 0.082500 0.010194 0.025000
0 0.484200 0.135000 0.016310 0.045000
0 0.513252 0.107500 0.015291 0.035000
0 0.703874 0.556250 0.029562 0.112500
0 0.734964 0.385000 0.022426 0.055000
0 0.643221 0.248750 0.022426 0.067500
0 0.630989 0.167500 0.016310 0.055000
0 0.724771 0.158750 0.014271 0.047500
0 0.757900 0.213750 0.017329 0.052500
0 0.780836 0.255000 0.020387 0.055000
0 0.686544 0.072500 0.011213 0.030000
0 0.738022 0.307500 0.024465 0.055000
0 0.916922 0.328750 0.019368 0.062500
0 0.939348 0.178750 0.015291 0.042500
0 0.929154 0.131250 0.015291 0.042500
0 0.860856 0.106250 0.013252 0.037500
0 0.898573 0.097500 0.013252 0.040000
