0 0.193170 0.610000 0.039755 0.140000
0 0.296636 0.733750 0.038736 0.127500
0 0.346585 0.461250 0.032620 0.097500
0 0.411825 0.612500 0.038736 0.135000
0 0.414883 0.410000 0.034659 0.090000
0 0.536188 0.708750 0.036697 0.127500
0 0.560652 0.587500 0.032620 0.115000
0 0.485219 0.511250 0.032620 0.087500
0 0.545872 0.497500 0.033639 0.090000
0 0.517329 0.935000 0.056065 0.130000
0 0.607034 0.512500 0.033639 0.095000
0 0.586137 0.425000 0.038736 0.100000
0 0.664628 0.482500 0.036697 0.120000
0 0.027013 0.137500 0.019368 0.055000
0 0.652396 0.295000 0.026504 0.075000
0 0.793578 0.331250 0.025484 0.072500
0 0.082569 0.168750 0.014271 0.037500
0 0.832824 0.486250 0.032620 0.107500
0 0.935270 0.487500 0.037717 0.115000
0 0.115698 0.190000 0.023445 0.050000
0 0.152905 0.172500 0.018349 0.055000
0 0.091233 0.142500 0.013252 0.040000
0 0.048930 0.111250 0.014271 0.042500
0 0.183996 0.178750 0.019368 0.052500
0 0.212538 0.172500 0.019368 0.055000
0 0.245158 0.146250 0.019368 0.052500
0 0.112130 0.102500 0.012232 0.035000
0 0.133028 0.138750 0.017329 0.042500
0 0.167176 0.108750 0.012232 0.042500
0 0.181448 0.112500 0.014271 0.055000
0 0.193680 0.108750 0.014271 0.042500
0 0.251784 0.086250 0.014271 0.042500
0 0.280836 0.170000 0.017329 0.045000
0 0.313456 0.137500 0.015291 0.055000
0 0.275739 0.100000 0.013252 0.040000
0 0.292559 0.105000 0.014271 0.045000
0 0.389908 0.188750 0.017329 0.052500
0 0.326198 0.147500 0.012232 0.050000
0 0.352701 0.122500 0.016310 0.050000
0 0.423547 0.138750 0.015291 0.052500
0 0.472987 0.128750 0.012232 0.052500
0 0.488787 0.133750 0.017329 0.047500
0 0.504587 0.175000 0.016310 0.050000
0 0.539246 0.131250 0.020387 0.057500
0 0.382263 0.122500 0.016310 0.040000
0 0.584098 0.211250 0.020387 0.072500
0 0.603976 0.187500 0.017329 0.060000
0 0.599898 0.142500 0.015291 0.040000
0 0.702854 0.283750 0.025484 0.082500
0 0.662589 0.215000 0.020387 0.065000
0 0.702345 0.173750 0.018349 0.067500
0 0.738532 0.222500 0.017329 0.065000
0 0.761468 0.237500 0.018349 0.055000
0 0.801223 0.221250 0.018349 0.067500
0 0.850153 0.323750 0.024465 0.082500
0 0.829256 0.268750 0.021407 0.067500
0 0.818043 0.150000 0.015291 0.050000
0 0.857288 0.175000 0.018349 0.060000
0 0.898573 0.177500 0.017329 0.050000
0 0.796126 0.100000 0.014271 0.045000
0 0.735474 0.153750 0.019368 0.052500
0 0.944954 0.383750 0.026504 0.097500
0 0.880224 0.106250 0.017329 0.042500
0 0.915902 0.136250 0.015291 0.052500
0 0.626402 0.133750 0.017329 0.047500
0 0.988787 0.240000 0.022426 0.105000
0 0.223751 0.112500 0.015291 0.040000
0 0.699796 0.112500 0.013252 0.030000
