0 0.140673 0.652500 0.038736 0.120000
0 0.349134 0.961250 0.080530 0.077500
0 0.305301 0.870000 0.064220 0.145000
0 0.093272 0.827500 0.060143 0.145000
0 0.106524 0.348750 0.029562 0.082500
0 0.164628 0.345000 0.025484 0.080000
0 0.013252 0.145000 0.016310 0.050000
0 0.036697 0.123750 0.012232 0.037500
0 0.024465 0.088750 0.012232 0.037500
0 0.060143 0.097500 0.014271 0.045000
0 0.076453 0.167500 0.012232 0.050000
0 0.127421 0.103750 0.014271 0.042500
0 0.124873 0.171250 0.013252 0.047500
0 0.112640 0.100000 0.013252 0.045000
0 0.167176 0.130000 0.014271 0.040000
0 0.054027 0.237500 0.016310 0.055000
0 0.027013 0.332500 0.021407 0.065000
0 0.010194 0.388750 0.018349 0.077500
0 0.074414 0.325000 0.026504 0.085000
0 0.100408 0.213750 0.015291 0.062500
0 0.141692 0.242500 0.016310 0.050000
0 0.172783 0.247500 0.017329 0.055000
0 0.185525 0.203750 0.018349 0.052500
0 0.224261 0.232500 0.018349 0.055000
0 0.199286 0.313750 0.021407 0.057500
0 0.251274 0.292500 0.021407 0.060000
0 0.279307 0.245000 0.020387 0.055000
0 0.241590 0.175000 0.014271 0.050000
0 0.193680 0.138750 0.012232 0.032500
0 0.187054 0.106250 0.011213 0.042500
0 0.206422 0.125000 0.013252 0.035000
0 0.217635 0.101250 0.011213 0.047500
0 0.259429 0.126250 0.015291 0.047500
0 0.268603 0.107500 0.013252 0.045000
0 0.228848 0.095000 0.013252 0.040000
0 0.320591 0.102500 0.021407 0.045000
0 0.329766 0.252500 0.021407 0.060000
0 0.287462 0.202500 0.020387 0.045000
0 0.318043 0.191250 0.020387 0.062500
0 0.370540 0.198750 0.019368 0.062500
0 0.337411 0.098750 0.014271 0.042500
0 0.365443 0.106250 0.015291 0.042500
0 0.072375 0.108750 0.012232 0.037500
0 0.408257 0.266250 0.017329 0.062500
0 0.389399 0.205000 0.016310 0.060000
0 0.383792 0.115000 0.015291 0.040000
0 0.395515 0.112500 0.010194 0.040000
0 0.431702 0.130000 0.013252 0.040000
0 0.445464 0.338750 0.024465 0.082500
0 0.461264 0.262500 0.017329 0.060000
0 0.466871 0.196250 0.016310 0.062500
0 0.464322 0.137500 0.013252 0.050000
0 0.445973 0.106250 0.015291 0.047500
0 0.413354 0.113750 0.013252 0.042500
0 0.426606 0.086250 0.013252 0.042500
0 0.499490 0.395000 0.020387 0.060000
0 0.548930 0.355000 0.021407 0.070000
0 0.488277 0.235000 0.022426 0.055000
0 0.513252 0.230000 0.015291 0.050000
0 0.528542 0.235000 0.019368 0.055000
0 0.529562 0.200000 0.017329 0.040000
0 0.482161 0.136250 0.014271 0.042500
0 0.465851 0.095000 0.016310 0.040000
0 0.482161 0.090000 0.012232 0.030000
0 0.498981 0.132500 0.017329 0.045000
0 0.512742 0.090000 0.016310 0.035000
0 0.516310 0.125000 0.015291 0.045000
0 0.555046 0.163750 0.013252 0.042500
0 0.582059 0.143750 0.014271 0.042500
0 0.561672 0.100000 0.010194 0.040000
0 0.534659 0.115000 0.013252 0.045000
0 0.550968 0.112500 0.013252 0.040000
0 0.580020 0.095000 0.014271 0.040000
0 0.593272 0.122500 0.010194 0.040000
0 0.602446 0.110000 0.008155 0.035000
0 0.613150 0.111250 0.013252 0.047500
0 0.617227 0.176250 0.013252 0.042500
0 0.600917 0.465000 0.023445 0.080000
0 0.645770 0.552500 0.031600 0.105000
0 0.632008 0.325000 0.020387 0.070000
0 0.676351 0.276250 0.021407 0.072500
0 0.649337 0.195000 0.014271 0.045000
0 0.640163 0.088750 0.010194 0.037500
0 0.681448 0.075000 0.013252 0.040000
0 0.657492 0.166250 0.016310 0.047500
0 0.678899 0.188750 0.012232 0.037500
0 0.690622 0.221250 0.015291 0.052500
0 0.726300 0.398750 0.027523 0.097500
0 0.687054 0.131250 0.012232 0.042500
0 0.707951 0.140000 0.011213 0.040000
0 0.706422 0.072500 0.012232 0.035000
0 0.737513 0.107500 0.011213 0.030000
0 0.716106 0.113750 0.011213 0.037500
0 0.706422 0.203750 0.012232 0.037500
0 0.746687 0.162500 0.011213 0.030000
0 0.748726 0.206250 0.015291 0.047500
0 0.719674 0.258750 0.018349 0.052500
0 0.757900 0.326250 0.019368 0.067500
0 0.802243 0.273750 0.016310 0.062500
0 0.766565 0.187500 0.012232 0.035000
0 0.753313 0.091250 0.012232 0.037500
0 0.766565 0.096250 0.012232 0.032500
0 0.812946 0.107500 0.011213 0.040000
0 0.845056 0.121250 0.010194 0.042500
0 0.839959 0.271250 0.012232 0.052500
0 0.845056 0.341250 0.018349 0.062500
0 0.880224 0.142500 0.015291 0.050000
0 0.891947 0.102500 0.014271 0.040000
0 0.907747 0.160000 0.013252 0.045000
0 0.865953 0.198750 0.017329 0.042500
0 0.887870 0.317500 0.020387 0.050000
0 0.886850 0.386250 0.026504 0.077500
0 0.722222 0.556250 0.031600 0.072500
0 0.772171 0.517500 0.031600 0.090000
0 0.815494 0.506250 0.030581 0.092500
0 0.832314 0.482500 0.025484 0.095000
0 0.982671 0.526250 0.034659 0.102500
0 0.975025 0.427500 0.027523 0.085000
0 0.938328 0.400000 0.027523 0.090000
0 0.950051 0.300000 0.020387 0.070000
0 0.983180 0.182500 0.015291 0.050000
0 0.956167 0.200000 0.014271 0.045000
0 0.115189 0.633750 0.028542 0.112500
0 0.049439 0.627500 0.039755 0.145000
0 0.021407 0.577500 0.030581 0.115000
