0 0.647808 0.500000 0.027523 0.078947
0 0.946993 0.344737 0.020387 0.063158
0 0.732926 0.396053 0.020387 0.071053
0 0.575433 0.317105 0.019368 0.060526
0 0.881244 0.689474 0.029562 0.089474
0 0.605505 0.260526 0.016310 0.052632
0 0.848114 0.393421 0.020387 0.065789
0 0.546381 0.298684 0.018349 0.055263
0 0.493884 0.261842 0.017329 0.050000
0 0.224261 0.322368 0.014271 0.060526
0 0.703874 0.247368 0.015291 0.052632
0 0.523955 0.247368 0.016310 0.052632
0 0.653925 0.247368 0.015291 0.047368
0 0.298675 0.440789 0.020387 0.065789
0 0.023955 0.614474 0.027523 0.076316
0 0.525484 0.327632 0.017329 0.055263
0 0.517839 0.192105 0.016310 0.047368
0 0.543833 0.238158 0.015291 0.044737
0 0.510703 0.406579 0.022426 0.065789
0 0.155963 0.327632 0.018349 0.050000
0 0.581549 0.155263 0.015291 0.047368
0 0.418451 0.338158 0.021407 0.065789
0 0.541794 0.150000 0.015291 0.047368
0 0.232926 0.217105 0.015291 0.044737
0 0.349643 0.214474 0.016310 0.050000
0 0.446483 0.194737 0.014271 0.042105
0 0.443935 0.432895 0.021407 0.060526
0 0.254842 0.347368 0.018349 0.057895
0 0.280836 0.042105 0.011213 0.031579
0 0.324669 0.303947 0.017329 0.055263
0 0.299185 0.186842 0.019368 0.052632
0 0.607543 0.106579 0.014271 0.039474
0 0.143731 0.177632 0.014271 0.044737
0 0.551478 0.607895 0.028542 0.068421
0 0.062691 0.277632 0.017329 0.050000
0 0.365953 0.401316 0.020387 0.060526
0 0.296126 0.101316 0.013252 0.039474
0 0.364424 0.268421 0.017329 0.052632
0 0.798675 0.842105 0.029562 0.100000
0 0.268603 0.173684 0.015291 0.042105
0 0.467890 0.282895 0.018349 0.050000
0 0.407238 0.105263 0.015291 0.042105
0 0.099898 0.225000 0.014271 0.039474
0 0.462283 0.323684 0.019368 0.047368
0 0.785423 0.136842 0.013252 0.042105
0 0.046891 0.173684 0.012232 0.042105
0 0.361876 0.159211 0.016310 0.044737
0 0.991335 0.057895 0.015291 0.047368
0 0.556575 0.084211 0.014271 0.042105
0 0.202854 0.505263 0.024465 0.073684
0 0.777778 0.028947 0.012232 0.036842
0 0.948012 0.077632 0.014271 0.044737
0 0.233945 0.088158 0.013252 0.039474
0 0.749235 0.127632 0.014271 0.044737
0 0.889399 0.100000 0.015291 0.042105
0 0.913863 0.072368 0.013252 0.044737
0 0.006626 0.089474 0.011213 0.036842
0 0.733435 0.525000 0.031600 0.092105
0 0.825688 0.118421 0.014271 0.042105
0 0.590214 0.093421 0.012232 0.034211
0 0.023445 0.240789 0.016310 0.050000
0 0.676860 0.188158 0.016310 0.044737
0 0.061162 0.222368 0.016310 0.044737
0 0.214577 0.219737 0.011213 0.044737
0 0.423547 0.160526 0.017329 0.042105
0 0.357288 0.044737 0.011213 0.036842
0 0.238532 0.156579 0.014271 0.044737
0 0.307849 0.042105 0.010194 0.031579
0 0.723751 0.063158 0.014271 0.042105
0 0.612640 0.182895 0.016310 0.044737
0 0.530071 0.113158 0.012232 0.036842
0 0.613660 0.197368 0.016310 0.052632
0 0.441896 0.077632 0.013252 0.039474
0 0.829766 0.032895 0.012232 0.039474
0 0.478593 0.034211 0.011213 0.031579
0 0.638124 0.142105 0.014271 0.047368
0 0.010703 0.205263 0.015291 0.052632
0 0.668705 0.018421 0.012232 0.031579
0 0.687054 0.084211 0.012232 0.042105
0 0.473496 0.200000 0.013252 0.042105
0 0.069827 0.102632 0.011213 0.036842
0 0.324669 0.053947 0.013252 0.039474
0 0.026504 0.190789 0.014271 0.044737
0 0.864424 0.119737 0.012232 0.039474
0 0.629460 0.028947 0.009174 0.031579
0 0.432722 0.118421 0.013252 0.036842
0 0.129969 0.085526 0.013252 0.034211
0 0.940367 0.015789 0.015291 0.026316
0 0.505097 0.022368 0.011213 0.028947
0 0.480122 0.138158 0.014271 0.039474
0 0.926606 0.123684 0.014271 0.042105
0 0.072375 0.664474 0.030581 0.097368
0 0.150357 0.680263 0.045872 0.134211
0 0.407747 0.871053 0.048930 0.121053
0 0.335372 0.772368 0.050968 0.134211
0 0.547401 0.876316 0.032620 0.094737
0 0.364424 0.481579 0.023445 0.078947
0 0.261468 0.434211 0.019368 0.063158
0 0.314475 0.440789 0.019368 0.071053
0 0.477574 0.628947 0.025484 0.089474
0 0.429154 0.472368 0.024465 0.071053
0 0.435780 0.593421 0.031600 0.102632
0 0.627421 0.817105 0.035678 0.102632
0 0.637615 0.596053 0.031600 0.086842
0 0.701835 0.751316 0.031600 0.097368
0 0.988787 0.143421 0.016310 0.071053
0 0.846585 0.078947 0.015291 0.042105
0 0.861876 0.048684 0.015291 0.044737
0 0.703874 0.018421 0.013252 0.031579
0 0.658512 0.109211 0.018349 0.065789
0 0.704383 0.069737 0.012232 0.039474
0 0.521407 0.028947 0.013252 0.047368
0 0.449032 0.027632 0.013252 0.044737
0 0.595311 0.042105 0.012232 0.047368
0 0.540775 0.013158 0.013252 0.021053
0 0.550459 0.044737 0.012232 0.036842
0 0.620795 0.072368 0.016310 0.034211
0 0.759429 0.032895 0.018349 0.044737
0 0.387360 0.246053 0.022426 0.065789
0 0.393476 0.068421 0.014271 0.042105
0 0.420999 0.022368 0.012232 0.034211
0 0.403160 0.031579 0.013252 0.036842
0 0.188583 0.042105 0.012232 0.036842
0 0.152905 0.026316 0.010194 0.047368
