0 0.174735 0.508325 0.0383263 0.123758
0 0.89945 0.597671 0.0438071 0.139007
0 0.683676 0.892054 0.0573118 0.177242
0 0.50898 0.616021 0.0366035 0.124096
0 0.832447 0.542143 0.0345991 0.110481
0 0.434972 0.893483 0.0565738 0.182494
0 0.679657 0.725251 0.0435719 0.128953
0 0.234474 0.590199 0.0392915 0.150153
0 0.8336 0.845408 0.0475271 0.129532
0 0.782613 0.728764 0.0376253 0.135323
0 0.610296 0.623063 0.033494 0.120189
0 0.561949 0.683575 0.036608 0.146553
0 0.717587 0.435092 0.0320833 0.0959443
0 0.81773 0.362094 0.0330376 0.0991984
0 0.40708 0.37864 0.0312778 0.0944903
0 0.376983 0.503147 0.0365806 0.133782
0 0.44039 0.723196 0.0401831 0.154555
0 0.927463 0.462665 0.0367651 0.112724
0 0.528481 0.476194 0.0328062 0.099265
0 0.368027 0.930477 0.0758149 0.139047
0 0.501166 0.866614 0.0443485 0.184701
0 0.962634 0.696027 0.032644 0.112226
0 0.456391 0.594167 0.0383594 0.121633
0 0.706635 0.604463 0.0368316 0.122109
0 0.767821 0.512093 0.0260684 0.0903803
0 0.743515 0.391736 0.0257601 0.0943028
0 0.33761 0.3666 0.0277803 0.085737
0 0.446592 0.257442 0.0248521 0.0830574
0 0.591066 0.431056 0.0266941 0.107563
0 0.556973 0.27803 0.0224997 0.0842519
0 0.628022 0.51485 0.0296 0.10765
0 0.630376 0.219124 0.020539 0.0671038
0 0.982518 0.539239 0.0343525 0.11334
0 0.210775 0.759558 0.0426817 0.156642
0 0.74148 0.242006 0.0246064 0.0769264
0 0.657002 0.557791 0.0336851 0.111367
0 0.949766 0.3938 0.0249983 0.0899933
0 0.70065 0.3187 0.0261063 0.0743426
0 0.624896 0.312609 0.0225474 0.0805165
0 0.95211 0.314623 0.027339 0.0703797
0 0.570887 0.490549 0.0322416 0.103679
0 0.199829 0.209045 0.0213408 0.0687103
0 0.389169 0.14647 0.0179144 0.0563653
0 0.425513 0.260344 0.0200102 0.0735959
0 0.169453 0.137936 0.016639 0.0505812
0 0.435261 0.194118 0.0181288 0.0588534
0 0.485829 0.173649 0.0191519 0.063519
0 0.261266 0.192569 0.0222305 0.0660139
0 0.30605 0.178757 0.0202467 0.0653864
0 0.605297 0.299895 0.0188569 0.0766783
0 0.79534 0.23741 0.0213558 0.078512
0 0.914485 0.276376 0.0198063 0.0691643
0 0.151012 0.211668 0.0185523 0.0647339
0 0.313687 0.310362 0.0234319 0.0676908
0 0.130909 0.258025 0.0205248 0.0675727
0 0.0919503 0.126409 0.0169254 0.0577651
0 0.50372 0.213483 0.0214931 0.0633225
0 0.595391 0.0447612 0.0134138 0.0434199
0 0.520995 0.144857 0.0155444 0.0514297
0 0.292417 0.249482 0.0215526 0.075635
0 0.672557 0.187123 0.0195175 0.0627501
0 0.264968 0.111359 0.0145149 0.0471581
0 0.225781 0.186234 0.0184051 0.0653114
0 0.811229 0.157543 0.0204076 0.0575169
0 0.350134 0.135874 0.0160407 0.053205
0 0.719468 0.120247 0.0143907 0.0501909
0 0.927578 0.235381 0.0181842 0.0634577
0 0.565897 0.118932 0.0161547 0.0496784
0 0.814348 0.236795 0.0186348 0.0749828
0 0.0581187 0.204655 0.0172695 0.0575413
0 0.00737544 0.0417327 0.0131088 0.0436676
0 0.358778 0.206598 0.0197415 0.0674996
0 0.537179 0.280633 0.0186188 0.0829285
0 0.992851 0.347187 0.0142973 0.0823787
0 0.83725 0.308822 0.023126 0.0679932
0 0.010697 0.137507 0.0175322 0.0510901
0 0.988896 0.127208 0.0186127 0.0586232
0 0.407486 0.509091 0.0249372 0.115723
0 0.503051 0.136098 0.0156467 0.0587388
0 0.419597 0.164821 0.0189545 0.0615729
0 0.769321 0.117684 0.013035 0.0439094
0 0.715273 0.258811 0.019252 0.0596536
0 0.794274 0.133036 0.0148399 0.0460232
0 0.859333 0.278505 0.0214092 0.0609108
0 0.371169 0.350049 0.0245197 0.0924328
0 0.198954 0.149306 0.016969 0.0422536
0 0.121118 0.0629008 0.0138326 0.0437581
0 0.0633865 0.107196 0.0154371 0.0432297
0 0.717239 0.0294744 0.0118826 0.0367623
0 0.860164 0.0764019 0.013586 0.0399558
0 0.608569 0.0646135 0.0138094 0.0446533
0 0.892199 0.103877 0.0181919 0.0461518
0 0.249082 0.122268 0.0134506 0.0539169
0 0.293137 0.0946159 0.014775 0.0485778
0 0.646864 0.461414 0.0288367 0.0879143
0 0.104749 0.115682 0.0138455 0.0479291
0 0.385468 0.0343499 0.0135649 0.0442216
0 0.847654 0.204439 0.0202435 0.0661265
0 0.309905 0.0650726 0.0140319 0.0434943
0 0.913937 0.0910595 0.014251 0.0466024
0 0.145078 0.108517 0.0143203 0.0466823
0 0.749229 0.115953 0.0166275 0.050741
0 0.00867134 0.350166 0.01686 0.0760975
0 0.417149 0.093579 0.0155822 0.0503937
0 0.495777 0.0553713 0.0171783 0.0456851
0 0.823745 0.0697355 0.014021 0.0462582
0 0.185033 0.101635 0.0140896 0.0426114
0 0.471671 0.034549 0.0119278 0.0398191
0 0.215087 0.111441 0.013023 0.0424568
0 0.692786 0.102629 0.0130824 0.0473683
0 0.520684 0.0240029 0.0114048 0.0378136
0 0.558025 0.0789826 0.0118485 0.0369593
0 0.625932 0.0650131 0.0153122 0.0516305
0 0.0385284 0.0881735 0.0139681 0.0474277
0 0.651189 0.117444 0.0143337 0.0469964
0 0.243455 0.0369867 0.0130052 0.0367074
0 0.342113 0.0850393 0.014423 0.0407617
0 0.643722 0.0373077 0.0119131 0.0377568
0 0.228789 0.0882751 0.0149711 0.0442273
0 0.393859 0.279192 0.0194892 0.0642603
0 0.778298 0.0612785 0.0127112 0.0413832
0 0.903874 0.0467284 0.0127439 0.0372162
0 0.0483785 0.151819 0.0152645 0.0480503
0 0.746559 0.0472454 0.0112576 0.0338316
0 0.33511 0.0458803 0.0121117 0.0356901
0 0.892381 0.176463 0.0151204 0.055195
0 0.677233 0.083439 0.0133609 0.0378138
0 0.768687 0.176097 0.0143141 0.0517141
0 0.142423 0.164261 0.0178419 0.0442862
0 0.648538 0.0747875 0.0131239 0.0374858
0 0.838323 0.0691904 0.0129493 0.0416365
0 0.932595 0.098489 0.0152058 0.0477462
0 0.158995 0.0700848 0.0117592 0.0378974
0 0.832554 0.330484 0.0283073 0.0942981
0 0.677583 0.121915 0.0136121 0.0417688
0 0.00878662 0.298904 0.0165003 0.0527942
0 0.168616 0.0978716 0.0133352 0.0318707
0 0.717561 0.98773 0.0628288 0.0245407
0 0.0034731 0.555723 0.00694621 0.111315
0 0.500759 0.205624 0.0227789 0.065544
0 0.27654 0.0450506 0.0122605 0.0363877
