0 0.534659 0.936250 0.058104 0.127500
0 0.574414 0.886250 0.045872 0.142500
0 0.032110 0.438750 0.031600 0.112500
0 0.028542 0.860000 0.055046 0.230000
0 0.268603 0.490000 0.025484 0.080000
0 0.234964 0.451250 0.025484 0.087500
0 0.346075 0.405000 0.023445 0.080000
0 0.260449 0.383750 0.025484 0.082500
0 0.459225 0.437500 0.027523 0.095000
0 0.467890 0.661250 0.038736 0.142500
0 0.595821 0.428750 0.027523 0.092500
0 0.675841 0.630000 0.040775 0.130000
0 0.744139 0.803750 0.048930 0.167500
0 0.825178 0.842500 0.082569 0.160000
0 0.957187 0.836250 0.075433 0.142500
0 0.951070 0.741250 0.069317 0.077500
0 0.378186 0.415000 0.030581 0.075000
0 0.122324 0.312500 0.018349 0.060000
0 0.059123 0.277500 0.022426 0.070000
0 0.035168 0.245000 0.017329 0.060000
0 0.078491 0.132500 0.016310 0.045000
0 0.026504 0.121250 0.012232 0.047500
0 0.064730 0.105000 0.011213 0.040000
0 0.102956 0.108750 0.014271 0.037500
0 0.122324 0.135000 0.014271 0.050000
0 0.100917 0.206250 0.016310 0.052500
0 0.127421 0.217500 0.020387 0.065000
0 0.153415 0.191250 0.017329 0.062500
0 0.158512 0.135000 0.017329 0.040000
0 0.166157 0.087500 0.012232 0.035000
0 0.183996 0.162500 0.013252 0.040000
0 0.183996 0.107500 0.011213 0.045000
0 0.218145 0.113750 0.014271 0.047500
0 0.203364 0.181250 0.019368 0.052500
0 0.202345 0.282500 0.021407 0.070000
0 0.257900 0.312500 0.022426 0.060000
0 0.235984 0.253750 0.019368 0.067500
0 0.270642 0.240000 0.019368 0.070000
0 0.221203 0.231250 0.016310 0.057500
0 0.304281 0.233750 0.015291 0.062500
0 0.321101 0.233750 0.016310 0.062500
0 0.238022 0.135000 0.013252 0.050000
0 0.253313 0.141250 0.015291 0.052500
0 0.212538 0.082500 0.011213 0.030000
0 0.233945 0.075000 0.011213 0.035000
0 0.262487 0.117500 0.011213 0.040000
0 0.297146 0.098750 0.011213 0.032500
0 0.327217 0.113750 0.014271 0.042500
0 0.341998 0.116250 0.013252 0.047500
0 0.346075 0.208750 0.015291 0.047500
0 0.361876 0.207500 0.014271 0.060000
0 0.378186 0.221250 0.018349 0.067500
0 0.398573 0.236250 0.018349 0.062500
0 0.376656 0.060000 0.013252 0.035000
0 0.401121 0.113750 0.013252 0.047500
0 0.423038 0.235000 0.020387 0.050000
0 0.439348 0.170000 0.020387 0.055000
0 0.451070 0.267500 0.019368 0.065000
0 0.416412 0.097500 0.013252 0.045000
0 0.436799 0.072500 0.011213 0.030000
0 0.433231 0.136250 0.014271 0.032500
0 0.353721 0.012500 0.008155 0.020000
0 0.330275 0.022500 0.012232 0.030000
0 0.313965 0.017500 0.008155 0.025000
0 0.471967 0.173750 0.016310 0.047500
0 0.490826 0.320000 0.025484 0.085000
0 0.511723 0.420000 0.028542 0.070000
0 0.514781 0.262500 0.020387 0.060000
0 0.513252 0.201250 0.019368 0.057500
0 0.510703 0.153750 0.016310 0.042500
0 0.509174 0.115000 0.013252 0.035000
0 0.464832 0.051250 0.012232 0.037500
0 0.465341 0.123750 0.017329 0.042500
0 0.356779 0.097500 0.012232 0.035000
0 0.550968 0.087500 0.013252 0.040000
0 0.559123 0.178750 0.019368 0.052500
0 0.589195 0.135000 0.016310 0.040000
0 0.546891 0.138750 0.015291 0.042500
0 0.565749 0.307500 0.026504 0.080000
0 0.621305 0.311250 0.027523 0.072500
0 0.652396 0.372500 0.030581 0.090000
0 0.654434 0.220000 0.024465 0.075000
0 0.633028 0.238750 0.020387 0.057500
0 0.624363 0.162500 0.015291 0.050000
0 0.601427 0.091250 0.012232 0.037500
0 0.620795 0.095000 0.014271 0.045000
0 0.640673 0.098750 0.017329 0.047500
0 0.641182 0.143750 0.010194 0.042500
0 0.653415 0.140000 0.012232 0.040000
0 0.681957 0.203750 0.014271 0.057500
0 0.676351 0.136250 0.017329 0.047500
0 0.698267 0.126250 0.016310 0.047500
0 0.706422 0.162500 0.016310 0.040000
0 0.679409 0.367500 0.023445 0.090000
0 0.657492 0.493750 0.024465 0.087500
0 0.725790 0.386250 0.028542 0.097500
0 0.718145 0.316250 0.021407 0.052500
0 0.727319 0.228750 0.021407 0.072500
0 0.732416 0.107500 0.013252 0.035000
0 0.759429 0.231250 0.018349 0.057500
0 0.780326 0.320000 0.025484 0.065000
0 0.779307 0.220000 0.017329 0.055000
0 0.799185 0.216250 0.020387 0.057500
0 0.759939 0.176250 0.013252 0.047500
0 0.742100 0.197500 0.014271 0.045000
0 0.785933 0.143750 0.012232 0.047500
0 0.800714 0.113750 0.015291 0.037500
0 0.818552 0.368750 0.026504 0.097500
0 0.859327 0.377500 0.024465 0.080000
0 0.926606 0.316250 0.022426 0.062500
0 0.828746 0.155000 0.018349 0.050000
0 0.846585 0.182500 0.013252 0.040000
0 0.862385 0.146250 0.014271 0.037500
0 0.863405 0.111250 0.014271 0.032500
0 0.876656 0.122500 0.012232 0.040000
0 0.892457 0.103750 0.015291 0.042500
0 0.905199 0.157500 0.014271 0.045000
0 0.926606 0.127500 0.014271 0.040000
0 0.933741 0.168750 0.016310 0.057500
0 0.903670 0.263750 0.019368 0.052500
0 0.945973 0.250000 0.024465 0.075000
0 0.991335 0.176250 0.017329 0.052500
0 0.948522 0.198750 0.019368 0.042500
0 0.987768 0.522500 0.024465 0.100000
