0 0.085117 0.558750 0.037717 0.117500
0 0.207951 0.682500 0.053007 0.160000
0 0.233945 0.873750 0.056065 0.202500
0 0.244648 0.682500 0.040775 0.160000
0 0.300204 0.487500 0.033639 0.085000
0 0.361876 0.430000 0.026504 0.090000
0 0.485729 0.443750 0.035678 0.112500
0 0.595821 0.426250 0.035678 0.107500
0 0.399592 0.346250 0.024465 0.087500
0 0.900612 0.512500 0.027523 0.100000
0 0.739551 0.487500 0.029562 0.090000
0 0.106524 0.157500 0.013252 0.045000
0 0.170744 0.207500 0.015291 0.045000
0 0.137615 0.095000 0.014271 0.040000
0 0.088175 0.121250 0.015291 0.037500
0 0.032620 0.110000 0.012232 0.035000
0 0.058104 0.116250 0.014271 0.027500
0 0.168196 0.108750 0.010194 0.037500
0 0.204383 0.113750 0.013252 0.042500
0 0.260958 0.126250 0.012232 0.037500
0 0.269113 0.228750 0.018349 0.057500
0 0.240571 0.083750 0.012232 0.032500
0 0.242100 0.116250 0.009174 0.032500
0 0.309888 0.381250 0.026504 0.052500
0 0.366463 0.198750 0.015291 0.052500
0 0.304281 0.203750 0.017329 0.052500
0 0.336901 0.192500 0.013252 0.055000
0 0.324159 0.165000 0.016310 0.045000
0 0.304791 0.120000 0.012232 0.035000
0 0.285423 0.100000 0.012232 0.035000
0 0.319572 0.115000 0.011213 0.035000
0 0.359837 0.142500 0.016310 0.050000
0 0.337411 0.088750 0.012232 0.032500
0 0.350663 0.096250 0.012232 0.032500
0 0.392966 0.120000 0.015291 0.040000
0 0.413354 0.105000 0.013252 0.035000
0 0.432212 0.452500 0.024465 0.080000
0 0.490316 0.208750 0.018349 0.057500
0 0.442406 0.115000 0.016310 0.045000
0 0.425586 0.095000 0.013252 0.040000
0 0.453619 0.078750 0.014271 0.032500
0 0.456167 0.148750 0.013252 0.037500
0 0.478084 0.126250 0.014271 0.047500
0 0.520387 0.120000 0.013252 0.050000
0 0.506626 0.182500 0.016310 0.050000
0 0.530581 0.156250 0.017329 0.047500
0 0.568807 0.386250 0.022426 0.082500
0 0.616208 0.296250 0.021407 0.057500
0 0.626402 0.241250 0.017329 0.052500
0 0.579001 0.167500 0.014271 0.045000
0 0.578491 0.090000 0.011213 0.035000
0 0.611111 0.133750 0.013252 0.042500
0 0.650357 0.112500 0.012232 0.035000
0 0.664628 0.306250 0.020387 0.057500
0 0.664118 0.175000 0.015291 0.045000
0 0.595311 0.080000 0.010194 0.035000
0 0.532110 0.093750 0.012232 0.042500
0 0.689602 0.173750 0.015291 0.042500
0 0.683996 0.130000 0.014271 0.045000
0 0.716106 0.285000 0.021407 0.060000
0 0.699796 0.275000 0.015291 0.060000
0 0.747197 0.317500 0.016310 0.050000
0 0.747197 0.395000 0.022426 0.070000
0 0.808359 0.385000 0.026504 0.090000
0 0.863914 0.458750 0.025484 0.087500
0 0.824669 0.333750 0.020387 0.062500
0 0.773191 0.333750 0.019368 0.057500
0 0.729358 0.160000 0.013252 0.040000
0 0.761468 0.162500 0.014271 0.045000
0 0.784404 0.181250 0.017329 0.057500
0 0.845056 0.317500 0.018349 0.060000
0 0.810907 0.111250 0.011213 0.037500
0 0.811417 0.157500 0.012232 0.040000
0 0.857798 0.125000 0.011213 0.040000
0 0.850153 0.100000 0.010194 0.030000
0 0.886340 0.102500 0.015291 0.045000
0 0.914883 0.421250 0.025484 0.092500
0 0.905708 0.312500 0.021407 0.070000
0 0.976555 0.275000 0.022426 0.070000
0 0.993374 0.415000 0.013252 0.115000
0 0.865953 0.178750 0.015291 0.047500
0 0.980632 0.145000 0.014271 0.050000
0 0.956167 0.178750 0.016310 0.047500
