0 0.029052 0.860000 0.054027 0.235000
0 0.040265 0.357500 0.035678 0.090000
0 0.041794 0.173750 0.016310 0.047500
0 0.013761 0.225000 0.021407 0.075000
0 0.262997 0.436250 0.028542 0.097500
0 0.257390 0.358750 0.023445 0.077500
0 0.175841 0.253750 0.021407 0.072500
0 0.148828 0.238750 0.020387 0.062500
0 0.132008 0.193750 0.017329 0.052500
0 0.090214 0.167500 0.013252 0.045000
0 0.060143 0.135000 0.014271 0.045000
0 0.041284 0.110000 0.015291 0.045000
0 0.011723 0.126250 0.017329 0.057500
0 0.178389 0.170000 0.014271 0.040000
0 0.208970 0.162500 0.016310 0.050000
0 0.183996 0.113750 0.015291 0.047500
0 0.143731 0.101250 0.012232 0.042500
0 0.129460 0.105000 0.012232 0.045000
0 0.055556 0.096250 0.009174 0.032500
0 0.006116 0.081250 0.010194 0.032500
0 0.087666 0.078750 0.012232 0.042500
0 0.118756 0.111250 0.011213 0.032500
0 0.205912 0.106250 0.012232 0.042500
0 0.125382 0.148750 0.012232 0.037500
0 0.112640 0.211250 0.015291 0.042500
0 0.236493 0.251250 0.018349 0.057500
0 0.235984 0.185000 0.019368 0.045000
0 0.282365 0.253750 0.020387 0.052500
0 0.324669 0.365000 0.021407 0.075000
0 0.312436 0.285000 0.019368 0.055000
0 0.321611 0.147500 0.015291 0.050000
0 0.304791 0.131250 0.014271 0.032500
0 0.267074 0.167500 0.014271 0.050000
0 0.246177 0.131250 0.015291 0.047500
0 0.233945 0.088750 0.011213 0.037500
0 0.222732 0.088750 0.011213 0.042500
0 0.293578 0.086250 0.014271 0.052500
0 0.326707 0.092500 0.015291 0.045000
0 0.360856 0.136250 0.016310 0.047500
0 0.366972 0.262500 0.018349 0.065000
0 0.424057 0.356250 0.026504 0.072500
0 0.417431 0.495000 0.031600 0.105000
0 0.521407 0.417500 0.029562 0.100000
0 0.409276 0.236250 0.017329 0.062500
0 0.426606 0.143750 0.017329 0.052500
0 0.384302 0.100000 0.016310 0.045000
0 0.416922 0.072500 0.014271 0.035000
0 0.430173 0.091250 0.014271 0.037500
0 0.449541 0.237500 0.022426 0.060000
0 0.496942 0.270000 0.017329 0.055000
0 0.494393 0.206250 0.016310 0.062500
0 0.459735 0.120000 0.014271 0.050000
0 0.547401 0.353750 0.024465 0.077500
0 0.527523 0.292500 0.021407 0.060000
0 0.523955 0.238750 0.024465 0.047500
0 0.504587 0.146250 0.014271 0.052500
0 0.605505 0.318750 0.024465 0.067500
0 0.562181 0.168750 0.015291 0.047500
0 0.530581 0.181250 0.015291 0.047500
0 0.544852 0.176250 0.015291 0.047500
0 0.520387 0.142500 0.013252 0.045000
0 0.535678 0.137500 0.013252 0.040000
0 0.556575 0.108750 0.012232 0.042500
0 0.569827 0.111250 0.012232 0.047500
0 0.484709 0.127500 0.015291 0.045000
0 0.586646 0.255000 0.017329 0.045000
0 0.549439 0.238750 0.022426 0.057500
0 0.658512 0.343750 0.024465 0.082500
0 0.626911 0.320000 0.018349 0.060000
0 0.678899 0.275000 0.022426 0.065000
0 0.650357 0.275000 0.020387 0.060000
0 0.634557 0.187500 0.013252 0.050000
0 0.621305 0.155000 0.013252 0.040000
0 0.596840 0.121250 0.017329 0.047500
0 0.686544 0.150000 0.015291 0.050000
0 0.656473 0.202500 0.016310 0.050000
0 0.651886 0.126250 0.015291 0.042500
0 0.665647 0.116250 0.014271 0.037500
0 0.716616 0.155000 0.014271 0.050000
0 0.714067 0.238750 0.023445 0.057500
0 0.724261 0.310000 0.027523 0.080000
0 0.750765 0.586250 0.031600 0.127500
0 0.781346 0.530000 0.035678 0.120000
0 0.833843 0.368750 0.026504 0.087500
0 0.767074 0.331250 0.027523 0.087500
0 0.792559 0.358750 0.023445 0.082500
0 0.878695 0.490000 0.028542 0.105000
0 0.794597 0.223750 0.019368 0.062500
0 0.709990 0.108750 0.013252 0.037500
0 0.733945 0.128750 0.016310 0.037500
0 0.774720 0.091250 0.014271 0.037500
0 0.811927 0.123750 0.013252 0.042500
0 0.626911 0.122500 0.016310 0.035000
0 0.517839 0.088750 0.012232 0.042500
0 0.829766 0.152500 0.016310 0.050000
0 0.875127 0.285000 0.017329 0.055000
0 0.841998 0.236250 0.018349 0.057500
0 0.885321 0.152500 0.015291 0.045000
0 0.890928 0.106250 0.014271 0.042500
0 0.838430 0.113750 0.015291 0.037500
0 0.917941 0.250000 0.021407 0.055000
0 0.911825 0.173750 0.015291 0.047500
0 0.919470 0.130000 0.012232 0.050000
0 0.928644 0.135000 0.014271 0.040000
0 0.963303 0.262500 0.018349 0.065000
0 0.983180 0.220000 0.019368 0.065000
0 0.534149 0.935000 0.057085 0.130000
0 0.646279 0.882500 0.048930 0.155000
0 0.712029 0.757500 0.051988 0.160000
0 0.691641 0.685000 0.039755 0.110000
0 0.788481 0.753750 0.047910 0.152500
0 0.966361 0.786250 0.061162 0.157500
0 0.976555 0.608750 0.046891 0.152500
