0 0.382718 0.700223 0.049552 0.174431
0 0.593991 0.715686 0.0356641 0.135996
0 0.144058 0.279002 0.0267679 0.0875032
0 0.722061 0.514589 0.033608 0.118576
0 0.872018 0.375554 0.0306087 0.0936201
0 0.568718 0.501462 0.0326348 0.104332
0 0.221578 0.513447 0.0357695 0.123043
0 0.020699 0.599438 0.0406585 0.128375
0 0.930675 0.461813 0.0303223 0.100525
0 0.555883 0.704866 0.0473644 0.1403
0 0.45723 0.643901 0.0326448 0.140674
0 0.518766 0.323219 0.0251985 0.0843041
0 0.578502 0.293757 0.0298009 0.100118
0 0.801168 0.736814 0.0538567 0.153858
0 0.822507 0.471254 0.0306405 0.100878
0 0.761673 0.464219 0.0325808 0.110632
0 0.148545 0.572734 0.0381429 0.131804
0 0.609654 0.468627 0.0336817 0.112788
0 0.821846 0.5774 0.0329842 0.109701
0 0.0787263 0.43348 0.0341583 0.107186
0 0.29851 0.30886 0.0234777 0.0722419
0 0.691365 0.801253 0.045422 0.151951
0 0.517155 0.191934 0.0188307 0.0611024
0 0.0166224 0.389992 0.0288102 0.0960611
0 0.382813 0.278158 0.0227948 0.0724849
0 0.950294 0.322058 0.0255829 0.0919191
0 0.183101 0.210191 0.0211612 0.0701033
0 0.104543 0.276225 0.0211713 0.0798105
0 0.50047 0.268666 0.0222046 0.0733629
0 0.140783 0.386454 0.0255773 0.0893787
0 0.542925 0.258316 0.0208221 0.0686378
0 0.807386 0.243839 0.0203455 0.0698073
0 0.416315 0.231986 0.0215565 0.0772128
0 0.0828103 0.275313 0.0220105 0.0796182
0 0.985236 0.470101 0.0289375 0.114864
0 0.472744 0.261594 0.0211378 0.0751492
0 0.18234 0.656399 0.043441 0.141897
0 0.752565 0.272368 0.0204342 0.0724808
0 0.46792 0.16306 0.0175116 0.0574515
0 0.381703 0.174127 0.0192007 0.0607773
0 0.348935 0.24617 0.0198646 0.0709172
0 0.743184 0.131792 0.0170078 0.043083
0 0.686184 0.210244 0.0248529 0.0736779
0 0.22106 0.158868 0.0180647 0.0562572
0 0.59411 0.180087 0.0191618 0.0616265
0 0.249385 0.321022 0.0220138 0.0768671
0 0.675346 0.396739 0.0236104 0.0861813
0 0.243227 0.184631 0.0180358 0.067863
0 0.345051 0.179196 0.0180998 0.0491142
0 0.10995 0.139063 0.0161944 0.0554179
0 0.863552 0.135127 0.0161258 0.0540421
0 0.431681 0.14932 0.0195429 0.0625896
0 0.914645 0.0868161 0.0152792 0.049592
0 0.933022 0.107989 0.0148672 0.045343
0 0.288164 0.141556 0.0160395 0.0585954
0 0.0935995 0.103787 0.0175079 0.0504277
0 0.881928 0.1267 0.0150324 0.0470982
0 0.672659 0.1246 0.0155203 0.0513771
0 0.481247 0.130706 0.0154093 0.0502212
0 0.197789 0.147744 0.0158749 0.0537646
0 0.0474099 0.218301 0.0226902 0.0673828
0 0.346704 0.86341 0.0529061 0.174204
0 0.562364 0.1573 0.0171856 0.0579445
0 0.514127 0.120061 0.0145414 0.0511876
0 0.0634667 0.25658 0.0195328 0.06972
0 0.310326 0.149349 0.0205459 0.0614779
0 0.824412 0.135283 0.0191753 0.0514493
0 0.0755097 0.159243 0.0157469 0.0545268
0 0.532697 0.101371 0.0147011 0.0477307
0 0.974479 0.140496 0.0173325 0.0518744
0 0.182117 0.0998058 0.0173665 0.0545554
0 0.615285 0.157005 0.0176712 0.0641227
0 0.0698801 0.0742895 0.0136126 0.0378023
0 0.697479 0.0384134 0.0140631 0.0399178
0 0.441867 0.0523428 0.0137855 0.0401113
0 0.143184 0.170396 0.01864 0.0653445
0 0.56863 0.109024 0.015859 0.0443989
0 0.776069 0.136634 0.0138966 0.0443837
0 0.347985 0.0824248 0.0137956 0.0462015
0 0.275165 0.244041 0.0217075 0.0671339
0 0.864862 0.0930008 0.0130793 0.0340471
0 0.885558 0.0773308 0.012252 0.0372945
0 0.66142 0.0914114 0.0155527 0.0477092
0 0.0641472 0.129837 0.0125944 0.0470822
0 0.981817 0.638153 0.030627 0.108525
0 0.84294 0.0561366 0.0136019 0.0423375
0 0.291656 0.0370912 0.0155896 0.0395272
0 0.727386 0.0285439 0.0123358 0.04169
0 0.81058 0.0588234 0.0129875 0.0392441
0 0.209817 0.0975805 0.0139121 0.0483844
0 0.410292 0.151379 0.0175177 0.0614056
0 0.444903 0.106973 0.013924 0.0467516
0 0.401922 0.0302812 0.0133377 0.0369337
0 0.630986 0.102291 0.0130849 0.0388488
0 0.146724 0.0472977 0.0118548 0.0380544
0 0.12545 0.142908 0.0152371 0.0514506
0 0.508479 0.0718416 0.0123289 0.0400702
0 0.388679 0.0691304 0.0136795 0.0462609
0 0.423653 0.0393643 0.013533 0.0370086
0 0.156898 0.117005 0.0159025 0.0557664
0 0.752974 0.0753135 0.0122124 0.0396558
0 0.0107188 0.114948 0.0156673 0.0525116
0 0.795159 0.0882663 0.0142376 0.0392997
0 0.712982 0.105357 0.0136867 0.0450032
0 0.67944 0.0729317 0.0139393 0.0386663
0 0.991309 0.388724 0.0173824 0.0638818
0 0.694369 0.110764 0.0140905 0.0407575
0 0.265808 0.11398 0.0146507 0.0418608
0 0.464351 0.0416721 0.0106081 0.0335436
0 0.566562 0.0391122 0.0113995 0.030512
0 0.424293 0.0908978 0.0150724 0.044297
0 0.369598 0.103881 0.0128031 0.0461617
0 0.634397 0.058942 0.0137304 0.0391207
0 0.597144 0.0694603 0.0134585 0.0383491
0 0.867142 0.225951 0.0211239 0.0691225
0 0.158431 0.0623821 0.0145322 0.0386206
0 0.567287 0.0704445 0.0126055 0.0327619
0 0.269347 0.157006 0.0168484 0.0551949
0 0.496487 0.0872422 0.0128246 0.035516
