0 0.806320 0.715789 0.028542 0.094737
0 0.657492 0.275000 0.016310 0.055263
0 0.851172 0.527632 0.026504 0.071053
0 0.606014 0.271053 0.019368 0.057895
0 0.490316 0.136842 0.018349 0.052632
0 0.133028 0.168421 0.015291 0.042105
0 0.101937 0.196053 0.012232 0.039474
0 0.986748 0.197368 0.018349 0.047368
0 0.565749 0.115789 0.014271 0.047368
0 0.061672 0.161842 0.013252 0.039474
0 0.729358 0.102632 0.015291 0.047368
0 0.216616 0.064474 0.011213 0.028947
0 0.232926 0.167105 0.013252 0.039474
0 0.986239 0.484211 0.025484 0.084211
0 0.148828 0.106579 0.012232 0.039474
0 0.006116 0.122368 0.010194 0.039474
0 0.395515 0.078947 0.012232 0.036842
0 0.603976 0.085526 0.013252 0.039474
0 0.795107 0.030263 0.014271 0.039474
0 0.967380 0.064474 0.010194 0.034211
0 0.742610 0.092105 0.013252 0.047368
0 0.436290 0.197368 0.020387 0.052632
0 0.878186 0.036842 0.015291 0.042105
0 0.168196 0.267105 0.022426 0.065789
0 0.188583 0.132895 0.014271 0.034211
0 0.628950 0.085526 0.012232 0.039474
0 0.463812 0.028947 0.012232 0.036842
0 0.519368 0.015789 0.011213 0.026316
0 0.909786 0.026316 0.011213 0.036842
0 0.435270 0.209211 0.018349 0.044737
0 0.407747 0.064474 0.012232 0.034211
0 0.485729 0.019737 0.011213 0.034211
0 0.495413 0.018421 0.010194 0.031579
0 0.965851 0.172368 0.015291 0.044737
0 0.396024 0.038158 0.011213 0.034211
0 0.385321 0.042105 0.012232 0.031579
0 0.380224 0.075000 0.012232 0.034211
0 0.186035 0.060526 0.011213 0.031579
0 0.608053 0.902632 0.035678 0.105263
0 0.694699 0.942105 0.039755 0.115789
0 0.098369 0.157895 0.013252 0.042105
0 0.024975 0.080263 0.011213 0.039474
0 0.270642 0.042105 0.013252 0.042105
0 0.612640 0.236842 0.014271 0.047368
0 0.607034 0.036842 0.011213 0.031579
0 0.649337 0.034211 0.014271 0.042105
0 0.659531 0.014474 0.012232 0.023684
0 0.819572 0.014474 0.014271 0.023684
