0 0.73666 0.61299 0.0390318 0.140652
0 0.877531 0.659548 0.0438385 0.157162
0 0.910811 0.450493 0.0331219 0.121188
0 0.624789 0.76149 0.0381472 0.145503
0 0.666192 0.668742 0.0400398 0.133949
0 0.212444 0.753667 0.042577 0.148276
0 0.319204 0.43389 0.0298324 0.11106
0 0.30725 0.28032 0.0332522 0.0873958
0 0.115913 0.431668 0.0297713 0.0949052
0 0.218073 0.504344 0.0359403 0.112181
0 0.794225 0.569279 0.040264 0.129125
0 0.219695 0.279273 0.024735 0.0786192
0 0.15683 0.312572 0.0297193 0.0857127
0 0.305737 0.639673 0.0444252 0.120089
0 0.77863 0.486864 0.0367231 0.112844
0 0.372968 0.410694 0.0263969 0.0878958
0 0.129113 0.535021 0.0373634 0.113579
0 0.480719 0.409771 0.0264632 0.0894029
0 0.43931 0.464747 0.0293045 0.102796
0 0.97694 0.755384 0.039632 0.132931
0 0.434123 0.37879 0.0273567 0.0781171
0 0.41121 0.465326 0.0259586 0.0918659
0 0.267081 0.47701 0.0321237 0.0910931
0 0.384292 0.906286 0.0492804 0.17683
0 0.666162 0.472663 0.0286041 0.107984
0 0.0920784 0.346386 0.0290895 0.0992834
0 0.525599 0.449588 0.0273932 0.100642
0 0.969005 0.505639 0.0307896 0.10367
0 0.266323 0.380601 0.0271333 0.0790273
0 0.689862 0.314297 0.0282532 0.0912007
0 0.706362 0.127222 0.0132946 0.0437359
0 0.558271 0.126218 0.0162936 0.0548351
0 0.520307 0.20921 0.020483 0.072674
0 0.528363 0.562771 0.0320099 0.112335
0 0.729408 0.328742 0.0246382 0.0825117
0 0.37996 0.298846 0.0206242 0.0759081
0 0.776401 0.307415 0.0241656 0.0772561
0 0.184666 0.262629 0.0216058 0.0830535
0 0.403254 0.155913 0.0162989 0.0601826
0 0.0181517 0.426209 0.0351923 0.105382
0 0.490839 0.291145 0.0215437 0.072216
0 0.579594 0.219922 0.0218672 0.0673321
0 0.851319 0.465534 0.0320621 0.114978
0 0.530588 0.334961 0.020721 0.063649
0 0.244354 0.185992 0.0179094 0.0571402
0 0.428308 0.238807 0.0216192 0.0851665
0 0.966316 0.26562 0.020018 0.0687839
0 0.943412 0.323383 0.0241646 0.0790039
0 0.746959 0.261781 0.0231446 0.0773557
0 0.17041 0.561029 0.0363221 0.113821
0 0.971048 0.407343 0.028442 0.0870504
0 0.636279 0.236552 0.0205679 0.0703091
0 0.930723 0.22487 0.0191547 0.0686433
0 0.362247 0.323253 0.0215181 0.0708639
0 0.370117 0.147735 0.0177587 0.0597462
0 0.888555 0.224981 0.0181944 0.0633215
0 0.4473 0.170143 0.0210963 0.0667312
0 0.50932 0.360709 0.0215113 0.0707275
0 0.871443 0.297447 0.0216499 0.0720533
0 0.0993218 0.259946 0.0225222 0.0719789
0 0.217946 0.161402 0.0158194 0.0529116
0 0.0213834 0.238616 0.0190191 0.0664422
0 0.317425 0.131639 0.0175839 0.0575963
0 0.827191 0.271583 0.0223244 0.0722031
0 0.898011 0.293371 0.021639 0.0685779
0 0.268358 0.176445 0.0202215 0.0586955
0 0.537651 0.179385 0.0181919 0.0610174
0 0.850997 0.288281 0.0217121 0.0700352
0 0.518639 0.117807 0.0190889 0.0539381
0 0.145324 0.108912 0.018249 0.0544945
0 0.201581 0.183468 0.0204129 0.0615865
0 0.13479 0.176623 0.0202399 0.07004
0 0.55382 0.0487608 0.0133287 0.044798
0 0.156637 0.207616 0.0234428 0.0606058
0 0.177687 0.111204 0.0171623 0.0517548
0 0.44427 0.0632334 0.0136711 0.0451093
0 0.548311 0.430638 0.0198283 0.0807983
0 0.00767203 0.132259 0.0153441 0.0539535
0 0.788401 0.145982 0.017595 0.0523909
0 0.318165 0.548685 0.0383553 0.0598143
0 0.81106 0.0885406 0.0139805 0.0443719
0 0.673733 0.0364005 0.0118826 0.0405401
0 0.894428 0.141933 0.0170704 0.0548887
0 0.473969 0.193483 0.0182535 0.0563693
0 0.263957 0.301329 0.0219529 0.071655
0 0.795049 0.285013 0.0163126 0.0604568
0 0.64707 0.127013 0.0132147 0.0419014
0 0.560488 0.303684 0.018733 0.0716192
0 0.733337 0.140839 0.0146454 0.0473754
0 0.489681 0.140939 0.0159772 0.055141
0 0.688326 0.144853 0.013935 0.0497309
0 0.405478 0.085124 0.0160974 0.044473
0 0.538229 0.111463 0.0140836 0.0505296
0 0.904774 0.366119 0.0286919 0.0626468
0 0.581467 0.0526559 0.0124334 0.0375511
0 0.719637 0.0281465 0.0126142 0.0428929
0 0.343067 0.40331 0.0236714 0.0797652
0 0.113141 0.118834 0.0172176 0.0528211
0 0.657768 0.201018 0.0185545 0.0540699
0 0.991475 0.123329 0.0168114 0.0511093
0 0.33182 0.0574611 0.0119071 0.0365933
0 0.0722493 0.0993011 0.012547 0.0380847
0 0.517421 0.0391498 0.0112557 0.0343888
0 0.871438 0.135774 0.0175562 0.0477341
0 0.66689 0.261777 0.0237973 0.060668
0 0.941781 0.126096 0.0137261 0.0484607
0 0.745652 0.118777 0.0135917 0.0425684
0 0.797688 0.203722 0.0184731 0.0601847
0 0.844362 0.0981134 0.0142023 0.0484889
0 0.83641 0.194018 0.0166141 0.0559685
0 0.993338 0.301069 0.0132881 0.0759853
0 0.690328 0.235308 0.0192911 0.0643905
0 0.89694 0.0589565 0.014344 0.0429017
0 0.642059 0.461176 0.0231017 0.0846879
0 0.350937 0.107599 0.0141357 0.0445417
0 0.674888 0.174411 0.0171486 0.0564278
0 0.595583 0.0306691 0.00967031 0.0288311
0 0.883943 0.059841 0.0134967 0.0410395
0 0.150411 0.651542 0.0428844 0.114196
0 0.955837 0.13335 0.0146025 0.0468272
0 0.0450835 0.267723 0.0258624 0.0776556
0 0.645939 0.0892161 0.0124219 0.0349084
0 0.199182 0.0251066 0.0126054 0.0415663
0 0.775675 0.110605 0.0123301 0.039585
0 0.720511 0.094391 0.0123667 0.0310794
0 0.470091 0.0760448 0.0170939 0.0463095
0 0.374478 0.0581102 0.0137185 0.0447477
0 0.663339 0.325687 0.0208388 0.0677721
0 0.825507 0.0828016 0.013427 0.0404213
0 0.254234 0.0387098 0.0134912 0.042975
0 0.760599 0.0908145 0.011294 0.0374894
0 0.631495 0.0597321 0.0144808 0.0370696
0 0.914636 0.120175 0.0119644 0.036289
0 0.920816 0.0864587 0.0145067 0.0396214
0 0.700775 0.0875671 0.0134631 0.0365249
0 0.846577 0.0470785 0.0121182 0.0355079
0 0.0529811 0.0302382 0.0114471 0.0324271
0 0.34039 0.962407 0.0545522 0.0751862
0 0.279474 0.142744 0.0176491 0.0439455
0 0.932729 0.107658 0.0127455 0.0408625
0 0.282858 0.03998 0.0121457 0.0344226
0 0.830586 0.146431 0.0141964 0.0443878
0 0.0396515 0.0523788 0.0144691 0.0393732
0 0.184652 0.0260463 0.0105234 0.0351783
0 0.286316 0.0933644 0.0160812 0.0518214
0 0.787945 0.0858812 0.0126849 0.0415969
0 0.967968 0.12876 0.0130909 0.0454669
