0 0.079511 0.538750 0.042813 0.132500
0 0.107034 0.753750 0.044852 0.142500
0 0.245668 0.710000 0.046891 0.145000
0 0.208970 0.616250 0.046891 0.147500
0 0.288991 0.888750 0.043833 0.167500
0 0.369011 0.935000 0.063201 0.130000
0 0.349643 0.536250 0.036697 0.102500
0 0.298165 0.578750 0.019368 0.067500
0 0.446993 0.570000 0.035678 0.100000
0 0.483690 0.541250 0.031600 0.092500
0 0.424567 0.456250 0.027523 0.097500
0 0.626402 0.633750 0.043833 0.112500
0 0.573394 0.480000 0.031600 0.115000
0 0.602956 0.430000 0.025484 0.100000
0 0.728338 0.893750 0.049949 0.132500
0 0.769623 0.747500 0.050968 0.130000
0 0.825688 0.740000 0.044852 0.120000
0 0.762487 0.630000 0.036697 0.105000
0 0.726300 0.498750 0.039755 0.112500
0 0.810398 0.492500 0.030581 0.110000
0 0.933231 0.605000 0.043833 0.125000
0 0.895005 0.468750 0.034659 0.102500
0 0.925076 0.447500 0.027523 0.095000
0 0.025994 0.242500 0.019368 0.060000
0 0.005097 0.226250 0.008155 0.047500
0 0.081040 0.211250 0.015291 0.057500
0 0.111621 0.230000 0.019368 0.055000
0 0.032620 0.131250 0.014271 0.042500
0 0.005097 0.092500 0.008155 0.030000
0 0.041794 0.102500 0.010194 0.035000
0 0.084608 0.128750 0.016310 0.047500
0 0.102446 0.110000 0.011213 0.035000
0 0.119266 0.157500 0.014271 0.040000
0 0.130479 0.175000 0.014271 0.060000
0 0.169725 0.195000 0.017329 0.050000
0 0.150357 0.105000 0.015291 0.050000
0 0.232926 0.292500 0.021407 0.065000
0 0.266055 0.265000 0.020387 0.050000
0 0.305301 0.258750 0.019368 0.057500
0 0.262997 0.216250 0.016310 0.047500
0 0.220693 0.240000 0.017329 0.050000
0 0.208970 0.128750 0.012232 0.042500
0 0.192661 0.131250 0.016310 0.042500
0 0.234455 0.156250 0.016310 0.052500
0 0.214577 0.197500 0.019368 0.055000
0 0.251274 0.130000 0.015291 0.045000
0 0.274210 0.135000 0.018349 0.045000
0 0.339450 0.252500 0.020387 0.060000
0 0.295107 0.192500 0.019368 0.060000
0 0.299185 0.137500 0.013252 0.040000
0 0.325688 0.182500 0.017329 0.055000
0 0.341998 0.190000 0.017329 0.050000
0 0.361876 0.165000 0.014271 0.055000
0 0.414883 0.250000 0.024465 0.065000
0 0.460754 0.243750 0.022426 0.062500
0 0.435270 0.237500 0.018349 0.055000
0 0.397554 0.178750 0.016310 0.047500
0 0.412334 0.188750 0.015291 0.042500
0 0.424567 0.173750 0.015291 0.047500
0 0.336901 0.078750 0.013252 0.037500
0 0.310398 0.152500 0.009174 0.030000
0 0.402650 0.128750 0.012232 0.032500
0 0.352192 0.133750 0.013252 0.032500
0 0.365953 0.102500 0.016310 0.045000
0 0.395005 0.083750 0.011213 0.027500
0 0.425586 0.098750 0.011213 0.032500
0 0.442406 0.095000 0.012232 0.030000
0 0.453619 0.168750 0.016310 0.052500
0 0.469419 0.175000 0.011213 0.060000
0 0.483180 0.195000 0.016310 0.040000
0 0.493374 0.237500 0.024465 0.055000
0 0.508155 0.302500 0.017329 0.055000
0 0.519878 0.148750 0.016310 0.047500
0 0.517329 0.208750 0.015291 0.047500
0 0.540775 0.228750 0.017329 0.047500
0 0.479613 0.138750 0.015291 0.042500
0 0.590214 0.255000 0.024465 0.070000
0 0.576962 0.180000 0.014271 0.050000
0 0.534659 0.106250 0.013252 0.037500
0 0.549949 0.095000 0.011213 0.035000
0 0.583588 0.067500 0.011213 0.035000
0 0.630479 0.266250 0.017329 0.067500
0 0.610092 0.228750 0.013252 0.052500
0 0.585117 0.121250 0.014271 0.042500
0 0.604995 0.155000 0.015291 0.040000
0 0.637615 0.218750 0.019368 0.047500
0 0.672783 0.242500 0.020387 0.055000
0 0.755861 0.346250 0.029562 0.082500
0 0.685015 0.198750 0.014271 0.052500
0 0.698777 0.217500 0.015291 0.060000
0 0.662080 0.223750 0.019368 0.047500
0 0.604485 0.083750 0.010194 0.032500
0 0.613150 0.108750 0.011213 0.037500
0 0.635576 0.102500 0.011213 0.040000
0 0.658002 0.105000 0.015291 0.035000
0 0.673802 0.136250 0.016310 0.032500
0 0.708461 0.152500 0.014271 0.045000
0 0.714577 0.198750 0.014271 0.057500
0 0.732926 0.216250 0.016310 0.042500
0 0.730377 0.117500 0.015291 0.045000
0 0.757390 0.082500 0.012232 0.030000
0 0.769113 0.100000 0.013252 0.040000
0 0.752294 0.225000 0.018349 0.055000
0 0.798165 0.243750 0.018349 0.052500
0 0.809888 0.298750 0.015291 0.057500
0 0.845056 0.341250 0.020387 0.057500
0 0.873598 0.255000 0.016310 0.060000
0 0.904179 0.306250 0.018349 0.062500
0 0.829256 0.152500 0.013252 0.035000
0 0.846585 0.132500 0.013252 0.035000
0 0.871560 0.146250 0.016310 0.037500
0 0.891437 0.105000 0.015291 0.040000
0 0.954128 0.181250 0.016310 0.047500
0 0.945464 0.201250 0.015291 0.042500
0 0.051478 0.070000 0.011213 0.030000
0 0.123853 0.068750 0.009174 0.027500
0 0.208970 0.071250 0.012232 0.037500
0 0.256371 0.062500 0.011213 0.030000
0 0.279307 0.046250 0.010194 0.027500
