0 0.077982 0.520000 0.043833 0.105000
0 0.158512 0.541250 0.035678 0.157500
0 0.085627 0.335000 0.028542 0.080000
0 0.179409 0.743750 0.042813 0.167500
0 0.317023 0.718750 0.050968 0.147500
0 0.231397 0.593750 0.046891 0.147500
0 0.181448 0.380000 0.024465 0.060000
0 0.267074 0.365000 0.028542 0.085000
0 0.345566 0.935000 0.048930 0.075000
0 0.493374 0.552500 0.038736 0.095000
0 0.633537 0.610000 0.045872 0.110000
0 0.697757 0.573750 0.033639 0.122500
0 0.819572 0.621250 0.040775 0.112500
0 0.927115 0.896250 0.047910 0.162500
0 0.780836 0.438750 0.034659 0.082500
0 0.917431 0.533750 0.036697 0.117500
0 0.352701 0.252500 0.018349 0.045000
0 0.584098 0.397500 0.030581 0.080000
0 0.645260 0.413750 0.028542 0.087500
0 0.285933 0.218750 0.021407 0.062500
0 0.393986 0.201250 0.021407 0.057500
0 0.442915 0.222500 0.017329 0.050000
0 0.811927 0.325000 0.021407 0.065000
0 0.071356 0.122500 0.012232 0.030000
0 0.135066 0.182500 0.015291 0.040000
0 0.023445 0.102500 0.010194 0.030000
0 0.087666 0.160000 0.014271 0.045000
0 0.165647 0.237500 0.021407 0.045000
0 0.197757 0.220000 0.016310 0.055000
0 0.219164 0.230000 0.020387 0.060000
0 0.251784 0.180000 0.018349 0.050000
0 0.215087 0.106250 0.012232 0.037500
0 0.125382 0.126250 0.012232 0.032500
0 0.095311 0.121250 0.011213 0.032500
0 0.161570 0.122500 0.013252 0.035000
0 0.180938 0.110000 0.013252 0.045000
0 0.281855 0.118750 0.013252 0.032500
0 0.238022 0.123750 0.015291 0.042500
0 0.256371 0.133750 0.013252 0.037500
0 0.351682 0.112500 0.012232 0.035000
0 0.333843 0.146250 0.013252 0.037500
0 0.379715 0.153750 0.015291 0.037500
0 0.397554 0.151250 0.016310 0.037500
0 0.416412 0.215000 0.015291 0.055000
0 0.366463 0.121250 0.015291 0.032500
0 0.474516 0.230000 0.019368 0.050000
0 0.447503 0.163750 0.012232 0.037500
0 0.469929 0.102500 0.012232 0.040000
0 0.525994 0.202500 0.016310 0.040000
0 0.585117 0.163750 0.016310 0.047500
0 0.465851 0.183750 0.012232 0.042500
0 0.611621 0.176250 0.016310 0.052500
0 0.638634 0.193750 0.013252 0.037500
0 0.604485 0.098750 0.012232 0.037500
0 0.681448 0.193750 0.013252 0.052500
0 0.713048 0.311250 0.025484 0.062500
0 0.683486 0.091250 0.009174 0.037500
0 0.731906 0.212500 0.016310 0.040000
0 0.711519 0.217500 0.014271 0.050000
0 0.616208 0.126250 0.015291 0.042500
0 0.772681 0.230000 0.016310 0.045000
0 0.778287 0.125000 0.013252 0.035000
0 0.829766 0.157500 0.014271 0.040000
0 0.887870 0.435000 0.026504 0.075000
0 0.713558 0.092500 0.010194 0.025000
0 0.651886 0.096250 0.011213 0.037500
0 0.854740 0.186250 0.021407 0.057500
0 0.901631 0.185000 0.019368 0.050000
0 0.874618 0.148750 0.020387 0.047500
0 0.810907 0.125000 0.015291 0.045000
0 0.957696 0.530000 0.029562 0.115000
0 0.933231 0.170000 0.013252 0.045000
0 0.892966 0.100000 0.014271 0.045000
0 0.987258 0.446250 0.025484 0.087500
