0 0.510194 0.252632 0.017329 0.063158
0 0.144241 0.390789 0.021407 0.071053
0 0.255352 0.509211 0.027523 0.065789
0 0.835882 0.403947 0.022426 0.065789
0 0.091233 0.589474 0.023445 0.078947
0 0.480122 0.159211 0.014271 0.050000
0 0.326707 0.517105 0.025484 0.081579
0 0.487258 0.277632 0.020387 0.060526
0 0.618756 0.234211 0.016310 0.052632
0 0.590724 0.394737 0.019368 0.063158
0 0.800714 0.226316 0.017329 0.052632
0 0.907747 0.190789 0.017329 0.050000
0 0.359837 0.369737 0.018349 0.065789
0 0.421509 0.315789 0.017329 0.057895
0 0.473496 0.428947 0.021407 0.068421
0 0.080530 0.200000 0.016310 0.052632
0 0.643731 0.167105 0.015291 0.050000
0 0.031091 0.189474 0.015291 0.052632
0 0.502039 0.200000 0.017329 0.047368
0 0.595311 0.130263 0.014271 0.039474
0 0.339450 0.392105 0.020387 0.052632
0 0.654944 0.501316 0.023445 0.071053
0 0.403160 0.196053 0.017329 0.044737
0 0.888889 0.165789 0.014271 0.052632
0 0.046891 0.182895 0.014271 0.050000
0 0.269623 0.259211 0.015291 0.050000
0 0.660550 0.122368 0.016310 0.050000
0 0.214067 0.273684 0.014271 0.052632
0 0.023955 0.292105 0.015291 0.047368
0 0.131498 0.177632 0.016310 0.044737
0 0.544852 0.268421 0.017329 0.052632
0 0.321611 0.215789 0.017329 0.042105
0 0.961774 0.140789 0.015291 0.044737
0 0.676860 0.205263 0.016310 0.047368
0 0.663609 0.265789 0.016310 0.052632
0 0.550459 0.223684 0.016310 0.047368
0 0.686544 0.488158 0.025484 0.065789
0 0.387870 0.223684 0.015291 0.052632
0 0.897554 0.082895 0.015291 0.039474
0 0.449032 0.222368 0.015291 0.050000
0 0.869011 0.210526 0.017329 0.052632
0 0.422528 0.214474 0.015291 0.044737
0 0.134047 0.111842 0.013252 0.039474
0 0.770133 0.234211 0.015291 0.042105
0 0.940877 0.125000 0.012232 0.039474
0 0.713558 0.182895 0.012232 0.044737
0 0.648828 0.389474 0.015291 0.052632
0 0.602956 0.234211 0.013252 0.047368
0 0.558104 0.163158 0.015291 0.042105
0 0.741590 0.067105 0.011213 0.034211
0 0.441386 0.148684 0.014271 0.039474
0 0.297655 0.273684 0.014271 0.052632
0 0.817533 0.148684 0.014271 0.050000
0 0.158512 0.198684 0.013252 0.039474
0 0.718654 0.076316 0.012232 0.042105
0 0.860347 0.073684 0.012232 0.042105
0 0.841998 0.272368 0.018349 0.060526
0 0.005097 0.101316 0.008155 0.034211
0 0.982161 0.126316 0.015291 0.047368
0 0.347604 0.231579 0.016310 0.057895
0 0.775229 0.197368 0.015291 0.036842
0 0.794088 0.434211 0.018349 0.073684
0 0.879715 0.088158 0.010194 0.034211
0 0.388379 0.471053 0.022426 0.073684
0 0.630479 0.175000 0.011213 0.039474
0 0.029052 0.340789 0.013252 0.050000
0 0.631498 0.075000 0.013252 0.039474
0 0.231397 0.159211 0.016310 0.050000
0 0.688583 0.190789 0.013252 0.044737
0 0.996432 0.372368 0.007136 0.076316
0 0.547401 0.475000 0.022426 0.076316
0 0.733435 0.215789 0.013252 0.042105
0 0.591233 0.075000 0.014271 0.039474
0 0.099388 0.115789 0.015291 0.042105
0 0.700815 0.156579 0.013252 0.044737
0 0.242610 0.453947 0.020387 0.050000
0 0.447503 0.363158 0.018349 0.063158
0 0.810907 0.431579 0.019368 0.068421
0 0.744139 0.207895 0.010194 0.036842
0 0.735984 0.121053 0.012232 0.036842
0 0.766565 0.513158 0.026504 0.073684
0 0.387360 0.169737 0.016310 0.044737
0 0.506626 0.584211 0.022426 0.100000
0 0.801733 0.169737 0.017329 0.050000
0 0.587666 0.240789 0.015291 0.050000
0 0.254332 0.052632 0.011213 0.031579
0 0.435270 0.102632 0.012232 0.036842
0 0.672273 0.075000 0.013252 0.044737
0 0.534659 0.231579 0.015291 0.047368
0 0.134047 0.748684 0.031600 0.086842
0 0.461264 0.046053 0.011213 0.034211
0 0.341488 0.044737 0.012232 0.031579
0 0.007136 0.203947 0.012232 0.050000
0 0.032110 0.603947 0.031600 0.076316
0 0.038226 0.465789 0.021407 0.078947
0 0.174822 0.585526 0.027523 0.076316
0 0.228338 0.453947 0.016310 0.055263
0 0.054536 0.175000 0.013252 0.044737
0 0.430683 0.652632 0.035678 0.084211
0 0.303772 0.207895 0.016310 0.042105
0 0.333843 0.200000 0.013252 0.042105
0 0.536188 0.184211 0.016310 0.036842
0 0.635066 0.746053 0.034659 0.092105
0 0.698777 0.732895 0.031600 0.081579
0 0.709480 0.452632 0.026504 0.073684
0 0.508155 0.039474 0.011213 0.036842
0 0.385321 0.019737 0.014271 0.034211
0 0.460754 0.101316 0.008155 0.034211
0 0.470948 0.110526 0.014271 0.031579
0 0.540775 0.022368 0.013252 0.039474
0 0.517839 0.034211 0.010194 0.036842
0 0.396024 0.122368 0.011213 0.044737
0 0.441896 0.326316 0.013252 0.047368
0 0.626402 0.015789 0.011213 0.026316
0 0.697248 0.053947 0.014271 0.050000
0 0.703364 0.086842 0.012232 0.031579
0 0.749235 0.153947 0.010194 0.050000
0 0.926096 0.017105 0.017329 0.028947
0 0.893986 0.040789 0.014271 0.039474
0 0.570336 0.557895 0.023445 0.073684
0 0.857288 0.248684 0.016310 0.039474
0 0.675841 0.461842 0.016310 0.050000
0 0.570846 0.276316 0.020387 0.052632
0 0.439857 0.036842 0.017329 0.042105
0 0.391947 0.428947 0.017329 0.057895
0 0.340469 0.448684 0.022426 0.065789
0 0.232416 0.051316 0.012232 0.034211
0 0.274720 0.053947 0.017329 0.044737
