0 0.807339 0.472368 0.026504 0.071053
0 0.553007 0.484211 0.023445 0.084211
0 0.518349 0.427632 0.019368 0.076316
0 0.943935 0.446053 0.030581 0.076316
0 0.409786 0.393421 0.016310 0.055263
0 0.642712 0.271053 0.021407 0.057895
0 0.211009 0.484211 0.024465 0.068421
0 0.535168 0.326316 0.018349 0.052632
0 0.444444 0.386842 0.020387 0.057895
0 0.720693 0.471053 0.026504 0.078947
0 0.604995 0.373684 0.023445 0.068421
0 0.535678 0.222368 0.017329 0.060526
0 0.715596 0.226316 0.018349 0.057895
0 0.577982 0.307895 0.018349 0.057895
0 0.166157 0.484211 0.026504 0.068421
0 0.448012 0.286842 0.015291 0.052632
0 0.586137 0.223684 0.016310 0.047368
0 0.079001 0.311842 0.015291 0.055263
0 0.614679 0.223684 0.016310 0.047368
0 0.231906 0.267105 0.017329 0.055263
0 0.401631 0.303947 0.018349 0.055263
0 0.237003 0.789474 0.043833 0.115789
0 0.717125 0.153947 0.017329 0.050000
0 0.840979 0.503947 0.028542 0.071053
0 0.777268 0.335526 0.021407 0.060526
0 0.932212 0.190789 0.013252 0.044737
0 0.375127 0.494737 0.024465 0.073684
0 0.832314 0.428947 0.019368 0.057895
0 0.158512 0.315789 0.017329 0.052632
0 0.205403 0.343421 0.015291 0.044737
0 0.419980 0.188158 0.014271 0.044737
0 0.561162 0.136842 0.015291 0.052632
0 0.315494 0.496053 0.019368 0.071053
0 0.357798 0.310526 0.018349 0.057895
0 0.039755 0.256579 0.014271 0.044737
0 0.464832 0.214474 0.018349 0.050000
0 0.050968 0.671053 0.028542 0.078947
0 0.949032 0.238158 0.018349 0.055263
0 0.019878 0.260526 0.017329 0.052632
0 0.501529 0.138158 0.014271 0.039474
0 0.077982 0.252632 0.015291 0.052632
0 0.887870 0.205263 0.016310 0.047368
0 0.155454 0.036842 0.009174 0.031579
0 0.327727 0.210526 0.015291 0.042105
0 0.301223 0.442105 0.019368 0.063158
0 0.870540 0.173684 0.016310 0.052632
0 0.515291 0.238158 0.015291 0.044737
0 0.486748 0.473684 0.021407 0.078947
0 0.788991 0.227632 0.016310 0.044737
0 0.379205 0.223684 0.018349 0.052632
0 0.906218 0.190789 0.016310 0.050000
0 0.538226 0.134211 0.014271 0.042105
0 0.343017 0.380263 0.017329 0.050000
0 0.345056 0.200000 0.015291 0.047368
0 0.735984 0.100000 0.014271 0.042105
0 0.044343 0.196053 0.013252 0.039474
0 0.238022 0.164474 0.015291 0.044737
0 0.444444 0.151316 0.016310 0.044737
0 0.948012 0.114474 0.012232 0.039474
0 0.663609 0.123684 0.014271 0.042105
0 0.079511 0.094737 0.012232 0.036842
0 0.655963 0.171053 0.015291 0.042105
0 0.295617 0.215789 0.014271 0.047368
0 0.581549 0.148684 0.013252 0.050000
0 0.211519 0.090789 0.011213 0.034211
0 0.778287 0.094737 0.011213 0.031579
0 0.093272 0.107895 0.011213 0.036842
0 0.592762 0.106579 0.015291 0.044737
0 0.534659 0.071053 0.013252 0.042105
0 0.750765 0.227632 0.015291 0.050000
0 0.766565 0.213158 0.016310 0.057895
0 0.020897 0.190789 0.015291 0.039474
0 0.725280 0.346053 0.017329 0.050000
0 0.471458 0.067105 0.013252 0.039474
0 0.281346 0.231579 0.016310 0.047368
0 0.216106 0.242105 0.014271 0.042105
0 0.440367 0.450000 0.018349 0.068421
0 0.595821 0.180263 0.015291 0.044737
0 0.771662 0.146053 0.016310 0.050000
0 0.755352 0.027632 0.010194 0.028947
0 0.606014 0.044737 0.011213 0.036842
0 0.397044 0.185526 0.015291 0.044737
0 0.244648 0.244737 0.012232 0.047368
0 0.231906 0.053947 0.011213 0.034211
0 0.647299 0.384211 0.026504 0.078947
0 0.371050 0.135526 0.012232 0.039474
0 0.423547 0.094737 0.013252 0.042105
0 0.985219 0.051316 0.011213 0.034211
0 0.403670 0.136842 0.016310 0.042105
0 0.521407 0.203947 0.013252 0.044737
0 0.176860 0.111842 0.011213 0.034211
0 0.708970 0.135526 0.011213 0.039474
0 0.550968 0.227632 0.015291 0.044737
0 0.016310 0.369737 0.018349 0.071053
0 0.504077 0.076316 0.011213 0.036842
0 0.006626 0.665789 0.011213 0.078947
0 0.167176 0.244737 0.014271 0.042105
0 0.112130 0.276316 0.012232 0.042105
0 0.398063 0.088158 0.013252 0.039474
0 0.654434 0.068421 0.010194 0.031579
0 0.015291 0.147368 0.014271 0.042105
0 0.386850 0.134211 0.013252 0.042105
0 0.461264 0.157895 0.015291 0.042105
0 0.267584 0.028947 0.009174 0.026316
0 0.004587 0.207895 0.007136 0.042105
0 0.651376 0.105263 0.012232 0.036842
0 0.182467 0.044737 0.010194 0.031579
0 0.669215 0.014474 0.009174 0.023684
0 0.006116 0.263158 0.010194 0.047368
0 0.097859 0.713158 0.026504 0.089474
0 0.152905 0.857895 0.042813 0.115789
0 0.443425 0.915789 0.036697 0.131579
0 0.321611 0.592105 0.029562 0.089474
0 0.404689 0.619737 0.026504 0.097368
0 0.436290 0.556579 0.028542 0.076316
0 0.585117 0.898684 0.034659 0.128947
0 0.607543 0.538158 0.028542 0.097368
0 0.800204 0.890789 0.030581 0.113158
0 0.492864 0.018421 0.013252 0.031579
0 0.353721 0.251316 0.016310 0.034211
0 0.373089 0.044737 0.010194 0.026316
0 0.297146 0.028947 0.011213 0.031579
0 0.433741 0.019737 0.011213 0.028947
0 0.453109 0.031579 0.011213 0.036842
