0 0.090214 0.505000 0.033639 0.115000
0 0.128950 0.570000 0.043833 0.135000
0 0.039246 0.281250 0.025484 0.072500
0 0.196228 0.700000 0.035678 0.140000
0 0.245158 0.745000 0.047910 0.145000
0 0.284913 0.628750 0.045872 0.152500
0 0.234964 0.573750 0.041794 0.127500
0 0.189093 0.596250 0.041794 0.117500
0 0.179918 0.532500 0.035678 0.110000
0 0.346585 0.586250 0.036697 0.137500
0 0.392457 0.615000 0.040775 0.115000
0 0.435780 0.640000 0.043833 0.125000
0 0.504587 0.600000 0.036697 0.125000
0 0.630989 0.731250 0.042813 0.137500
0 0.553517 0.568750 0.036697 0.107500
0 0.625382 0.492500 0.033639 0.115000
0 0.558614 0.436250 0.034659 0.107500
0 0.460245 0.391250 0.023445 0.092500
0 0.361876 0.463750 0.032620 0.097500
0 0.673293 0.447500 0.029562 0.090000
0 0.736493 0.447500 0.029562 0.110000
0 0.756371 0.342500 0.022426 0.070000
0 0.725280 0.328750 0.021407 0.072500
0 0.523955 0.298750 0.026504 0.092500
0 0.489297 0.283750 0.024465 0.082500
0 0.391437 0.267500 0.024465 0.070000
0 0.312946 0.315000 0.020387 0.080000
0 0.253313 0.337500 0.021407 0.055000
0 0.226300 0.272500 0.022426 0.070000
0 0.148318 0.291250 0.023445 0.067500
0 0.130479 0.206250 0.020387 0.067500
0 0.187564 0.243750 0.022426 0.067500
0 0.065240 0.111250 0.012232 0.032500
0 0.046381 0.096250 0.013252 0.032500
0 0.003058 0.075000 0.004077 0.050000
0 0.081040 0.095000 0.013252 0.040000
0 0.103976 0.133750 0.018349 0.047500
0 0.130989 0.127500 0.015291 0.045000
0 0.146789 0.128750 0.012232 0.027500
0 0.159021 0.147500 0.018349 0.050000
0 0.191641 0.125000 0.016310 0.045000
0 0.154434 0.085000 0.011213 0.030000
0 0.175331 0.102500 0.010194 0.040000
0 0.186035 0.091250 0.011213 0.037500
0 0.196738 0.100000 0.012232 0.035000
0 0.215087 0.078750 0.010194 0.042500
0 0.224771 0.123750 0.015291 0.047500
0 0.264526 0.107500 0.017329 0.050000
0 0.256371 0.217500 0.021407 0.070000
0 0.297146 0.180000 0.017329 0.060000
0 0.319572 0.212500 0.027523 0.055000
0 0.377166 0.196250 0.020387 0.057500
0 0.304281 0.120000 0.015291 0.050000
0 0.339450 0.111250 0.016310 0.037500
0 0.377676 0.112500 0.019368 0.045000
0 0.404179 0.122500 0.013252 0.040000
0 0.419980 0.125000 0.014271 0.050000
0 0.433231 0.185000 0.016310 0.045000
0 0.444444 0.235000 0.020387 0.070000
0 0.446993 0.136250 0.013252 0.042500
0 0.466361 0.107500 0.015291 0.040000
0 0.493374 0.147500 0.016310 0.045000
0 0.539246 0.112500 0.016310 0.045000
0 0.548930 0.067500 0.013252 0.035000
0 0.591233 0.066250 0.014271 0.037500
0 0.611621 0.300000 0.024465 0.080000
0 0.571356 0.265000 0.023445 0.070000
0 0.647808 0.446250 0.027523 0.082500
0 0.634557 0.285000 0.019368 0.070000
0 0.681957 0.360000 0.030581 0.080000
0 0.663609 0.160000 0.018349 0.050000
0 0.613660 0.225000 0.020387 0.060000
0 0.728338 0.180000 0.017329 0.045000
0 0.683486 0.263750 0.021407 0.072500
0 0.776758 0.305000 0.020387 0.080000
0 0.801733 0.298750 0.025484 0.087500
0 0.654944 0.101250 0.013252 0.037500
0 0.687054 0.072500 0.012232 0.035000
0 0.719164 0.100000 0.013252 0.040000
0 0.713558 0.142500 0.014271 0.040000
0 0.745668 0.115000 0.015291 0.035000
0 0.784404 0.110000 0.013252 0.030000
0 0.817533 0.128750 0.014271 0.042500
0 0.857288 0.588750 0.053007 0.132500
0 0.869521 0.452500 0.032620 0.095000
0 0.881244 0.406250 0.027523 0.087500
0 0.881244 0.331250 0.027523 0.057500
0 0.837411 0.281250 0.021407 0.067500
0 0.926606 0.365000 0.026504 0.085000
0 0.843527 0.196250 0.019368 0.057500
0 0.862895 0.265000 0.019368 0.055000
0 0.897044 0.187500 0.020387 0.055000
0 0.927625 0.182500 0.016310 0.060000
0 0.867482 0.102500 0.016310 0.040000
0 0.900102 0.101250 0.016310 0.042500
0 0.984709 0.188750 0.018349 0.052500
0 0.168705 0.747500 0.056065 0.160000
0 0.690622 0.965000 0.054027 0.070000
