0 0.680707 0.614077 0.0468113 0.134631
0 0.973919 0.598834 0.0410549 0.140125
0 0.305423 0.33292 0.0257389 0.0862205
0 0.655402 0.833413 0.0473023 0.176024
0 0.792482 0.632474 0.0362046 0.11764
0 0.874546 0.6422 0.0321609 0.107523
0 0.172798 0.527501 0.0394836 0.117748
0 0.127282 0.454358 0.0349846 0.113976
0 0.0348913 0.58694 0.041878 0.116561
0 0.233432 0.448275 0.032728 0.102099
0 0.501883 0.928262 0.0642446 0.143476
0 0.990622 0.36031 0.0186352 0.0981635
0 0.688501 0.399445 0.0278103 0.0951186
0 0.531156 0.594661 0.0348339 0.116273
0 0.786405 0.429238 0.0289865 0.098438
0 0.693566 0.164755 0.0180727 0.0598826
0 0.441785 0.631328 0.0442106 0.127978
0 0.582645 0.265532 0.0204868 0.0756115
0 0.409819 0.300002 0.025146 0.0755459
0 0.672088 0.241576 0.0232345 0.0722084
0 0.63182 0.172486 0.0178088 0.0545148
0 0.66665 0.144205 0.0165207 0.0568413
0 0.982651 0.246569 0.0247379 0.0750006
0 0.699355 0.259937 0.0230782 0.0812657
0 0.530543 0.256103 0.0212057 0.076158
0 0.891956 0.287531 0.023142 0.0765103
0 0.636558 0.619987 0.0307096 0.111629
0 0.179391 0.155846 0.0174384 0.0516718
0 0.627415 0.243235 0.0208858 0.0668859
0 0.308595 0.255738 0.0190877 0.0632349
0 0.804303 0.271027 0.0202414 0.0634325
0 0.505292 0.274431 0.0240049 0.0763969
0 0.215582 0.292764 0.0227615 0.0824283
0 0.769165 0.298583 0.0201051 0.0650144
0 0.735845 0.201964 0.0212384 0.0691058
0 0.0318551 0.151734 0.0138779 0.0452022
0 0.302249 0.192574 0.0188493 0.0589621
0 0.56601 0.186142 0.0191362 0.0601989
0 0.788933 0.138812 0.0171616 0.0545627
0 0.530578 0.109958 0.0150106 0.0471378
0 0.530274 0.168254 0.0169121 0.0563831
0 0.598354 0.154197 0.0149277 0.0527967
0 0.00995757 0.433322 0.019229 0.0886406
0 0.490729 0.218513 0.022533 0.0588745
0 0.856712 0.209793 0.0190008 0.0627659
0 0.644392 0.0941043 0.0178541 0.0490392
0 0.614411 0.145901 0.0158687 0.0527067
0 0.415395 0.211653 0.0185129 0.059887
0 0.422247 0.156352 0.0172595 0.0503495
0 0.619032 0.0864152 0.0138668 0.0426635
0 0.840926 0.147657 0.0149751 0.0500326
0 0.258857 0.302495 0.0196477 0.0708852
0 0.910171 0.107993 0.0140827 0.0446526
0 0.146394 0.0834705 0.0150063 0.0479545
0 0.208293 0.123523 0.0158805 0.0528242
0 0.495808 0.11831 0.0164129 0.0521924
0 0.0549415 0.0631685 0.0130722 0.0423648
0 0.509306 0.18127 0.0160755 0.0578184
0 0.242115 0.225515 0.0186174 0.0683728
0 0.273321 0.130082 0.0164104 0.0506597
0 0.811191 0.10611 0.0134132 0.0436182
0 0.728025 0.0330435 0.0117756 0.041787
0 0.484561 0.0480683 0.0119249 0.0414229
0 0.456864 0.0295983 0.0128025 0.0382522
0 0.541588 0.0584119 0.0132626 0.0374973
0 0.351467 0.273559 0.0244983 0.0897818
0 0.346098 0.06677 0.0120811 0.0392012
0 0.673404 0.0718461 0.0148283 0.0378276
0 0.0891978 0.0421135 0.0111382 0.0359706
0 0.430095 0.0623498 0.0133068 0.0417949
0 0.368303 0.080532 0.0127736 0.0411386
0 0.701465 0.0299019 0.0130695 0.038818
0 0.36818 0.0399204 0.010436 0.0319737
0 0.359615 0.134131 0.0152008 0.0492022
0 0.311485 0.135258 0.0178435 0.0490793
0 0.347842 0.113988 0.0135723 0.0402664
0 0.897556 0.11018 0.0126266 0.0400648
0 0.862495 0.136531 0.0143517 0.0486787
0 0.298277 0.0910929 0.0147266 0.0463671
0 0.938373 0.188402 0.0161028 0.0550075
0 0.396442 0.0822639 0.0141199 0.0423045
0 0.318791 0.0287629 0.0119552 0.0353268
0 0.573607 0.0613745 0.0130199 0.0352103
0 0.76371 0.0740181 0.0119574 0.0394534
0 0.0819278 0.0783561 0.0121466 0.0385667
0 0.694699 0.0741917 0.0145727 0.0445761
0 0.00527228 0.0966745 0.00975704 0.0437554
0 0.778065 0.247858 0.0178335 0.0561557
0 0.883377 0.0576749 0.0131994 0.0385618
0 0.407144 0.0525077 0.0114609 0.0377037
0 0.510192 0.0413153 0.0109221 0.0383909
0 0.349013 0.244435 0.0253624 0.088502
0 0.422566 0.0408792 0.0131188 0.0351606
0 0.191272 0.976316 0.0485629 0.047368
0 0.517891 0.0396191 0.0106305 0.0370375
0 0.899326 0.058674 0.0125859 0.0382902
0 0.115637 0.0334112 0.00955119 0.0306315
0 0.848206 0.0879042 0.0125512 0.0375603
