0 0.599898 0.535526 0.027523 0.076316
0 0.541284 0.506579 0.028542 0.076316
0 0.666667 0.500000 0.032620 0.078947
0 0.587666 0.222368 0.019368 0.055263
0 0.673293 0.196053 0.017329 0.055263
0 0.484200 0.248684 0.016310 0.050000
0 0.067788 0.250000 0.015291 0.047368
0 0.642202 0.182895 0.018349 0.055263
0 0.054027 0.300000 0.014271 0.052632
0 0.547401 0.211842 0.016310 0.050000
0 0.992864 0.365789 0.014271 0.068421
0 0.107034 0.278947 0.018349 0.057895
0 0.014781 0.284211 0.019368 0.057895
0 0.235984 0.167105 0.017329 0.044737
0 0.772681 0.023684 0.014271 0.042105
0 0.390418 0.101316 0.012232 0.034211
0 0.441386 0.343421 0.016310 0.050000
0 0.116718 0.085526 0.011213 0.034211
0 0.008665 0.130263 0.011213 0.034211
0 0.029052 0.078947 0.011213 0.036842
0 0.976555 0.101316 0.014271 0.050000
0 0.620285 0.082895 0.015291 0.039474
0 0.564220 0.092105 0.013252 0.036842
0 0.456677 0.051316 0.012232 0.034211
0 0.923547 0.028947 0.014271 0.042105
0 0.074924 0.190789 0.015291 0.044737
0 0.495413 0.023684 0.010194 0.026316
0 0.433741 0.151316 0.017329 0.050000
0 0.405199 0.081579 0.011213 0.036842
0 0.932212 0.077632 0.013252 0.039474
0 0.176860 0.086842 0.013252 0.042105
0 0.642712 0.028947 0.011213 0.036842
0 0.048930 0.103947 0.012232 0.039474
0 0.565749 0.043421 0.010194 0.034211
0 0.443425 0.071053 0.010194 0.031579
0 0.423547 0.046053 0.011213 0.034211
0 0.067788 0.092105 0.011213 0.031579
0 0.204893 0.160526 0.012232 0.042105
0 0.481142 0.134211 0.018349 0.042105
0 0.525994 0.050000 0.018349 0.042105
0 0.517839 0.015789 0.014271 0.026316
0 0.362895 0.072368 0.016310 0.044737
0 0.431193 0.080263 0.012232 0.034211
0 0.487768 0.057895 0.013252 0.047368
0 0.548420 0.034211 0.012232 0.026316
0 0.583588 0.011842 0.017329 0.018421
0 0.604485 0.019737 0.012232 0.034211
0 0.592762 0.077632 0.017329 0.034211
0 0.657492 0.014474 0.016310 0.023684
0 0.828746 0.017105 0.014271 0.028947
0 0.977574 0.053947 0.016310 0.044737
