0 0.872308 0.616186 0.0412756 0.127069
0 0.813093 0.615423 0.0458677 0.149035
0 0.73948 0.660399 0.0456587 0.14041
0 0.179928 0.551552 0.038518 0.124544
0 0.243624 0.525966 0.0360748 0.118648
0 0.652422 0.503892 0.0339315 0.121221
0 0.950938 0.629133 0.0383365 0.118588
0 0.431497 0.328193 0.0246103 0.093632
0 0.856049 0.367366 0.0258652 0.097777
0 0.395647 0.459955 0.0305108 0.0921535
0 0.114668 0.392559 0.029968 0.101208
0 0.326714 0.396126 0.0281687 0.10065
0 0.693732 0.420771 0.0267849 0.101094
0 0.56688 0.487434 0.0297678 0.10041
0 0.194639 0.378791 0.0243574 0.084619
0 0.582226 0.389058 0.0258164 0.0872208
0 0.349624 0.325784 0.0251629 0.0905444
0 0.470262 0.477156 0.0285498 0.0955164
0 0.985445 0.653974 0.0289772 0.123702
0 0.259368 0.444336 0.0285227 0.0807458
0 0.617114 0.344476 0.0257772 0.0832739
0 0.544251 0.365436 0.0192454 0.0870771
0 0.230824 0.265545 0.0222984 0.0841138
0 0.783725 0.193664 0.0181436 0.0564721
0 0.367863 0.211586 0.0219155 0.068648
0 0.478996 0.363326 0.0261637 0.0878621
0 0.827614 0.158316 0.0174691 0.050246
0 0.981276 0.314679 0.0204853 0.0695193
0 0.213366 0.195147 0.0185367 0.0607751
0 0.885983 0.25233 0.0199509 0.0617309
0 0.563283 0.236125 0.0216236 0.0752975
0 0.867744 0.150966 0.0161896 0.0487168
0 0.814931 0.36623 0.0254206 0.100585
0 0.404313 0.375262 0.0256294 0.0727883
0 0.615089 0.180771 0.0177131 0.0619119
0 0.159544 0.290849 0.0180079 0.0738571
0 0.672421 0.254274 0.0207519 0.0756745
0 0.443774 0.238213 0.0202155 0.0700904
0 0.941577 0.11793 0.015303 0.0462412
0 0.20013 0.125806 0.0175663 0.0594587
0 0.522816 0.351295 0.0240152 0.0765111
0 0.614389 0.268593 0.0217974 0.0634281
0 0.938725 0.276949 0.0214474 0.0663911
0 0.25185 0.245577 0.0193038 0.068041
0 0.507554 0.127476 0.0182785 0.0586411
0 0.467821 0.115332 0.0165197 0.0538958
0 0.295639 0.137815 0.0135639 0.0428707
0 0.581011 0.145047 0.0144623 0.0494052
0 0.898775 0.34514 0.0193094 0.0678402
0 0.130844 0.177145 0.0163393 0.0501717
0 0.153586 0.210767 0.0174047 0.0605115
0 0.310598 0.243679 0.018974 0.0701976
0 0.519811 0.198327 0.0186501 0.063508
0 0.537657 0.129622 0.0157585 0.0545413
0 0.445331 0.126064 0.0167356 0.0557816
0 0.666036 0.11548 0.0144201 0.0423226
0 0.737594 0.119677 0.0159563 0.0486934
0 0.222285 0.105364 0.0135551 0.0457917
0 0.270156 0.233885 0.0156275 0.0576223
0 0.729809 0.0320931 0.0131382 0.0421682
0 0.180331 0.199286 0.0171737 0.0612176
0 0.364587 0.962518 0.0654818 0.0749641
0 0.487264 0.281938 0.0206732 0.0619951
0 0.43032 0.126635 0.0153706 0.0516806
0 0.0484955 0.175361 0.0172242 0.0562346
0 0.066001 0.447283 0.0275122 0.0716652
0 0.523207 0.0641454 0.013561 0.0430916
0 0.0851878 0.139861 0.0142496 0.042487
0 0.135266 0.0669712 0.0144149 0.0455765
0 0.698472 0.0295605 0.0131827 0.0436198
0 0.923665 0.36524 0.0257436 0.078171
0 0.684781 0.102444 0.013469 0.0461826
0 0.490245 0.124578 0.0130575 0.0467718
0 0.0226331 0.0445395 0.0125306 0.0365504
0 0.180708 0.077451 0.0153002 0.0406505
0 0.139848 0.143229 0.0125183 0.0415515
0 0.109574 0.0849081 0.0128372 0.0408118
0 0.0723847 0.0960987 0.0124229 0.039873
0 0.344526 0.139315 0.0170141 0.0578928
0 0.049533 0.370547 0.0273671 0.091677
0 0.242624 0.164189 0.0181265 0.0661381
0 0.185879 0.121045 0.0137333 0.0505236
0 0.197028 0.0460708 0.0128972 0.0379916
0 0.803382 0.0897347 0.0114775 0.0400992
0 0.392441 0.0350911 0.0118377 0.038014
0 0.0513575 0.0630993 0.0130025 0.0368373
0 0.0313974 0.452125 0.0242681 0.0855835
0 0.63649 0.109418 0.0158961 0.0516085
0 0.309069 0.13426 0.0137423 0.0459945
0 0.392333 0.0865695 0.0146444 0.0419317
0 0.163518 0.16204 0.0128373 0.0483674
0 0.903183 0.130262 0.018798 0.0494951
0 0.605984 0.0673131 0.0143998 0.0443686
0 0.453405 0.346018 0.0176356 0.0734403
0 0.873714 0.505441 0.0368087 0.0766795
0 0.728856 0.075384 0.0138037 0.0373185
0 0.458656 0.0600406 0.0129197 0.0367965
0 0.994582 0.155655 0.0108362 0.0484363
0 0.85958 0.0896917 0.0119906 0.0338214
0 0.848089 0.0746212 0.0109423 0.0326669
0 0.0979044 0.0951105 0.0116887 0.0380544
0 0.767711 0.181966 0.0160841 0.0563944
0 0.850552 0.131305 0.0127586 0.0448593
0 0.621574 0.0879577 0.0185066 0.0513381
0 0.53626 0.0699262 0.0133924 0.0410134
0 0.253409 0.0734954 0.0136843 0.0446261
0 0.257254 0.123756 0.0152802 0.05
0 0.837228 0.211076 0.0195305 0.0595154
0 0.0195172 0.150486 0.0150839 0.0511186
0 0.440494 0.0608301 0.0123095 0.0358983
0 0.562943 0.0827619 0.0135652 0.0427038
0 0.0459058 0.125985 0.0138371 0.0378499
0 0.772407 0.132926 0.0140918 0.0329259
0 0.124831 0.140448 0.0143119 0.0407965
0 0.41386 0.050868 0.011576 0.0349775
0 0.270205 0.0756717 0.0130139 0.0428004
0 0.474622 0.0642093 0.013988 0.0395416
0 0.386524 0.12836 0.0124325 0.0419116
0 0.238107 0.105513 0.0131244 0.0414893
0 0.790371 0.0605123 0.00989162 0.0260614
0 0.0228397 0.0779789 0.0120936 0.0344889
0 0.928585 0.101946 0.0113258 0.039017
0 0.296537 0.0673511 0.0125066 0.039799
0 0.636431 0.324136 0.020111 0.0764525
0 0.8233 0.0752889 0.0118656 0.035579
0 0.493222 0.0771037 0.0135717 0.0415904
0 0.360847 0.121719 0.015295 0.0495734
0 0.658029 0.0537194 0.0121246 0.0380177
0 0.489658 0.0398394 0.0103826 0.0294193
0 0.360233 0.1063 0.0162988 0.0502992
0 0.151765 0.12018 0.0122559 0.0432007
0 0.23639 0.0997434 0.013765 0.0440134
0 0.33002 0.101554 0.0145345 0.0411399
