0 0.835372 0.628947 0.029562 0.089474
0 0.505607 0.568421 0.024465 0.078947
0 0.243629 0.680263 0.024465 0.086842
0 0.730377 0.423684 0.021407 0.068421
0 0.742100 0.646053 0.026504 0.081579
0 0.141182 0.685526 0.029562 0.092105
0 0.569317 0.355263 0.019368 0.057895
0 0.438328 0.606579 0.020387 0.076316
0 0.390928 0.569737 0.025484 0.076316
0 0.487258 0.452632 0.020387 0.068421
0 0.740061 0.325000 0.020387 0.055263
0 0.127421 0.189474 0.020387 0.057895
0 0.648318 0.428947 0.020387 0.068421
0 0.612130 0.368421 0.019368 0.063158
0 0.786952 0.675000 0.024465 0.092105
0 0.929664 0.226316 0.016310 0.052632
0 0.782875 0.313158 0.020387 0.057895
0 0.211009 0.411842 0.018349 0.060526
0 0.314985 0.331579 0.016310 0.052632
0 0.596840 0.252632 0.015291 0.047368
0 0.357288 0.353947 0.017329 0.055263
0 0.926096 0.422368 0.023445 0.071053
0 0.474006 0.603947 0.024465 0.076316
0 0.943935 0.118421 0.014271 0.042105
0 0.566769 0.260526 0.016310 0.047368
0 0.624873 0.265789 0.016310 0.057895
0 0.605505 0.301316 0.016310 0.055263
0 0.953109 0.240789 0.018349 0.050000
0 0.648828 0.255263 0.017329 0.052632
0 0.037717 0.431579 0.020387 0.057895
0 0.290010 0.672368 0.029562 0.065789
0 0.549439 0.268421 0.018349 0.057895
0 0.169215 0.571053 0.022426 0.068421
0 0.162589 0.181579 0.017329 0.047368
0 0.325178 0.243421 0.016310 0.050000
0 0.214577 0.168421 0.017329 0.047368
0 0.056065 0.311842 0.016310 0.055263
0 0.447503 0.189474 0.018349 0.052632
0 0.891437 0.065789 0.013252 0.036842
0 0.886850 0.192105 0.016310 0.063158
0 0.700306 0.223684 0.018349 0.047368
0 0.496432 0.247368 0.018349 0.052632
0 0.693170 0.336842 0.018349 0.047368
0 0.958206 0.063158 0.012232 0.042105
0 0.029052 0.275000 0.017329 0.050000
0 0.530071 0.467105 0.022426 0.081579
0 0.364934 0.085526 0.014271 0.044737
0 0.572885 0.198684 0.014271 0.039474
0 0.777268 0.069737 0.011213 0.039474
0 0.159021 0.086842 0.012232 0.042105
0 0.889399 0.263158 0.015291 0.047368
0 0.560143 0.439474 0.025484 0.100000
0 0.253823 0.300000 0.014271 0.042105
0 0.541794 0.172368 0.015291 0.044737
0 0.086137 0.213158 0.015291 0.047368
0 0.276758 0.221053 0.015291 0.052632
0 0.759429 0.223684 0.018349 0.052632
0 0.008665 0.277632 0.015291 0.050000
0 0.017839 0.178947 0.013252 0.047368
0 0.128950 0.085526 0.015291 0.039474
0 0.682977 0.269737 0.014271 0.044737
0 0.601427 0.468421 0.024465 0.063158
0 0.066769 0.247368 0.015291 0.052632
0 0.364934 0.196053 0.018349 0.044737
0 0.835372 0.036842 0.011213 0.036842
0 0.722222 0.211842 0.017329 0.055263
0 0.066259 0.135526 0.014271 0.044737
0 0.551478 0.102632 0.012232 0.042105
0 0.632008 0.152632 0.014271 0.047368
0 0.585627 0.161842 0.011213 0.039474
0 0.530581 0.242105 0.017329 0.047368
0 0.324159 0.180263 0.014271 0.039474
0 0.738532 0.092105 0.013252 0.042105
0 0.307849 0.102632 0.016310 0.047368
0 0.514781 0.109211 0.012232 0.039474
0 0.061672 0.575000 0.035678 0.076316
0 0.911315 0.119737 0.014271 0.039474
0 0.179918 0.027632 0.011213 0.034211
0 0.482671 0.126316 0.015291 0.042105
0 0.088175 0.134211 0.013252 0.042105
0 0.691131 0.143421 0.012232 0.039474
0 0.397044 0.175000 0.015291 0.044737
0 0.905199 0.039474 0.012232 0.042105
0 0.265545 0.382895 0.019368 0.065789
0 0.048930 0.260526 0.016310 0.047368
0 0.511723 0.225000 0.014271 0.044737
0 0.197757 0.056579 0.012232 0.034211
0 0.055046 0.180263 0.016310 0.044737
0 0.598369 0.125000 0.012232 0.039474
0 0.278287 0.323684 0.020387 0.057895
0 0.549439 0.213158 0.014271 0.042105
0 0.695719 0.030263 0.011213 0.034211
0 0.380734 0.173684 0.013252 0.042105
0 0.422528 0.106579 0.015291 0.044737
0 0.333843 0.148684 0.015291 0.039474
0 0.389908 0.089474 0.013252 0.036842
0 0.351172 0.173684 0.011213 0.036842
0 0.099388 0.093421 0.013252 0.044737
0 0.668196 0.082895 0.011213 0.034211
0 0.054536 0.573684 0.033639 0.078947
0 0.004077 0.164474 0.006116 0.044737
0 0.526504 0.106579 0.013252 0.044737
0 0.007136 0.207895 0.012232 0.042105
0 0.585117 0.073684 0.012232 0.031579
0 0.187054 0.098684 0.013252 0.039474
0 0.746177 0.260526 0.020387 0.057895
0 0.646279 0.138158 0.012232 0.044737
0 0.130479 0.847368 0.030581 0.105263
0 0.368502 0.950000 0.035678 0.094737
0 0.472477 0.951316 0.037717 0.097368
0 0.689602 0.538158 0.033639 0.086842
0 0.591743 0.560526 0.025484 0.078947
0 0.648318 0.015789 0.012232 0.026316
0 0.460245 0.084211 0.011213 0.042105
0 0.416922 0.048684 0.016310 0.050000
0 0.481142 0.044737 0.016310 0.036842
0 0.506116 0.050000 0.013252 0.036842
0 0.272681 0.071053 0.015291 0.042105
0 0.225280 0.065789 0.012232 0.031579
0 0.013252 0.375000 0.016310 0.060526
0 0.233945 0.034211 0.011213 0.036842
0 0.062181 0.090789 0.014271 0.044737
0 0.049439 0.119737 0.015291 0.039474
0 0.213048 0.043421 0.016310 0.039474
