0 0.163622 0.498068 0.0343076 0.121521
0 0.976964 0.60529 0.0342445 0.115021
0 0.116317 0.421014 0.0313366 0.114794
0 0.832135 0.262278 0.0214126 0.0696517
0 0.514706 0.497865 0.0370884 0.121303
0 0.236539 0.424671 0.0312976 0.11261
0 0.821811 0.526615 0.0350757 0.102511
0 0.726486 0.598531 0.0319902 0.111087
0 0.656183 0.456177 0.0341572 0.107806
0 0.859614 0.513399 0.0288574 0.094065
0 0.0877089 0.56147 0.0423242 0.136125
0 0.646855 0.589921 0.0357852 0.123638
0 0.630768 0.312396 0.0255615 0.0902997
0 0.750739 0.463666 0.0300474 0.103822
0 0.292043 0.270108 0.0245226 0.0795906
0 0.917435 0.562754 0.0355091 0.118824
0 0.506612 0.384746 0.0310324 0.087552
0 0.24043 0.76289 0.0415477 0.141463
0 0.275456 0.407655 0.0282848 0.0994454
0 0.748366 0.193139 0.0186672 0.0603471
0 0.917353 0.698071 0.0382221 0.133049
0 0.803867 0.382936 0.0294193 0.0892912
0 0.0374691 0.572293 0.0401877 0.135581
0 0.375705 0.434711 0.0270009 0.0970664
0 0.558091 0.390099 0.0266386 0.0977087
0 0.545027 0.263877 0.0196274 0.069841
0 0.924379 0.459792 0.025412 0.085006
0 0.75139 0.273888 0.0266893 0.0884716
0 0.653111 0.359811 0.0246706 0.0811338
0 0.331351 0.522719 0.0400628 0.0826124
0 0.883445 0.348658 0.021866 0.0744852
0 0.785719 0.255152 0.0282082 0.078664
0 0.173474 0.3089 0.022851 0.0787805
0 0.843554 0.434107 0.0271484 0.0725346
0 0.342723 0.232409 0.0225032 0.0759177
0 0.234204 0.32793 0.0314929 0.0785622
0 0.614209 0.544938 0.0285001 0.1039
0 0.367263 0.22149 0.0195534 0.0627554
0 0.39145 0.302515 0.0223055 0.0727611
0 0.981299 0.413523 0.0239239 0.0743544
0 0.684061 0.221624 0.0238322 0.0762575
0 0.590483 0.32522 0.0235818 0.07878
0 0.105537 0.173242 0.0203123 0.0606794
0 0.419778 0.225106 0.018024 0.0710685
0 0.284792 0.181813 0.0183397 0.062543
0 0.860837 0.357986 0.0239338 0.0791593
0 0.490061 0.298098 0.0224459 0.0766035
0 0.270389 0.136075 0.0160898 0.0528409
0 0.892801 0.280481 0.0243355 0.0694287
0 0.811274 0.198245 0.0176231 0.0579324
0 0.438612 0.224593 0.0216139 0.0797855
0 0.828651 0.3468 0.0225979 0.0743984
0 0.682277 0.415769 0.0304516 0.101668
0 0.790908 0.172354 0.0158278 0.0520259
0 0.235285 0.257566 0.0227189 0.0634006
0 0.246187 0.205019 0.0202062 0.0562791
0 0.991553 0.232641 0.0168939 0.0603863
0 0.992308 0.695552 0.0153835 0.138167
0 0.411405 0.121593 0.0153868 0.0527729
0 0.459182 0.213815 0.0177776 0.0570647
0 0.630308 0.135396 0.0164234 0.0498151
0 0.938039 0.189073 0.0166671 0.054716
0 0.642527 0.203942 0.0170816 0.0584995
0 0.756945 0.0972662 0.0133874 0.041872
0 0.944279 0.375153 0.0228956 0.0687499
0 0.510596 0.247641 0.0159052 0.0564749
0 0.123603 0.244621 0.0188827 0.0657503
0 0.541739 0.480908 0.0200285 0.090043
0 0.383866 0.0440442 0.0124962 0.0413936
0 0.193397 0.0965666 0.0168022 0.0501386
0 0.0627586 0.192878 0.0194577 0.0616629
0 0.912953 0.245779 0.0178713 0.0647006
0 0.239244 0.092413 0.0150359 0.0522831
0 0.212745 0.171384 0.0206866 0.0607003
0 0.600414 0.157672 0.0191517 0.0536868
0 0.240214 0.0407647 0.0134342 0.0409936
0 0.886479 0.163226 0.017437 0.0556053
0 0.641653 0.0407822 0.0157568 0.0468092
0 0.482308 0.179416 0.0173157 0.0592231
0 0.843948 0.114143 0.0135811 0.0392501
0 0.0681136 0.0901486 0.014213 0.0464983
0 0.876671 0.222554 0.0198277 0.0656325
0 0.522072 0.193129 0.0176851 0.0586153
0 0.0421237 0.115729 0.0198806 0.058251
0 0.346663 0.083944 0.0167189 0.0505066
0 0.314069 0.14144 0.0185949 0.0574874
0 0.440599 0.125301 0.0145075 0.0467269
0 0.959459 0.217928 0.0182848 0.0587765
0 0.711089 0.208021 0.0172072 0.060743
0 0.100984 0.0877055 0.0130483 0.0444033
0 0.502007 0.121437 0.0158604 0.0513072
0 0.157375 0.0655153 0.0148787 0.0495226
0 0.175101 0.155551 0.022035 0.0575319
0 0.342011 0.169265 0.0205855 0.0563066
0 0.662409 0.21034 0.0196678 0.0649272
0 0.177564 0.0573567 0.0137248 0.0407424
0 0.294899 0.113224 0.0153849 0.0441361
0 0.146947 0.119257 0.0158137 0.0561856
0 0.94518 0.266439 0.0189659 0.0560097
0 0.280072 0.0423899 0.013855 0.036835
0 0.431988 0.0710659 0.0147264 0.0467108
0 0.688468 0.116722 0.0129774 0.0411857
0 0.854096 0.042114 0.0116264 0.0362799
0 0.504175 0.0748116 0.0141274 0.0390622
0 0.136305 0.0520853 0.0133003 0.0388149
0 0.536346 0.11015 0.0168343 0.0486989
0 0.901781 0.0611894 0.0112079 0.0396618
0 0.66823 0.102951 0.0140135 0.0444625
0 0.0304227 0.0901124 0.0126546 0.0407188
0 0.379832 0.0985304 0.0150988 0.0448528
0 0.256871 0.1234 0.0130958 0.043278
0 0.264778 0.0895046 0.0171076 0.0432501
0 0.323873 0.0487541 0.0140634 0.0391986
0 0.35158 0.0334991 0.0147044 0.037209
0 0.538284 0.0549537 0.0133001 0.0373523
0 0.174844 0.208311 0.0213365 0.0682739
0 0.45514 0.0761893 0.0167385 0.0508799
0 0.112944 0.0759928 0.0128884 0.0414292
0 0.492084 0.238803 0.0198593 0.051415
0 0.519613 0.11871 0.0153818 0.0490296
0 0.206876 0.0319345 0.0125388 0.0376485
0 0.252778 0.0417911 0.0120574 0.0392965
0 0.578832 0.0667938 0.0129335 0.0346278
0 0.0920356 0.137235 0.0156189 0.0463453
0 0.514836 0.0559184 0.0126093 0.0383563
0 0.00805625 0.0888019 0.0131977 0.040862
0 0.764136 0.0586332 0.0131039 0.0354536
0 0.0292582 0.0473346 0.0135579 0.0356544
0 0.121647 0.0314245 0.0135089 0.0397757
