0 0.781242 0.688267 0.0430632 0.14638
0 0.207166 0.517393 0.037345 0.117218
0 0.794567 0.506182 0.0278654 0.0979886
0 0.0380993 0.647837 0.0421721 0.131555
0 0.933186 0.513648 0.0368109 0.118811
0 0.687819 0.754259 0.0449903 0.166385
0 0.52056 0.604932 0.0387436 0.138289
0 0.877201 0.899271 0.0522034 0.137643
0 0.774794 0.912852 0.0477531 0.151453
0 0.435768 0.877169 0.0484917 0.159159
0 0.530196 0.826274 0.0423548 0.18515
0 0.447362 0.542814 0.0328602 0.0974979
0 0.525724 0.391388 0.0255657 0.0844909
0 0.489626 0.383313 0.0230121 0.0695985
0 0.0686549 0.490737 0.0306869 0.099876
0 0.387274 0.348701 0.0249875 0.0804839
0 0.720732 0.588475 0.050391 0.121875
0 0.188924 0.911516 0.043286 0.173742
0 0.634317 0.281474 0.0242775 0.0781933
0 0.769962 0.292289 0.0225191 0.0758819
0 0.81401 0.368788 0.0236881 0.0756531
0 0.305197 0.294801 0.0235522 0.0741598
0 0.411331 0.418004 0.0233744 0.0801573
0 0.552758 0.564363 0.0285999 0.102317
0 0.452647 0.344287 0.0223167 0.0748076
0 0.376065 0.924517 0.0583565 0.150966
0 0.875455 0.615444 0.0372616 0.111972
0 0.0444301 0.219462 0.0229579 0.0786984
0 0.684392 0.338944 0.0204388 0.0732408
0 0.530492 0.314492 0.0219557 0.0631707
0 0.684286 0.243626 0.0239483 0.0709444
0 0.332924 0.122863 0.0154062 0.0522561
0 0.747553 0.212666 0.0181051 0.0592849
0 0.143136 0.593179 0.0419655 0.121926
0 0.478726 0.187591 0.0161503 0.0491821
0 0.956974 0.171338 0.0181969 0.0579098
0 0.916084 0.259213 0.0188175 0.0638694
0 0.431143 0.398401 0.0191234 0.0798235
0 0.794164 0.177466 0.0192766 0.063177
0 0.42539 0.274241 0.0210788 0.0692981
0 0.360907 0.259984 0.0191895 0.0654813
0 0.614883 0.197151 0.0176241 0.066421
0 0.665692 0.111675 0.014492 0.0499232
0 0.56556 0.189091 0.0209601 0.0687834
0 0.540538 0.108432 0.016258 0.0515204
0 0.498765 0.201649 0.0181433 0.0622759
0 0.886181 0.800551 0.0521884 0.130283
0 0.737462 0.357072 0.0241758 0.082146
0 0.96058 0.0902623 0.0153143 0.0462837
0 0.323785 0.209244 0.0193802 0.0570492
0 0.0920299 0.151182 0.01694 0.0543725
0 0.125013 0.211227 0.0225263 0.0688265
0 0.295757 0.0929262 0.0139983 0.0483139
0 0.696253 0.148922 0.0171804 0.0542083
0 0.191043 0.276125 0.0247609 0.065
0 0.285157 0.163966 0.016426 0.0507968
0 0.252745 0.240499 0.022155 0.0737641
0 0.575463 0.138685 0.018931 0.0485533
0 0.192551 0.122139 0.0159402 0.0557389
0 0.880995 0.224313 0.0204418 0.0659541
0 0.652248 0.0520946 0.0134557 0.044504
0 0.444075 0.106436 0.0141211 0.0470346
0 0.39469 0.132703 0.0153251 0.041919
0 0.394215 0.184544 0.0171118 0.0509185
0 0.693083 0.0569629 0.0124757 0.037214
0 0.168171 0.148665 0.0137303 0.0436907
0 0.569047 0.833487 0.0345302 0.142977
0 0.907292 0.106899 0.0142166 0.0474888
0 0.488155 0.104752 0.0144276 0.0480704
0 0.46002 0.177256 0.0179786 0.0601351
0 0.743757 0.148817 0.0138185 0.0447466
0 0.283899 0.247811 0.0190995 0.0695526
0 0.303894 0.161027 0.0137277 0.0451626
0 0.557392 0.10264 0.0125288 0.0479786
0 0.246632 0.157462 0.0151873 0.0536862
0 0.346009 0.133153 0.0132654 0.0445019
0 0.734218 0.526944 0.033524 0.112022
0 0.613338 0.123722 0.018934 0.0586947
0 0.871392 0.0433461 0.0111839 0.0354423
0 0.529247 0.0420024 0.0115099 0.0368976
0 0.233377 0.133789 0.0148028 0.0471021
0 0.419761 0.143134 0.0153117 0.0482734
0 0.531512 0.237798 0.0174391 0.0580292
0 0.209829 0.165694 0.0158529 0.0492062
0 0.272717 0.0615649 0.0126016 0.0407691
0 0.225985 0.0857868 0.015718 0.0469707
0 0.208691 0.0896915 0.0147126 0.0458489
0 0.671074 0.0578261 0.0138012 0.045693
0 0.11807 0.140932 0.0165496 0.0446088
0 0.0114725 0.545162 0.0227835 0.104901
0 0.269404 0.322299 0.0221737 0.0683482
0 0.82078 0.0905132 0.011985 0.0399404
0 0.511128 0.14765 0.0151991 0.0488908
0 0.4346 0.0469678 0.0124805 0.0438818
0 0.342232 0.0294275 0.0102446 0.0315499
0 0.035977 0.114832 0.0140604 0.0505257
0 0.584609 0.0569138 0.0128919 0.0397152
0 0.175721 0.0648144 0.0139259 0.0468523
0 0.160003 0.119084 0.0118889 0.0376154
0 0.861224 0.311389 0.0235035 0.0821879
0 0.114847 0.72431 0.0425039 0.13201
0 0.24856 0.10668 0.0138237 0.0420988
0 0.881779 0.136157 0.0156464 0.0559195
0 0.669119 0.178263 0.0188124 0.0542226
0 0.291196 0.0425506 0.0146037 0.0405566
0 0.849487 0.169163 0.0171633 0.0561641
0 0.77057 0.143804 0.0133378 0.0490099
0 0.75788 0.162511 0.01607 0.0497066
0 0.357475 0.0740013 0.0156904 0.0464972
0 0.308622 0.071925 0.0121783 0.0418809
0 0.319335 0.111724 0.0121426 0.0455807
0 0.8352 0.133209 0.0188502 0.0535863
0 0.328961 0.0541554 0.00977589 0.0315117
0 0.0214557 0.121789 0.0159915 0.0526486
0 0.474006 0.0955376 0.0129431 0.0410297
0 0.71778 0.0578666 0.0126831 0.0342589
0 0.529655 0.195993 0.0173928 0.0427929
0 0.155561 0.054486 0.0130023 0.0421591
0 0.447373 0.0289414 0.0102854 0.0329674
0 0.740486 0.0922433 0.0143013 0.0425543
0 0.482752 0.0536212 0.0118811 0.0412641
0 0.764637 0.0595299 0.0119552 0.037564
0 0.972827 0.563245 0.0242586 0.0897145
0 0.817266 0.175362 0.0144314 0.0492312
0 0.553616 0.0354861 0.00978529 0.0280226
0 0.627201 0.939151 0.0440416 0.121698
0 0.0392497 0.053042 0.0133239 0.0379239
0 0.369242 0.10384 0.0132852 0.0379135
0 0.231274 0.0416722 0.0124135 0.0366514
0 0.00390493 0.0971138 0.00780987 0.0403283
0 0.398516 0.0220938 0.0118749 0.0360828
0 0.566305 0.0447901 0.0101508 0.0337535
0 0.154788 0.0481467 0.0127457 0.0419555
0 0.720126 0.0287692 0.0104088 0.0284799
0 0.898293 0.192155 0.0149157 0.0509449
0 0.615399 0.0751817 0.0128398 0.0350326
0 0.284929 0.309786 0.0166268 0.0670404
0 0.889142 0.0615712 0.0117179 0.0335337
0 0.344666 0.0828299 0.0126068 0.0381827
0 0.145762 0.124322 0.0122623 0.0399901
0 0.0722111 0.0907023 0.0134383 0.0422751
0 0.542126 0.0575123 0.0119346 0.0337186
0 0.729119 0.137473 0.0154789 0.0506124
0 0.122272 0.0594333 0.0113224 0.0337256
0 0.261681 0.162456 0.0151433 0.0503791
0 0.335657 0.977733 0.0575003 0.0445332
0 0.420419 0.0626532 0.0134558 0.0399027
0 0.84913 0.0922465 0.0125835 0.0403086
0 0.923387 0.0852058 0.0120197 0.0378777
