0 0.202603 0.750561 0.0428943 0.146531
0 0.524845 0.613973 0.0398039 0.135631
0 0.324213 0.761458 0.0523294 0.172828
0 0.506233 0.907947 0.0579227 0.183575
0 0.397465 0.603174 0.0351087 0.11844
0 0.871733 0.769276 0.0464619 0.150141
0 0.382794 0.371094 0.0255009 0.086445
0 0.841476 0.637395 0.0421124 0.122903
0 0.683404 0.630459 0.0420252 0.147019
0 0.620194 0.501951 0.0363714 0.134999
0 0.570071 0.430036 0.0316934 0.115283
0 0.373824 0.510613 0.0307208 0.111587
0 0.204183 0.499639 0.0336779 0.116374
0 0.884595 0.327197 0.0256531 0.0997873
0 0.930344 0.874353 0.046508 0.156516
0 0.908738 0.536859 0.0374912 0.113032
0 0.541855 0.404295 0.0267802 0.0941094
0 0.22222 0.373026 0.031509 0.0903144
0 0.945507 0.555849 0.033266 0.116105
0 0.319944 0.410073 0.0267436 0.105214
0 0.841745 0.391165 0.0278508 0.105115
0 0.640684 0.40059 0.0262632 0.0939479
0 0.134942 0.558764 0.0371159 0.135747
0 0.413784 0.52746 0.0286311 0.107109
0 0.722142 0.16684 0.0190888 0.0583829
0 0.366817 0.257142 0.0203518 0.0705745
0 0.986222 0.35667 0.027393 0.107526
0 0.797249 0.620365 0.0337053 0.123413
0 0.294219 0.324962 0.0227117 0.0828019
0 0.900936 0.446462 0.0272562 0.077785
0 0.89572 0.236401 0.0214963 0.0765891
0 0.813805 0.434489 0.0295893 0.10839
0 0.696753 0.266106 0.0275822 0.0905813
0 0.41018 0.341875 0.0238141 0.0835991
0 0.451922 0.3657 0.0288279 0.113033
0 0.0989489 0.501087 0.0283764 0.0894275
0 0.651726 0.283931 0.0227029 0.0940021
0 0.62907 0.186553 0.0171657 0.0568508
0 0.318566 0.321622 0.0249378 0.0711345
0 0.036872 0.272539 0.0276912 0.0932546
0 0.172001 0.260426 0.0231088 0.0713213
0 0.0849422 0.314703 0.0278775 0.094088
0 0.533737 0.309215 0.0242571 0.0733174
0 0.562995 0.264347 0.022155 0.06896
0 0.210617 0.232363 0.0193914 0.0697349
0 0.745629 0.284465 0.0279337 0.0888
0 0.604977 0.194266 0.0179754 0.0569257
0 0.253043 0.179987 0.0180071 0.0636271
0 0.50923 0.148403 0.0212765 0.0632799
0 0.508186 0.218395 0.0218871 0.0681338
0 0.474418 0.197018 0.0195039 0.0703122
0 0.671837 0.274475 0.0202566 0.0870101
0 0.423846 0.190798 0.0215229 0.0694679
0 0.56293 0.130879 0.0179735 0.0548567
0 0.959604 0.284197 0.0214857 0.0679059
0 0.518174 0.525276 0.0405548 0.0992648
0 0.774676 0.170128 0.019853 0.0560347
0 0.451991 0.175735 0.0202724 0.0690487
0 0.356751 0.19142 0.0232416 0.0641328
0 0.853895 0.136538 0.017857 0.0594327
0 0.271394 0.134097 0.0150605 0.0478273
0 0.323774 0.218441 0.0219504 0.0654903
0 0.497352 0.301738 0.0233906 0.0834601
0 0.537538 0.183562 0.0204378 0.0691467
0 0.388926 0.13166 0.0176991 0.0572357
0 0.420648 0.108375 0.0160299 0.0458055
0 0.0804042 0.107218 0.0181534 0.0526322
0 0.485358 0.140811 0.0179691 0.0627502
0 0.431281 0.307709 0.0224012 0.0784245
0 0.808636 0.245436 0.0187566 0.0605122
0 0.89513 0.12963 0.0192651 0.0525453
0 0.675535 0.192657 0.0160804 0.0521634
0 0.571243 0.0563015 0.0138886 0.0428005
0 0.799372 0.172079 0.0168366 0.0479546
0 0.11853 0.311226 0.0255316 0.0729615
0 0.877502 0.0854314 0.013512 0.046896
0 0.531103 0.112659 0.0167298 0.05214
0 0.122128 0.198562 0.0181019 0.0652531
0 0.0980134 0.177396 0.0190288 0.0606721
0 0.320815 0.165838 0.0218444 0.0531036
0 0.692869 0.0468119 0.0140665 0.044016
0 0.834866 0.299065 0.0241451 0.0609423
0 0.52165 0.366224 0.0204968 0.0733753
0 0.56008 0.210423 0.0201277 0.0556865
0 0.728595 0.0344432 0.0114307 0.0422005
0 0.926898 0.150099 0.0139095 0.0478622
0 0.143842 0.120692 0.0162311 0.0517918
0 0.779494 0.117926 0.0150626 0.0421073
0 0.472744 0.0932076 0.0171593 0.0565872
0 0.256317 0.0585967 0.0129581 0.0463185
0 0.00517476 0.105856 0.0103495 0.0514412
0 0.814152 0.0679539 0.0135422 0.0393583
0 0.0562787 0.187259 0.0224761 0.0634249
0 0.663767 0.0529828 0.0147564 0.0431832
0 0.779012 0.285495 0.020587 0.0675889
0 0.856335 0.243527 0.0209021 0.0718493
0 0.0445436 0.0326877 0.0105621 0.0356732
0 0.161903 0.0986762 0.0162332 0.047663
0 0.603406 0.150566 0.0154279 0.0407731
0 0.707034 0.120449 0.0140932 0.0455952
0 0.253678 0.115317 0.0133857 0.0437278
0 0.215314 0.171091 0.0168217 0.053632
0 0.92022 0.102307 0.0137474 0.0406882
0 0.18512 0.0816614 0.0139893 0.0489882
0 0.677752 0.113212 0.0130875 0.0407289
0 0.316224 0.104822 0.0147887 0.0443942
0 0.104733 0.233589 0.0196363 0.0601395
0 0.104555 0.102497 0.0126884 0.0448626
0 0.656571 0.159902 0.0172579 0.0545247
0 0.507592 0.0700917 0.0176905 0.0517016
0 0.615472 0.0947269 0.0138647 0.0413727
0 0.346831 0.0480017 0.0140409 0.0430355
0 0.73475 0.115202 0.0139075 0.0477003
0 0.287235 0.169649 0.0163023 0.0525039
0 0.238839 0.0587919 0.0135445 0.0421342
0 0.220698 0.109927 0.0160345 0.0431784
0 0.993106 0.270671 0.0137877 0.0648019
0 0.361936 0.137242 0.0147735 0.0437789
0 0.744541 0.0873374 0.0129859 0.0385012
0 0.338253 0.0894977 0.0161204 0.0467849
0 0.173134 0.0646865 0.0116055 0.0397015
0 0.296375 0.116283 0.0118971 0.0426547
0 0.220821 0.0689633 0.0144065 0.037362
0 0.11021 0.0519391 0.0131551 0.0373092
0 0.195968 0.109888 0.0124077 0.0439819
0 0.284183 0.0929159 0.0140228 0.0396973
0 0.307398 0.145715 0.0147137 0.0536913
0 0.131388 0.0527464 0.0133356 0.0349104
0 0.889839 0.0547079 0.0124431 0.0380863
0 0.391061 0.0775427 0.017086 0.0441281
0 0.815589 0.133286 0.012566 0.0393865
