0 0.653925 0.534211 0.027523 0.084211
0 0.044343 0.581579 0.023445 0.068421
0 0.592253 0.413158 0.020387 0.068421
0 0.416412 0.327632 0.017329 0.055263
0 0.221203 0.418421 0.022426 0.068421
0 0.800714 0.364474 0.021407 0.071053
0 0.890928 0.463158 0.026504 0.084211
0 0.603976 0.515789 0.025484 0.078947
0 0.428135 0.439474 0.022426 0.063158
0 0.508155 0.381579 0.021407 0.068421
0 0.925586 0.346053 0.022426 0.060526
0 0.157492 0.417105 0.019368 0.065789
0 0.216616 0.168421 0.017329 0.047368
0 0.461774 0.406579 0.022426 0.071053
0 0.370540 0.538158 0.021407 0.076316
0 0.295107 0.475000 0.019368 0.060526
0 0.784404 0.222368 0.019368 0.055263
0 0.109072 0.447368 0.018349 0.052632
0 0.711519 0.253947 0.014271 0.050000
0 0.969929 0.321053 0.021407 0.063158
0 0.260958 0.381579 0.016310 0.057895
0 0.818552 0.181579 0.014271 0.052632
0 0.317533 0.217105 0.015291 0.044737
0 0.556065 0.577632 0.025484 0.086842
0 0.755352 0.089474 0.014271 0.042105
0 0.347095 0.310526 0.017329 0.057895
0 0.431193 0.210526 0.016310 0.052632
0 0.480632 0.221053 0.017329 0.047368
0 0.731397 0.196053 0.015291 0.044737
0 0.501529 0.244737 0.016310 0.052632
0 0.572375 0.284211 0.015291 0.047368
0 0.217635 0.250000 0.017329 0.052632
0 0.967380 0.088158 0.014271 0.039474
0 0.368502 0.073684 0.013252 0.042105
0 0.576962 0.236842 0.016310 0.047368
0 0.888379 0.025000 0.015291 0.044737
0 0.626402 0.377632 0.017329 0.065789
0 0.719164 0.031579 0.013252 0.042105
0 0.781346 0.106579 0.015291 0.044737
0 0.395515 0.207895 0.016310 0.042105
0 0.457187 0.202632 0.017329 0.052632
0 0.636595 0.128947 0.015291 0.047368
0 0.518349 0.178947 0.015291 0.047368
0 0.987258 0.030263 0.013252 0.044737
0 0.129969 0.042105 0.011213 0.036842
0 0.745158 0.242105 0.016310 0.047368
0 0.669215 0.040789 0.013252 0.039474
0 0.682977 0.115789 0.014271 0.042105
0 0.271662 0.244737 0.015291 0.047368
0 0.745668 0.322368 0.019368 0.081579
0 0.639144 0.250000 0.016310 0.052632
0 0.930683 0.022368 0.012232 0.034211
0 0.549949 0.173684 0.015291 0.042105
0 0.863405 0.117105 0.014271 0.044737
0 0.269113 0.027632 0.010194 0.034211
0 0.074924 0.172368 0.017329 0.050000
0 0.297655 0.035526 0.010194 0.034211
0 0.528033 0.055263 0.014271 0.042105
0 0.600917 0.168421 0.015291 0.047368
0 0.658512 0.396053 0.022426 0.055263
0 0.102446 0.596053 0.027523 0.076316
0 0.350663 0.111842 0.012232 0.039474
0 0.459225 0.052632 0.013252 0.042105
0 0.944444 0.019737 0.013252 0.034211
0 0.990316 0.218421 0.017329 0.057895
0 0.494393 0.107895 0.014271 0.042105
0 0.383282 0.060526 0.012232 0.036842
0 0.417431 0.022368 0.013252 0.039474
0 0.687564 0.206579 0.013252 0.039474
0 0.080020 0.105263 0.013252 0.042105
0 0.848114 0.085526 0.014271 0.039474
0 0.532620 0.164474 0.015291 0.050000
0 0.197248 0.455263 0.019368 0.057895
0 0.259939 0.069737 0.012232 0.034211
0 0.851682 0.019737 0.013252 0.034211
0 0.163099 0.134211 0.014271 0.042105
0 0.492864 0.063158 0.013252 0.036842
0 0.684506 0.153947 0.013252 0.039474
0 0.413354 0.157895 0.015291 0.047368
0 0.442915 0.117105 0.013252 0.039474
0 0.022426 0.072368 0.010194 0.034211
0 0.734964 0.417105 0.026504 0.060526
0 0.994393 0.076316 0.011213 0.042105
0 0.364424 0.201316 0.015291 0.050000
0 0.984200 0.089474 0.011213 0.042105
0 0.570336 0.059211 0.015291 0.044737
0 0.596840 0.105263 0.015291 0.047368
0 0.011213 0.148684 0.014271 0.039474
0 0.176351 0.056579 0.012232 0.034211
0 0.736493 0.146053 0.015291 0.039474
0 0.113660 0.113158 0.013252 0.036842
0 0.036188 0.192105 0.013252 0.042105
0 0.833843 0.025000 0.012232 0.039474
0 0.133028 0.693421 0.027523 0.097368
0 0.334862 0.810526 0.025484 0.084211
0 0.280326 0.665789 0.026504 0.094737
0 0.193680 0.586842 0.028542 0.073684
0 0.387360 0.723684 0.030581 0.078947
0 0.443935 0.546053 0.025484 0.076316
0 0.486239 0.764474 0.040775 0.086842
0 0.702854 0.755263 0.027523 0.084211
0 0.887870 0.173684 0.014271 0.042105
0 0.874618 0.084211 0.012232 0.042105
0 0.743629 0.018421 0.011213 0.031579
0 0.596330 0.026316 0.014271 0.036842
0 0.623853 0.052632 0.012232 0.036842
0 0.626402 0.017105 0.013252 0.028947
0 0.793068 0.053947 0.012232 0.050000
0 0.782365 0.051316 0.011213 0.039474
0 0.907238 0.138158 0.014271 0.039474
0 0.923547 0.075000 0.014271 0.044737
0 0.922528 0.148684 0.016310 0.039474
0 0.345056 0.182895 0.017329 0.044737
0 0.128950 0.151316 0.013252 0.034211
0 0.069827 0.096053 0.009174 0.044737
0 0.240061 0.464474 0.017329 0.060526
