0 0.748726 0.356579 0.019368 0.050000
0 0.209480 0.388158 0.021407 0.060526
0 0.644241 0.161842 0.014271 0.044737
0 0.178389 0.215789 0.016310 0.047368
0 0.574414 0.475000 0.025484 0.081579
0 0.403670 0.163158 0.016310 0.047368
0 0.748726 0.156579 0.015291 0.044737
0 0.985729 0.523684 0.024465 0.073684
0 0.295617 0.351316 0.016310 0.060526
0 0.793578 0.330263 0.017329 0.055263
0 0.060652 0.281579 0.013252 0.042105
0 0.529052 0.348684 0.020387 0.060526
0 0.698777 0.167105 0.015291 0.044737
0 0.482671 0.068421 0.013252 0.036842
0 0.727829 0.119737 0.012232 0.039474
0 0.019878 0.214474 0.015291 0.044737
0 0.693680 0.247368 0.015291 0.052632
0 0.399083 0.314474 0.021407 0.060526
0 0.577472 0.230263 0.017329 0.055263
0 0.540775 0.151316 0.015291 0.044737
0 0.204383 0.034211 0.011213 0.031579
0 0.335882 0.314474 0.017329 0.050000
0 0.479613 0.382895 0.023445 0.071053
0 0.620285 0.046053 0.013252 0.039474
0 0.274210 0.340789 0.022426 0.060526
0 0.434251 0.313158 0.020387 0.063158
0 0.598369 0.164474 0.014271 0.044737
0 0.481142 0.201316 0.014271 0.039474
0 0.647808 0.242105 0.017329 0.047368
0 0.116208 0.189474 0.014271 0.047368
0 0.671764 0.322368 0.016310 0.055263
0 0.243629 0.068421 0.014271 0.042105
0 0.592762 0.023684 0.011213 0.031579
0 0.771152 0.042105 0.011213 0.036842
0 0.356779 0.082895 0.014271 0.039474
0 0.437309 0.198684 0.016310 0.044737
0 0.722732 0.064474 0.012232 0.034211
0 0.515291 0.122368 0.011213 0.039474
0 0.672273 0.032895 0.011213 0.034211
0 0.240061 0.406579 0.019368 0.071053
0 0.038736 0.075000 0.012232 0.034211
0 0.273191 0.051316 0.012232 0.034211
0 0.560143 0.152632 0.011213 0.036842
0 0.507645 0.234211 0.016310 0.047368
0 0.322630 0.115789 0.013252 0.036842
0 0.671254 0.075000 0.013252 0.034211
0 0.704383 0.051316 0.010194 0.034211
0 0.106014 0.082895 0.012232 0.034211
0 0.541794 0.081579 0.013252 0.042105
0 0.030071 0.176316 0.011213 0.036842
0 0.411825 0.075000 0.012232 0.034211
0 0.174312 0.060526 0.012232 0.031579
0 0.615698 0.259211 0.016310 0.055263
0 0.078491 0.178947 0.014271 0.042105
0 0.535678 0.022368 0.011213 0.028947
0 0.752803 0.027632 0.009174 0.034211
0 0.908257 0.025000 0.012232 0.034211
0 0.120285 0.144737 0.012232 0.036842
0 0.489297 0.338158 0.022426 0.060526
0 0.692661 0.042105 0.011213 0.042105
0 0.282875 0.409211 0.025484 0.060526
0 0.542304 0.192105 0.014271 0.047368
0 0.773700 0.678947 0.022426 0.073684
0 0.236493 0.156579 0.016310 0.050000
0 0.083078 0.088158 0.017329 0.039474
0 0.063710 0.059211 0.013252 0.039474
0 0.449032 0.071053 0.013252 0.031579
0 0.438838 0.015789 0.009174 0.026316
0 0.504587 0.065789 0.012232 0.036842
0 0.515291 0.077632 0.009174 0.028947
0 0.569317 0.043421 0.011213 0.039474
0 0.732926 0.053947 0.012232 0.044737
0 0.982671 0.056579 0.012232 0.044737
