0 0.212538 0.596250 0.041794 0.132500
0 0.242610 0.712500 0.048930 0.135000
0 0.374618 0.942500 0.064220 0.115000
0 0.274210 0.895000 0.050968 0.150000
0 0.614169 0.825000 0.049949 0.130000
0 0.137105 0.527500 0.037717 0.130000
0 0.809378 0.918750 0.050968 0.147500
0 0.928135 0.343750 0.025484 0.072500
0 0.157492 0.230000 0.025484 0.060000
0 0.460754 0.322500 0.026504 0.075000
0 0.516310 0.325000 0.023445 0.075000
0 0.392966 0.257500 0.021407 0.060000
0 0.067278 0.217500 0.020387 0.060000
0 0.477064 0.122500 0.018349 0.055000
0 0.759939 0.261250 0.019368 0.057500
0 0.355250 0.231250 0.017329 0.052500
0 0.982161 0.925000 0.033639 0.120000
0 0.340979 0.263750 0.017329 0.057500
0 0.156983 0.126250 0.014271 0.047500
0 0.066259 0.162500 0.016310 0.045000
0 0.680428 0.251250 0.019368 0.057500
0 0.256881 0.285000 0.020387 0.050000
0 0.318043 0.262500 0.018349 0.060000
0 0.871050 0.351250 0.023445 0.077500
0 0.012232 0.681250 0.022426 0.137500
0 0.324669 0.188750 0.017329 0.052500
0 0.290010 0.176250 0.017329 0.052500
0 0.208461 0.277500 0.021407 0.065000
0 0.469419 0.252500 0.017329 0.050000
0 0.290520 0.260000 0.024465 0.055000
0 0.395005 0.185000 0.015291 0.055000
0 0.258919 0.200000 0.018349 0.055000
0 0.317023 0.096250 0.012232 0.042500
0 0.137615 0.145000 0.016310 0.050000
0 0.192661 0.121250 0.012232 0.047500
0 0.441896 0.200000 0.017329 0.055000
0 0.890928 0.182500 0.016310 0.045000
0 0.707441 0.166250 0.016310 0.047500
0 0.198267 0.218750 0.015291 0.052500
0 0.422018 0.156250 0.014271 0.047500
0 0.735474 0.136250 0.013252 0.042500
0 0.459735 0.173750 0.016310 0.052500
0 0.782875 0.160000 0.014271 0.050000
0 0.531600 0.141250 0.015291 0.042500
0 0.550968 0.153750 0.017329 0.052500
0 0.365443 0.120000 0.015291 0.050000
0 0.510703 0.198750 0.012232 0.042500
0 0.707441 0.093750 0.014271 0.037500
0 0.994903 0.188750 0.010194 0.047500
0 0.850663 0.303750 0.025484 0.067500
0 0.091233 0.121250 0.015291 0.037500
0 0.646789 0.133750 0.015291 0.052500
0 0.631498 0.137500 0.015291 0.050000
0 0.334862 0.108750 0.011213 0.037500
0 0.690622 0.076250 0.013252 0.037500
0 0.589704 0.132500 0.015291 0.045000
0 0.379715 0.143750 0.015291 0.037500
0 0.211009 0.128750 0.014271 0.042500
0 0.659531 0.070000 0.014271 0.040000
0 0.025994 0.150000 0.017329 0.040000
0 0.180428 0.167500 0.018349 0.055000
0 0.612130 0.175000 0.015291 0.045000
0 0.926096 0.146250 0.015291 0.042500
0 0.750765 0.118750 0.013252 0.037500
0 0.312946 0.138750 0.014271 0.042500
0 0.374108 0.182500 0.014271 0.045000
0 0.258410 0.096250 0.013252 0.037500
0 0.604485 0.938750 0.063201 0.122500
0 0.272171 0.131250 0.012232 0.042500
0 0.243119 0.141250 0.013252 0.042500
0 0.903160 0.133750 0.014271 0.042500
0 0.877166 0.136250 0.013252 0.042500
0 0.790010 0.123750 0.012232 0.037500
0 0.669725 0.141250 0.016310 0.047500
0 0.922528 0.186250 0.016310 0.047500
0 0.556065 0.097500 0.013252 0.035000
0 0.204893 0.088750 0.012232 0.032500
0 0.414883 0.110000 0.016310 0.040000
0 0.125382 0.098750 0.012232 0.037500
0 0.376147 0.082500 0.014271 0.035000
0 0.622834 0.101250 0.012232 0.037500
0 0.237003 0.101250 0.013252 0.037500
0 0.777268 0.128750 0.011213 0.032500
0 0.571356 0.151250 0.013252 0.042500
0 0.408257 0.157500 0.013252 0.040000
0 0.285423 0.098750 0.012232 0.032500
0 0.507645 0.127500 0.014271 0.045000
0 0.885321 0.097500 0.013252 0.035000
0 0.272171 0.137500 0.012232 0.045000
0 0.210499 0.193750 0.015291 0.047500
0 0.231397 0.070000 0.012232 0.035000
0 0.608563 0.140000 0.014271 0.035000
0 0.792559 0.860000 0.064220 0.175000
0 0.167176 0.123750 0.008155 0.042500
0 0.178899 0.075000 0.013252 0.035000
0 0.138124 0.106250 0.013252 0.037500
0 0.335372 0.173750 0.012232 0.047500
0 0.445464 0.128750 0.012232 0.047500
0 0.628950 0.060000 0.012232 0.035000
0 0.927115 0.073750 0.015291 0.042500
