0 0.484200 0.440789 0.018349 0.060526
0 0.329766 0.198684 0.015291 0.050000
0 0.518349 0.398684 0.017329 0.065789
0 0.545362 0.421053 0.020387 0.068421
0 0.965341 0.293421 0.022426 0.065789
0 0.864934 0.402632 0.023445 0.068421
0 0.152905 0.225000 0.018349 0.050000
0 0.291030 0.471053 0.023445 0.073684
0 0.503058 0.201316 0.019368 0.050000
0 0.693680 0.256579 0.015291 0.055263
0 0.393476 0.323684 0.022426 0.063158
0 0.903670 0.267105 0.017329 0.050000
0 0.540265 0.282895 0.018349 0.055263
0 0.344037 0.265789 0.017329 0.057895
0 0.697757 0.431579 0.019368 0.068421
0 0.223242 0.168421 0.016310 0.047368
0 0.175331 0.417105 0.018349 0.060526
0 0.470948 0.307895 0.018349 0.057895
0 0.313456 0.202632 0.015291 0.047368
0 0.828746 0.427632 0.020387 0.071053
0 0.595311 0.431579 0.018349 0.057895
0 0.562691 0.357895 0.016310 0.052632
0 0.110092 0.250000 0.016310 0.052632
0 0.618247 0.301316 0.019368 0.060526
0 0.054536 0.368421 0.019368 0.052632
0 0.316004 0.310526 0.020387 0.057895
0 0.410805 0.393421 0.020387 0.050000
0 0.258410 0.384211 0.019368 0.063158
0 0.917941 0.218421 0.017329 0.052632
0 0.080020 0.277632 0.017329 0.050000
0 0.154434 0.289474 0.017329 0.052632
0 0.780836 0.094737 0.014271 0.042105
0 0.491845 0.271053 0.019368 0.057895
0 0.691131 0.186842 0.016310 0.047368
0 0.343017 0.336842 0.017329 0.057895
0 0.231397 0.505263 0.024465 0.068421
0 0.435270 0.269737 0.022426 0.060526
0 0.411315 0.447368 0.021407 0.063158
0 0.301223 0.257895 0.015291 0.047368
0 0.666157 0.263158 0.015291 0.047368
0 0.456677 0.211842 0.016310 0.055263
0 0.879205 0.188158 0.013252 0.044737
0 0.177880 0.109211 0.013252 0.039474
0 0.042304 0.309211 0.017329 0.060526
0 0.786442 0.369737 0.021407 0.060526
0 0.843017 0.128947 0.014271 0.042105
0 0.658512 0.356579 0.020387 0.076316
0 0.080530 0.201316 0.014271 0.044737
0 0.206932 0.259211 0.018349 0.055263
0 0.716106 0.367105 0.017329 0.055263
0 0.551478 0.196053 0.016310 0.050000
0 0.521916 0.146053 0.016310 0.050000
0 0.113660 0.184211 0.015291 0.042105
0 0.369011 0.028947 0.012232 0.036842
0 0.139144 0.119737 0.013252 0.044737
0 0.644241 0.163158 0.014271 0.047368
0 0.577472 0.125000 0.015291 0.039474
0 0.711009 0.111842 0.013252 0.039474
0 0.102446 0.375000 0.017329 0.055263
0 0.553517 0.064474 0.014271 0.039474
0 0.560652 0.103947 0.012232 0.039474
0 0.896534 0.346053 0.019368 0.060526
0 0.889908 0.072368 0.014271 0.039474
0 0.910296 0.109211 0.014271 0.039474
0 0.259939 0.226316 0.014271 0.042105
0 0.040265 0.131579 0.013252 0.042105
0 0.300204 0.155263 0.015291 0.047368
0 0.864934 0.121053 0.013252 0.042105
0 0.697757 0.344737 0.019368 0.063158
0 0.367992 0.150000 0.016310 0.047368
0 0.903160 0.182895 0.014271 0.050000
0 0.468400 0.076316 0.013252 0.036842
0 0.429664 0.043421 0.015291 0.044737
0 0.872579 0.082895 0.012232 0.034211
0 0.415392 0.227632 0.017329 0.044737
0 0.495413 0.040789 0.012232 0.039474
0 0.017839 0.263158 0.019368 0.057895
0 0.966361 0.060526 0.010194 0.031579
0 0.727319 0.073684 0.013252 0.036842
0 0.040775 0.240789 0.014271 0.044737
0 0.995413 0.317105 0.009174 0.071053
0 0.655963 0.132895 0.015291 0.044737
0 0.729358 0.360526 0.015291 0.057895
0 0.466361 0.026316 0.013252 0.042105
0 0.801223 0.068421 0.012232 0.036842
0 0.934760 0.165789 0.014271 0.042105
0 0.441386 0.178947 0.016310 0.047368
0 0.282365 0.239474 0.016310 0.042105
0 0.413354 0.114474 0.015291 0.044737
0 0.589704 0.086842 0.011213 0.036842
0 0.603466 0.286842 0.014271 0.052632
0 0.334353 0.043421 0.010194 0.034211
0 0.473496 0.118421 0.015291 0.047368
0 0.522426 0.332895 0.017329 0.055263
0 0.007136 0.318421 0.012232 0.057895
0 0.631498 0.168421 0.013252 0.047368
0 0.674312 0.625000 0.025484 0.092105
0 0.580020 0.159211 0.014271 0.039474
0 0.230377 0.267105 0.020387 0.055263
0 0.245668 0.292105 0.016310 0.052632
0 0.446993 0.040789 0.011213 0.039474
0 0.956677 0.063158 0.011213 0.031579
0 0.990826 0.065789 0.012232 0.031579
0 0.858818 0.060526 0.011213 0.031579
0 0.608563 0.028947 0.010194 0.036842
0 0.028033 0.121053 0.011213 0.042105
0 0.677370 0.317105 0.017329 0.055263
0 0.729358 0.035526 0.011213 0.028947
0 0.024465 0.775000 0.030581 0.081579
0 0.051988 0.836842 0.030581 0.121053
0 0.114679 0.792105 0.031600 0.084211
0 0.078491 0.376316 0.018349 0.057895
0 0.308359 0.722368 0.033639 0.097368
0 0.293578 0.559211 0.028542 0.086842
0 0.355759 0.503947 0.026504 0.060526
0 0.382263 0.594737 0.028542 0.084211
0 0.411825 0.689474 0.040775 0.110526
0 0.466871 0.464474 0.020387 0.060526
0 0.467380 0.534211 0.025484 0.084211
0 0.536697 0.672368 0.035678 0.123684
0 0.599388 0.706579 0.040775 0.113158
0 0.726300 0.482895 0.023445 0.086842
0 0.759429 0.493421 0.022426 0.076316
0 0.769623 0.455263 0.020387 0.063158
0 0.900612 0.763158 0.033639 0.100000
0 0.836391 0.740789 0.027523 0.097368
0 0.967380 0.434211 0.024465 0.089474
0 0.778287 0.205263 0.013252 0.063158
0 0.662589 0.044737 0.018349 0.036842
0 0.636086 0.025000 0.014271 0.044737
0 0.694699 0.017105 0.017329 0.028947
0 0.505607 0.088158 0.018349 0.050000
0 0.300204 0.026316 0.013252 0.047368
0 0.274720 0.019737 0.013252 0.034211
0 0.237513 0.028947 0.016310 0.036842
0 0.216616 0.018421 0.013252 0.031579
0 0.237003 0.438158 0.019368 0.065789
0 0.293068 0.371053 0.019368 0.073684
0 0.154434 0.371053 0.015291 0.057895
