0 0.829256 0.314474 0.021407 0.071053
0 0.319062 0.490789 0.024465 0.071053
0 0.601427 0.443421 0.024465 0.086842
0 0.081040 0.317105 0.017329 0.055263
0 0.737513 0.355263 0.021407 0.068421
0 0.863914 0.256579 0.015291 0.050000
0 0.277778 0.561842 0.023445 0.081579
0 0.550459 0.319737 0.020387 0.055263
0 0.540775 0.453947 0.029562 0.097368
0 0.408257 0.343421 0.019368 0.060526
0 0.941386 0.244737 0.017329 0.052632
0 0.783894 0.319737 0.020387 0.065789
0 0.912844 0.238158 0.017329 0.050000
0 0.417941 0.240789 0.018349 0.055263
0 0.582569 0.159211 0.015291 0.044737
0 0.598369 0.282895 0.018349 0.060526
0 0.129460 0.552632 0.024465 0.068421
0 0.955657 0.205263 0.017329 0.057895
0 0.174822 0.547368 0.025484 0.073684
0 0.726809 0.240789 0.016310 0.055263
0 0.199796 0.226316 0.016310 0.057895
0 0.008665 0.323684 0.015291 0.057895
0 0.014781 0.242105 0.013252 0.047368
0 0.773700 0.127632 0.016310 0.055263
0 0.657492 0.152632 0.014271 0.042105
0 0.500000 0.271053 0.017329 0.057895
0 0.033639 0.193421 0.014271 0.050000
0 0.205912 0.347368 0.018349 0.057895
0 0.490316 0.214474 0.016310 0.050000
0 0.692661 0.097368 0.013252 0.042105
0 0.632008 0.169737 0.016310 0.050000
0 0.224771 0.336842 0.015291 0.057895
0 0.362385 0.282895 0.015291 0.055263
0 0.459225 0.346053 0.023445 0.065789
0 0.314985 0.259211 0.016310 0.060526
0 0.394495 0.157895 0.014271 0.047368
0 0.806830 0.039474 0.011213 0.036842
0 0.673293 0.423684 0.021407 0.073684
0 0.427115 0.361842 0.016310 0.060526
0 0.742610 0.176316 0.015291 0.047368
0 0.128950 0.140789 0.015291 0.044737
0 0.726809 0.107895 0.014271 0.042105
0 0.156473 0.103947 0.013252 0.044737
0 0.613660 0.297368 0.018349 0.052632
0 0.286952 0.307895 0.015291 0.047368
0 0.975025 0.200000 0.015291 0.052632
0 0.995413 0.331579 0.009174 0.084211
0 0.418451 0.131579 0.015291 0.047368
0 0.381753 0.025000 0.011213 0.028947
0 0.016820 0.088158 0.013252 0.039474
0 0.553007 0.073684 0.013252 0.042105
0 0.080020 0.068421 0.011213 0.031579
0 0.546891 0.165789 0.017329 0.047368
0 0.009174 0.528947 0.016310 0.073684
0 0.140673 0.061842 0.012232 0.034211
0 0.523445 0.136842 0.015291 0.047368
0 0.314475 0.107895 0.013252 0.042105
0 0.788991 0.125000 0.014271 0.050000
0 0.901631 0.077632 0.013252 0.039474
0 0.703364 0.136842 0.012232 0.042105
0 0.540775 0.119737 0.015291 0.039474
0 0.193680 0.121053 0.014271 0.042105
0 0.285423 0.101316 0.014271 0.044737
0 0.857288 0.043421 0.012232 0.034211
0 0.453109 0.057895 0.011213 0.031579
0 0.229358 0.053947 0.012232 0.034211
0 0.356779 0.336842 0.022426 0.068421
0 0.219164 0.078947 0.012232 0.036842
0 0.747197 0.023684 0.010194 0.036842
0 0.378186 0.418421 0.020387 0.063158
0 0.733435 0.026316 0.011213 0.036842
0 0.279307 0.030263 0.012232 0.034211
0 0.603466 0.068421 0.012232 0.036842
0 0.066259 0.167105 0.012232 0.039474
0 0.481142 0.068421 0.012232 0.036842
0 0.265036 0.035526 0.012232 0.034211
0 0.217125 0.119737 0.018349 0.050000
0 0.349134 0.093421 0.015291 0.044737
0 0.088685 0.523684 0.022426 0.078947
0 0.617737 0.036842 0.012232 0.042105
0 0.991845 0.023684 0.012232 0.036842
0 0.202854 0.484211 0.030581 0.115789
0 0.505607 0.032895 0.012232 0.039474
0 0.794088 0.035526 0.010194 0.034211
0 0.672783 0.071053 0.012232 0.036842
0 0.443935 0.103947 0.013252 0.039474
0 0.641692 0.090789 0.013252 0.044737
0 0.771662 0.363158 0.020387 0.068421
0 0.113660 0.209211 0.015291 0.044737
0 0.884302 0.019737 0.011213 0.034211
0 0.054027 0.630263 0.022426 0.081579
0 0.074924 0.607895 0.023445 0.084211
0 0.081040 0.206579 0.017329 0.044737
0 0.013761 0.138158 0.011213 0.044737
0 0.083588 0.119737 0.016310 0.050000
0 0.126402 0.092105 0.014271 0.036842
0 0.099388 0.101316 0.013252 0.034211
0 0.117737 0.051316 0.011213 0.039474
0 0.124363 0.042105 0.010194 0.036842
0 0.178389 0.063158 0.020387 0.052632
0 0.244139 0.182895 0.015291 0.050000
0 0.266565 0.373684 0.017329 0.047368
0 0.327727 0.397368 0.025484 0.057895
0 0.328746 0.334211 0.019368 0.052632
0 0.342508 0.297368 0.014271 0.047368
0 0.347095 0.040789 0.011213 0.034211
0 0.397044 0.405263 0.019368 0.068421
0 0.427625 0.472368 0.021407 0.076316
0 0.360347 0.502632 0.027523 0.089474
0 0.402141 0.484211 0.025484 0.073684
0 0.440367 0.546053 0.028542 0.081579
0 0.470438 0.397368 0.025484 0.063158
0 0.415392 0.072368 0.013252 0.034211
0 0.439348 0.039474 0.012232 0.031579
0 0.398573 0.026316 0.016310 0.036842
0 0.604485 0.344737 0.018349 0.063158
0 0.646279 0.340789 0.022426 0.060526
0 0.650357 0.461842 0.024465 0.081579
0 0.493884 0.151316 0.023445 0.065789
0 0.527013 0.081579 0.018349 0.057895
0 0.491335 0.030263 0.012232 0.034211
0 0.714067 0.372368 0.021407 0.065789
0 0.432212 0.306579 0.020387 0.060526
0 0.735474 0.594737 0.025484 0.073684
0 0.577472 0.068421 0.013252 0.042105
0 0.563201 0.059211 0.011213 0.034211
0 0.712029 0.315789 0.017329 0.042105
0 0.820082 0.023684 0.017329 0.042105
0 0.907238 0.021053 0.016310 0.036842
0 0.924567 0.027632 0.014271 0.044737
0 0.948012 0.053947 0.018349 0.055263
