0 0.077472 0.573750 0.034659 0.122500
0 0.148318 0.527500 0.043833 0.145000
0 0.189602 0.787500 0.059123 0.170000
0 0.327727 0.722500 0.047910 0.150000
0 0.239042 0.600000 0.043833 0.135000
0 0.366972 0.947500 0.065240 0.105000
0 0.383282 0.431250 0.028542 0.072500
0 0.643221 0.600000 0.038736 0.130000
0 0.044852 0.207500 0.016310 0.050000
0 0.094801 0.220000 0.016310 0.045000
0 0.151886 0.190000 0.014271 0.040000
0 0.127421 0.146250 0.014271 0.042500
0 0.183486 0.308750 0.022426 0.067500
0 0.222222 0.298750 0.018349 0.062500
0 0.208970 0.245000 0.016310 0.055000
0 0.024975 0.125000 0.013252 0.050000
0 0.059123 0.118750 0.014271 0.032500
0 0.070846 0.138750 0.013252 0.037500
0 0.171764 0.128750 0.015291 0.042500
0 0.159021 0.072500 0.012232 0.030000
0 0.087156 0.082500 0.011213 0.030000
0 0.246177 0.271250 0.015291 0.057500
0 0.292049 0.310000 0.015291 0.060000
0 0.280326 0.307500 0.012232 0.060000
0 0.278287 0.153750 0.012232 0.042500
0 0.220693 0.147500 0.015291 0.040000
0 0.188073 0.115000 0.015291 0.040000
0 0.393986 0.298750 0.019368 0.062500
0 0.300204 0.201250 0.017329 0.052500
0 0.299694 0.135000 0.014271 0.045000
0 0.244648 0.138750 0.014271 0.042500
0 0.226809 0.082500 0.009174 0.030000
0 0.324159 0.121250 0.014271 0.037500
0 0.423038 0.267500 0.022426 0.070000
0 0.451070 0.382500 0.023445 0.075000
0 0.493374 0.437500 0.028542 0.090000
0 0.485219 0.357500 0.024465 0.070000
0 0.520387 0.350000 0.023445 0.075000
0 0.487768 0.262500 0.021407 0.065000
0 0.314475 0.067500 0.011213 0.035000
0 0.349134 0.121250 0.015291 0.042500
0 0.368502 0.160000 0.015291 0.045000
0 0.384811 0.096250 0.013252 0.042500
0 0.415902 0.158750 0.014271 0.037500
0 0.457187 0.187500 0.017329 0.050000
0 0.433231 0.105000 0.012232 0.035000
0 0.401121 0.098750 0.011213 0.032500
0 0.280836 0.097500 0.013252 0.030000
0 0.503568 0.156250 0.012232 0.042500
0 0.539246 0.270000 0.024465 0.065000
0 0.564730 0.263750 0.020387 0.072500
0 0.537207 0.171250 0.016310 0.047500
0 0.444444 0.083750 0.010194 0.027500
0 0.552497 0.110000 0.012232 0.045000
0 0.586137 0.285000 0.018349 0.070000
0 0.643731 0.277500 0.019368 0.065000
0 0.581040 0.178750 0.014271 0.037500
0 0.577982 0.091250 0.012232 0.032500
0 0.612640 0.178750 0.020387 0.057500
0 0.628440 0.107500 0.015291 0.040000
0 0.661570 0.177500 0.018349 0.050000
0 0.658002 0.118750 0.013252 0.037500
0 0.771662 0.562500 0.044852 0.125000
0 0.826198 0.540000 0.035678 0.110000
0 0.872069 0.537500 0.041794 0.120000
0 0.905708 0.561250 0.029562 0.102500
0 0.691131 0.143750 0.020387 0.042500
0 0.729867 0.141250 0.010194 0.032500
0 0.740571 0.127500 0.015291 0.035000
0 0.757390 0.136250 0.014271 0.047500
0 0.774720 0.115000 0.012232 0.040000
0 0.807339 0.107500 0.012232 0.040000
0 0.827217 0.143750 0.017329 0.042500
0 0.856779 0.130000 0.013252 0.040000
0 0.883282 0.288750 0.023445 0.057500
0 0.875127 0.148750 0.015291 0.037500
0 0.892457 0.106250 0.015291 0.037500
0 0.946993 0.158750 0.014271 0.057500
0 0.989297 0.285000 0.021407 0.090000
0 0.954128 0.321250 0.022426 0.057500
0 0.933231 0.205000 0.017329 0.045000
0 0.987768 0.172500 0.016310 0.045000
0 0.277268 0.910000 0.063201 0.165000
0 0.782875 0.798750 0.050968 0.157500
0 0.836391 0.746250 0.045872 0.112500
0 0.976555 0.873750 0.046891 0.137500
