0 0.668526 0.784221 0.0423111 0.149195
0 0.820188 0.614879 0.0401533 0.126546
0 0.815719 0.840632 0.0594288 0.175109
0 0.912748 0.549844 0.0369159 0.118436
0 0.0264402 0.647338 0.0457098 0.143794
0 0.752836 0.326663 0.0294589 0.0979292
0 0.643053 0.405778 0.0232388 0.0903052
0 0.0911851 0.81769 0.0532529 0.203497
0 0.236239 0.522812 0.0350735 0.123452
0 0.0967749 0.376139 0.0297276 0.114916
0 0.418501 0.415738 0.0250667 0.0797835
0 0.50744 0.351131 0.0230642 0.0748569
0 0.19055 0.327277 0.0242553 0.0874903
0 0.292614 0.347031 0.0239057 0.0752679
0 0.373377 0.382401 0.0266097 0.0912836
0 0.0321843 0.311943 0.0247935 0.0841976
0 0.152811 0.564465 0.0453083 0.134643
0 0.569353 0.265693 0.0216615 0.0805545
0 0.227648 0.248939 0.0191277 0.0684256
0 0.348733 0.479624 0.0309584 0.0914863
0 0.471868 0.460984 0.0265041 0.0922472
0 0.0582709 0.383384 0.0266393 0.0997372
0 0.819036 0.336067 0.0235836 0.0797559
0 0.265023 0.34991 0.0247046 0.0860905
0 0.620193 0.309571 0.0224095 0.0760001
0 0.844145 0.441115 0.0248787 0.0848467
0 0.584369 0.443988 0.0263017 0.0847457
0 0.795916 0.41462 0.0240139 0.0756262
0 0.342294 0.324452 0.0248521 0.085473
0 0.873769 0.33172 0.0263542 0.0899318
0 0.455642 0.310034 0.0214168 0.0743571
0 0.425709 0.345015 0.0246065 0.0701862
0 0.498353 0.452108 0.0248117 0.0886903
0 0.664824 0.395395 0.0201158 0.0794072
0 0.790164 0.258188 0.0228298 0.0768683
0 0.0787399 0.189499 0.0219831 0.0735592
0 0.292799 0.196591 0.0232327 0.0690551
0 0.958784 0.259478 0.0220932 0.0717685
0 0.0203892 0.819116 0.0407574 0.179928
0 0.830652 0.223967 0.0202887 0.0811225
0 0.161024 0.155463 0.0180837 0.0580684
0 0.127995 0.254911 0.0205446 0.0683791
0 0.39922 0.305361 0.0219571 0.0840146
0 0.662495 0.25062 0.0239303 0.0932126
0 0.470904 0.212604 0.0231019 0.0730359
0 0.247945 0.212602 0.0198561 0.0666269
0 0.145571 0.235689 0.0188366 0.0728687
0 0.272886 0.24 0.0187584 0.0635997
0 0.684718 0.224913 0.0215034 0.0897515
0 0.140126 0.163084 0.0195302 0.0629303
0 0.0579924 0.123021 0.013822 0.0494374
0 0.988626 0.322383 0.022747 0.0881929
0 0.914776 0.273773 0.0191026 0.0605314
0 0.0732316 0.119123 0.0149914 0.0462967
0 0.63367 0.117616 0.0163902 0.0599133
0 0.221432 0.422881 0.0290477 0.0910435
0 0.0980178 0.528128 0.0350953 0.116695
0 0.572893 0.176619 0.0193277 0.059068
0 0.180944 0.13976 0.0191586 0.0549237
0 0.108988 0.200413 0.0181104 0.064552
0 0.610247 0.17606 0.0178856 0.061657
0 0.211219 0.168546 0.0192004 0.0619908
0 0.458183 0.164852 0.0167702 0.0530775
0 0.592377 0.111742 0.0137912 0.0492578
0 0.121026 0.148319 0.0184445 0.0525403
0 0.60636 0.417646 0.0214203 0.0870681
0 0.879816 0.221561 0.0210495 0.0638526
0 0.424728 0.872748 0.0643393 0.206469
0 0.413358 0.215161 0.0185734 0.0619857
0 0.70328 0.184643 0.0188633 0.0641729
0 0.819275 0.139103 0.0182064 0.0517479
0 0.239149 0.10891 0.0145687 0.0463268
0 0.689151 0.029591 0.0136677 0.041613
0 0.693855 0.121906 0.0184391 0.056698
0 0.505214 0.138655 0.0137794 0.0487708
0 0.410268 0.0846462 0.013736 0.0426603
0 0.847851 0.231089 0.0149206 0.0603526
0 0.73572 0.157623 0.0142557 0.0445362
0 0.523039 0.266268 0.0196724 0.0644006
0 0.641699 0.265765 0.0172356 0.0661859
0 0.61072 0.0838835 0.0142939 0.0441281
0 0.769705 0.0691571 0.0131433 0.0412169
0 0.328456 0.165993 0.0184621 0.0568822
0 0.49032 0.142569 0.0167924 0.0565581
0 0.537434 0.166586 0.0178107 0.0554128
0 0.0813707 0.0729156 0.0139198 0.0472332
0 0.304722 0.129698 0.02293 0.0599332
0 0.620963 0.04145 0.0124849 0.0372744
0 0.729436 0.031277 0.0117021 0.0391415
0 0.520898 0.130014 0.0143971 0.0485814
0 0.266461 0.140003 0.018101 0.0531615
0 0.836486 0.155116 0.0175552 0.0544182
0 0.9794 0.240509 0.0184914 0.0633755
0 0.901434 0.215655 0.0158188 0.0599359
0 0.374918 0.213296 0.0198423 0.0648099
0 0.00890607 0.0893807 0.0174246 0.0525044
0 0.278868 0.108038 0.0158858 0.0468328
0 0.864955 0.0858506 0.0139965 0.0380684
0 0.351045 0.101145 0.0155188 0.042944
0 0.65851 0.0649835 0.0127268 0.0365928
0 0.553421 0.113148 0.0143726 0.0430425
0 0.853132 0.190812 0.0165909 0.0573246
0 0.420087 0.155139 0.0162575 0.0528769
0 0.42723 0.0835406 0.0142971 0.0434113
0 0.383493 0.0968433 0.0135145 0.0433548
0 0.156641 0.0795966 0.013929 0.0448633
0 0.00719082 0.284765 0.0143816 0.0839306
0 0.209388 0.108201 0.0139259 0.04078
0 0.707748 0.0512711 0.0156937 0.0394775
0 0.974807 0.182674 0.019582 0.0581831
0 0.0512691 0.0579434 0.0139521 0.0448799
0 0.502845 0.0646446 0.0143512 0.0423691
0 0.372306 0.153779 0.0213948 0.0520726
0 0.278669 0.0486139 0.0122396 0.0420011
0 0.459842 0.0874276 0.0134191 0.0372802
0 0.0794072 0.278127 0.020219 0.0654295
0 0.107297 0.0938125 0.0149513 0.0435175
0 0.335545 0.0897163 0.0141437 0.043107
0 0.377079 0.048969 0.0121721 0.0381486
0 0.78631 0.0471178 0.0122198 0.0366741
0 0.523316 0.403203 0.0260466 0.0876424
0 0.886008 0.0528204 0.0126102 0.0356227
0 0.396271 0.0756594 0.0123862 0.0424204
0 0.123865 0.0783882 0.012669 0.0394948
0 0.0694104 0.0494618 0.0131394 0.040885
0 0.352688 0.152642 0.0146947 0.050919
0 0.139182 0.0828792 0.0138192 0.0404574
0 0.158771 0.918535 0.0664381 0.162342
0 0.791905 0.0891093 0.0135045 0.0428739
0 0.249489 0.0718734 0.0142901 0.0434181
0 0.0964997 0.062066 0.0129753 0.042937
0 0.466062 0.980338 0.0702343 0.0393236
0 0.517667 0.0558979 0.0110769 0.036524
0 0.456948 0.127041 0.0188599 0.0461503
0 0.26751 0.0529248 0.0125278 0.0405582
0 0.202528 0.0595359 0.0131877 0.0439466
0 0.474218 0.0564145 0.0145893 0.0445779
0 0.783699 0.145383 0.0181553 0.0528345
0 0.567238 0.0170214 0.0129401 0.0340428
0 0.619512 0.266475 0.0234572 0.0533862
0 0.577532 0.100113 0.0120609 0.0373071
0 0.751426 0.237699 0.0190468 0.0564211
0 0.392369 0.150369 0.0175105 0.0576279
0 0.160486 0.0346623 0.011459 0.0361172
0 0.913938 0.204127 0.0153965 0.057868
0 0.0350285 0.0877319 0.0125611 0.0375706
