0 0.13395 0.533929 0.0451816 0.15261
0 0.813423 0.568232 0.043808 0.150429
0 0.246755 0.374252 0.0279234 0.0873997
0 0.642571 0.592911 0.0393799 0.134253
0 0.927448 0.576883 0.0388806 0.135249
0 0.867072 0.449735 0.0281393 0.0949232
0 0.492417 0.517343 0.0346687 0.113189
0 0.915618 0.455346 0.0267372 0.0916303
0 0.602715 0.379819 0.0279581 0.101272
0 0.375932 0.295335 0.0284614 0.0773869
0 0.660005 0.333646 0.0251732 0.101172
0 0.435527 0.397728 0.0256452 0.0990379
0 0.932885 0.348443 0.0253079 0.0907213
0 0.254233 0.644278 0.0415619 0.118954
0 0.486121 0.392395 0.0263848 0.0902762
0 0.389111 0.456151 0.025831 0.0923986
0 0.302347 0.382485 0.0269171 0.0858321
0 0.454252 0.295142 0.0236464 0.0729722
0 0.411799 0.261146 0.0227121 0.0680438
0 0.831707 0.275615 0.0219422 0.0654136
0 0.180919 0.345163 0.0295233 0.0771193
0 0.484643 0.235505 0.0224134 0.0797184
0 0.544213 0.158293 0.0177013 0.0602318
0 0.561778 0.253885 0.0207938 0.0776504
0 0.219437 0.190069 0.0182709 0.060794
0 0.297777 0.271941 0.0209581 0.0720637
0 0.528087 0.285531 0.0239153 0.0798024
0 0.688408 0.251785 0.0214245 0.0730195
0 0.103212 0.326322 0.0222538 0.0851168
0 0.595177 0.190635 0.0183281 0.0672706
0 0.352636 0.436617 0.029081 0.104413
0 0.417757 0.178971 0.0195055 0.0638296
0 0.961863 0.326829 0.0219476 0.0760936
0 0.452985 0.140939 0.0199629 0.0637037
0 0.0975951 0.154529 0.0189483 0.0611277
0 0.830212 0.214335 0.0187157 0.0526407
0 0.236545 0.255027 0.0229404 0.0710865
0 0.162065 0.200874 0.0196974 0.0658909
0 0.942379 0.881487 0.0575837 0.145828
0 0.786362 0.366964 0.0254215 0.0734653
0 0.648907 0.24951 0.0201144 0.0717499
0 0.756024 0.397461 0.0246865 0.0744309
0 0.505237 0.138876 0.0150436 0.0482429
0 0.801443 0.14814 0.0191645 0.0619785
0 0.063189 0.384371 0.0286169 0.0942407
0 0.9477 0.158796 0.0176819 0.0555264
0 0.915565 0.84466 0.0486267 0.180412
0 0.904932 0.243478 0.023138 0.0664346
0 0.987488 0.245146 0.0242283 0.0757283
0 0.354395 0.223536 0.020256 0.0686262
0 0.165225 0.135261 0.0139014 0.0454554
0 0.518899 0.122659 0.0130027 0.0460821
0 0.305922 0.171981 0.0169984 0.0555469
0 0.864042 0.366181 0.0270996 0.0739733
0 0.323631 0.444899 0.0228174 0.0809552
0 0.620376 0.24332 0.0194326 0.056154
0 0.149479 0.307748 0.0235934 0.0745212
0 0.0129624 0.463782 0.0259247 0.102157
0 0.247754 0.557917 0.0345107 0.0869021
0 0.720549 0.152567 0.0161165 0.0568251
0 0.534966 0.0602201 0.0134304 0.0444583
0 0.0648998 0.123377 0.0136468 0.047368
0 0.196686 0.425753 0.0316157 0.0970112
0 0.678717 0.150951 0.0174941 0.0498429
0 0.37926 0.12882 0.0144795 0.052292
0 0.0221383 0.301182 0.0205303 0.0865313
0 0.425724 0.125213 0.019266 0.0554603
0 0.920516 0.0890127 0.0134186 0.0399245
0 0.762572 0.175002 0.0195074 0.0609958
0 0.476637 0.104864 0.0137037 0.0444025
0 0.367741 0.115954 0.0137675 0.0519536
0 0.182423 0.0991254 0.0148517 0.0490471
0 0.0842559 0.262461 0.0232695 0.0693589
0 0.751738 0.477709 0.0279447 0.0969172
0 0.233007 0.10939 0.0160024 0.0540471
0 0.970321 0.466149 0.0318192 0.104839
0 0.253278 0.0916203 0.0128271 0.0447921
0 0.0573069 0.0696052 0.0144833 0.0416746
0 0.558719 0.125689 0.0166283 0.0542494
0 0.124082 0.145372 0.0173088 0.0519956
0 0.290566 0.128582 0.0173065 0.0561554
0 0.709365 0.212236 0.0205583 0.0670424
0 0.033954 0.104702 0.0174684 0.0510267
0 0.420268 0.0710221 0.0151751 0.0444067
0 0.33533 0.170792 0.0174711 0.0676772
0 0.0801255 0.0978545 0.0125354 0.0395854
0 0.66112 0.191564 0.0206085 0.0679319
0 0.778363 0.258868 0.0266729 0.0734239
0 0.366826 0.056279 0.0173262 0.0447497
0 0.20757 0.147734 0.0156746 0.0512846
0 0.707092 0.057138 0.0144837 0.0400884
0 0.0752768 0.0469459 0.0142644 0.0413804
0 0.827085 0.0708196 0.0130726 0.0395911
0 0.891795 0.0999646 0.0148127 0.0412616
0 0.614028 0.0780239 0.0141932 0.0396671
0 0.782501 0.0966749 0.0154273 0.0454534
0 0.400693 0.0801693 0.0145856 0.0403243
0 0.703847 0.165315 0.0189202 0.0539142
0 0.00737849 0.110181 0.0141833 0.0449221
0 0.258866 0.223735 0.0215372 0.0608428
0 0.613321 0.0364784 0.0137725 0.0364811
0 0.50004 0.208245 0.015787 0.059211
0 0.607454 0.123076 0.016193 0.048247
0 0.50236 0.0762163 0.0148995 0.0439138
0 0.456961 0.0716312 0.0152691 0.0453756
0 0.757661 0.0527208 0.0117191 0.0360212
0 0.861786 0.0606234 0.0132778 0.0409541
0 0.745939 0.112961 0.0148328 0.0476141
0 0.563026 0.060358 0.0141698 0.0441863
0 0.2666 0.0823831 0.0132314 0.0409157
0 0.271725 0.127311 0.0139118 0.0423918
0 0.587483 0.0609903 0.0141117 0.0453558
0 0.195079 0.130629 0.0145906 0.0555862
0 0.876259 0.0454155 0.0119993 0.0384019
0 0.111694 0.102998 0.0139344 0.0445504
0 0.667045 0.029154 0.011228 0.0322506
0 0.871608 0.171714 0.0169461 0.0489477
0 0.172272 0.0584441 0.0120583 0.0383128
0 0.976409 0.175883 0.0185009 0.0560534
0 0.004931 0.391752 0.00947592 0.0647602
0 0.932109 0.861597 0.077641 0.187491
0 0.319023 0.138315 0.0134274 0.0427041
0 0.230641 0.0680982 0.013315 0.0327691
0 0.332757 0.100888 0.0137311 0.0473088
0 0.32223 0.0561407 0.0144374 0.0439728
0 0.157828 0.0529966 0.0140009 0.0394728
0 0.342985 0.0203636 0.0104937 0.0298484
0 0.68347 0.105901 0.0144603 0.0408478
0 0.149458 0.083201 0.01434 0.0410347
0 0.255211 0.264258 0.0166546 0.0572474
0 0.489739 0.0942829 0.0107102 0.0380866
0 0.0904721 0.0469461 0.0113525 0.0365298
0 0.709789 0.109662 0.0136189 0.038374
0 0.177666 0.0193696 0.0127427 0.0353524
