0 0.131498 0.535000 0.044852 0.150000
0 0.220183 0.722500 0.050968 0.150000
0 0.179409 0.827500 0.055046 0.160000
0 0.035678 0.808750 0.057085 0.192500
0 0.218145 0.586250 0.044852 0.122500
0 0.326707 0.916250 0.051988 0.142500
0 0.369011 0.950000 0.055046 0.100000
0 0.713048 0.822500 0.062181 0.180000
0 0.657492 0.958750 0.065240 0.082500
0 0.785933 0.808750 0.050968 0.162500
0 0.852701 0.793750 0.045872 0.132500
0 0.015800 0.130000 0.019368 0.045000
0 0.067788 0.152500 0.017329 0.050000
0 0.099388 0.123750 0.015291 0.052500
0 0.128440 0.150000 0.018349 0.060000
0 0.159531 0.182500 0.017329 0.050000
0 0.166667 0.136250 0.015291 0.047500
0 0.169215 0.096250 0.014271 0.037500
0 0.211009 0.171250 0.016310 0.052500
0 0.201325 0.125000 0.015291 0.040000
0 0.248726 0.180000 0.016310 0.050000
0 0.193680 0.075000 0.014271 0.035000
0 0.226300 0.093750 0.012232 0.032500
0 0.267074 0.095000 0.014271 0.035000
0 0.298165 0.241250 0.023445 0.067500
0 0.353211 0.223750 0.017329 0.052500
0 0.289501 0.195000 0.018349 0.055000
0 0.313456 0.127500 0.017329 0.055000
0 0.357288 0.150000 0.017329 0.055000
0 0.415392 0.175000 0.017329 0.045000
0 0.410805 0.131250 0.014271 0.042500
0 0.424567 0.106250 0.015291 0.047500
0 0.429664 0.163750 0.013252 0.047500
0 0.461264 0.353750 0.027523 0.087500
0 0.444444 0.161250 0.014271 0.037500
0 0.452599 0.125000 0.012232 0.040000
0 0.462283 0.213750 0.015291 0.052500
0 0.481142 0.208750 0.018349 0.062500
0 0.500000 0.216250 0.019368 0.052500
0 0.470438 0.137500 0.011213 0.040000
0 0.500000 0.135000 0.013252 0.050000
0 0.512742 0.107500 0.014271 0.050000
0 0.536697 0.297500 0.019368 0.075000
0 0.576962 0.275000 0.026504 0.065000
0 0.555046 0.236250 0.015291 0.062500
0 0.547401 0.076250 0.012232 0.042500
0 0.599898 0.238750 0.017329 0.062500
0 0.617227 0.308750 0.021407 0.077500
0 0.586646 0.195000 0.015291 0.055000
0 0.638634 0.272500 0.019368 0.060000
0 0.549949 0.532500 0.031600 0.110000
0 0.615698 0.535000 0.030581 0.100000
0 0.594292 0.115000 0.014271 0.045000
0 0.610092 0.150000 0.015291 0.045000
0 0.609582 0.110000 0.014271 0.030000
0 0.625382 0.133750 0.013252 0.047500
0 0.641692 0.142500 0.013252 0.050000
0 0.671764 0.177500 0.016310 0.045000
0 0.674312 0.132500 0.019368 0.045000
0 0.694699 0.176250 0.013252 0.042500
0 0.686544 0.285000 0.019368 0.055000
0 0.725790 0.273750 0.022426 0.067500
0 0.701835 0.108750 0.013252 0.037500
0 0.732926 0.125000 0.016310 0.045000
0 0.753823 0.336250 0.025484 0.082500
0 0.739551 0.485000 0.029562 0.090000
0 0.816004 0.450000 0.025484 0.090000
0 0.845566 0.478750 0.031600 0.107500
0 0.776758 0.361250 0.020387 0.077500
0 0.777778 0.225000 0.018349 0.065000
0 0.790010 0.153750 0.016310 0.047500
0 0.824159 0.190000 0.015291 0.055000
0 0.816004 0.108750 0.015291 0.037500
0 0.833333 0.360000 0.023445 0.060000
0 0.897554 0.345000 0.019368 0.070000
0 0.918960 0.343750 0.025484 0.072500
0 0.851172 0.126250 0.014271 0.042500
0 0.955148 0.292500 0.024465 0.075000
0 0.978084 0.357500 0.023445 0.075000
0 0.979613 0.510000 0.030581 0.100000
0 0.901631 0.101250 0.013252 0.042500
0 0.871560 0.147500 0.014271 0.040000
