0 0.544549 0.872339 0.051071 0.181243
0 0.654366 0.637334 0.0475132 0.147837
0 0.856525 0.851995 0.0637436 0.168377
0 0.639193 0.372587 0.0311927 0.0933051
0 0.185414 0.919603 0.053765 0.160795
0 0.723724 0.745344 0.0473789 0.172784
0 0.23502 0.518463 0.0344769 0.121129
0 0.428319 0.570959 0.0307261 0.118963
0 0.0731683 0.704617 0.0504156 0.175185
0 0.683306 0.481168 0.0320501 0.10469
0 0.292147 0.581569 0.0353742 0.133104
0 0.201324 0.745741 0.0379915 0.134143
0 0.51492 0.397468 0.0275444 0.101246
0 0.586065 0.578144 0.0322958 0.117431
0 0.592712 0.761899 0.0424721 0.16068
0 0.587051 0.477958 0.0334509 0.0810569
0 0.235509 0.317179 0.0238017 0.0783844
0 0.469201 0.454449 0.0266831 0.0940981
0 0.686288 0.389171 0.0276482 0.0805457
0 0.477337 0.634914 0.0358393 0.120307
0 0.0916485 0.563405 0.0357269 0.1205
0 0.202439 0.362378 0.0267503 0.0894075
0 0.277225 0.836344 0.0595345 0.239684
0 0.642879 0.256807 0.0263654 0.0799908
0 0.378057 0.344686 0.0274427 0.0892828
0 0.309538 0.329043 0.0232695 0.0881322
0 0.946198 0.526308 0.0313128 0.117256
0 0.200422 0.272771 0.0231981 0.0758664
0 0.617951 0.316177 0.0224047 0.0735569
0 0.903312 0.697909 0.0314627 0.109954
0 0.749295 0.35707 0.0269693 0.0897571
0 0.778308 0.421588 0.0318045 0.102058
0 0.44394 0.27494 0.0230818 0.0731997
0 0.0262101 0.237426 0.0263594 0.0835084
0 0.271568 0.311822 0.0236601 0.0795842
0 0.349408 0.286441 0.0248438 0.0878875
0 0.56472 0.216674 0.0231832 0.0735701
0 0.308187 0.21761 0.0205799 0.0674766
0 0.801752 0.408648 0.0225561 0.102463
0 0.971425 0.461553 0.0268858 0.0945288
0 0.243232 0.203079 0.0217354 0.0616786
0 0.516996 0.318195 0.0231958 0.05973
0 0.192073 0.123813 0.0128412 0.0473624
0 0.151549 0.271558 0.0203022 0.0747594
0 0.350597 0.534525 0.0310061 0.102655
0 0.478976 0.155065 0.0196621 0.0670788
0 0.479215 0.31396 0.024085 0.0768299
0 0.697792 0.31802 0.0222811 0.067866
0 0.623467 0.196604 0.0200614 0.062443
0 0.431925 0.922371 0.0493671 0.153551
0 0.673568 0.214591 0.0212719 0.0677537
0 0.756561 0.226576 0.0187715 0.0618599
0 0.854519 0.194944 0.0183256 0.0629247
0 0.784272 0.159492 0.016019 0.0532356
0 0.520231 0.238414 0.0221514 0.064675
0 0.713564 0.16659 0.0190516 0.0558668
0 0.671709 0.0575494 0.0137066 0.0388834
0 0.345474 0.135827 0.0172194 0.0544933
0 0.277897 0.139277 0.015139 0.0537518
0 0.907925 0.370678 0.0237324 0.0779091
0 0.44206 0.143925 0.019836 0.0634354
0 0.695922 0.113496 0.0143178 0.0527065
0 0.25569 0.136508 0.0177933 0.0529162
0 0.834822 0.24507 0.0196011 0.0665949
0 0.714922 0.271962 0.0203529 0.0704471
0 0.577933 0.138764 0.0171092 0.0548805
0 0.378572 0.198318 0.0194227 0.0774841
0 0.511487 0.176951 0.0191334 0.0591901
0 0.869763 0.12041 0.0146894 0.0493761
0 0.169413 0.124411 0.0138786 0.0437378
0 0.13206 0.218564 0.0180135 0.0661441
0 0.829079 0.348248 0.0249935 0.115067
0 0.535262 0.185183 0.0190525 0.0633164
0 0.903673 0.284216 0.0214013 0.0728089
0 0.51327 0.115993 0.017993 0.0538454
0 0.127605 0.433152 0.031729 0.0932529
0 0.986265 0.143964 0.0171114 0.0529215
0 0.163385 0.188725 0.017611 0.0579278
0 0.93483 0.437524 0.0273273 0.0776937
0 0.35032 0.208303 0.0212507 0.0568859
0 0.639761 0.143404 0.0155441 0.0547149
0 0.990924 0.690972 0.0181515 0.168182
0 0.809648 0.22381 0.0234692 0.068839
0 0.0749189 0.219156 0.0218649 0.0659489
0 0.690435 0.0316052 0.0133402 0.0445941
0 0.590343 0.0517249 0.0152721 0.0463497
0 0.60779 0.255637 0.0202126 0.0685321
0 0.592205 0.114041 0.0148862 0.0498626
0 0.609672 0.146976 0.0187923 0.0493765
0 0.408401 0.147278 0.0155245 0.0542166
0 0.71016 0.0506427 0.0130425 0.0429988
0 0.108374 0.092227 0.0127933 0.043806
0 0.56494 0.0985234 0.0133322 0.0453684
0 0.677085 0.157191 0.0173335 0.0499826
0 0.228947 0.134936 0.0142616 0.0457925
0 0.136645 0.586505 0.0429144 0.127258
0 0.189763 0.0660951 0.0129188 0.0418028
0 0.766543 0.149828 0.0179371 0.0613499
0 0.206285 0.166961 0.0152416 0.0534136
0 0.940319 0.246926 0.0256325 0.0755714
0 0.610925 0.0521026 0.0121546 0.0402198
0 0.840327 0.0579101 0.0130604 0.0383908
0 0.727895 0.0305966 0.0107439 0.0376388
0 0.0718324 0.0584725 0.0111955 0.0354572
0 0.203944 0.0956865 0.0114492 0.0411981
0 0.910111 0.104774 0.0162014 0.0559448
0 0.0335587 0.0586601 0.012749 0.0445245
0 0.987029 0.288886 0.0208282 0.056872
0 0.442619 0.0446407 0.0133642 0.0406831
0 0.479888 0.550175 0.0280602 0.0738209
0 0.931976 0.15617 0.0155155 0.0562924
0 0.816989 0.0926069 0.0127684 0.0397107
0 0.0654397 0.105968 0.0141297 0.0428906
0 0.312132 0.106503 0.014581 0.0464913
0 0.238762 0.0810623 0.0133124 0.0402562
0 0.483263 0.555614 0.033238 0.0851588
0 0.574179 0.0558019 0.0120143 0.0415502
0 0.493596 0.0840319 0.013316 0.0394228
0 0.456078 0.0840539 0.0129544 0.046182
0 0.833867 0.135689 0.0166497 0.0472314
0 0.374151 0.0640789 0.0135813 0.0447661
0 0.00493806 0.0536299 0.00987611 0.0381663
0 0.479824 0.0484594 0.011875 0.0361962
0 0.122589 0.0767781 0.0119084 0.0403872
0 0.800773 0.117336 0.0146143 0.0429746
0 0.543828 0.0422864 0.011078 0.033357
0 0.546127 0.0764913 0.0113985 0.0340573
0 0.777356 0.0693852 0.0123669 0.0382186
0 0.139069 0.132769 0.0168483 0.0564118
0 0.640189 0.0805308 0.0141992 0.0377254
0 0.494556 0.975058 0.0556957 0.0498847
0 0.305924 0.172359 0.0191736 0.0474202
0 0.296988 0.0440341 0.0116896 0.0388557
0 0.118922 0.0310997 0.0119549 0.0351583
0 0.994545 0.433876 0.0109092 0.0822809
0 0.380665 0.119407 0.0136659 0.041421
0 0.759288 0.291127 0.0218561 0.0644528
0 0.732347 0.142421 0.0138268 0.0420295
0 0.462504 0.148837 0.0144392 0.0518344
0 0.0544873 0.0428904 0.010507 0.0309656
0 0.259952 0.046793 0.011805 0.0360767
0 0.634612 0.0514322 0.0144686 0.0372348
0 0.725996 0.100084 0.0147255 0.0422579
0 0.226258 0.0720265 0.0120291 0.0403787
0 0.90072 0.209554 0.020114 0.0639398
0 0.75051 0.0905291 0.0131129 0.0414587
0 0.88336 0.0511157 0.0117202 0.0361272
0 0.425638 0.0877675 0.0146038 0.0466309
0 0.406368 0.095865 0.0126187 0.0347227
0 0.166818 0.0775853 0.0132541 0.0379669
0 0.00531338 0.121778 0.0106268 0.0419818
0 0.404267 0.226994 0.0177225 0.0515976
0 0.0592027 0.149899 0.0160431 0.0483908
0 0.105117 0.172263 0.0171131 0.0495374
0 0.332525 0.0885791 0.0158979 0.0444149
0 0.949957 0.174999 0.0191749 0.0584355
0 0.168633 0.0204308 0.0102643 0.0307519
0 0.00699728 0.203977 0.0135821 0.065081
