0 0.797146 0.465789 0.022426 0.073684
0 0.055046 0.552632 0.022426 0.063158
0 0.152396 0.463158 0.025484 0.068421
0 0.528542 0.527632 0.027523 0.071053
0 0.537717 0.288158 0.017329 0.060526
0 0.749235 0.501316 0.024465 0.076316
0 0.198267 0.473684 0.021407 0.063158
0 0.400102 0.596053 0.027523 0.086842
0 0.886340 0.250000 0.017329 0.052632
0 0.616208 0.314474 0.019368 0.060526
0 0.678389 0.365789 0.019368 0.057895
0 0.462793 0.477632 0.024465 0.081579
0 0.133028 0.196053 0.015291 0.050000
0 0.750765 0.334211 0.019368 0.052632
0 0.491845 0.292105 0.017329 0.063158
0 0.371560 0.261842 0.017329 0.055263
0 0.827217 0.551316 0.025484 0.081579
0 0.009684 0.200000 0.015291 0.047368
0 0.861366 0.123684 0.014271 0.042105
0 0.110092 0.213158 0.016310 0.047368
0 0.689093 0.275000 0.016310 0.055263
0 0.668196 0.257895 0.015291 0.052632
0 0.344546 0.260526 0.016310 0.052632
0 0.614169 0.176316 0.015291 0.042105
0 0.077472 0.261842 0.014271 0.050000
0 0.430173 0.269737 0.020387 0.055263
0 0.960754 0.106579 0.013252 0.044737
0 0.467380 0.188158 0.013252 0.044737
0 0.030581 0.250000 0.014271 0.047368
0 0.458716 0.260526 0.016310 0.052632
0 0.668196 0.169737 0.015291 0.044737
0 0.958206 0.481579 0.022426 0.068421
0 0.989297 0.455263 0.021407 0.073684
0 0.954128 0.181579 0.016310 0.052632
0 0.276758 0.277632 0.017329 0.055263
0 0.722222 0.222368 0.015291 0.050000
0 0.969929 0.034211 0.013252 0.042105
0 0.761978 0.238158 0.015291 0.050000
0 0.306830 0.300000 0.016310 0.047368
0 0.023955 0.348684 0.015291 0.055263
0 0.436290 0.173684 0.016310 0.047368
0 0.831804 0.147368 0.014271 0.042105
0 0.940877 0.084211 0.012232 0.042105
0 0.406728 0.185526 0.016310 0.044737
0 0.601427 0.039474 0.014271 0.042105
0 0.136595 0.148684 0.016310 0.044737
0 0.616208 0.503947 0.029562 0.081579
0 0.938838 0.132895 0.014271 0.044737
0 0.522426 0.200000 0.013252 0.042105
0 0.344546 0.055263 0.012232 0.036842
0 0.356269 0.043421 0.011213 0.034211
0 0.699796 0.173684 0.015291 0.047368
0 0.241590 0.309211 0.016310 0.050000
0 0.322630 0.165789 0.015291 0.047368
0 0.983690 0.144737 0.014271 0.042105
0 0.488787 0.127632 0.015291 0.044737
0 0.675841 0.464474 0.022426 0.071053
0 0.059123 0.150000 0.014271 0.042105
0 0.262487 0.182895 0.019368 0.055263
0 0.364934 0.169737 0.014271 0.050000
0 0.047910 0.128947 0.012232 0.042105
0 0.009684 0.147368 0.013252 0.042105
0 0.286442 0.032895 0.012232 0.034211
0 0.924057 0.200000 0.013252 0.047368
0 0.758410 0.098684 0.012232 0.039474
0 0.636086 0.297368 0.014271 0.052632
0 0.395005 0.027632 0.009174 0.028947
0 0.103466 0.105263 0.011213 0.042105
0 0.700815 0.485526 0.025484 0.086842
0 0.043833 0.211842 0.014271 0.044737
0 0.353211 0.192105 0.015291 0.047368
0 0.586137 0.192105 0.016310 0.047368
0 0.532110 0.098684 0.012232 0.039474
0 0.090724 0.101316 0.012232 0.039474
0 0.007645 0.347368 0.013252 0.063158
0 0.180428 0.122368 0.014271 0.044737
0 0.633028 0.100000 0.014271 0.047368
0 0.309378 0.025000 0.011213 0.034211
0 0.506626 0.192105 0.014271 0.042105
0 0.600917 0.117105 0.015291 0.044737
0 0.014271 0.090789 0.012232 0.039474
0 0.116208 0.052632 0.010194 0.031579
0 0.132518 0.048684 0.012232 0.039474
0 0.911825 0.114474 0.013252 0.034211
0 0.658002 0.202632 0.015291 0.042105
0 0.211519 0.097368 0.017329 0.047368
0 0.550968 0.130263 0.013252 0.039474
0 0.309378 0.159211 0.015291 0.050000
0 0.173293 0.026316 0.010194 0.031579
0 0.712029 0.151316 0.015291 0.050000
0 0.564730 0.128947 0.014271 0.042105
0 0.717125 0.044737 0.013252 0.036842
0 0.139653 0.102632 0.014271 0.036842
0 0.405199 0.030263 0.009174 0.028947
0 0.214577 0.184211 0.015291 0.047368
0 0.118247 0.097368 0.012232 0.047368
0 0.270133 0.107895 0.016310 0.047368
0 0.995413 0.021053 0.009174 0.036842
0 0.304281 0.421053 0.023445 0.078947
0 0.858308 0.076316 0.012232 0.036842
0 0.882773 0.048684 0.012232 0.034211
0 0.192661 0.550000 0.028542 0.084211
0 0.206422 0.648684 0.031600 0.092105
0 0.239042 0.575000 0.027523 0.071053
0 0.250765 0.610526 0.026504 0.084211
0 0.285423 0.601316 0.026504 0.081579
0 0.268603 0.460526 0.029562 0.084211
0 0.366463 0.505263 0.025484 0.073684
0 0.600917 0.735526 0.031600 0.086842
0 0.379205 0.736842 0.038736 0.094737
0 0.491335 0.639474 0.024465 0.063158
0 0.483180 0.581579 0.026504 0.063158
0 0.545872 0.625000 0.031600 0.065789
0 0.661570 0.556579 0.022426 0.076316
0 0.715087 0.543421 0.023445 0.081579
0 0.778797 0.648684 0.030581 0.102632
0 0.816004 0.100000 0.017329 0.042105
0 0.686035 0.035526 0.014271 0.039474
0 0.647808 0.090789 0.019368 0.050000
0 0.636086 0.042105 0.016310 0.042105
0 0.726809 0.051316 0.014271 0.044737
0 0.912844 0.053947 0.015291 0.044737
0 0.228848 0.017105 0.015291 0.028947
0 0.444444 0.022368 0.014271 0.039474
0 0.474006 0.031579 0.014271 0.036842
0 0.530581 0.048684 0.015291 0.039474
