0 0.504077 0.413158 0.025484 0.073684
0 0.103466 0.455263 0.021407 0.063158
0 0.427115 0.409211 0.020387 0.065789
0 0.747706 0.292105 0.017329 0.052632
0 0.550968 0.286842 0.019368 0.057895
0 0.585117 0.448684 0.022426 0.065789
0 0.191131 0.453947 0.021407 0.060526
0 0.069317 0.697368 0.028542 0.078947
0 0.795617 0.281579 0.017329 0.047368
0 0.193170 0.364474 0.015291 0.050000
0 0.046381 0.342105 0.019368 0.052632
0 0.711009 0.425000 0.019368 0.065789
0 0.145770 0.359211 0.018349 0.055263
0 0.897554 0.273684 0.021407 0.057895
0 0.687054 0.326316 0.018349 0.068421
0 0.461264 0.353947 0.017329 0.055263
0 0.275229 0.347368 0.020387 0.057895
0 0.103466 0.338158 0.017329 0.055263
0 0.647808 0.257895 0.013252 0.042105
0 0.321101 0.280263 0.018349 0.055263
0 0.491845 0.278947 0.015291 0.052632
0 0.228338 0.305263 0.016310 0.052632
0 0.355759 0.303947 0.018349 0.055263
0 0.648828 0.447368 0.023445 0.063158
0 0.589704 0.336842 0.017329 0.052632
0 0.406218 0.305263 0.017329 0.057895
0 0.966361 0.089474 0.012232 0.036842
0 0.463812 0.290789 0.016310 0.050000
0 0.828746 0.382895 0.018349 0.055263
0 0.380734 0.372368 0.017329 0.055263
0 0.667176 0.415789 0.015291 0.063158
0 0.742100 0.351316 0.020387 0.060526
0 0.510194 0.234211 0.015291 0.052632
0 0.936799 0.144737 0.014271 0.042105
0 0.299185 0.319737 0.017329 0.060526
0 0.371560 0.263158 0.015291 0.052632
0 0.352701 0.151316 0.014271 0.044737
0 0.165138 0.131579 0.014271 0.036842
0 0.813456 0.357895 0.016310 0.057895
0 0.490316 0.225000 0.016310 0.044737
0 0.734964 0.171053 0.014271 0.042105
0 0.895515 0.105263 0.013252 0.036842
0 0.057085 0.225000 0.016310 0.044737
0 0.570336 0.228947 0.015291 0.047368
0 0.121305 0.181579 0.016310 0.052632
0 0.389908 0.119737 0.017329 0.044737
0 0.668196 0.140789 0.013252 0.039474
0 0.409786 0.167105 0.014271 0.044737
0 0.108053 0.090789 0.012232 0.034211
0 0.110092 0.134211 0.014271 0.042105
0 0.283894 0.548684 0.035678 0.097368
0 0.268094 0.267105 0.018349 0.055263
0 0.347604 0.403947 0.022426 0.060526
0 0.042813 0.169737 0.014271 0.044737
0 0.284404 0.180263 0.014271 0.039474
0 0.810398 0.115789 0.014271 0.042105
0 0.486239 0.153947 0.016310 0.050000
0 0.994393 0.131579 0.011213 0.042105
0 0.604995 0.244737 0.017329 0.047368
0 0.538736 0.164474 0.015291 0.044737
0 0.444954 0.097368 0.013252 0.036842
0 0.721713 0.122368 0.014271 0.044737
0 0.030071 0.073684 0.011213 0.036842
0 0.430683 0.285526 0.017329 0.055263
0 0.864424 0.109211 0.012232 0.039474
0 0.793068 0.043421 0.014271 0.039474
0 0.194190 0.075000 0.011213 0.034211
0 0.405708 0.046053 0.012232 0.034211
0 0.551478 0.153947 0.014271 0.050000
0 0.494903 0.085526 0.013252 0.044737
0 0.073904 0.207895 0.015291 0.047368
0 0.165138 0.042105 0.010194 0.031579
0 0.571865 0.089474 0.014271 0.042105
0 0.833333 0.190789 0.013252 0.044737
0 0.440367 0.047368 0.012232 0.036842
0 0.462793 0.172368 0.016310 0.044737
0 0.933741 0.084211 0.012232 0.042105
0 0.095311 0.098684 0.011213 0.034211
0 0.010703 0.182895 0.011213 0.039474
0 0.147299 0.085526 0.011213 0.034211
0 0.890418 0.180263 0.013252 0.039474
0 0.620795 0.105263 0.014271 0.042105
0 0.433741 0.148684 0.015291 0.044737
0 0.218145 0.165789 0.016310 0.042105
0 0.941896 0.059211 0.012232 0.039474
0 0.214067 0.130263 0.012232 0.034211
0 0.972987 0.344737 0.021407 0.063158
0 0.850663 0.084211 0.013252 0.036842
0 0.129460 0.063158 0.010194 0.026316
0 0.984200 0.064474 0.015291 0.039474
0 0.130479 0.092105 0.012232 0.031579
0 0.292049 0.806579 0.043833 0.113158
0 0.595821 0.138158 0.013252 0.039474
0 0.327217 0.369737 0.016310 0.050000
0 0.013252 0.740789 0.024465 0.076316
0 0.205403 0.051316 0.013252 0.034211
0 0.246687 0.231579 0.014271 0.047368
0 0.284913 0.015789 0.011213 0.026316
0 0.317533 0.021053 0.015291 0.036842
0 0.388379 0.731579 0.030581 0.089474
0 0.454128 0.680263 0.027523 0.092105
0 0.369011 0.589474 0.032620 0.084211
0 0.487258 0.775000 0.036697 0.123684
0 0.613150 0.682895 0.029562 0.123684
0 0.665647 0.735526 0.034659 0.097368
0 0.824159 0.790789 0.035678 0.128947
0 0.945464 0.455263 0.027523 0.068421
0 0.528542 0.027632 0.013252 0.039474
0 0.478084 0.015789 0.016310 0.026316
0 0.554027 0.030263 0.015291 0.034211
0 0.594292 0.036842 0.014271 0.042105
0 0.662080 0.019737 0.013252 0.034211
0 0.687054 0.022368 0.014271 0.039474
0 0.699286 0.015789 0.016310 0.026316
0 0.746687 0.023684 0.009174 0.036842
0 0.728848 0.011842 0.014271 0.018421
0 0.734964 0.253947 0.014271 0.050000
0 0.706422 0.353947 0.020387 0.065789
0 0.621305 0.157895 0.015291 0.063158
0 0.745158 0.060526 0.012232 0.036842
0 0.789501 0.496053 0.031600 0.097368
0 0.749235 0.398684 0.024465 0.060526
