0 0.453619 0.536842 0.024465 0.084211
0 0.045362 0.714474 0.029562 0.086842
0 0.423547 0.492105 0.021407 0.084211
0 0.375127 0.419737 0.020387 0.065789
0 0.141182 0.269737 0.017329 0.050000
0 0.885831 0.732895 0.028542 0.076316
0 0.639653 0.215789 0.019368 0.057895
0 0.780326 0.721053 0.027523 0.084211
0 0.165138 0.343421 0.020387 0.060526
0 0.488277 0.363158 0.016310 0.057895
0 0.513761 0.378947 0.018349 0.063158
0 0.564220 0.331579 0.021407 0.057895
0 0.459225 0.276316 0.019368 0.063158
0 0.331295 0.306579 0.018349 0.060526
0 0.274720 0.388158 0.019368 0.055263
0 0.630989 0.480263 0.018349 0.065789
0 0.493884 0.500000 0.021407 0.063158
0 0.939348 0.289474 0.017329 0.063158
0 0.246177 0.355263 0.017329 0.057895
0 0.309888 0.332895 0.018349 0.055263
0 0.532110 0.314474 0.018349 0.060526
0 0.272171 0.314474 0.016310 0.050000
0 0.331804 0.486842 0.025484 0.073684
0 0.320591 0.390789 0.019368 0.060526
0 0.378186 0.353947 0.016310 0.050000
0 0.840979 0.368421 0.018349 0.057895
0 0.667176 0.235526 0.015291 0.050000
0 0.371560 0.256579 0.017329 0.044737
0 0.142202 0.328947 0.017329 0.047368
0 0.217125 0.161842 0.016310 0.050000
0 0.603976 0.177632 0.017329 0.055263
0 0.072885 0.309211 0.015291 0.050000
0 0.869521 0.136842 0.018349 0.047368
0 0.151376 0.161842 0.013252 0.039474
0 0.624873 0.332895 0.018349 0.065789
0 0.647299 0.411842 0.020387 0.076316
0 0.902141 0.142105 0.014271 0.047368
0 0.330275 0.227632 0.016310 0.050000
0 0.797146 0.150000 0.016310 0.047368
0 0.425586 0.371053 0.017329 0.057895
0 0.518349 0.221053 0.019368 0.047368
0 0.494903 0.219737 0.019368 0.060526
0 0.037207 0.307895 0.015291 0.052632
0 0.420489 0.217105 0.017329 0.050000
0 0.767074 0.160526 0.017329 0.057895
0 0.969419 0.318421 0.016310 0.052632
0 0.205403 0.261842 0.017329 0.050000
0 0.491845 0.443421 0.019368 0.050000
0 0.654944 0.348684 0.017329 0.060526
0 0.327727 0.097368 0.015291 0.042105
0 0.007136 0.227632 0.012232 0.039474
0 0.020897 0.156579 0.013252 0.044737
0 0.073904 0.225000 0.015291 0.050000
0 0.397044 0.198684 0.015291 0.044737
0 0.285423 0.239474 0.016310 0.047368
0 0.352701 0.232895 0.016310 0.044737
0 0.929154 0.896053 0.033639 0.113158
0 0.378695 0.302632 0.017329 0.042105
0 0.185015 0.325000 0.015291 0.050000
0 0.253313 0.243421 0.015291 0.055263
0 0.674312 0.560526 0.025484 0.078947
0 0.743629 0.182895 0.015291 0.050000
0 0.574924 0.526316 0.024465 0.068421
0 0.205403 0.057895 0.013252 0.036842
0 0.559633 0.231579 0.014271 0.047368
0 0.581549 0.096053 0.013252 0.044737
0 0.060652 0.173684 0.015291 0.047368
0 0.398573 0.073684 0.014271 0.042105
0 0.097350 0.215789 0.015291 0.047368
0 0.756371 0.300000 0.018349 0.063158
0 0.776758 0.400000 0.024465 0.078947
0 0.226300 0.331579 0.016310 0.047368
0 0.438328 0.314474 0.016310 0.050000
0 0.704893 0.198684 0.015291 0.044737
0 0.992864 0.252632 0.014271 0.063158
0 0.164118 0.509211 0.024465 0.081579
0 0.452090 0.202632 0.015291 0.047368
0 0.356269 0.061842 0.015291 0.044737
0 0.365953 0.336842 0.012232 0.047368
0 0.712029 0.161842 0.015291 0.044737
0 0.983180 0.023684 0.013252 0.042105
0 0.671254 0.192105 0.015291 0.042105
0 0.930683 0.093421 0.014271 0.044737
0 0.533639 0.130263 0.015291 0.050000
0 0.109072 0.046053 0.010194 0.034211
0 0.077472 0.151316 0.012232 0.039474
0 0.943425 0.084211 0.013252 0.042105
0 0.383282 0.153947 0.016310 0.050000
0 0.548420 0.126316 0.014271 0.042105
0 0.704893 0.351316 0.019368 0.065789
0 0.701325 0.115789 0.014271 0.042105
0 0.516820 0.067105 0.012232 0.039474
0 0.747706 0.068421 0.013252 0.042105
0 0.807849 0.017105 0.011213 0.028947
0 0.048420 0.277632 0.013252 0.044737
0 0.341488 0.065789 0.014271 0.036842
0 0.051478 0.130263 0.013252 0.039474
0 0.802752 0.053947 0.013252 0.039474
0 0.448012 0.040789 0.013252 0.039474
0 0.152905 0.092105 0.012232 0.036842
0 0.601937 0.542105 0.019368 0.084211
0 0.986239 0.210526 0.015291 0.047368
0 0.535678 0.072368 0.015291 0.044737
0 0.375127 0.114474 0.014271 0.039474
0 0.636595 0.077632 0.015291 0.039474
0 0.596840 0.025000 0.013252 0.044737
0 0.038736 0.240789 0.014271 0.039474
0 0.687564 0.267105 0.015291 0.050000
0 0.829256 0.005263 0.013252 0.005263
0 0.158512 0.422368 0.031600 0.086842
0 0.872579 0.069737 0.012232 0.039474
0 0.562691 0.047368 0.014271 0.042105
0 0.130479 0.498684 0.022426 0.071053
0 0.419980 0.055263 0.014271 0.042105
0 0.203874 0.126316 0.012232 0.036842
0 0.956167 0.022368 0.012232 0.039474
0 0.482161 0.132895 0.014271 0.050000
0 0.419980 0.127632 0.014271 0.044737
0 0.672783 0.071053 0.012232 0.042105
0 0.462283 0.134211 0.015291 0.047368
0 0.435780 0.026316 0.011213 0.036842
0 0.298675 0.030263 0.014271 0.034211
0 0.430173 0.148684 0.012232 0.039474
0 0.276758 0.553947 0.027523 0.076316
0 0.660550 0.057895 0.012232 0.042105
0 0.135576 0.053947 0.010194 0.034211
0 0.617737 0.292105 0.014271 0.047368
0 0.352192 0.189474 0.013252 0.042105
0 0.673802 0.022368 0.012232 0.034211
0 0.491845 0.114474 0.017329 0.044737
0 0.569317 0.003947 0.013252 0.002632
0 0.723751 0.105263 0.014271 0.042105
0 0.162080 0.598684 0.024465 0.071053
0 0.094292 0.860526 0.029562 0.094737
0 0.237003 0.878947 0.033639 0.094737
0 0.183486 0.901316 0.020387 0.065789
0 0.361876 0.903947 0.026504 0.097368
0 0.238532 0.060526 0.014271 0.042105
0 0.286952 0.025000 0.011213 0.034211
0 0.560652 0.692105 0.034659 0.100000
0 0.680938 0.719737 0.026504 0.076316
0 0.692661 0.628947 0.027523 0.078947
0 0.742100 0.525000 0.022426 0.076316
0 0.765545 0.594737 0.026504 0.089474
0 0.471967 0.053947 0.014271 0.034211
0 0.477064 0.035526 0.016310 0.044737
0 0.488277 0.017105 0.014271 0.028947
0 0.502548 0.321053 0.016310 0.047368
0 0.562691 0.288158 0.016310 0.034211
0 0.775229 0.300000 0.015291 0.047368
0 0.739042 0.017105 0.012232 0.028947
0 0.771662 0.011842 0.012232 0.018421
0 0.772171 0.055263 0.011213 0.047368
0 0.712538 0.014474 0.016310 0.023684
0 0.707441 0.055263 0.016310 0.036842
0 0.496432 0.609211 0.028542 0.076316
