0 0.682977 0.384211 0.024465 0.057895
0 0.617737 0.259211 0.020387 0.055263
0 0.379715 0.432895 0.023445 0.065789
0 0.766055 0.376316 0.021407 0.063158
0 0.663609 0.257895 0.018349 0.052632
0 0.484200 0.477632 0.022426 0.071053
0 0.220693 0.163158 0.017329 0.052632
0 0.390928 0.043421 0.017329 0.039474
0 0.545872 0.038158 0.011213 0.039474
0 0.485219 0.222368 0.016310 0.044737
0 0.718145 0.198684 0.015291 0.044737
0 0.121305 0.043421 0.012232 0.039474
0 0.313456 0.280263 0.017329 0.055263
0 0.542304 0.203947 0.014271 0.050000
0 0.149337 0.125000 0.013252 0.039474
0 0.073394 0.192105 0.016310 0.052632
0 0.027523 0.073684 0.012232 0.036842
0 0.119266 0.121053 0.014271 0.036842
0 0.689093 0.165789 0.014271 0.042105
0 0.618247 0.151316 0.013252 0.044737
0 0.764526 0.165789 0.014271 0.042105
0 0.092253 0.121053 0.013252 0.042105
0 0.378186 0.264474 0.018349 0.044737
0 0.693170 0.106579 0.012232 0.039474
0 0.008665 0.698684 0.015291 0.118421
0 0.948012 0.071053 0.012232 0.042105
0 0.586646 0.136842 0.015291 0.047368
0 0.378695 0.207895 0.015291 0.047368
0 0.591233 0.015789 0.010194 0.026316
0 0.347095 0.251316 0.015291 0.050000
0 0.056065 0.068421 0.010194 0.036842
0 0.446483 0.125000 0.012232 0.039474
0 0.983180 0.061842 0.011213 0.034211
0 0.461264 0.139474 0.013252 0.042105
0 0.024465 0.148684 0.014271 0.039474
0 0.436799 0.150000 0.013252 0.042105
0 0.656983 0.063158 0.011213 0.031579
0 0.505607 0.076316 0.012232 0.042105
0 0.595821 0.205263 0.015291 0.052632
0 0.908257 0.039474 0.010194 0.031579
0 0.066259 0.084211 0.012232 0.036842
0 0.162080 0.161842 0.012232 0.039474
0 0.617227 0.063158 0.011213 0.036842
0 0.352192 0.080263 0.011213 0.034211
0 0.477574 0.092105 0.013252 0.031579
0 0.187564 0.055263 0.014271 0.036842
0 0.203364 0.122368 0.013252 0.034211
0 0.174312 0.092105 0.012232 0.036842
0 0.280836 0.255263 0.015291 0.047368
0 0.445973 0.351316 0.013252 0.039474
0 0.459735 0.261842 0.018349 0.039474
0 0.466361 0.015789 0.013252 0.026316
0 0.484709 0.026316 0.009174 0.036842
0 0.499490 0.018421 0.014271 0.031579
0 0.518349 0.015789 0.011213 0.026316
0 0.516310 0.048684 0.011213 0.039474
0 0.585627 0.059211 0.009174 0.039474
0 0.665647 0.039474 0.012232 0.042105
0 0.339959 0.217105 0.017329 0.034211
0 0.630989 0.160526 0.012232 0.042105
0 0.673293 0.198684 0.017329 0.050000
0 0.636086 0.028947 0.012232 0.036842
0 0.731906 0.052632 0.014271 0.036842
0 0.693170 0.069737 0.014271 0.034211
0 0.137105 0.110526 0.015291 0.036842
