0 0.473496 0.581250 0.037717 0.122500
0 0.542813 0.605000 0.033639 0.115000
0 0.266565 0.607500 0.041794 0.125000
0 0.597859 0.417500 0.025484 0.075000
0 0.200815 0.536250 0.038736 0.132500
0 0.605505 0.723750 0.042813 0.132500
0 0.350153 0.706250 0.035678 0.117500
0 0.860347 0.656250 0.053007 0.142500
0 0.739551 0.461250 0.031600 0.092500
0 0.515800 0.500000 0.032620 0.100000
0 0.554027 0.330000 0.025484 0.085000
0 0.096840 0.562500 0.036697 0.130000
0 0.365443 0.578750 0.033639 0.097500
0 0.720183 0.942500 0.060143 0.115000
0 0.800714 0.731250 0.035678 0.117500
0 0.296126 0.367500 0.029562 0.095000
0 0.454638 0.238750 0.016310 0.057500
0 0.116208 0.206250 0.016310 0.052500
0 0.818043 0.903750 0.049949 0.137500
0 0.646789 0.501250 0.029562 0.092500
0 0.705912 0.301250 0.023445 0.072500
0 0.805301 0.426250 0.028542 0.097500
0 0.426096 0.417500 0.024465 0.070000
0 0.391437 0.440000 0.024465 0.085000
0 0.316514 0.323750 0.021407 0.072500
0 0.673293 0.365000 0.023445 0.085000
0 0.180428 0.255000 0.018349 0.055000
0 0.489297 0.420000 0.024465 0.080000
0 0.384811 0.326250 0.019368 0.067500
0 0.778287 0.886250 0.041794 0.152500
0 0.365443 0.235000 0.021407 0.065000
0 0.534149 0.272500 0.022426 0.070000
0 0.098879 0.327500 0.026504 0.075000
0 0.926096 0.360000 0.027523 0.090000
0 0.895005 0.603750 0.026504 0.117500
0 0.435780 0.353750 0.021407 0.067500
0 0.645260 0.288750 0.020387 0.067500
0 0.418960 0.243750 0.018349 0.057500
0 0.806830 0.337500 0.027523 0.080000
0 0.990826 0.468750 0.018349 0.077500
0 0.911315 0.212500 0.020387 0.060000
0 0.750765 0.241250 0.019368 0.062500
0 0.592253 0.260000 0.020387 0.055000
0 0.775229 0.221250 0.017329 0.057500
0 0.182467 0.317500 0.022426 0.060000
0 0.255861 0.153750 0.016310 0.052500
0 0.340469 0.177500 0.016310 0.055000
0 0.277778 0.168750 0.015291 0.042500
0 0.901121 0.308750 0.020387 0.067500
0 0.481651 0.315000 0.023445 0.065000
0 0.846075 0.318750 0.022426 0.072500
0 0.192151 0.182500 0.015291 0.050000
0 0.427625 0.147500 0.015291 0.045000
0 0.491845 0.192500 0.019368 0.060000
0 0.570336 0.156250 0.013252 0.042500
0 0.974516 0.288750 0.022426 0.072500
0 0.615189 0.281250 0.019368 0.072500
0 0.734455 0.175000 0.017329 0.050000
0 0.492864 0.262500 0.017329 0.055000
0 0.320082 0.193750 0.020387 0.057500
0 0.854230 0.126250 0.014271 0.047500
0 0.810398 0.173750 0.014271 0.047500
0 0.090214 0.227500 0.017329 0.055000
0 0.661060 0.180000 0.017329 0.055000
0 0.060143 0.140000 0.014271 0.040000
0 0.521407 0.178750 0.013252 0.042500
0 0.383282 0.196250 0.016310 0.057500
0 0.055556 0.288750 0.019368 0.067500
0 0.831804 0.147500 0.014271 0.045000
0 0.848624 0.968750 0.054027 0.062500
0 0.964322 0.230000 0.016310 0.050000
0 0.134047 0.098750 0.017329 0.047500
0 0.395515 0.140000 0.014271 0.045000
0 0.025484 0.181250 0.016310 0.052500
0 0.993884 0.656250 0.012232 0.132500
0 0.147299 0.287500 0.021407 0.055000
0 0.122834 0.148750 0.013252 0.042500
0 0.478593 0.106250 0.017329 0.047500
0 0.870031 0.213750 0.021407 0.052500
0 0.153925 0.203750 0.018349 0.062500
0 0.355759 0.127500 0.014271 0.045000
0 0.029052 0.136250 0.017329 0.042500
0 0.209480 0.172500 0.011213 0.040000
0 0.444444 0.128750 0.014271 0.047500
0 0.729358 0.283750 0.019368 0.072500
0 0.162589 0.128750 0.015291 0.042500
0 0.715596 0.206250 0.018349 0.057500
0 0.168705 0.210000 0.015291 0.050000
0 0.041794 0.358750 0.022426 0.072500
0 0.507645 0.112500 0.014271 0.040000
0 0.392966 0.078750 0.011213 0.042500
0 0.576962 0.106250 0.012232 0.037500
0 0.608563 0.102500 0.014271 0.035000
0 0.265036 0.077500 0.012232 0.040000
0 0.238532 0.145000 0.014271 0.050000
0 0.673802 0.066250 0.014271 0.037500
0 0.791539 0.096250 0.013252 0.037500
0 0.192151 0.135000 0.011213 0.040000
0 0.319062 0.107500 0.014271 0.040000
0 0.929664 0.502500 0.032620 0.095000
0 0.308359 0.153750 0.013252 0.042500
0 0.695719 0.103750 0.013252 0.042500
0 0.378186 0.107500 0.014271 0.040000
0 0.076962 0.083750 0.011213 0.032500
0 0.930683 0.145000 0.014271 0.040000
0 0.566769 0.263750 0.014271 0.052500
0 0.526504 0.067500 0.011213 0.040000
0 0.278287 0.121250 0.014271 0.042500
0 0.223242 0.083750 0.012232 0.037500
0 0.296636 0.175000 0.014271 0.045000
0 0.431193 0.106250 0.014271 0.037500
0 0.759429 0.120000 0.012232 0.040000
0 0.545362 0.168750 0.014271 0.037500
0 0.117737 0.081250 0.011213 0.037500
0 0.682977 0.252500 0.018349 0.055000
0 0.557594 0.135000 0.012232 0.040000
0 0.185015 0.103750 0.013252 0.042500
0 0.533639 0.140000 0.015291 0.045000
0 0.790520 0.195000 0.013252 0.040000
0 0.694699 0.201250 0.015291 0.042500
0 0.172783 0.110000 0.013252 0.045000
0 0.317023 0.725000 0.032620 0.100000
0 0.655454 0.127500 0.014271 0.040000
0 0.510194 0.225000 0.015291 0.045000
0 0.696228 0.170000 0.012232 0.030000
0 0.011213 0.140000 0.014271 0.040000
0 0.776249 0.175000 0.013252 0.035000
0 0.476555 0.172500 0.013252 0.045000
0 0.405708 0.122500 0.012232 0.040000
0 0.508155 0.153750 0.013252 0.042500
0 0.640673 0.171250 0.013252 0.042500
0 0.892966 0.106250 0.014271 0.037500
0 0.985219 0.251250 0.017329 0.047500
0 0.297146 0.087500 0.013252 0.040000
0 0.204893 0.130000 0.012232 0.040000
0 0.322120 0.147500 0.014271 0.035000
0 0.023445 0.098750 0.012232 0.032500
0 0.625892 0.122500 0.012232 0.045000
0 0.076962 0.312500 0.017329 0.075000
0 0.114169 0.130000 0.012232 0.040000
0 0.647808 0.106250 0.013252 0.037500
0 0.690112 0.891250 0.055046 0.137500
0 0.129969 0.961250 0.058104 0.077500
0 0.875637 0.937500 0.057085 0.125000
0 0.094801 0.138750 0.012232 0.037500
0 0.450561 0.091250 0.012232 0.032500
0 0.594801 0.201250 0.013252 0.042500
0 0.606014 0.185000 0.015291 0.025000
0 0.718145 0.106250 0.013252 0.042500
0 0.735984 0.105000 0.014271 0.035000
0 0.841998 0.197500 0.014271 0.040000
0 0.834353 0.266250 0.023445 0.052500
