0 0.575397 0.701622 0.0409637 0.153232
0 0.823775 0.599773 0.0386165 0.147208
0 0.10767 0.3948 0.0291589 0.117063
0 0.0728511 0.307895 0.0257697 0.0810359
0 0.966027 0.534398 0.0364036 0.116505
0 0.568906 0.388044 0.0216329 0.0734178
0 0.510611 0.333629 0.0239631 0.0813071
0 0.52809 0.43479 0.0276897 0.102453
0 0.232532 0.277426 0.0233878 0.0667953
0 0.706055 0.717011 0.0436787 0.13284
0 0.458854 0.396698 0.0268116 0.0914346
0 0.358831 0.94307 0.0586783 0.113861
0 0.780096 0.271312 0.0203648 0.0709785
0 0.812434 0.308509 0.0243648 0.0760775
0 0.049588 0.268512 0.0226974 0.076082
0 0.636307 0.238644 0.0186098 0.0603379
0 0.97064 0.352249 0.0240353 0.0901358
0 0.745585 0.151572 0.0165899 0.0554452
0 0.593817 0.250719 0.0189079 0.0606225
0 0.329873 0.13288 0.0145862 0.0498919
0 0.252366 0.262734 0.0171795 0.0578021
0 0.48986 0.164286 0.0206731 0.0632401
0 0.533591 0.176487 0.0186999 0.0646605
0 0.0445917 0.157324 0.0153807 0.0474149
0 0.716581 0.1394 0.0149819 0.0476852
0 0.355908 0.140228 0.016504 0.0546794
0 0.927694 0.231392 0.0210548 0.0723009
0 0.979404 0.117649 0.0150846 0.0457442
0 0.861074 0.330095 0.0202164 0.0721022
0 0.311121 0.135345 0.0156558 0.0504032
0 0.17815 0.265442 0.019633 0.063319
0 0.262235 0.552197 0.0260369 0.119732
0 0.40495 0.130364 0.0191549 0.0578725
0 0.888371 0.258949 0.0211147 0.0507241
0 0.897821 0.130838 0.0151265 0.0452383
0 0.0219109 0.161247 0.0146852 0.051846
0 0.614287 0.106607 0.0132221 0.0441113
0 0.46368 0.14619 0.0160543 0.0519686
0 0.121995 0.185372 0.0168309 0.0565057
0 0.0869808 0.166473 0.0168177 0.054618
0 0.685804 0.140982 0.0189932 0.0582879
0 0.950717 0.152543 0.0151195 0.0471427
0 0.567732 0.157761 0.0148128 0.0500922
0 0.0710856 0.131851 0.0140722 0.0438623
0 0.284295 0.611823 0.0321504 0.108297
0 0.803415 0.147959 0.0142496 0.045811
0 0.0343017 0.084493 0.014923 0.0460359
0 0.261317 0.148708 0.016931 0.0512523
0 0.495634 0.0922259 0.0126466 0.046304
0 0.202441 0.213213 0.0191288 0.0578027
0 0.371201 0.115984 0.0142218 0.050844
0 0.595289 0.0652149 0.0123953 0.0407165
0 0.825025 0.160261 0.0143104 0.0437773
0 0.289844 0.160659 0.018825 0.0532017
0 0.863804 0.122914 0.0134779 0.0447375
0 0.753298 0.104782 0.0115641 0.0384596
0 0.851459 0.273976 0.0172894 0.0516947
0 0.281831 0.111501 0.014484 0.0427541
0 0.322727 0.0429564 0.0125566 0.0442931
0 0.51463 0.15308 0.0154692 0.0533843
0 0.799434 0.248904 0.0168339 0.0569703
0 0.291733 0.0420406 0.0136303 0.0366715
0 0.436851 0.134128 0.0179378 0.0603606
0 0.936643 0.139787 0.0128332 0.0482381
0 0.273734 0.256443 0.0175371 0.0573715
0 0.146004 0.0998014 0.0116292 0.0376602
0 0.728669 0.0292828 0.0110765 0.0342456
0 0.729811 0.0672671 0.012916 0.0371283
0 0.532879 0.075036 0.0130284 0.041963
0 0.583223 0.166079 0.0171598 0.0553766
0 0.210205 0.555015 0.035407 0.0632411
0 0.475998 0.033677 0.0129368 0.0426505
0 0.236703 0.579009 0.0262876 0.0937177
0 0.108989 0.104995 0.0107985 0.0394269
0 0.547095 0.0982871 0.0113255 0.0412531
0 0.607717 0.0625394 0.0118114 0.0350002
0 0.119253 0.0351113 0.012863 0.0395601
0 0.793074 0.0883064 0.0128359 0.0366667
0 0.683627 0.0641526 0.0116591 0.0385058
0 0.903372 0.0539324 0.0128383 0.0321741
0 0.746583 0.0718126 0.0117107 0.0343757
0 0.211886 0.10295 0.0135321 0.0480966
0 0.119596 0.0851187 0.0111371 0.0350894
0 0.653274 0.0801726 0.0139524 0.0473796
0 0.0958234 0.100555 0.0131389 0.0454967
0 0.234758 0.35317 0.0242818 0.0729091
0 0.29792 0.0804229 0.0122646 0.0393309
0 0.335417 0.062519 0.0124614 0.0385767
0 0.580296 0.0664852 0.0128235 0.0399797
0 0.632255 0.085839 0.0121689 0.0384888
0 0.553348 0.057637 0.011301 0.0320929
0 0.830897 0.0890006 0.0131401 0.0372339
0 0.783839 0.0525668 0.0126443 0.0336567
0 0.666979 0.0880949 0.0119536 0.0468837
0 0.130884 0.102583 0.0114613 0.0393738
0 0.0822891 0.118958 0.0115644 0.0358532
0 0.426509 0.0743486 0.012323 0.0409601
0 0.143251 0.162612 0.0193878 0.0577828
0 0.91855 0.1699 0.0106712 0.038366
0 0.0830296 0.0721459 0.0119277 0.036134
0 0.38605 0.0899026 0.0125166 0.0459423
0 0.814872 0.0739555 0.0110971 0.0371813
0 0.640518 0.0435819 0.0129039 0.0417022
0 0.134055 0.253224 0.0186096 0.0664007
0 0.00532152 0.216523 0.0103931 0.0670041
0 0.197515 0.242243 0.0167825 0.0625597
0 0.347745 0.0479891 0.0108695 0.0363657
0 0.160903 0.114757 0.011753 0.0352261
0 0.232674 0.084055 0.0117794 0.0396621
0 0.804518 0.0726557 0.011779 0.0391311
0 0.508317 0.0677839 0.01224 0.0390819
0 0.695388 0.0765973 0.0117287 0.0371889
0 0.262254 0.0466754 0.0138098 0.0405333
0 0.355603 0.0967374 0.0122667 0.0346106
0 0.659022 0.806546 0.0436131 0.130742
0 0.00652113 0.194865 0.0125224 0.066071
0 0.0129137 0.113189 0.0132193 0.0394592
0 0.709994 0.100211 0.0130451 0.0373932
0 0.563788 0.126647 0.014334 0.0359141
0 0.881311 0.0525286 0.0122261 0.0326461
0 0.247273 0.107791 0.012721 0.0380881
0 0.0728802 0.06767 0.0103381 0.0321572
