0 0.060143 0.901250 0.055046 0.187500
0 0.230887 0.888750 0.062181 0.197500
0 0.279817 0.933750 0.068298 0.127500
0 0.353721 0.681250 0.036697 0.137500
0 0.017329 0.472500 0.032620 0.115000
0 0.110092 0.451250 0.026504 0.102500
0 0.014781 0.361250 0.027523 0.102500
0 0.087666 0.411250 0.026504 0.097500
0 0.027013 0.253750 0.023445 0.087500
0 0.165138 0.326250 0.018349 0.072500
0 0.194699 0.378750 0.024465 0.072500
0 0.025994 0.160000 0.017329 0.050000
0 0.409276 0.443750 0.031600 0.092500
0 0.300204 0.453750 0.025484 0.097500
0 0.253313 0.391250 0.027523 0.087500
0 0.354740 0.360000 0.020387 0.070000
0 0.324669 0.290000 0.023445 0.080000
0 0.295617 0.246250 0.022426 0.072500
0 0.260958 0.226250 0.018349 0.067500
0 0.212029 0.281250 0.024465 0.077500
0 0.567788 0.645000 0.038736 0.120000
0 0.668196 0.567500 0.033639 0.120000
0 0.772681 0.691250 0.040775 0.127500
0 0.489806 0.458750 0.029562 0.087500
0 0.450051 0.358750 0.025484 0.077500
0 0.534149 0.532500 0.040775 0.100000
0 0.622324 0.500000 0.029562 0.110000
0 0.836901 0.672500 0.036697 0.125000
0 0.065240 0.112500 0.016310 0.040000
0 0.081040 0.160000 0.013252 0.055000
0 0.132518 0.166250 0.016310 0.052500
0 0.095311 0.140000 0.013252 0.040000
0 0.106014 0.128750 0.012232 0.047500
0 0.161570 0.177500 0.023445 0.065000
0 0.171764 0.082500 0.011213 0.040000
0 0.132518 0.087500 0.012232 0.030000
0 0.187054 0.110000 0.013252 0.045000
0 0.179409 0.163750 0.014271 0.047500
0 0.193170 0.168750 0.015291 0.062500
0 0.204383 0.112500 0.017329 0.050000
0 0.259429 0.146250 0.021407 0.052500
0 0.299185 0.148750 0.013252 0.042500
0 0.220183 0.227500 0.016310 0.045000
0 0.231906 0.201250 0.017329 0.047500
0 0.224771 0.093750 0.011213 0.032500
0 0.237003 0.131250 0.013252 0.042500
0 0.265036 0.096250 0.012232 0.037500
0 0.286442 0.110000 0.014271 0.035000
0 0.320082 0.125000 0.016310 0.040000
0 0.340979 0.155000 0.015291 0.050000
0 0.297655 0.091250 0.010194 0.032500
0 0.307339 0.093750 0.009174 0.027500
0 0.334353 0.070000 0.012232 0.040000
0 0.369011 0.135000 0.012232 0.040000
0 0.376147 0.235000 0.018349 0.055000
0 0.405708 0.308750 0.018349 0.047500
0 0.371560 0.096250 0.011213 0.032500
0 0.386340 0.067500 0.012232 0.040000
0 0.407238 0.123750 0.013252 0.047500
0 0.404689 0.085000 0.012232 0.020000
0 0.438328 0.143750 0.014271 0.037500
0 0.438838 0.073750 0.011213 0.032500
0 0.434760 0.272500 0.021407 0.070000
0 0.482161 0.255000 0.018349 0.060000
0 0.451580 0.270000 0.018349 0.065000
0 0.534659 0.376250 0.017329 0.062500
0 0.539246 0.221250 0.020387 0.052500
0 0.534149 0.291250 0.020387 0.077500
0 0.459735 0.095000 0.012232 0.030000
0 0.469929 0.140000 0.014271 0.040000
0 0.502548 0.097500 0.014271 0.040000
0 0.519368 0.113750 0.011213 0.032500
0 0.541794 0.106250 0.011213 0.037500
0 0.505607 0.196250 0.012232 0.042500
0 0.518858 0.198750 0.014271 0.042500
0 0.562181 0.217500 0.021407 0.060000
0 0.581040 0.181250 0.014271 0.047500
0 0.574414 0.431250 0.025484 0.072500
0 0.667176 0.398750 0.029562 0.077500
0 0.614679 0.342500 0.026504 0.080000
0 0.595311 0.275000 0.020387 0.065000
0 0.618756 0.280000 0.020387 0.050000
0 0.604995 0.197500 0.019368 0.055000
0 0.581040 0.092500 0.012232 0.040000
0 0.568298 0.088750 0.011213 0.032500
0 0.564730 0.151250 0.018349 0.052500
0 0.594292 0.161250 0.012232 0.042500
0 0.607034 0.145000 0.011213 0.040000
0 0.641692 0.157500 0.015291 0.055000
0 0.686544 0.193750 0.015291 0.052500
0 0.685525 0.300000 0.019368 0.060000
0 0.706932 0.333750 0.023445 0.072500
0 0.734964 0.407500 0.024465 0.065000
0 0.843017 0.438750 0.028542 0.097500
0 0.955657 0.477500 0.033639 0.105000
0 0.702345 0.226250 0.020387 0.052500
0 0.672273 0.148750 0.013252 0.042500
0 0.719674 0.140000 0.014271 0.055000
0 0.729867 0.315000 0.022426 0.060000
0 0.743629 0.246250 0.015291 0.052500
0 0.748726 0.196250 0.015291 0.047500
0 0.739042 0.112500 0.014271 0.035000
0 0.767074 0.236250 0.015291 0.052500
0 0.776249 0.288750 0.019368 0.062500
0 0.849134 0.331250 0.022426 0.067500
0 0.842508 0.222500 0.021407 0.060000
0 0.784404 0.112500 0.013252 0.040000
0 0.875127 0.112500 0.013252 0.040000
0 0.907747 0.286250 0.023445 0.067500
0 0.926096 0.166250 0.017329 0.057500
0 0.978084 0.298750 0.021407 0.062500
0 0.928135 0.265000 0.021407 0.060000
0 0.950051 0.210000 0.018349 0.060000
0 0.977574 0.172500 0.016310 0.050000
0 0.895005 0.105000 0.018349 0.045000
0 0.805810 0.126250 0.013252 0.037500
0 0.613660 0.078750 0.012232 0.027500
0 0.641692 0.083750 0.017329 0.037500
0 0.657492 0.130000 0.016310 0.040000
0 0.980122 0.568750 0.039755 0.102500
0 0.580530 0.595000 0.027523 0.105000
0 0.838430 0.123750 0.015291 0.047500
0 0.827217 0.153750 0.017329 0.047500
