0 0.246687 0.692500 0.042813 0.145000
0 0.174312 0.521250 0.036697 0.127500
0 0.112640 0.366250 0.029562 0.092500
0 0.189602 0.376250 0.030581 0.087500
0 0.244648 0.368750 0.030581 0.097500
0 0.283384 0.527500 0.032620 0.105000
0 0.341488 0.471250 0.030581 0.107500
0 0.307849 0.386250 0.026504 0.082500
0 0.056575 0.266250 0.025484 0.067500
0 0.102446 0.215000 0.021407 0.070000
0 0.022936 0.170000 0.021407 0.060000
0 0.049439 0.133750 0.013252 0.042500
0 0.070846 0.137500 0.017329 0.050000
0 0.005607 0.107500 0.009174 0.065000
0 0.109072 0.155000 0.020387 0.045000
0 0.111111 0.121250 0.014271 0.032500
0 0.127931 0.148750 0.015291 0.057500
0 0.163609 0.165000 0.019368 0.050000
0 0.146789 0.133750 0.018349 0.057500
0 0.152396 0.302500 0.021407 0.060000
0 0.173293 0.235000 0.020387 0.060000
0 0.203874 0.278750 0.024465 0.072500
0 0.227829 0.321250 0.019368 0.067500
0 0.243119 0.286250 0.017329 0.062500
0 0.265036 0.345000 0.020387 0.070000
0 0.239042 0.225000 0.019368 0.060000
0 0.199286 0.182500 0.015291 0.050000
0 0.191131 0.131250 0.013252 0.042500
0 0.159531 0.098750 0.015291 0.042500
0 0.176860 0.117500 0.015291 0.045000
0 0.234455 0.115000 0.014271 0.045000
0 0.222222 0.116250 0.012232 0.047500
0 0.279817 0.181250 0.017329 0.062500
0 0.259939 0.136250 0.018349 0.052500
0 0.312436 0.158750 0.019368 0.052500
0 0.333333 0.191250 0.018349 0.057500
0 0.329766 0.315000 0.025484 0.070000
0 0.339959 0.252500 0.021407 0.065000
0 0.289501 0.106250 0.012232 0.037500
0 0.311417 0.090000 0.015291 0.035000
0 0.369521 0.416250 0.021407 0.072500
0 0.393986 0.437500 0.027523 0.105000
0 0.418960 0.511250 0.036697 0.082500
0 0.463812 0.476250 0.034659 0.092500
0 0.388889 0.345000 0.025484 0.070000
0 0.385321 0.293750 0.022426 0.062500
0 0.400612 0.266250 0.016310 0.062500
0 0.355759 0.177500 0.014271 0.050000
0 0.497452 0.451250 0.032620 0.087500
0 0.488277 0.367500 0.032620 0.085000
0 0.462793 0.267500 0.022426 0.075000
0 0.458716 0.205000 0.020387 0.060000
0 0.437309 0.186250 0.018349 0.057500
0 0.416412 0.138750 0.015291 0.052500
0 0.346585 0.100000 0.016310 0.040000
0 0.374108 0.153750 0.016310 0.047500
0 0.497452 0.292500 0.022426 0.060000
0 0.504077 0.186250 0.019368 0.057500
0 0.546891 0.232500 0.025484 0.080000
0 0.577982 0.497500 0.028542 0.085000
0 0.590724 0.355000 0.029562 0.080000
0 0.591743 0.256250 0.027523 0.077500
0 0.585627 0.171250 0.019368 0.062500
0 0.568298 0.162500 0.015291 0.045000
0 0.475535 0.118750 0.017329 0.052500
0 0.529052 0.112500 0.016310 0.050000
0 0.543833 0.117500 0.013252 0.040000
0 0.645770 0.317500 0.023445 0.080000
0 0.651376 0.230000 0.022426 0.065000
0 0.628440 0.152500 0.013252 0.050000
0 0.603976 0.087500 0.017329 0.045000
0 0.567278 0.091250 0.013252 0.042500
0 0.716106 0.328750 0.017329 0.057500
0 0.682977 0.257500 0.020387 0.070000
0 0.714577 0.225000 0.018349 0.065000
0 0.739551 0.502500 0.031600 0.115000
0 0.667686 0.150000 0.014271 0.040000
0 0.645770 0.118750 0.019368 0.042500
0 0.671764 0.103750 0.016310 0.037500
0 0.754332 0.152500 0.016310 0.050000
0 0.789501 0.233750 0.021407 0.072500
0 0.765036 0.298750 0.021407 0.072500
0 0.793068 0.396250 0.026504 0.097500
0 0.833333 0.502500 0.031600 0.115000
0 0.828746 0.413750 0.032620 0.072500
0 0.827727 0.262500 0.022426 0.055000
0 0.860856 0.270000 0.021407 0.065000
0 0.872579 0.430000 0.026504 0.090000
0 0.922018 0.378750 0.027523 0.087500
0 0.946483 0.380000 0.023445 0.085000
0 0.984200 0.487500 0.031600 0.110000
0 0.975535 0.390000 0.026504 0.075000
0 0.771662 0.096250 0.014271 0.042500
0 0.789501 0.107500 0.017329 0.040000
0 0.810398 0.098750 0.012232 0.042500
0 0.839959 0.101250 0.014271 0.037500
0 0.884811 0.097500 0.014271 0.035000
0 0.681448 0.081250 0.013252 0.032500
0 0.958716 0.145000 0.017329 0.050000
0 0.377166 0.101250 0.014271 0.037500
0 0.734455 0.771250 0.062181 0.157500
0 0.843527 0.820000 0.043833 0.115000
0 0.836901 0.935000 0.053007 0.130000
0 0.983690 0.753750 0.032620 0.162500
