0 0.834993 0.814792 0.0526119 0.183867
0 0.212257 0.758172 0.0501974 0.154587
0 0.296876 0.764813 0.0435122 0.159288
0 0.638622 0.488768 0.0371174 0.123083
0 0.276746 0.531725 0.0338198 0.110271
0 0.411727 0.515613 0.033004 0.110532
0 0.761687 0.483215 0.0311827 0.0823289
0 0.563728 0.618906 0.0348854 0.14159
0 0.959179 0.630001 0.0401089 0.129203
0 0.767086 0.575903 0.0339385 0.11717
0 0.630506 0.334899 0.0288139 0.103877
0 0.478705 0.465533 0.0306959 0.101195
0 0.696176 0.670016 0.0479443 0.139072
0 0.717135 0.343804 0.0268568 0.0967686
0 0.882518 0.439896 0.031245 0.107173
0 0.514738 0.450615 0.033415 0.121435
0 0.248827 0.348626 0.0275678 0.101045
0 0.358952 0.280256 0.0245148 0.0871658
0 0.47585 0.356442 0.0317846 0.0842973
0 0.335303 0.397108 0.0263522 0.0934262
0 0.813613 0.364546 0.0287169 0.100212
0 0.20051 0.513837 0.032035 0.118255
0 0.694133 0.433663 0.028585 0.102998
0 0.469797 0.628796 0.0416649 0.135855
0 0.0887014 0.368132 0.0277467 0.0985596
0 0.380184 0.473571 0.0277118 0.0841599
0 0.560231 0.505319 0.0325006 0.0908037
0 0.55706 0.32201 0.0251017 0.0879548
0 0.174368 0.480463 0.0311733 0.109859
0 0.983998 0.515638 0.031425 0.117338
0 0.816931 0.233179 0.0236019 0.0746362
0 0.456127 0.232525 0.0204989 0.0679896
0 0.0174059 0.440469 0.0347099 0.111639
0 0.0751868 0.461305 0.0248079 0.0930772
0 0.208077 0.236929 0.0232152 0.0709594
0 0.223227 0.36256 0.0225634 0.0894737
0 0.522062 0.315788 0.0224035 0.0786902
0 0.650868 0.244016 0.0244869 0.0838992
0 0.254172 0.24025 0.0216206 0.0681225
0 0.322732 0.187726 0.0185781 0.0527034
0 0.326582 0.238972 0.0200225 0.0652766
0 0.415735 0.197826 0.0174991 0.0678367
0 0.487204 0.237014 0.0216396 0.0763497
0 0.850962 0.220245 0.0205261 0.073502
0 0.893317 0.239715 0.0243308 0.0667722
0 0.754582 0.267579 0.0266383 0.08292
0 0.814645 0.144516 0.0196352 0.0633779
0 0.388758 0.104112 0.0157893 0.0537566
0 0.533084 0.247969 0.0215559 0.0667019
0 0.554586 0.171353 0.020901 0.068016
0 0.346801 0.120785 0.0180779 0.0531243
0 0.289309 0.221975 0.0225904 0.0682299
0 0.716536 0.261702 0.0224615 0.065666
0 0.158259 0.239756 0.0199785 0.0762014
0 0.596375 0.109417 0.0164815 0.0572834
0 0.672408 0.164758 0.0164302 0.0550884
0 0.0848576 0.128495 0.0139801 0.0425679
0 0.968156 0.294125 0.0228782 0.0848752
0 0.648393 0.165007 0.0196974 0.0554606
0 0.737224 0.328219 0.0206223 0.0955177
0 0.674485 0.870755 0.055304 0.186842
0 0.430329 0.137902 0.0177949 0.057621
0 0.69808 0.164278 0.0163048 0.0495774
0 0.849148 0.117953 0.0176644 0.061102
0 0.157205 0.137324 0.0172425 0.0513546
0 0.51891 0.127828 0.0175493 0.0562975
0 0.791771 0.104805 0.0151582 0.0499902
0 0.42026 0.0714974 0.0136531 0.0444875
0 0.225652 0.186128 0.0170819 0.066493
0 0.584578 0.281012 0.024997 0.0788398
0 0.36823 0.0675121 0.0161665 0.0522089
0 0.1582 0.063325 0.0130054 0.0437775
0 0.42058 0.348305 0.0216363 0.0801293
0 0.518527 0.195102 0.0200215 0.0630392
0 0.272041 0.132298 0.0176719 0.0523769
0 0.217748 0.0472208 0.012855 0.0374437
0 0.0426751 0.1971 0.0185241 0.0534865
0 0.450964 0.139 0.0169079 0.0524169
0 0.767042 0.177484 0.0188702 0.0579688
0 0.396249 0.219414 0.0220957 0.07628
0 0.577271 0.0817378 0.0149672 0.0453978
0 0.656355 0.655929 0.032603 0.110193
0 0.382199 0.0460528 0.0150378 0.0483877
0 0.480566 0.0854999 0.0127197 0.0464308
0 0.314457 0.121137 0.0152288 0.0502997
0 0.0235059 0.214387 0.019137 0.0616849
0 0.219535 0.120565 0.0140293 0.0458129
0 0.724616 0.139383 0.019174 0.0545457
0 0.204643 0.0815545 0.0143806 0.0390467
0 0.299719 0.165363 0.0181621 0.0634477
0 0.458242 0.171829 0.0182607 0.0550914
0 0.72817 0.188851 0.0176839 0.0590632
0 0.0233892 0.0988374 0.0137763 0.0397306
0 0.596073 0.215274 0.0213342 0.0630242
0 0.990072 0.291053 0.0197242 0.0900299
0 0.0543091 0.10199 0.0128657 0.0387795
0 0.643035 0.11826 0.0176241 0.0482726
0 0.263449 0.199773 0.0186398 0.0549257
0 0.387169 0.260836 0.0197107 0.067159
0 0.744832 0.107664 0.0141056 0.053045
0 0.824475 0.0546344 0.0152596 0.0440726
0 0.579099 0.209608 0.0167853 0.061055
0 0.889766 0.0906166 0.0140778 0.0431276
0 0.115444 0.146746 0.0171731 0.046211
0 0.569616 0.142068 0.0174123 0.0536801
0 0.175917 0.118131 0.0132791 0.0460299
0 0.679085 0.0332327 0.0145575 0.0453687
0 0.903429 0.333914 0.0200871 0.0700741
0 0.87381 0.0890685 0.0130406 0.0381607
0 0.953206 0.215488 0.0170944 0.0622401
0 0.468858 0.140581 0.0175371 0.0483892
0 0.691093 0.0891595 0.0144251 0.0407772
0 0.112395 0.584825 0.0433573 0.131753
0 0.423102 0.0299829 0.0121831 0.0325734
0 0.523191 0.055901 0.0134289 0.0434193
0 0.754432 0.0773209 0.0122587 0.0372998
0 0.943266 0.186015 0.0163479 0.0515968
0 0.797833 0.0560813 0.0144986 0.0352004
0 0.624802 0.250234 0.021962 0.0668185
0 0.131064 0.19114 0.0163702 0.0552545
0 0.973981 0.419346 0.0389874 0.0776884
0 0.249518 0.120139 0.0137016 0.0488326
0 0.133644 0.115078 0.0154033 0.0437412
0 0.120078 0.0302839 0.0109812 0.032674
0 0.269335 0.0738776 0.0144808 0.0407496
0 0.460681 0.0893947 0.0142084 0.0447653
0 0.730194 0.0298079 0.0139395 0.0358314
0 0.330557 0.0766414 0.0152623 0.0416257
0 0.206535 0.132359 0.0129368 0.0497024
0 0.240619 0.0763479 0.0133749 0.0383746
0 0.286608 0.136518 0.0130885 0.0471461
0 0.716247 0.0620653 0.0116827 0.036654
0 0.539251 0.0590036 0.0131685 0.0341552
0 0.927222 0.163056 0.0182213 0.0599923
0 0.0868192 0.0651139 0.0129857 0.0388713
0 0.0086433 0.0566984 0.0126578 0.0377379
0 0.178641 0.0675021 0.0132831 0.0361922
0 0.404865 0.107408 0.0136463 0.045371
0 0.0616981 0.146386 0.0176731 0.0556294
0 0.6234 0.990357 0.0742253 0.0192862
0 0.0640687 0.0753401 0.0112348 0.0400109
0 0.536905 0.0936437 0.0135361 0.0441634
0 0.728108 0.0633848 0.0141769 0.0403739
0 0.448479 0.0743539 0.0121456 0.0402295
0 0.893524 0.0484593 0.0150696 0.0399369
0 0.994453 0.823196 0.0110942 0.130954
0 0.653062 0.0841996 0.0147476 0.045591
0 0.321998 0.0728672 0.0144669 0.0419125
0 0.396055 0.36666 0.0272328 0.0836004
0 0.511539 0.0543959 0.0130458 0.0380315
