0 0.197455 0.536246 0.0408418 0.119496
0 0.491946 0.64885 0.0387781 0.134675
0 0.591421 0.70428 0.0386209 0.131095
0 0.433523 0.75854 0.0379246 0.159778
0 0.562769 0.52697 0.0363113 0.117098
0 0.827533 0.642969 0.0398102 0.13038
0 0.720127 0.49252 0.0328729 0.113981
0 0.360331 0.466106 0.028221 0.102493
0 0.664666 0.599793 0.0346814 0.110265
0 0.565447 0.835662 0.0371664 0.151597
0 0.911089 0.61633 0.0321155 0.115175
0 0.334437 0.696191 0.033691 0.133369
0 0.649535 0.707762 0.0400727 0.143143
0 0.2466 0.533902 0.0314896 0.118622
0 0.83548 0.424772 0.0268465 0.10563
0 0.885555 0.703489 0.0381927 0.119905
0 0.525387 0.871685 0.0435196 0.155563
0 0.286748 0.458601 0.0300696 0.0990878
0 0.294715 0.358409 0.0258484 0.0830198
0 0.381538 0.798415 0.0374581 0.123299
0 0.908884 0.420922 0.0317668 0.0901101
0 0.9386 0.332266 0.0304182 0.095544
0 0.628901 0.393485 0.0289462 0.0929514
0 0.499322 0.301976 0.0273932 0.083912
0 0.756718 0.552172 0.0392151 0.135714
0 0.700207 0.395889 0.0268898 0.095826
0 0.271607 0.338489 0.0214316 0.0682033
0 0.266118 0.194905 0.0163489 0.0458903
0 0.399016 0.966 0.0562853 0.0680005
0 0.753861 0.372311 0.0214689 0.0790397
0 0.0787055 0.326848 0.0252638 0.0783683
0 0.4589 0.356265 0.0266869 0.10386
0 0.363537 0.657182 0.0326889 0.108432
0 0.899337 0.284805 0.0212597 0.0717662
0 0.182847 0.171185 0.0196914 0.0686915
0 0.530691 0.235247 0.0202873 0.0700353
0 0.644134 0.270949 0.0197046 0.0604653
0 0.678707 0.356503 0.0234915 0.0853713
0 0.243854 0.214235 0.0165932 0.0545854
0 0.166804 0.134022 0.0145255 0.0477611
0 0.382932 0.360146 0.0200416 0.0688011
0 0.781943 0.283279 0.0244353 0.0806926
0 0.945816 0.118494 0.015744 0.0503392
0 0.974376 0.257201 0.0186413 0.0602591
0 0.44568 0.212445 0.01938 0.0681896
0 0.142546 0.20839 0.0166282 0.0504054
0 0.712556 0.265694 0.0219107 0.0654392
0 0.816672 0.344175 0.0247437 0.0706539
0 0.853688 0.132724 0.0163891 0.0498149
0 0.293686 0.157323 0.0153539 0.0440279
0 0.924718 0.116484 0.0161494 0.051741
0 0.0818445 0.063277 0.0140677 0.0406477
0 0.61965 0.162032 0.0152599 0.0518293
0 0.108669 0.105922 0.0149512 0.0445122
0 0.509238 0.143466 0.0149494 0.0520612
0 0.296648 0.214621 0.0194107 0.0611121
0 0.497494 0.21542 0.0272075 0.0718659
0 0.204001 0.102939 0.0154715 0.0426198
0 0.390562 0.157638 0.016749 0.0608656
0 0.396927 0.287051 0.0182279 0.0645963
0 0.660434 0.159118 0.015521 0.0566703
0 0.574462 0.253508 0.022636 0.0815734
0 0.36455 0.117895 0.0141159 0.0493621
0 0.567916 0.0471199 0.0134685 0.0429187
0 0.13554 0.0783082 0.0142693 0.0439223
0 0.0874104 0.136074 0.0153898 0.0541511
0 0.325124 0.154039 0.0159039 0.054458
0 0.781101 0.105011 0.0134411 0.0415931
0 0.600563 0.119565 0.013948 0.0439217
0 0.856251 0.341857 0.0230917 0.0868301
0 0.526318 0.129215 0.0151125 0.0535067
0 0.12519 0.156842 0.0143048 0.0484661
0 0.729191 0.146796 0.0164244 0.0508111
0 0.226804 0.171222 0.0178144 0.0553137
0 0.119163 0.053434 0.0134396 0.0400888
0 0.873788 0.292509 0.0196617 0.060742
0 0.683791 0.117976 0.0169704 0.0526703
0 0.408785 0.223422 0.0215298 0.0569624
0 0.0285134 0.0740579 0.0137632 0.0389701
0 0.33626 0.213937 0.0191633 0.0710163
0 0.154984 0.176561 0.0142649 0.0419016
0 0.279117 0.138098 0.0153136 0.0488017
0 0.436368 0.347351 0.0215076 0.0863698
0 0.486165 0.107992 0.0152964 0.0457926
0 0.492609 0.0680777 0.0145544 0.0415778
0 0.00431488 0.0694636 0.00842877 0.0384153
0 0.521418 0.0289785 0.0109382 0.0368279
0 0.805881 0.109955 0.0133203 0.0397901
0 0.902651 0.0880075 0.0142952 0.0445264
0 0.633718 0.114217 0.0136414 0.0446947
0 0.418414 0.0578826 0.0126978 0.0385363
0 0.55963 0.116886 0.0165768 0.0454001
0 0.0824802 0.249841 0.0181538 0.0574908
0 0.157175 0.0300977 0.0100023 0.0300456
0 0.455315 0.156534 0.016474 0.0541646
0 0.628635 0.0684212 0.01198 0.0332898
0 0.452793 0.0610536 0.0135357 0.0386977
0 0.331387 0.064573 0.0128846 0.0357878
0 0.43878 0.0639936 0.0140072 0.0430155
0 0.476268 0.15744 0.0160526 0.0495762
0 0.24368 0.0903398 0.0161648 0.0485171
0 0.258204 0.0519908 0.011813 0.035933
0 0.648894 0.11126 0.0132326 0.0443434
0 0.833592 0.0863097 0.0123345 0.0359499
0 0.732146 0.0335033 0.0123541 0.0406423
0 0.175613 0.0485375 0.0128348 0.0372876
0 0.327558 0.0994349 0.0130831 0.0396031
0 0.204003 0.194983 0.0135729 0.0421577
0 0.759056 0.075366 0.0122244 0.0388155
0 0.227422 0.0528621 0.0118468 0.0366774
0 0.167196 0.0969346 0.0143174 0.0342042
0 0.745268 0.105191 0.0140998 0.0414627
0 0.445355 0.0248076 0.012952 0.0315212
0 0.35878 0.387728 0.0223555 0.0553927
0 0.734032 0.0968167 0.0147673 0.045321
0 0.56207 0.115359 0.0157999 0.0432367
0 0.86746 0.0860392 0.0121941 0.0349042
0 0.559518 0.022526 0.010238 0.0329183
0 0.691492 0.0729731 0.0156528 0.0414361
0 0.311313 0.0820585 0.0140619 0.0431779
0 0.844609 0.224851 0.0203291 0.0569758
0 0.54556 0.451211 0.0270191 0.0778427
0 0.354673 0.186522 0.017011 0.0583369
0 0.37598 0.0862601 0.0130012 0.0423107
0 0.586159 0.125111 0.0123482 0.0435714
0 0.445356 0.126809 0.0143886 0.0396072
0 0.879337 0.0713589 0.0115969 0.0344107
0 0.0592267 0.0419413 0.0101596 0.0371647
0 0.323711 0.320288 0.0238034 0.0689806
0 0.398222 0.040286 0.0106902 0.0328888
0 0.994257 0.300029 0.0109522 0.0709612
0 0.343812 0.162237 0.0141561 0.0437367
