0 0.484709 0.547368 0.023445 0.073684
0 0.031600 0.344737 0.020387 0.063158
0 0.302752 0.271053 0.018349 0.057895
0 0.345056 0.092105 0.013252 0.031579
0 0.371050 0.232895 0.016310 0.060526
0 0.121305 0.085526 0.012232 0.039474
0 0.583588 0.028947 0.011213 0.036842
0 0.181448 0.065789 0.012232 0.031579
0 0.077472 0.765789 0.044852 0.063158
0 0.227829 0.164474 0.017329 0.044737
0 0.395005 0.084211 0.013252 0.036842
0 0.454638 0.077632 0.012232 0.034211
0 0.802752 0.123684 0.013252 0.036842
0 0.677880 0.028947 0.010194 0.031579
0 0.792049 0.094737 0.010194 0.031579
0 0.614679 0.052632 0.010194 0.031579
0 0.084608 0.076316 0.010194 0.031579
0 0.982161 0.084211 0.011213 0.031579
0 0.078491 0.057895 0.010194 0.031579
0 0.191641 0.086842 0.012232 0.036842
0 0.218145 0.032895 0.012232 0.039474
0 0.240571 0.023684 0.012232 0.031579
0 0.244648 0.073684 0.008155 0.031579
0 0.257900 0.060526 0.012232 0.042105
0 0.277778 0.042105 0.011213 0.036842
0 0.298165 0.085526 0.011213 0.044737
0 0.339450 0.073684 0.014271 0.042105
0 0.394495 0.011842 0.012232 0.018421
0 0.366972 0.018421 0.014271 0.031579
0 0.478084 0.013158 0.016310 0.021053
0 0.498981 0.022368 0.009174 0.039474
0 0.511213 0.015789 0.011213 0.026316
0 0.654944 0.021053 0.013252 0.036842
0 0.822630 0.026316 0.012232 0.031579
0 0.941896 0.025000 0.012232 0.034211
0 0.859837 0.009211 0.015291 0.013158
0 0.986239 0.009211 0.019368 0.013158
