0 0.280836 0.375000 0.021407 0.065789
0 0.969929 0.355263 0.019368 0.063158
0 0.935270 0.305263 0.019368 0.063158
0 0.265036 0.456579 0.022426 0.060526
0 0.507136 0.307895 0.017329 0.057895
0 0.739042 0.272368 0.018349 0.060526
0 0.449032 0.288158 0.019368 0.055263
0 0.234964 0.369737 0.017329 0.055263
0 0.744648 0.194737 0.015291 0.047368
0 0.800714 0.203947 0.017329 0.055263
0 0.020387 0.484211 0.020387 0.068421
0 0.540775 0.330263 0.019368 0.060526
0 0.274210 0.256579 0.018349 0.055263
0 0.696228 0.257895 0.020387 0.063158
0 0.036188 0.251316 0.015291 0.044737
0 0.196738 0.271053 0.018349 0.052632
0 0.063710 0.496053 0.017329 0.055263
0 0.698777 0.332895 0.021407 0.065789
0 0.722732 0.155263 0.014271 0.047368
0 0.006626 0.139474 0.011213 0.042105
0 0.353721 0.302632 0.020387 0.057895
0 0.388379 0.289474 0.016310 0.057895
0 0.601427 0.209211 0.018349 0.050000
0 0.635066 0.271053 0.020387 0.052632
0 0.140673 0.486842 0.020387 0.063158
0 0.321611 0.282895 0.021407 0.055263
0 0.664118 0.311842 0.019368 0.055263
0 0.435270 0.200000 0.014271 0.042105
0 0.671764 0.444737 0.024465 0.073684
0 0.241590 0.150000 0.014271 0.047368
0 0.409786 0.182895 0.018349 0.055263
0 0.515800 0.201316 0.016310 0.044737
0 0.365443 0.460526 0.019368 0.068421
0 0.579511 0.157895 0.015291 0.042105
0 0.241590 0.302632 0.020387 0.063158
0 0.930683 0.032895 0.010194 0.034211
0 0.159531 0.117105 0.013252 0.039474
0 0.076453 0.102632 0.014271 0.042105
0 0.304791 0.165789 0.014271 0.042105
0 0.406218 0.102632 0.011213 0.036842
0 0.650357 0.197368 0.016310 0.047368
0 0.098369 0.193421 0.015291 0.044737
0 0.366463 0.169737 0.015291 0.044737
0 0.408257 0.065789 0.013252 0.036842
0 0.125892 0.150000 0.015291 0.047368
0 0.609582 0.326316 0.018349 0.068421
0 0.443935 0.057895 0.011213 0.031579
0 0.355250 0.078947 0.015291 0.047368
0 0.035168 0.090789 0.011213 0.034211
0 0.635066 0.171053 0.014271 0.047368
0 0.418451 0.032895 0.013252 0.034211
0 0.380224 0.106579 0.014271 0.039474
0 0.615189 0.086842 0.011213 0.036842
0 0.110092 0.060526 0.012232 0.031579
0 0.656473 0.071053 0.012232 0.036842
0 0.459225 0.214474 0.013252 0.044737
0 0.193680 0.123684 0.014271 0.047368
0 0.694190 0.069737 0.012232 0.039474
0 0.297146 0.078947 0.013252 0.036842
0 0.138634 0.082895 0.012232 0.039474
0 0.479103 0.147368 0.012232 0.042105
0 0.564220 0.040789 0.011213 0.034211
0 0.325688 0.073684 0.013252 0.036842
0 0.786442 0.085526 0.013252 0.039474
0 0.458716 0.180263 0.014271 0.044737
0 0.468909 0.082895 0.014271 0.044737
0 0.495923 0.185526 0.013252 0.044737
0 0.457187 0.064474 0.011213 0.034211
0 0.341488 0.156579 0.014271 0.044737
0 0.053007 0.084211 0.010194 0.031579
0 0.492864 0.031579 0.013252 0.036842
0 0.509684 0.102632 0.012232 0.036842
0 0.532110 0.014474 0.010194 0.023684
0 0.543833 0.081579 0.011213 0.036842
0 0.588685 0.096053 0.011213 0.034211
0 0.465341 0.035526 0.011213 0.034211
0 0.565749 0.252632 0.018349 0.057895
0 0.478593 0.052632 0.009174 0.031579
0 0.215087 0.056579 0.012232 0.034211
0 0.281855 0.093421 0.013252 0.039474
0 0.277778 0.190789 0.015291 0.044737
0 0.523955 0.102632 0.012232 0.036842
0 0.343527 0.067105 0.012232 0.039474
0 0.630479 0.030263 0.011213 0.034211
0 0.483180 0.086842 0.012232 0.036842
0 0.162589 0.517105 0.019368 0.065789
0 0.344037 0.482895 0.023445 0.065789
0 0.403160 0.452632 0.025484 0.068421
0 0.474006 0.477632 0.030581 0.076316
0 0.438328 0.471053 0.032620 0.084211
0 0.443425 0.130263 0.016310 0.034211
0 0.599388 0.048684 0.012232 0.034211
0 0.585627 0.023684 0.011213 0.042105
0 0.651376 0.035526 0.012232 0.034211
0 0.678389 0.150000 0.011213 0.036842
0 0.757900 0.092105 0.011213 0.031579
0 0.833843 0.034211 0.012232 0.036842
0 0.529052 0.527632 0.030581 0.071053
0 0.749235 0.359211 0.026504 0.081579
0 0.614169 0.131579 0.015291 0.036842
0 0.612130 0.190789 0.015291 0.044737
