0 0.806320 0.784211 0.034659 0.105263
0 0.038226 0.772368 0.031600 0.086842
0 0.116718 0.692105 0.035678 0.105263
0 0.564730 0.165789 0.016310 0.047368
0 0.545362 0.325000 0.018349 0.055263
0 0.672783 0.411842 0.022426 0.071053
0 0.113150 0.506579 0.022426 0.060526
0 0.803262 0.165789 0.018349 0.052632
0 0.227319 0.319737 0.014271 0.055263
0 0.334862 0.248684 0.015291 0.055263
0 0.769113 0.292105 0.015291 0.052632
0 0.608053 0.264474 0.019368 0.055263
0 0.624873 0.376316 0.018349 0.063158
0 0.935780 0.230263 0.016310 0.055263
0 0.168705 0.511842 0.019368 0.060526
0 0.693170 0.342105 0.016310 0.057895
0 0.509174 0.522368 0.025484 0.086842
0 0.801223 0.301316 0.018349 0.050000
0 0.883792 0.257895 0.016310 0.052632
0 0.411825 0.296053 0.018349 0.050000
0 0.395515 0.365789 0.026504 0.084211
0 0.739551 0.293421 0.017329 0.060526
0 0.221713 0.469737 0.021407 0.060526
0 0.514271 0.315789 0.017329 0.057895
0 0.494393 0.244737 0.016310 0.052632
0 0.347095 0.165789 0.015291 0.047368
0 0.950051 0.276316 0.018349 0.057895
0 0.322120 0.356579 0.022426 0.060526
0 0.287971 0.652632 0.021407 0.068421
0 0.915392 0.260526 0.016310 0.057895
0 0.316514 0.293421 0.019368 0.055263
0 0.373089 0.463158 0.024465 0.073684
0 0.127421 0.336842 0.016310 0.057895
0 0.455657 0.285526 0.016310 0.055263
0 0.213048 0.294737 0.016310 0.052632
0 0.484709 0.515789 0.021407 0.078947
0 0.263507 0.334211 0.017329 0.057895
0 0.302243 0.192105 0.017329 0.042105
0 0.903670 0.151316 0.013252 0.039474
0 0.651886 0.505263 0.021407 0.078947
0 0.178899 0.340789 0.015291 0.050000
0 0.354230 0.103947 0.015291 0.044737
0 0.421509 0.222368 0.019368 0.055263
0 0.092253 0.247368 0.013252 0.042105
0 0.683996 0.267105 0.014271 0.050000
0 0.386850 0.256579 0.015291 0.050000
0 0.318043 0.240789 0.014271 0.050000
0 0.159021 0.057895 0.012232 0.036842
0 0.857798 0.119737 0.015291 0.044737
0 0.340469 0.039474 0.012232 0.036842
0 0.538226 0.236842 0.014271 0.047368
0 0.655454 0.142105 0.016310 0.052632
0 0.436290 0.127632 0.016310 0.055263
0 0.772681 0.175000 0.016310 0.050000
0 0.458206 0.023684 0.013252 0.036842
0 0.211519 0.164474 0.015291 0.044737
0 0.604485 0.153947 0.014271 0.044737
0 0.330275 0.107895 0.016310 0.042105
0 0.834353 0.457895 0.021407 0.068421
0 0.570336 0.236842 0.017329 0.047368
0 0.868502 0.255263 0.016310 0.052632
0 0.496942 0.165789 0.013252 0.042105
0 0.798675 0.364474 0.017329 0.060526
0 0.053517 0.252632 0.015291 0.052632
0 0.573904 0.567105 0.026504 0.081579
0 0.989806 0.182895 0.016310 0.050000
0 0.370540 0.036842 0.013252 0.042105
0 0.634047 0.175000 0.016310 0.050000
0 0.383792 0.171053 0.015291 0.042105
0 0.756371 0.182895 0.014271 0.044737
0 0.126402 0.418421 0.030581 0.084211
0 0.547401 0.496053 0.020387 0.065789
0 0.974006 0.142105 0.015291 0.042105
0 0.206932 0.085526 0.012232 0.034211
0 0.270133 0.061842 0.012232 0.034211
0 0.468400 0.242105 0.015291 0.047368
0 0.033639 0.176316 0.014271 0.047368
0 0.294597 0.028947 0.010194 0.031579
0 0.144241 0.344737 0.015291 0.047368
0 0.597350 0.101316 0.012232 0.039474
0 0.436799 0.259211 0.015291 0.050000
0 0.562691 0.280263 0.014271 0.055263
0 0.235474 0.076316 0.012232 0.036842
0 0.644750 0.301316 0.019368 0.055263
0 0.452090 0.157895 0.015291 0.042105
0 0.875127 0.117105 0.015291 0.044737
0 0.878695 0.184211 0.014271 0.052632
0 0.371560 0.205263 0.015291 0.042105
0 0.253313 0.032895 0.009174 0.028947
0 0.749235 0.359211 0.018349 0.055263
0 0.744139 0.160526 0.014271 0.042105
0 0.778797 0.032895 0.012232 0.039474
0 0.564220 0.090789 0.015291 0.044737
0 0.313456 0.077632 0.013252 0.039474
0 0.174312 0.060526 0.012232 0.036842
0 0.981142 0.082895 0.013252 0.039474
0 0.986748 0.640789 0.026504 0.097368
0 0.833333 0.056579 0.011213 0.034211
0 0.865443 0.023684 0.012232 0.042105
0 0.025484 0.247368 0.014271 0.047368
0 0.497452 0.109211 0.014271 0.044737
0 0.753313 0.067105 0.012232 0.034211
0 0.557085 0.023684 0.013252 0.036842
0 0.071865 0.219737 0.017329 0.050000
0 0.537717 0.138158 0.017329 0.044737
0 0.974006 0.036842 0.013252 0.036842
0 0.994393 0.022368 0.009174 0.034211
0 0.948012 0.114474 0.012232 0.039474
0 0.741590 0.027632 0.011213 0.034211
0 0.603976 0.044737 0.013252 0.042105
0 0.679409 0.061842 0.013252 0.034211
0 0.526504 0.106579 0.015291 0.044737
0 0.934760 0.173684 0.014271 0.047368
0 0.943935 0.063158 0.012232 0.036842
0 0.706932 0.192105 0.015291 0.047368
0 0.713048 0.051316 0.013252 0.039474
0 0.707441 0.014474 0.010194 0.023684
0 0.530581 0.017105 0.013252 0.028947
0 0.955657 0.134211 0.013252 0.042105
0 0.590214 0.072368 0.012232 0.039474
0 0.469419 0.088158 0.013252 0.044737
0 0.389908 0.101316 0.013252 0.044737
0 0.620285 0.067105 0.013252 0.039474
0 0.196228 0.790789 0.025484 0.081579
0 0.283894 0.772368 0.029562 0.107895
0 0.320591 0.785526 0.031600 0.086842
0 0.362385 0.760526 0.031600 0.094737
0 0.016820 0.167105 0.015291 0.044737
0 0.075433 0.086842 0.014271 0.052632
0 0.152396 0.940789 0.029562 0.086842
0 0.376147 0.244737 0.014271 0.047368
0 0.503568 0.298684 0.018349 0.060526
0 0.512232 0.652632 0.029562 0.073684
0 0.595821 0.757895 0.029562 0.105263
0 0.713048 0.832895 0.039755 0.113158
0 0.738532 0.425000 0.021407 0.060526
0 0.846585 0.175000 0.015291 0.044737
0 0.886340 0.026316 0.013252 0.036842
0 0.931702 0.019737 0.010194 0.034211
0 0.901631 0.026316 0.011213 0.031579
0 0.918451 0.018421 0.016310 0.031579
0 0.943935 0.018421 0.014271 0.031579
0 0.959735 0.015789 0.013252 0.026316
0 0.836901 0.018421 0.012232 0.031579
0 0.660041 0.022368 0.013252 0.028947
0 0.524465 0.053947 0.013252 0.034211
0 0.634557 0.043421 0.015291 0.039474
0 0.409786 0.017105 0.016310 0.028947
0 0.438328 0.015789 0.018349 0.026316
