0 0.75174 0.884388 0.0499056 0.155919
0 0.612784 0.774772 0.0466495 0.149057
0 0.205913 0.600078 0.0459991 0.132721
0 0.600911 0.523879 0.0371172 0.127632
0 0.702369 0.562695 0.039299 0.116098
0 0.742392 0.449281 0.031998 0.10031
0 0.947925 0.76409 0.0453787 0.150804
0 0.763436 0.772689 0.0425378 0.122829
0 0.876455 0.555336 0.0353575 0.124301
0 0.419781 0.376714 0.0289974 0.075396
0 0.800214 0.55271 0.0417207 0.121112
0 0.939765 0.36848 0.0339802 0.101676
0 0.721646 0.682417 0.0428675 0.130043
0 0.257226 0.623191 0.0444658 0.143502
0 0.848603 0.913139 0.0441402 0.134491
0 0.65558 0.325701 0.0262825 0.083387
0 0.842792 0.681313 0.0368691 0.126603
0 0.478622 0.336294 0.0269653 0.0854623
0 0.854364 0.386098 0.0285671 0.0913375
0 0.683559 0.193212 0.020196 0.0669681
0 0.693872 0.283273 0.0222099 0.0775043
0 0.821272 0.352422 0.029754 0.10192
0 0.418867 0.463643 0.0323523 0.103995
0 0.322659 0.51376 0.0339219 0.115145
0 0.541946 0.278346 0.0241617 0.0811566
0 0.430955 0.258792 0.0278864 0.0804406
0 0.637453 0.477152 0.0266323 0.0954988
0 0.341957 0.294825 0.0219768 0.0826732
0 0.533231 0.518696 0.031712 0.107041
0 0.656463 0.582642 0.031446 0.0974631
0 0.393 0.22709 0.0218117 0.0782998
0 0.641646 0.199559 0.0237903 0.0768292
0 0.576462 0.389219 0.0231621 0.0875038
0 0.50151 0.397347 0.0251154 0.087471
0 0.125803 0.388305 0.0273596 0.097376
0 0.974199 0.602801 0.0381821 0.121769
0 0.366922 0.382269 0.0257691 0.0722782
0 0.749501 0.266191 0.0213881 0.0753264
0 0.786285 0.304247 0.028888 0.0832387
0 0.59748 0.321876 0.0247215 0.082337
0 0.428144 0.167605 0.0199172 0.0683087
0 0.231559 0.427139 0.0250435 0.0848998
0 0.354006 0.456545 0.0315656 0.106453
0 0.311823 0.296421 0.0240283 0.0750065
0 0.776821 0.214296 0.0206917 0.0638504
0 0.0456467 0.40985 0.0292425 0.112305
0 0.969009 0.461633 0.0276808 0.103925
0 0.262731 0.359663 0.0254398 0.080962
0 0.095828 0.421282 0.0316622 0.0862919
0 0.467684 0.477253 0.0362711 0.108117
0 0.573644 0.180832 0.0204954 0.066485
0 0.588465 0.257526 0.0271932 0.0617684
0 0.344143 0.130424 0.0181735 0.0615481
0 0.71394 0.288602 0.0207314 0.0746683
0 0.0274337 0.20882 0.0246623 0.0709603
0 0.0079996 0.511449 0.0159551 0.132515
0 0.25322 0.180604 0.0199267 0.0655001
0 0.213754 0.28272 0.0217734 0.0758506
0 0.481954 0.172845 0.0186377 0.0601421
0 0.272923 0.278524 0.0210413 0.0775454
0 0.366195 0.212617 0.0190676 0.0606269
0 0.555782 0.130221 0.0159263 0.055781
0 0.707415 0.133295 0.0147487 0.0498868
0 0.990585 0.306609 0.0188304 0.0831425
0 0.822055 0.188715 0.0219654 0.0717211
0 0.184089 0.379367 0.0234874 0.0903073
0 0.940161 0.277918 0.0232204 0.0719328
0 0.235044 0.276043 0.0205381 0.0833096
0 0.0101766 0.397677 0.0201905 0.084591
0 0.55183 0.213271 0.0180935 0.0566369
0 0.931059 0.159527 0.0173443 0.0519455
0 0.457523 0.166726 0.0204961 0.0588872
0 0.61288 0.110077 0.0175023 0.0574972
0 0.132513 0.494533 0.0326454 0.114135
0 0.0822065 0.217059 0.0192975 0.0586191
0 0.748839 0.183023 0.0192477 0.0666068
0 0.5868 0.0938329 0.0144371 0.0483831
0 0.688659 0.123464 0.0153824 0.0528194
0 0.760442 0.0848521 0.0133411 0.0407612
0 0.212343 0.119492 0.0169546 0.0538059
0 0.148464 0.192654 0.0235817 0.0753072
0 0.659357 0.127681 0.0132269 0.049375
0 0.130049 0.216043 0.0170756 0.06559
0 0.570825 0.0892077 0.0170935 0.048361
0 0.823167 0.974929 0.0651921 0.0501428
0 0.638479 0.104618 0.0192991 0.0581018
0 0.0684897 0.130943 0.016817 0.0538886
0 0.933724 0.108033 0.0140823 0.0438919
0 0.308219 0.461655 0.0307263 0.088897
0 0.27864 0.044921 0.0126241 0.0384009
0 0.120153 0.0428845 0.0139851 0.03504
0 0.716596 0.024626 0.0130215 0.0373756
0 0.523937 0.174124 0.0194355 0.0615112
0 0.550717 0.455381 0.0224937 0.0767454
0 0.174466 0.117818 0.018048 0.0525529
0 0.440446 0.057989 0.0124958 0.0382033
0 0.785975 0.136178 0.0149952 0.0468479
0 0.906057 0.0749023 0.0128754 0.0405562
0 0.09998 0.177965 0.0150699 0.0569338
0 0.298074 0.168302 0.0202267 0.0621705
0 0.136113 0.0799798 0.015808 0.0493823
0 0.216536 0.0478163 0.0124659 0.0370412
0 0.507897 0.133775 0.0171591 0.0526306
0 0.619205 0.435249 0.0206454 0.0828365
0 0.0879594 0.0883724 0.0135292 0.039889
0 0.0269267 0.0748227 0.0150113 0.046282
0 0.258374 0.0782224 0.0152398 0.0490319
0 0.742313 0.13269 0.0176013 0.043423
0 0.311681 0.0817041 0.0154094 0.0424325
0 0.505111 0.0336569 0.0107079 0.0355853
0 0.196748 0.0995689 0.0150325 0.0494201
0 0.490075 0.0413872 0.0126582 0.038456
0 0.832207 0.0875482 0.0144795 0.046737
0 0.182258 0.0417886 0.0119565 0.0375138
0 0.288427 0.110453 0.0158846 0.0474166
0 0.524484 0.115642 0.0140896 0.0409035
0 0.54903 0.0786419 0.0143642 0.0424247
0 0.326353 0.0595129 0.0122002 0.0373943
0 0.0903861 0.515575 0.0389028 0.124555
0 0.978549 0.112922 0.0163857 0.0428691
0 0.906008 0.251705 0.025163 0.0721316
0 0.21971 0.219681 0.0194845 0.0531822
0 0.403774 0.0773931 0.0137311 0.0416608
0 0.221254 0.4871 0.0283017 0.0781498
0 0.66562 0.0189053 0.0118315 0.0340319
0 0.86424 0.127202 0.0138817 0.0395162
0 0.520082 0.0552634 0.0135879 0.0385614
0 0.0508105 0.0657177 0.0141704 0.0397054
0 0.417798 0.0659452 0.011784 0.0358457
0 0.889653 0.0455635 0.0118714 0.0362033
0 0.961671 0.233019 0.0197948 0.0727446
0 0.802583 0.0507634 0.0138401 0.0407025
0 0.846673 0.0913451 0.0121826 0.0399806
0 0.452373 0.119233 0.0159279 0.0404144
0 0.502001 0.331825 0.0209499 0.06421
0 0.191662 0.272526 0.0179121 0.0651286
0 0.497397 0.111606 0.0124857 0.0383605
0 0.666406 0.0635466 0.0146042 0.0411949
0 0.371466 0.118039 0.0135216 0.0465852
0 0.165755 0.0814557 0.0156016 0.0413658
0 0.812375 0.131042 0.0151512 0.0453933
0 0.00519065 0.101291 0.0103146 0.0492039
0 0.386907 0.326094 0.0206347 0.0795396
0 0.701535 0.0312269 0.0121403 0.0379111
0 0.828178 0.96474 0.0633618 0.0705191
0 0.319837 0.234544 0.0186219 0.0522991
0 0.725984 0.115009 0.0138729 0.0481066
0 0.80166 0.0960928 0.0128784 0.0391072
0 0.359288 0.11248 0.014223 0.0488697
0 0.30039 0.396685 0.0259429 0.0868095
0 0.790863 0.479672 0.0334166 0.0711269
