0 0.659531 0.380263 0.016310 0.050000
0 0.605505 0.475000 0.026504 0.076316
0 0.480122 0.385526 0.022426 0.060526
0 0.204893 0.356579 0.016310 0.060526
0 0.354740 0.501316 0.026504 0.081579
0 0.967380 0.360526 0.022426 0.063158
0 0.227319 0.539474 0.024465 0.073684
0 0.380734 0.392105 0.019368 0.068421
0 0.666667 0.296053 0.018349 0.055263
0 0.428644 0.381579 0.017329 0.063158
0 0.465341 0.456579 0.023445 0.065789
0 0.556575 0.430263 0.022426 0.065789
0 0.468400 0.284211 0.017329 0.057895
0 0.352192 0.325000 0.015291 0.050000
0 0.416922 0.315789 0.018349 0.052632
0 0.937819 0.296053 0.016310 0.060526
0 0.323649 0.419737 0.023445 0.065789
0 0.524465 0.518421 0.023445 0.073684
0 0.656983 0.218421 0.015291 0.052632
0 0.289501 0.511842 0.022426 0.076316
0 0.173293 0.459211 0.022426 0.065789
0 0.697757 0.277632 0.017329 0.055263
0 0.575433 0.305263 0.019368 0.057895
0 0.726809 0.365789 0.020387 0.057895
0 0.164628 0.777632 0.033639 0.097368
0 0.079001 0.409211 0.017329 0.060526
0 0.825178 0.348684 0.019368 0.060526
0 0.840979 0.101316 0.016310 0.044737
0 0.115189 0.164474 0.014271 0.039474
0 0.393476 0.339474 0.018349 0.063158
0 0.614679 0.327632 0.020387 0.071053
0 0.237003 0.417105 0.021407 0.065789
0 0.690622 0.200000 0.015291 0.042105
0 0.339450 0.296053 0.018349 0.055263
0 0.613150 0.235526 0.015291 0.044737
0 0.121814 0.334211 0.021407 0.057895
0 0.093272 0.214474 0.015291 0.050000
0 0.279817 0.382895 0.017329 0.060526
0 0.009684 0.339474 0.017329 0.052632
0 0.341488 0.171053 0.016310 0.052632
0 0.262487 0.353947 0.017329 0.055263
0 0.618756 0.178947 0.018349 0.047368
0 0.134047 0.056579 0.011213 0.039474
0 0.792559 0.153947 0.017329 0.050000
0 0.992355 0.288158 0.015291 0.060526
0 0.043323 0.330263 0.015291 0.055263
0 0.982161 0.151316 0.013252 0.044737
0 0.886850 0.236842 0.016310 0.047368
0 0.658512 0.484211 0.026504 0.063158
0 0.528542 0.171053 0.017329 0.047368
0 0.103976 0.077632 0.012232 0.039474
0 0.068807 0.348684 0.017329 0.050000
0 0.565240 0.203947 0.019368 0.050000
0 0.392457 0.184211 0.016310 0.052632
0 0.960754 0.217105 0.013252 0.044737
0 0.544852 0.489474 0.021407 0.068421
0 0.494393 0.235526 0.016310 0.055263
0 0.421509 0.040789 0.013252 0.044737
0 0.168196 0.038158 0.010194 0.034211
0 0.426096 0.118421 0.014271 0.052632
0 0.856779 0.168421 0.017329 0.052632
0 0.401631 0.042105 0.012232 0.042105
0 0.716106 0.234211 0.017329 0.052632
0 0.731397 0.156579 0.015291 0.044737
0 0.036697 0.130263 0.014271 0.044737
0 0.279817 0.111842 0.017329 0.050000
0 0.152396 0.121053 0.015291 0.042105
0 0.059633 0.165789 0.015291 0.042105
0 0.759939 0.117105 0.013252 0.039474
0 0.518349 0.076316 0.011213 0.036842
0 0.767584 0.198684 0.014271 0.044737
0 0.953619 0.163158 0.013252 0.042105
0 0.143731 0.184211 0.016310 0.047368
0 0.436290 0.185526 0.016310 0.044737
0 0.396024 0.260526 0.015291 0.052632
0 0.731397 0.078947 0.013252 0.036842
0 0.009174 0.167105 0.014271 0.050000
0 0.025994 0.176316 0.015291 0.042105
0 0.490316 0.150000 0.014271 0.047368
0 0.778797 0.251316 0.016310 0.044737
0 0.866972 0.209211 0.015291 0.050000
0 0.417941 0.251316 0.018349 0.050000
0 0.583078 0.197368 0.016310 0.047368
0 0.098879 0.140789 0.012232 0.039474
0 0.365953 0.122368 0.014271 0.039474
0 0.685015 0.113158 0.014271 0.042105
0 0.258410 0.035526 0.011213 0.034211
0 0.783384 0.327632 0.021407 0.060526
0 0.610601 0.119737 0.014271 0.044737
0 0.716616 0.032895 0.012232 0.034211
0 0.702854 0.038158 0.011213 0.034211
0 0.914373 0.193421 0.014271 0.039474
0 0.374618 0.027632 0.013252 0.039474
0 0.654434 0.013158 0.010194 0.021053
0 0.202345 0.135526 0.013252 0.039474
0 0.299185 0.217105 0.015291 0.050000
0 0.452599 0.210526 0.016310 0.047368
0 0.359327 0.168421 0.015291 0.052632
0 0.533639 0.026316 0.013252 0.036842
0 0.446483 0.122368 0.016310 0.050000
0 0.884302 0.106579 0.013252 0.039474
0 0.995413 0.150000 0.009174 0.052632
0 0.061672 0.086842 0.011213 0.036842
0 0.731397 0.294737 0.019368 0.052632
0 0.487768 0.113158 0.015291 0.042105
0 0.721713 0.114474 0.014271 0.039474
0 0.557594 0.063158 0.014271 0.047368
0 0.470948 0.231579 0.014271 0.042105
0 0.064730 0.126316 0.013252 0.036842
0 0.628950 0.102632 0.014271 0.047368
0 0.190112 0.101316 0.013252 0.034211
0 0.149337 0.125000 0.013252 0.044737
0 0.774720 0.322368 0.020387 0.060526
0 0.055046 0.592105 0.036697 0.089474
0 0.264526 0.700000 0.033639 0.089474
0 0.332314 0.813158 0.038736 0.115789
0 0.223242 0.072368 0.012232 0.039474
0 0.242100 0.090789 0.013252 0.034211
0 0.211009 0.035526 0.010194 0.023684
0 0.314475 0.019737 0.013252 0.028947
0 0.300204 0.044737 0.011213 0.036842
0 0.333333 0.013158 0.012232 0.021053
0 0.295617 0.009211 0.012232 0.013158
0 0.409276 0.121053 0.013252 0.031579
0 0.420999 0.205263 0.012232 0.026316
0 0.588685 0.042105 0.013252 0.042105
0 0.548930 0.015789 0.011213 0.026316
0 0.619266 0.051316 0.013252 0.044737
0 0.602956 0.017105 0.015291 0.028947
0 0.900102 0.076316 0.014271 0.042105
0 0.908257 0.130263 0.016310 0.050000
0 0.933231 0.168421 0.015291 0.047368
0 0.745668 0.009211 0.011213 0.013158
0 0.747197 0.050000 0.012232 0.042105
0 0.765545 0.010526 0.012232 0.015789
0 0.772171 0.047368 0.013252 0.031579
0 0.784404 0.022368 0.017329 0.039474
0 0.952599 0.018421 0.013252 0.031579
0 0.937819 0.089474 0.014271 0.036842
0 0.864934 0.844737 0.031600 0.094737
0 0.714577 0.906579 0.028542 0.102632
