0 0.461774 0.581250 0.030581 0.112500
0 0.888379 0.566250 0.041794 0.127500
0 0.154944 0.541250 0.038736 0.132500
0 0.234964 0.858750 0.058104 0.177500
0 0.264526 0.667500 0.037717 0.125000
0 0.410805 0.711250 0.036697 0.117500
0 0.590724 0.660000 0.033639 0.115000
0 0.815494 0.695000 0.034659 0.135000
0 0.429664 0.411250 0.027523 0.092500
0 0.386850 0.560000 0.031600 0.100000
0 0.536697 0.515000 0.031600 0.110000
0 0.194699 0.618750 0.042813 0.142500
0 0.048420 0.545000 0.035678 0.125000
0 0.757390 0.740000 0.036697 0.135000
0 0.592762 0.557500 0.033639 0.085000
0 0.321611 0.615000 0.033639 0.100000
0 0.977064 0.792500 0.045872 0.150000
0 0.106014 0.540000 0.030581 0.120000
0 0.355250 0.500000 0.029562 0.090000
0 0.758919 0.585000 0.029562 0.090000
0 0.633537 0.511250 0.033639 0.097500
0 0.402141 0.922500 0.060143 0.155000
0 0.987258 0.603750 0.025484 0.117500
0 0.687564 0.418750 0.027523 0.092500
0 0.091233 0.437500 0.029562 0.090000
0 0.478084 0.358750 0.026504 0.082500
0 0.642712 0.362500 0.025484 0.065000
0 0.708461 0.320000 0.022426 0.070000
0 0.175331 0.380000 0.024465 0.075000
0 0.376656 0.407500 0.023445 0.075000
0 0.191641 0.487500 0.032620 0.090000
0 0.242610 0.290000 0.022426 0.080000
0 0.286952 0.393750 0.025484 0.087500
0 0.082569 0.205000 0.016310 0.050000
0 0.466361 0.966250 0.056065 0.067500
0 0.086137 0.352500 0.021407 0.065000
0 0.331295 0.223750 0.018349 0.057500
0 0.859327 0.415000 0.028542 0.075000
0 0.594801 0.216250 0.019368 0.057500
0 0.561162 0.383750 0.025484 0.077500
0 0.662589 0.532500 0.024465 0.080000
0 0.949032 0.372500 0.022426 0.075000
0 0.798165 0.421250 0.022426 0.077500
0 0.399592 0.353750 0.024465 0.077500
0 0.049949 0.258750 0.020387 0.072500
0 0.052497 0.186250 0.013252 0.047500
0 0.008155 0.140000 0.014271 0.045000
0 0.924057 0.396250 0.021407 0.062500
0 0.375127 0.175000 0.016310 0.055000
0 0.690112 0.151250 0.012232 0.042500
0 0.315494 0.196250 0.015291 0.047500
0 0.876656 0.302500 0.022426 0.070000
0 0.498471 0.316250 0.018349 0.057500
0 0.162080 0.168750 0.016310 0.052500
0 0.313965 0.320000 0.020387 0.065000
0 0.799694 0.313750 0.021407 0.072500
0 0.043833 0.110000 0.014271 0.045000
0 0.479613 0.190000 0.019368 0.055000
0 0.775739 0.297500 0.020387 0.070000
0 0.663609 0.417500 0.022426 0.075000
0 0.390418 0.195000 0.016310 0.050000
0 0.546891 0.180000 0.013252 0.045000
0 0.527523 0.158750 0.015291 0.042500
0 0.857798 0.202500 0.015291 0.055000
0 0.567788 0.207500 0.016310 0.055000
0 0.751784 0.200000 0.015291 0.050000
0 0.009684 0.290000 0.017329 0.065000
0 0.560652 0.285000 0.020387 0.060000
0 0.873598 0.180000 0.014271 0.045000
0 0.748726 0.115000 0.013252 0.040000
0 0.848624 0.148750 0.015291 0.047500
0 0.484200 0.112500 0.012232 0.035000
0 0.108053 0.137500 0.014271 0.045000
0 0.296126 0.161250 0.015291 0.047500
0 0.115698 0.203750 0.015291 0.057500
0 0.441386 0.193750 0.016310 0.052500
0 0.425586 0.177500 0.015291 0.050000
0 0.671254 0.072500 0.013252 0.040000
0 0.064220 0.145000 0.014271 0.045000
0 0.186035 0.207500 0.021407 0.055000
0 0.208970 0.125000 0.014271 0.045000
0 0.317023 0.152500 0.012232 0.035000
0 0.524975 0.207500 0.016310 0.050000
0 0.508155 0.098750 0.013252 0.037500
0 0.623344 0.086250 0.013252 0.037500
0 0.221713 0.091250 0.015291 0.042500
0 0.639144 0.251250 0.018349 0.057500
0 0.871560 0.115000 0.014271 0.035000
0 0.150866 0.123750 0.014271 0.047500
0 0.857288 0.512500 0.028542 0.100000
0 0.748216 0.478750 0.034659 0.092500
0 0.503568 0.158750 0.012232 0.037500
0 0.527013 0.111250 0.014271 0.037500
0 0.732416 0.128750 0.013252 0.042500
0 0.830785 0.130000 0.012232 0.040000
0 0.496432 0.093750 0.012232 0.037500
0 0.428644 0.326250 0.029562 0.072500
0 0.262487 0.150000 0.015291 0.050000
0 0.406218 0.162500 0.013252 0.045000
0 0.365443 0.102500 0.013252 0.040000
0 0.604995 0.098750 0.013252 0.032500
0 0.792049 0.178750 0.014271 0.042500
0 0.227319 0.142500 0.016310 0.045000
0 0.819572 0.155000 0.012232 0.035000
0 0.547910 0.101250 0.013252 0.037500
0 0.669725 0.217500 0.016310 0.055000
0 0.667686 0.141250 0.012232 0.042500
0 0.126911 0.130000 0.013252 0.045000
0 0.722222 0.148750 0.011213 0.037500
0 0.520897 0.317500 0.018349 0.060000
0 0.720693 0.092500 0.012232 0.035000
0 0.207441 0.207500 0.015291 0.045000
0 0.284404 0.092500 0.014271 0.040000
0 0.993374 0.388750 0.013252 0.082500
0 0.604995 0.141250 0.015291 0.047500
0 0.298675 0.256250 0.018349 0.057500
0 0.029562 0.171250 0.016310 0.042500
0 0.075433 0.127500 0.012232 0.040000
0 0.660041 0.102500 0.011213 0.035000
0 0.857288 0.068750 0.012232 0.032500
0 0.905199 0.100000 0.012232 0.035000
0 0.566259 0.117500 0.013252 0.040000
0 0.912334 0.351250 0.018349 0.062500
0 0.834862 0.220000 0.016310 0.050000
0 0.136086 0.213750 0.019368 0.057500
0 0.417431 0.098750 0.013252 0.042500
0 0.641692 0.148750 0.013252 0.042500
0 0.899083 0.137500 0.012232 0.035000
0 0.346585 0.161250 0.016310 0.042500
0 0.118247 0.100000 0.012232 0.035000
0 0.196228 0.107500 0.013252 0.040000
0 0.342508 0.091250 0.012232 0.032500
0 0.994903 0.222500 0.010194 0.050000
0 0.110092 0.088750 0.010194 0.032500
0 0.940367 0.107500 0.015291 0.040000
0 0.327217 0.100000 0.010194 0.035000
0 0.807339 0.125000 0.010194 0.035000
0 0.352192 0.120000 0.013252 0.040000
0 0.235474 0.233750 0.018349 0.042500
0 0.275739 0.225000 0.015291 0.055000
0 0.701835 0.137500 0.011213 0.035000
0 0.404179 0.096250 0.013252 0.042500
0 0.342508 0.165000 0.014271 0.045000
0 0.974006 0.280000 0.019368 0.055000
0 0.166667 0.117500 0.013252 0.040000
0 0.829256 0.328750 0.017329 0.052500
0 0.379715 0.121250 0.013252 0.042500
0 0.230377 0.445000 0.026504 0.070000
0 0.031600 0.101250 0.012232 0.037500
0 0.457696 0.100000 0.012232 0.040000
0 0.355759 0.395000 0.028542 0.100000
0 0.645260 0.111250 0.014271 0.037500
0 0.381244 0.102500 0.014271 0.040000
0 0.840979 0.361250 0.020387 0.057500
0 0.455657 0.106250 0.012232 0.042500
0 0.589704 0.095000 0.013252 0.040000
0 0.318043 0.095000 0.010194 0.030000
0 0.771662 0.123750 0.012232 0.037500
0 0.324159 0.121250 0.012232 0.037500
0 0.992864 0.345000 0.014271 0.080000
0 0.690112 0.093750 0.012232 0.037500
0 0.790010 0.141250 0.012232 0.037500
0 0.174312 0.316250 0.024465 0.067500
0 0.221713 0.302500 0.021407 0.065000
0 0.934760 0.468750 0.026504 0.082500
0 0.937309 0.173750 0.019368 0.052500
0 0.808869 0.191250 0.017329 0.047500
0 0.462283 0.297500 0.021407 0.070000
0 0.256371 0.097500 0.017329 0.030000
