0 0.279307 0.697368 0.028542 0.084211
0 0.334353 0.671053 0.024465 0.073684
0 0.954638 0.553947 0.027523 0.081579
0 0.402141 0.707895 0.027523 0.073684
0 0.637615 0.265789 0.019368 0.052632
0 0.537717 0.488158 0.019368 0.060526
0 0.029562 0.239474 0.016310 0.047368
0 0.043323 0.323684 0.019368 0.057895
0 0.514781 0.278947 0.016310 0.052632
0 0.232416 0.159211 0.016310 0.050000
0 0.466871 0.330263 0.020387 0.060526
0 0.151886 0.185526 0.016310 0.050000
0 0.440367 0.476316 0.022426 0.068421
0 0.917431 0.086842 0.012232 0.042105
0 0.576453 0.243421 0.015291 0.044737
0 0.878695 0.125000 0.016310 0.039474
0 0.957187 0.089474 0.014271 0.036842
0 0.676351 0.102632 0.013252 0.042105
0 0.250765 0.725000 0.026504 0.076316
0 0.062181 0.234211 0.014271 0.042105
0 0.542813 0.210526 0.017329 0.047368
0 0.089195 0.119737 0.013252 0.039474
0 0.404689 0.042105 0.010194 0.031579
0 0.581040 0.315789 0.024465 0.057895
0 0.009174 0.328947 0.016310 0.063158
0 0.784913 0.063158 0.014271 0.031579
0 0.619776 0.132895 0.012232 0.039474
0 0.345056 0.076316 0.011213 0.031579
0 0.694699 0.068421 0.013252 0.036842
0 0.417941 0.064474 0.012232 0.034211
0 0.307339 0.097368 0.013252 0.031579
0 0.478084 0.032895 0.012232 0.034211
0 0.577472 0.131579 0.015291 0.036842
0 0.153415 0.052632 0.013252 0.036842
0 0.226809 0.078947 0.013252 0.036842
0 0.995413 0.084211 0.009174 0.047368
0 0.669215 0.034211 0.011213 0.036842
0 0.180428 0.118421 0.012232 0.042105
0 0.435270 0.055263 0.012232 0.036842
0 0.757390 0.053947 0.012232 0.039474
0 0.203874 0.514474 0.020387 0.065789
0 0.078491 0.321053 0.018349 0.057895
0 0.513252 0.075000 0.013252 0.039474
0 0.446483 0.061842 0.010194 0.028947
0 0.494393 0.242105 0.018349 0.052632
0 0.723242 0.082895 0.015291 0.044737
0 0.353721 0.072368 0.010194 0.028947
0 0.615189 0.035526 0.011213 0.034211
0 0.280326 0.177632 0.016310 0.044737
0 0.639653 0.026316 0.011213 0.031579
0 0.054027 0.119737 0.012232 0.039474
0 0.155963 0.634211 0.026504 0.084211
0 0.492355 0.469737 0.020387 0.060526
0 0.611621 0.738158 0.028542 0.097368
0 0.550968 0.668421 0.027523 0.089474
0 0.796636 0.875000 0.051988 0.097368
0 0.501529 0.685526 0.030581 0.076316
0 0.438838 0.386842 0.015291 0.047368
0 0.111111 0.125000 0.014271 0.039474
0 0.015291 0.142105 0.012232 0.047368
0 0.106014 0.044737 0.016310 0.036842
0 0.195719 0.046053 0.012232 0.034211
0 0.253313 0.217105 0.013252 0.044737
0 0.257900 0.030263 0.016310 0.028947
0 0.366972 0.053947 0.010194 0.034211
0 0.376656 0.077632 0.013252 0.034211
0 0.784404 0.106579 0.011213 0.034211
0 0.543323 0.025000 0.014271 0.039474
0 0.579001 0.027632 0.014271 0.034211
0 0.586137 0.421053 0.024465 0.063158
0 0.870031 0.052632 0.011213 0.042105
0 0.935780 0.042105 0.014271 0.042105
