0 0.336156 0.436601 0.0340026 0.0967019
0 0.390025 0.867813 0.0585106 0.179137
0 0.204394 0.748871 0.0419406 0.140436
0 0.228622 0.519967 0.0362121 0.124803
0 0.636506 0.507512 0.0349068 0.119926
0 0.933244 0.829805 0.0706911 0.172843
0 0.897396 0.603898 0.0345081 0.122395
0 0.568543 0.646455 0.0367468 0.125804
0 0.478892 0.465149 0.0291471 0.0892733
0 0.753102 0.620853 0.0376558 0.121865
0 0.693068 0.433017 0.0328904 0.0970093
0 0.411675 0.479987 0.0322268 0.0997736
0 0.466038 0.645094 0.0353056 0.120936
0 0.898782 0.458137 0.0364908 0.112187
0 0.492844 0.555567 0.0294291 0.119307
0 0.526502 0.452505 0.027718 0.0976767
0 0.682412 0.553153 0.0305196 0.110699
0 0.446037 0.559148 0.0346646 0.103138
0 0.41247 0.332616 0.023661 0.0910416
0 0.332521 0.29297 0.0228964 0.0788844
0 0.116728 0.380396 0.0316644 0.0955409
0 0.369487 0.281865 0.0211361 0.0643312
0 0.976102 0.46021 0.0335122 0.101284
0 0.787622 0.603668 0.033366 0.140751
0 0.0754761 0.385755 0.0331322 0.0982918
0 0.806251 0.310324 0.0220329 0.0738226
0 0.768298 0.310086 0.0233348 0.0782874
0 0.909921 0.317026 0.0222803 0.0793706
0 0.657451 0.25976 0.0224421 0.0713838
0 0.588427 0.477032 0.0262449 0.0898076
0 0.487915 0.33427 0.0253639 0.0839606
0 0.266079 0.254894 0.0204957 0.0725969
0 0.387831 0.164393 0.0187077 0.0528226
0 0.564937 0.260371 0.0236546 0.0772755
0 0.238084 0.230967 0.0238926 0.0878618
0 0.30542 0.220657 0.0192923 0.0645772
0 0.285266 0.227736 0.0182397 0.064891
0 0.183749 0.380625 0.023327 0.0845295
0 0.103313 0.253039 0.0203631 0.0764603
0 0.914869 0.160419 0.015945 0.0534401
0 0.468845 0.189002 0.0177623 0.0629209
0 0.104427 0.582916 0.0380556 0.119834
0 0.182252 0.143939 0.0167089 0.0529291
0 0.610739 0.24514 0.0205223 0.0694898
0 0.42325 0.17637 0.018462 0.0572178
0 0.971664 0.13389 0.0152109 0.0475629
0 0.480725 0.100875 0.014681 0.0476396
0 0.178434 0.29401 0.0225393 0.0684862
0 0.890407 0.169057 0.0179687 0.0543982
0 0.988466 0.354798 0.0229231 0.0824897
0 0.514389 0.310503 0.0211609 0.0738623
0 0.975169 0.219579 0.0193386 0.0619767
0 0.108361 0.12906 0.0141528 0.0456223
0 0.939639 0.186273 0.0168938 0.0501255
0 0.531061 0.124152 0.0139909 0.04669
0 0.691197 0.277971 0.0187658 0.0618896
0 0.0459567 0.156991 0.018234 0.0601987
0 0.093347 0.109995 0.0145265 0.0459302
0 0.262149 0.151843 0.017584 0.0610648
0 0.878921 0.119257 0.0147049 0.0447351
0 0.462147 0.11561 0.0165602 0.0558161
0 0.138565 0.131167 0.0150856 0.0509505
0 0.00797817 0.315471 0.0159563 0.0862274
0 0.943901 0.120776 0.0161522 0.0461689
0 0.161269 0.0876763 0.0134714 0.0442027
0 0.454029 0.182207 0.0158771 0.0564389
0 0.701149 0.108731 0.0143658 0.0436421
0 0.59204 0.126552 0.0140857 0.0473239
0 0.725882 0.169702 0.0199914 0.0608812
0 0.405956 0.0917305 0.0138557 0.0448655
0 0.658847 0.0965632 0.0135812 0.0388466
0 0.00467795 0.112474 0.0093559 0.0467275
0 0.396143 0.304826 0.0177104 0.0647335
0 0.789714 0.0893071 0.0137755 0.0415463
0 0.625766 0.14491 0.0161855 0.0497668
0 0.532249 0.0673304 0.0117815 0.0389727
0 0.301342 0.0916734 0.0144669 0.0498322
0 0.839419 0.156589 0.0135691 0.0430207
0 0.754076 0.0884631 0.0138296 0.0412236
0 0.210059 0.121584 0.0148962 0.0431278
0 0.506736 0.257919 0.0190038 0.0508634
0 0.830528 0.108503 0.0148098 0.0394612
0 0.609391 0.109261 0.0125679 0.0438222
0 0.265282 0.0488914 0.0148361 0.0469081
0 0.421959 0.0939765 0.0146347 0.0465018
0 0.0212789 0.155286 0.0166426 0.0500128
0 0.692062 0.0290873 0.0103353 0.0339583
0 0.724514 0.296175 0.0221252 0.0588492
0 0.407905 0.148018 0.0153451 0.0538978
0 0.803475 0.102849 0.0122166 0.0354014
0 0.920347 0.101259 0.0125988 0.0375236
0 0.0748599 0.0916371 0.0137379 0.0457117
0 0.201537 0.0520766 0.0144115 0.0477211
0 0.122703 0.114799 0.0127018 0.0439708
0 0.730893 0.111196 0.014131 0.041151
0 0.654367 0.135494 0.0145699 0.0401218
0 0.731497 0.0500495 0.012446 0.0398606
0 0.367765 0.118734 0.0160415 0.0443276
0 0.284951 0.0532633 0.0152443 0.0437205
0 0.601332 0.0436393 0.0144607 0.0408986
0 0.501828 0.0570026 0.0137062 0.0400572
0 0.865443 0.0780782 0.0126564 0.040336
0 0.578097 0.0846697 0.0129946 0.037263
0 0.0256827 0.0638688 0.0131221 0.0452885
0 0.660437 0.0322406 0.0118157 0.0396626
0 0.138816 0.0839126 0.0148329 0.0359812
0 0.671533 0.0432377 0.0120149 0.0390613
0 0.456189 0.0712774 0.0130163 0.0346088
0 0.908695 0.0916874 0.0127911 0.0423729
0 0.381897 0.0499068 0.014591 0.0442511
0 0.327496 0.140092 0.0168433 0.0515797
0 0.339834 0.0474248 0.0122007 0.0372959
0 0.364276 0.0506897 0.0155651 0.0438227
0 0.561737 0.10604 0.0137549 0.0418745
0 0.808307 0.169656 0.0212942 0.0526717
0 0.0915959 0.043033 0.0121725 0.0310908
0 0.224578 0.129512 0.0136901 0.0572625
0 0.0035718 0.0589129 0.00714359 0.0402466
0 0.541996 0.124446 0.0111328 0.03493
0 0.176972 0.0899151 0.0133711 0.0450313
0 0.223802 0.14512 0.0136066 0.0488507
0 0.145867 0.0453119 0.0146576 0.0428192
