0 0.226366 0.530565 0.0345251 0.130459
0 0.96445 0.757433 0.0512104 0.161017
0 0.177584 0.505081 0.0390285 0.122385
0 0.439905 0.446527 0.0328962 0.119473
0 0.7528 0.802275 0.046099 0.146503
0 0.718872 0.483494 0.0336128 0.112574
0 0.245832 0.770465 0.0486344 0.166868
0 0.0954354 0.62404 0.0356499 0.12275
0 0.265607 0.360352 0.0265192 0.0945723
0 0.953314 0.443446 0.0322862 0.098923
0 0.798983 0.345932 0.0324406 0.102569
0 0.583897 0.548806 0.0308222 0.0911673
0 0.92078 0.653238 0.0345455 0.132819
0 0.806678 0.567926 0.0386787 0.136708
0 0.334603 0.54661 0.0355302 0.123514
0 0.302134 0.501844 0.0292671 0.109296
0 0.310237 0.385322 0.0266826 0.0902718
0 0.759866 0.298572 0.0303933 0.0914207
0 0.68285 0.337722 0.0229866 0.0783424
0 0.647386 0.329532 0.0289769 0.0939601
0 0.856514 0.312462 0.0287193 0.0954336
0 0.351556 0.336213 0.0252529 0.0866192
0 0.171974 0.261614 0.0205845 0.0740353
0 0.392729 0.285054 0.0256478 0.08119
0 0.0751941 0.254637 0.0258189 0.0760413
0 0.729566 0.398194 0.0260927 0.0837118
0 0.939829 0.364005 0.0277935 0.0873956
0 0.138042 0.22203 0.0180552 0.0658963
0 0.680213 0.269462 0.0221857 0.0602712
0 0.279159 0.274234 0.0213908 0.072647
0 0.452236 0.31438 0.0236175 0.0827794
0 0.406909 0.42144 0.0280995 0.0962674
0 0.601347 0.267604 0.0235697 0.0787749
0 0.636601 0.1945 0.0223959 0.0658583
0 0.0183868 0.564597 0.0367737 0.128695
0 0.0391638 0.233043 0.0198806 0.0638893
0 0.371284 0.112031 0.0183254 0.064992
0 0.208431 0.19329 0.0172781 0.0646412
0 0.462871 0.252753 0.0237268 0.0669768
0 0.321821 0.116848 0.0198652 0.0700551
0 0.799116 0.259955 0.0225158 0.0647149
0 0.684102 0.208273 0.0208715 0.0587326
0 0.226934 0.148523 0.0162589 0.0572048
0 0.407819 0.136707 0.0178712 0.0541862
0 0.603001 0.15413 0.0167987 0.0555866
0 0.27591 0.186906 0.0186292 0.0573764
0 0.34427 0.144762 0.0170466 0.0617689
0 0.437283 0.22473 0.0202587 0.0727632
0 0.0162709 0.211576 0.021407 0.0627974
0 0.0969807 0.12322 0.0144584 0.0461935
0 0.912516 0.267453 0.0229115 0.0624807
0 0.409565 0.616092 0.0441967 0.123915
0 0.510659 0.226864 0.0187094 0.0549496
0 0.81378 0.22554 0.0206406 0.0663476
0 0.569026 0.105615 0.0153877 0.0494133
0 0.616233 0.103874 0.0142959 0.0479258
0 0.43779 0.118534 0.0164179 0.0587073
0 0.48123 0.171086 0.0185211 0.0579511
0 0.112547 0.152528 0.0157558 0.0538828
0 0.753959 0.487213 0.0292185 0.0872853
0 0.395639 0.103605 0.0171403 0.049153
0 0.547291 0.202476 0.022012 0.0692042
0 0.873118 0.245893 0.0194511 0.0707371
0 0.9443 0.119573 0.0169445 0.0458015
0 0.509501 0.0422598 0.0129614 0.0395664
0 0.746637 0.151948 0.0152099 0.0566523
0 0.202256 0.123171 0.01384 0.0466978
0 0.00591994 0.683052 0.0113354 0.136432
0 0.0305978 0.103475 0.0146274 0.0475562
0 0.72074 0.143296 0.01747 0.0488624
0 0.782467 0.125779 0.0160196 0.044642
0 0.138632 0.0552326 0.0141337 0.0421307
0 0.539633 0.364204 0.0232721 0.0740953
0 0.408287 0.241831 0.020318 0.0675966
0 0.851774 0.146847 0.0204651 0.0483425
0 0.423297 0.128292 0.0153751 0.0584921
0 0.0894371 0.077731 0.0134154 0.0398903
0 0.347204 0.0891697 0.0142064 0.0448451
0 0.472105 0.118875 0.0149048 0.0491127
0 0.674091 0.104094 0.016856 0.0488533
0 0.969131 0.0980133 0.0158138 0.0438163
0 0.471295 0.0465673 0.0127244 0.0383709
0 0.160832 0.145926 0.0146929 0.0520814
0 0.0597858 0.0722633 0.012225 0.0402225
0 0.126226 0.126174 0.0132742 0.0465823
0 0.761044 0.135757 0.0176443 0.0599231
0 0.352099 0.228494 0.019061 0.0671221
0 0.455723 0.0777224 0.0136572 0.0469796
0 0.590198 0.107936 0.0153195 0.0460736
0 0.619715 0.257391 0.0224066 0.0772192
0 0.630965 0.0630008 0.0133864 0.044745
0 0.173355 0.107156 0.0135737 0.0422507
0 0.885049 0.166888 0.0170341 0.053793
0 0.376979 0.237575 0.0222045 0.0750627
0 0.234535 0.0706096 0.0131383 0.0396022
0 0.895978 0.089586 0.0123875 0.0390917
0 0.504694 0.0860543 0.016362 0.0480427
0 0.912693 0.153586 0.0216624 0.0513968
0 0.288439 0.10479 0.0134596 0.0438162
0 0.577357 0.0479736 0.0113713 0.0377252
0 0.486374 0.0410196 0.012188 0.0395209
0 0.105537 0.0615765 0.0117137 0.0365265
0 0.720382 0.0967203 0.0135598 0.0353385
0 0.56067 0.0439049 0.0118561 0.0334131
0 0.123606 0.0534833 0.0130568 0.0377022
0 0.406577 0.191266 0.0199371 0.056542
0 0.30082 0.0547146 0.0148833 0.0434848
0 0.825742 0.526717 0.0253665 0.0963786
0 0.524921 0.147312 0.0177743 0.053634
0 0.591663 0.0653052 0.013402 0.0372854
0 0.171822 0.046012 0.0124636 0.0405897
0 0.250972 0.0702959 0.0134562 0.0397566
0 0.794034 0.0798408 0.0120077 0.0364481
0 0.360266 0.0488833 0.0124058 0.0395331
0 0.134768 0.103906 0.0124979 0.0397075
0 0.692239 0.0883785 0.0144736 0.0480562
0 0.254278 0.140695 0.0154261 0.0452576
0 0.875418 0.129891 0.0146337 0.0418726
0 0.415532 0.0539064 0.0107716 0.031622
0 0.145683 0.931907 0.0483377 0.136185
0 0.728755 0.031319 0.0124764 0.0396806
0 0.404264 0.0535864 0.0113166 0.0350017
0 0.806195 0.139968 0.0148254 0.0472009
0 0.526958 0.0921303 0.0131781 0.0445124
0 0.992653 0.309002 0.0146949 0.0796985
0 0.00509545 0.157219 0.0101909 0.0623137
0 0.441072 0.0649032 0.0130622 0.0393168
0 0.209486 0.0418235 0.0121508 0.0384252
0 0.825999 0.0677391 0.0126228 0.0352853
0 0.968355 0.170205 0.0154434 0.0450781
0 0.892361 0.274129 0.0174261 0.0586398
