0 0.200815 0.802500 0.063201 0.160000
0 0.573394 0.866250 0.045872 0.162500
0 0.778287 0.736250 0.058104 0.162500
0 0.882263 0.693750 0.037717 0.132500
0 0.079511 0.410000 0.028542 0.100000
0 0.060143 0.291250 0.024465 0.077500
0 0.130989 0.353750 0.023445 0.082500
0 0.151376 0.302500 0.025484 0.080000
0 0.244648 0.383750 0.026504 0.077500
0 0.345566 0.466250 0.028542 0.087500
0 0.314985 0.360000 0.028542 0.080000
0 0.012232 0.115000 0.016310 0.050000
0 0.113660 0.113750 0.013252 0.042500
0 0.082059 0.133750 0.015291 0.047500
0 0.143731 0.227500 0.018349 0.055000
0 0.180428 0.221250 0.018349 0.057500
0 0.133537 0.125000 0.018349 0.050000
0 0.167176 0.091250 0.014271 0.047500
0 0.192151 0.088750 0.015291 0.047500
0 0.219674 0.105000 0.017329 0.040000
0 0.261468 0.283750 0.019368 0.062500
0 0.236493 0.217500 0.020387 0.055000
0 0.345566 0.285000 0.022426 0.065000
0 0.358308 0.152500 0.015291 0.050000
0 0.332314 0.087500 0.014271 0.045000
0 0.254842 0.101250 0.014271 0.047500
0 0.391947 0.136250 0.017329 0.047500
0 0.426606 0.257500 0.023445 0.065000
0 0.437819 0.307500 0.023445 0.080000
0 0.445973 0.407500 0.023445 0.090000
0 0.372069 0.082500 0.016310 0.045000
0 0.462793 0.491250 0.028542 0.107500
0 0.528033 0.458750 0.028542 0.092500
0 0.555556 0.575000 0.028542 0.095000
0 0.490316 0.313750 0.024465 0.087500
0 0.471967 0.267500 0.020387 0.075000
0 0.438328 0.132500 0.016310 0.050000
0 0.307849 0.087500 0.014271 0.035000
0 0.479613 0.086250 0.015291 0.047500
0 0.449032 0.092500 0.013252 0.040000
0 0.470438 0.143750 0.017329 0.047500
0 0.493374 0.140000 0.014271 0.045000
0 0.508665 0.157500 0.016310 0.055000
0 0.492864 0.236250 0.017329 0.057500
0 0.516310 0.288750 0.025484 0.077500
0 0.535168 0.207500 0.018349 0.070000
0 0.552497 0.312500 0.022426 0.080000
0 0.620285 0.302500 0.027523 0.085000
0 0.662589 0.525000 0.040775 0.110000
0 0.688073 0.298750 0.022426 0.077500
0 0.563710 0.210000 0.022426 0.060000
0 0.547910 0.128750 0.013252 0.047500
0 0.538226 0.086250 0.014271 0.042500
0 0.504587 0.103750 0.012232 0.042500
0 0.569827 0.157500 0.014271 0.045000
0 0.598879 0.117500 0.015291 0.050000
0 0.595821 0.200000 0.017329 0.050000
0 0.585117 0.156250 0.014271 0.057500
0 0.659021 0.271250 0.021407 0.067500
0 0.659021 0.212500 0.021407 0.055000
0 0.649337 0.106250 0.014271 0.042500
0 0.672273 0.131250 0.015291 0.052500
0 0.683996 0.193750 0.014271 0.052500
0 0.713558 0.186250 0.020387 0.067500
0 0.703874 0.131250 0.013252 0.042500
0 0.680428 0.075000 0.015291 0.045000
0 0.750765 0.120000 0.015291 0.040000
0 0.796126 0.325000 0.026504 0.090000
0 0.804281 0.221250 0.018349 0.062500
0 0.787462 0.181250 0.013252 0.047500
0 0.831804 0.176250 0.012232 0.042500
0 0.817023 0.473750 0.033639 0.112500
0 0.897554 0.458750 0.033639 0.097500
0 0.846585 0.223750 0.019368 0.057500
0 0.878186 0.252500 0.025484 0.065000
0 0.888379 0.152500 0.013252 0.045000
0 0.855759 0.110000 0.013252 0.040000
0 0.971967 0.356250 0.029562 0.077500
0 0.980632 0.265000 0.016310 0.065000
0 0.948522 0.213750 0.017329 0.047500
0 0.920489 0.190000 0.022426 0.050000
