0 0.089704 0.756579 0.030581 0.092105
0 0.621305 0.506579 0.027523 0.086842
0 0.431702 0.810526 0.033639 0.105263
0 0.932722 0.532895 0.024465 0.071053
0 0.559633 0.390789 0.022426 0.055263
0 0.441896 0.578947 0.027523 0.078947
0 0.353721 0.456579 0.024465 0.071053
0 0.618247 0.322368 0.017329 0.055263
0 0.689093 0.336842 0.020387 0.068421
0 0.558614 0.278947 0.018349 0.052632
0 0.439348 0.392105 0.022426 0.073684
0 0.503058 0.400000 0.019368 0.057895
0 0.958206 0.222368 0.014271 0.050000
0 0.608053 0.263158 0.015291 0.052632
0 0.655454 0.296053 0.018349 0.055263
0 0.433741 0.285526 0.017329 0.055263
0 0.074414 0.463158 0.020387 0.068421
0 0.720183 0.215789 0.015291 0.047368
0 0.314475 0.338158 0.021407 0.060526
0 0.035168 0.482895 0.021407 0.071053
0 0.694190 0.181579 0.014271 0.047368
0 0.644241 0.227632 0.014271 0.044737
0 0.409276 0.328947 0.021407 0.057895
0 0.645260 0.169737 0.014271 0.044737
0 0.258410 0.377632 0.017329 0.055263
0 0.553007 0.434211 0.021407 0.057895
0 0.366972 0.590789 0.026504 0.065789
0 0.747197 0.335526 0.020387 0.065789
0 0.180938 0.264474 0.015291 0.050000
0 0.409786 0.398684 0.022426 0.060526
0 0.154434 0.206579 0.015291 0.055263
0 0.781855 0.167105 0.016310 0.044737
0 0.508155 0.576316 0.023445 0.063158
0 0.562181 0.201316 0.017329 0.055263
0 0.781346 0.251316 0.013252 0.050000
0 0.104995 0.268421 0.016310 0.047368
0 0.199796 0.302632 0.016310 0.052632
0 0.989297 0.181579 0.017329 0.052632
0 0.748726 0.206579 0.017329 0.055263
0 0.230377 0.236842 0.016310 0.047368
0 0.073394 0.219737 0.014271 0.044737
0 0.665647 0.584211 0.028542 0.078947
0 0.943425 0.118421 0.015291 0.042105
0 0.884811 0.144737 0.016310 0.047368
0 0.517839 0.194737 0.016310 0.047368
0 0.870031 0.072368 0.013252 0.039474
0 0.241590 0.318421 0.016310 0.052632
0 0.460245 0.207895 0.015291 0.042105
0 0.399083 0.238158 0.017329 0.044737
0 0.709990 0.125000 0.013252 0.039474
0 0.775229 0.532895 0.021407 0.065789
0 0.318043 0.218421 0.014271 0.047368
0 0.107543 0.109211 0.013252 0.039474
0 0.925586 0.150000 0.014271 0.047368
0 0.294088 0.369737 0.017329 0.050000
0 0.861876 0.171053 0.015291 0.047368
0 0.323649 0.144737 0.015291 0.047368
0 0.391437 0.077632 0.012232 0.034211
0 0.288991 0.311842 0.015291 0.050000
0 0.214067 0.165789 0.014271 0.042105
0 0.510703 0.143421 0.016310 0.044737
0 0.797146 0.034211 0.012232 0.036842
0 0.984200 0.115789 0.013252 0.042105
0 0.014271 0.192105 0.014271 0.047368
0 0.291539 0.198684 0.016310 0.044737
0 0.203874 0.044737 0.012232 0.036842
0 0.024465 0.305263 0.014271 0.047368
0 0.342508 0.176316 0.018349 0.047368
0 0.537717 0.128947 0.015291 0.042105
0 0.600917 0.123684 0.013252 0.042105
0 0.403670 0.148684 0.016310 0.050000
0 0.362385 0.253947 0.017329 0.055263
0 0.232926 0.510526 0.021407 0.073684
0 0.058614 0.164474 0.011213 0.039474
0 0.960754 0.048684 0.013252 0.039474
0 0.424567 0.040789 0.015291 0.039474
0 0.765036 0.186842 0.013252 0.042105
0 0.717635 0.551316 0.020387 0.065789
0 0.625892 0.085526 0.014271 0.044737
0 0.489806 0.560526 0.019368 0.063158
0 0.095311 0.177632 0.015291 0.044737
0 0.149337 0.751316 0.027523 0.081579
0 0.946993 0.061842 0.012232 0.034211
0 0.995413 0.090789 0.009174 0.050000
0 0.340979 0.118421 0.015291 0.047368
0 0.664628 0.105263 0.012232 0.036842
0 0.579511 0.200000 0.013252 0.042105
0 0.885321 0.046053 0.013252 0.039474
0 0.615698 0.822368 0.038736 0.139474
0 0.985219 0.057895 0.011213 0.036842
0 0.357288 0.051316 0.011213 0.034211
0 0.486748 0.122368 0.015291 0.044737
0 0.071356 0.173684 0.014271 0.036842
0 0.367992 0.047368 0.012232 0.036842
0 0.108563 0.178947 0.015291 0.042105
0 0.673802 0.134211 0.012232 0.042105
0 0.277268 0.544737 0.022426 0.078947
0 0.994903 0.080263 0.010194 0.050000
0 0.583078 0.107895 0.012232 0.036842
0 0.483180 0.077632 0.014271 0.039474
0 0.526504 0.051316 0.013252 0.039474
0 0.751784 0.089474 0.013252 0.036842
0 0.444954 0.089474 0.015291 0.047368
0 0.153925 0.077632 0.010194 0.034211
0 0.070846 0.132895 0.013252 0.034211
0 0.529562 0.535526 0.019368 0.065789
0 0.654434 0.068421 0.010194 0.031579
0 0.431702 0.157895 0.017329 0.052632
0 0.004587 0.094737 0.007136 0.036842
0 0.305301 0.201316 0.013252 0.050000
0 0.377676 0.272368 0.015291 0.044737
0 0.786442 0.089474 0.013252 0.042105
0 0.644750 0.128947 0.013252 0.036842
0 0.169725 0.928947 0.035678 0.089474
0 0.804281 0.627632 0.034659 0.097368
0 0.861876 0.594737 0.025484 0.078947
0 0.376147 0.148684 0.014271 0.044737
0 0.550459 0.022368 0.012232 0.034211
0 0.452090 0.027632 0.013252 0.039474
0 0.462793 0.136842 0.018349 0.036842
0 0.571865 0.055263 0.010194 0.036842
0 0.043833 0.246053 0.018349 0.050000
0 0.139144 0.021053 0.013252 0.036842
0 0.161060 0.021053 0.012232 0.036842
0 0.276249 0.022368 0.010194 0.034211
0 0.257390 0.015789 0.011213 0.026316
0 0.243629 0.015789 0.012232 0.026316
0 0.232416 0.138158 0.016310 0.044737
0 0.187564 0.078947 0.012232 0.036842
0 0.177880 0.069737 0.017329 0.055263
0 0.196228 0.517105 0.023445 0.076316
0 0.289501 0.814474 0.030581 0.097368
