0 0.937819 0.786842 0.028542 0.094737
0 0.244139 0.696053 0.025484 0.076316
0 0.507136 0.527632 0.025484 0.076316
0 0.629460 0.414474 0.021407 0.060526
0 0.330275 0.514474 0.020387 0.071053
0 0.398573 0.290789 0.018349 0.060526
0 0.672273 0.282895 0.017329 0.055263
0 0.708970 0.464474 0.025484 0.081579
0 0.422018 0.161842 0.016310 0.050000
0 0.824669 0.672368 0.028542 0.081579
0 0.616718 0.231579 0.016310 0.052632
0 0.404689 0.489474 0.020387 0.078947
0 0.411825 0.231579 0.016310 0.052632
0 0.186035 0.478947 0.021407 0.068421
0 0.509174 0.234211 0.017329 0.052632
0 0.440877 0.467105 0.021407 0.071053
0 0.374108 0.394737 0.018349 0.057895
0 0.363405 0.175000 0.015291 0.044737
0 0.708970 0.268421 0.017329 0.052632
0 0.896534 0.181579 0.017329 0.052632
0 0.285423 0.301316 0.018349 0.055263
0 0.597350 0.276316 0.020387 0.057895
0 0.549949 0.280263 0.017329 0.055263
0 0.338940 0.309211 0.017329 0.050000
0 0.797146 0.310526 0.018349 0.063158
0 0.449541 0.205263 0.016310 0.047368
0 0.845566 0.121053 0.013252 0.042105
0 0.748216 0.671053 0.030581 0.084211
0 0.308869 0.246053 0.014271 0.044737
0 0.691641 0.096053 0.013252 0.034211
0 0.057085 0.186842 0.016310 0.047368
0 0.806830 0.117105 0.015291 0.044737
0 0.111621 0.209211 0.015291 0.044737
0 0.022426 0.155263 0.014271 0.047368
0 0.078491 0.193421 0.014271 0.044737
0 0.321101 0.167105 0.014271 0.044737
0 0.009174 0.121053 0.012232 0.047368
0 0.393986 0.388158 0.021407 0.071053
0 0.461264 0.555263 0.027523 0.084211
0 0.644750 0.102632 0.013252 0.047368
0 0.008155 0.289474 0.014271 0.052632
0 0.760958 0.235526 0.017329 0.055263
0 0.758919 0.143421 0.015291 0.050000
0 0.544852 0.148684 0.015291 0.050000
0 0.502548 0.138158 0.016310 0.050000
0 0.746177 0.089474 0.014271 0.047368
0 0.104995 0.102632 0.014271 0.042105
0 0.498981 0.269737 0.017329 0.050000
0 0.309888 0.300000 0.018349 0.052632
0 0.831804 0.023684 0.012232 0.036842
0 0.832824 0.293421 0.016310 0.055263
0 0.253313 0.251316 0.015291 0.039474
0 0.793068 0.821053 0.026504 0.094737
0 0.722732 0.248684 0.014271 0.055263
0 0.349643 0.256579 0.016310 0.055263
0 0.478593 0.052632 0.013252 0.036842
0 0.195209 0.042105 0.011213 0.031579
0 0.398573 0.148684 0.014271 0.044737
0 0.675841 0.532895 0.026504 0.076316
0 0.284404 0.173684 0.014271 0.042105
0 0.191641 0.352632 0.014271 0.047368
0 0.460245 0.157895 0.015291 0.047368
0 0.853721 0.173684 0.015291 0.047368
0 0.663099 0.047368 0.013252 0.042105
0 0.889399 0.142105 0.017329 0.047368
0 0.580020 0.144737 0.016310 0.042105
0 0.132008 0.177632 0.013252 0.050000
0 0.079001 0.117105 0.015291 0.039474
0 0.619266 0.142105 0.015291 0.047368
0 0.911315 0.118421 0.012232 0.036842
0 0.966361 0.103947 0.014271 0.044737
0 0.613150 0.064474 0.013252 0.039474
0 0.146789 0.178947 0.016310 0.052632
0 0.409786 0.134211 0.014271 0.047368
0 0.918960 0.052632 0.011213 0.036842
0 0.560652 0.476316 0.030581 0.100000
0 0.731906 0.025000 0.008155 0.028947
0 0.771662 0.015789 0.010194 0.026316
0 0.483180 0.289474 0.014271 0.047368
0 0.456677 0.060526 0.012232 0.036842
0 0.934251 0.032895 0.011213 0.034211
0 0.545872 0.096053 0.015291 0.039474
0 0.155454 0.555263 0.029562 0.094737
0 0.136086 0.107895 0.011213 0.026316
0 0.149847 0.044737 0.012232 0.036842
0 0.179918 0.042105 0.013252 0.036842
0 0.228848 0.853947 0.041794 0.092105
0 0.303772 0.589474 0.024465 0.073684
0 0.336391 0.773684 0.030581 0.105263
0 0.422018 0.590789 0.030581 0.086842
0 0.457187 0.714474 0.031600 0.081579
0 0.503568 0.760526 0.028542 0.078947
0 0.518858 0.694737 0.032620 0.094737
0 0.699286 0.778947 0.036697 0.094737
0 0.632008 0.657895 0.040775 0.115789
0 0.555556 0.248684 0.014271 0.044737
0 0.897554 0.043421 0.013252 0.044737
0 0.933741 0.071053 0.014271 0.047368
0 0.519878 0.146053 0.014271 0.039474
0 0.249235 0.177632 0.017329 0.039474
0 0.254332 0.153947 0.017329 0.039474
0 0.225790 0.025000 0.009174 0.034211
0 0.128950 0.051316 0.017329 0.039474
0 0.301733 0.017105 0.012232 0.028947
0 0.272681 0.026316 0.011213 0.031579
0 0.377166 0.032895 0.012232 0.034211
