0 0.199132 0.508221 0.0349535 0.116626
0 0.745519 0.879846 0.061796 0.161067
0 0.473639 0.873819 0.05797 0.164914
0 0.216039 0.755062 0.0419332 0.14542
0 0.140054 0.465202 0.0325449 0.113576
0 0.536772 0.708187 0.0389509 0.153932
0 0.838784 0.406277 0.0313492 0.106091
0 0.881876 0.584728 0.0376364 0.146301
0 0.508008 0.591177 0.0346725 0.135507
0 0.406896 0.828014 0.0431873 0.143533
0 0.862907 0.766039 0.0469265 0.152572
0 0.678981 0.706746 0.0401037 0.118459
0 0.766826 0.440042 0.03135 0.115756
0 0.797895 0.369823 0.0297964 0.09529
0 0.614168 0.936209 0.0580441 0.127582
0 0.246796 0.477071 0.0304772 0.11289
0 0.736352 0.610905 0.0315615 0.121184
0 0.334163 0.455166 0.0300513 0.101546
0 0.29507 0.347476 0.0240482 0.0880785
0 0.260307 0.770739 0.0351092 0.151245
0 0.605375 0.233929 0.0218179 0.0763957
0 0.398023 0.466736 0.0296017 0.100519
0 0.979074 0.432049 0.0384201 0.114296
0 0.593876 0.416551 0.0320257 0.107184
0 0.720988 0.480457 0.0293671 0.1091
0 0.854212 0.515321 0.0292816 0.105397
0 0.479938 0.36332 0.0222887 0.0752159
0 0.596449 0.576194 0.0398802 0.146474
0 0.507333 0.323034 0.0229578 0.070023
0 0.662926 0.383799 0.0258087 0.0906286
0 0.171518 0.372769 0.0239869 0.0891529
0 0.439885 0.376752 0.0269461 0.0851896
0 0.635475 0.330844 0.0218118 0.0749808
0 0.936072 0.436744 0.026446 0.0871058
0 0.692492 0.326791 0.0260988 0.0915569
0 0.82309 0.725277 0.0411922 0.144832
0 0.676507 0.822625 0.0416321 0.154867
0 0.265435 0.328888 0.0222725 0.0862298
0 0.798951 0.275279 0.0250023 0.0745357
0 0.342792 0.377357 0.0248781 0.0784537
0 0.868477 0.224815 0.0211039 0.0753957
0 0.434838 0.199618 0.0181801 0.0713013
0 0.324523 0.31368 0.0223658 0.0779708
0 0.604171 0.169104 0.0189427 0.053938
0 0.729827 0.391954 0.0252338 0.0744518
0 0.477794 0.172355 0.0157213 0.0532048
0 0.455696 0.187726 0.02111 0.0720449
0 0.357253 0.282609 0.0195357 0.0704196
0 0.978425 0.282371 0.0238889 0.0745904
0 0.936407 0.249754 0.0222317 0.0738291
0 0.646662 0.261536 0.0211188 0.0712806
0 0.73094 0.164474 0.0198087 0.0588878
0 0.397749 0.211799 0.0201401 0.0704201
0 0.535519 0.268307 0.0219607 0.0690864
0 0.686504 0.23533 0.0187539 0.0579829
0 0.471152 0.0983331 0.0155462 0.0547312
0 0.980082 0.804754 0.0398359 0.22475
0 0.752838 0.310197 0.0237277 0.0835491
0 0.932554 0.344637 0.0217182 0.0792796
0 0.913357 0.376223 0.0267803 0.0818172
0 0.258771 0.195391 0.0184962 0.0600008
0 0.235463 0.211693 0.0210466 0.0672646
0 0.194216 0.177969 0.0196424 0.0522693
0 0.151637 0.187559 0.0221867 0.062672
0 0.0189698 0.216051 0.0229677 0.0673242
0 0.773207 0.332117 0.0225616 0.0820192
0 0.736958 0.243067 0.0254039 0.0812239
0 0.771285 0.238539 0.0225652 0.0641859
0 0.510245 0.254602 0.0217777 0.0661178
0 0.0816046 0.213751 0.0158513 0.0542877
0 0.196667 0.323278 0.0243103 0.0968434
0 0.341145 0.217871 0.0188544 0.0660347
0 0.567144 0.262472 0.0243696 0.0558743
0 0.105129 0.230064 0.0197571 0.0595247
0 0.934371 0.137619 0.0159406 0.050502
0 0.516776 0.192933 0.022825 0.0617101
0 0.80467 0.181397 0.0166185 0.0533821
0 0.664087 0.167182 0.0184042 0.0573963
0 0.902922 0.270484 0.024725 0.0726454
0 0.955742 0.15243 0.018792 0.0570348
0 0.765755 0.1804 0.0171211 0.0504957
0 0.139573 0.0551816 0.0122694 0.0392733
0 0.131655 0.114839 0.0155975 0.0561507
0 0.639241 0.101573 0.014686 0.0505792
0 0.390263 0.107601 0.0149656 0.0515918
0 0.289453 0.204172 0.0164393 0.060403
0 0.241862 0.112519 0.0166371 0.0517206
0 0.321811 0.230143 0.0189396 0.0657306
0 0.554668 0.15488 0.017178 0.0587307
0 0.364672 0.143313 0.0199509 0.058606
0 0.496662 0.118916 0.0126705 0.0468057
0 0.840359 0.278579 0.020841 0.0631935
0 0.897202 0.0913468 0.0123157 0.0440192
0 0.100332 0.167986 0.0173792 0.052389
0 0.899438 0.148279 0.014801 0.0525732
0 0.278057 0.0862941 0.0127537 0.0437052
0 0.83011 0.058206 0.0123226 0.0386789
0 0.167179 0.124133 0.0166773 0.0484262
0 0.752784 0.0911995 0.0137251 0.0407219
0 0.562075 0.322163 0.0209881 0.0701128
0 0.113167 0.59442 0.0412412 0.126385
0 0.584109 0.0570513 0.0127789 0.0398168
0 0.494299 0.0320165 0.0144615 0.0406436
0 0.525757 0.0902452 0.0133911 0.0457496
0 0.336279 0.129646 0.0180469 0.0566219
0 0.403392 0.0793726 0.015164 0.0468583
0 0.709979 0.180803 0.0165157 0.0456391
0 0.240044 0.0396201 0.0122269 0.0356286
0 0.577437 0.12451 0.0118446 0.0425293
0 0.414197 0.17993 0.01831 0.0681926
0 0.376815 0.106108 0.0130586 0.0474427
0 0.801955 0.0565356 0.012418 0.037368
0 0.358224 0.0864105 0.0150227 0.044086
0 0.224832 0.116656 0.0158874 0.0523461
0 0.928726 0.0811256 0.0138065 0.0382268
0 0.173649 0.0776419 0.014463 0.0428838
0 0.441634 0.115883 0.0182499 0.045858
0 0.894495 0.0457875 0.0141747 0.0386457
0 0.295589 0.0637615 0.0123741 0.0359259
0 0.541285 0.0375967 0.0159071 0.0423974
0 0.253294 0.0730458 0.0131721 0.0389163
0 0.591223 0.124866 0.0135736 0.0457486
0 0.512951 0.0639782 0.01437 0.039072
0 0.085086 0.0554201 0.0114499 0.0300896
0 0.725503 0.0875034 0.0138066 0.0419745
0 0.525904 0.0375561 0.0118251 0.0372284
0 0.00483939 0.0423035 0.00857587 0.032768
0 0.622256 0.0195961 0.0108559 0.0312877
0 0.97393 0.129408 0.0194794 0.0607793
0 0.609579 0.119685 0.0115638 0.0379045
0 0.856233 0.0498656 0.0119427 0.0361773
0 0.432541 0.0758554 0.0161837 0.0446564
0 0.445922 0.0479566 0.0122212 0.0402005
0 0.690539 0.054348 0.0130476 0.0331039
0 0.616598 0.0899021 0.0113034 0.0366593
0 0.554359 0.0861951 0.0117026 0.0354373
0 0.0246328 0.153009 0.0151736 0.0477226
0 0.433963 0.0805436 0.0163867 0.04276
0 0.545882 0.105418 0.0124348 0.0378779
0 0.678045 0.124507 0.0143488 0.0468308
0 0.885153 0.148274 0.0156755 0.0597213
0 0.0692682 0.0423639 0.0121854 0.031641
