0 0.537539 0.483437 0.0369841 0.124762
0 0.626607 0.754309 0.0434732 0.152225
0 0.2046 0.63921 0.0432087 0.139253
0 0.9234 0.844169 0.0582752 0.159549
0 0.836825 0.429436 0.0326844 0.111732
0 0.53775 0.661099 0.0420504 0.123034
0 0.592633 0.605375 0.0354507 0.120387
0 0.652245 0.526935 0.0306974 0.106653
0 0.55181 0.365127 0.0324576 0.106283
0 0.758747 0.404757 0.0344786 0.110766
0 0.153761 0.598087 0.0379302 0.124431
0 0.178269 0.491098 0.0324478 0.111308
0 0.681971 0.523804 0.0309561 0.111601
0 0.891759 0.36167 0.0277638 0.0885809
0 0.266547 0.762681 0.04276 0.163591
0 0.0463481 0.39793 0.0286166 0.108163
0 0.712083 0.849523 0.0408909 0.133443
0 0.973941 0.602493 0.0351788 0.127728
0 0.750056 0.570335 0.0312509 0.112809
0 0.972242 0.475849 0.0334598 0.115621
0 0.708128 0.360785 0.0287329 0.0938354
0 0.49983 0.494044 0.0279496 0.0932116
0 0.352092 0.563065 0.0295708 0.101156
0 0.725671 0.680476 0.0424826 0.136804
0 0.467158 0.60699 0.0333974 0.108691
0 0.919253 0.409183 0.0358299 0.123479
0 0.925525 0.668752 0.0577766 0.134239
0 0.40842 0.390547 0.0298504 0.103475
0 0.611315 0.484342 0.0251918 0.0837622
0 0.282937 0.39173 0.0288251 0.0978308
0 0.678182 0.29145 0.02451 0.0801576
0 0.486557 0.369199 0.0266752 0.0928089
0 0.423676 0.631671 0.0327484 0.11621
0 0.0452921 0.160657 0.0197831 0.0642721
0 0.48063 0.277717 0.024231 0.0696693
0 0.338241 0.409509 0.0264781 0.0939476
0 0.36667 0.344092 0.0230504 0.0833431
0 0.0882837 0.417912 0.0307669 0.0898588
0 0.382674 0.21728 0.0261913 0.0779336
0 0.74264 0.24783 0.0208827 0.0658608
0 0.127308 0.388038 0.0285016 0.0953801
0 0.198431 0.194284 0.0210864 0.0676102
0 0.790358 0.295465 0.0232295 0.0831291
0 0.945755 0.235184 0.028627 0.0829415
0 0.765638 0.17796 0.0192133 0.0618392
0 0.257528 0.309457 0.0216562 0.0855396
0 0.351688 0.250553 0.0220479 0.0756478
0 0.567778 0.184819 0.0203695 0.0758348
0 0.0726413 0.132067 0.0146739 0.0508009
0 0.154758 0.194905 0.0199979 0.0718153
0 0.383766 0.604949 0.0324869 0.128003
0 0.312993 0.184292 0.0202645 0.0718696
0 0.986493 0.375927 0.0255711 0.094214
0 0.174828 0.284212 0.0223729 0.0651017
0 0.112615 0.274722 0.0231199 0.0747827
0 0.838236 0.197706 0.019817 0.0676356
0 0.511465 0.186643 0.0195883 0.069016
0 0.734981 0.128354 0.0149848 0.0477613
0 0.280891 0.15238 0.0148316 0.0525193
0 0.250562 0.234078 0.019731 0.0612287
0 0.237924 0.474524 0.0261052 0.0956621
0 0.843747 0.140602 0.0165001 0.0475024
0 0.934955 0.105059 0.0159035 0.0475647
0 0.603628 0.217353 0.0217072 0.0628048
0 0.80271 0.0752959 0.0133281 0.043197
0 0.142735 0.276549 0.0252509 0.0782125
0 0.897245 0.137298 0.0179567 0.0610776
0 0.448531 0.200858 0.0194481 0.0635531
0 0.432706 0.533102 0.0325841 0.107172
0 0.782841 0.112954 0.0148774 0.0486006
0 0.469571 0.211084 0.0225015 0.0643875
0 0.0621908 0.0409778 0.0164036 0.0469227
0 0.530945 0.3678 0.01541 0.0824242
0 0.631193 0.184321 0.0161985 0.05247
0 0.307738 0.0948358 0.0162637 0.0509749
0 0.534272 0.107658 0.0142645 0.0481051
0 0.238423 0.199196 0.0161327 0.0614192
0 0.353996 0.0863816 0.0137952 0.0430357
0 0.392387 0.105174 0.0137226 0.0442724
0 0.345448 0.170393 0.0174841 0.0523606
0 0.557287 0.0906136 0.0124693 0.0442547
0 0.789182 0.966035 0.049784 0.0679291
0 0.17033 0.173504 0.0167008 0.0523077
0 0.106948 0.158812 0.0164567 0.0526739
0 0.226271 0.116014 0.0147479 0.0453242
0 0.707426 0.0705983 0.0146636 0.041118
0 0.490538 0.0809674 0.0148067 0.0478578
0 0.4866 0.150166 0.0192026 0.0666186
0 0.518504 0.110252 0.0170914 0.0529315
0 0.586086 0.189579 0.0137635 0.0501249
0 0.0916219 0.0485814 0.0127223 0.0370777
0 0.469498 0.137695 0.017412 0.0540513
0 0.0206367 0.118571 0.0200044 0.0565402
0 0.893181 0.0880973 0.0127874 0.0374
0 0.719493 0.0231412 0.0127404 0.0375308
0 0.0861299 0.107403 0.0121135 0.0397179
0 0.545478 0.0564374 0.0133589 0.0430384
0 0.905116 0.0775194 0.0116208 0.038997
0 0.195446 0.111846 0.0150198 0.0428056
0 0.144427 0.0386968 0.0119755 0.0372948
0 0.55603 0.149121 0.0165225 0.0542047
0 0.454175 0.0727744 0.0129291 0.0413617
0 0.83972 0.0569206 0.0115221 0.0370685
0 0.706851 0.132551 0.0172958 0.0461068
0 0.317054 0.0392966 0.0125829 0.0373884
0 0.0641704 0.0958754 0.0124174 0.0401036
0 0.369638 0.128106 0.0157907 0.0422343
0 0.66973 0.1793 0.0200104 0.0658686
0 0.893105 0.307679 0.0231751 0.0502821
0 0.430659 0.0745685 0.013982 0.0429388
0 0.593925 0.0724265 0.012828 0.0397121
0 0.647928 0.0985186 0.0144618 0.0431302
0 0.558624 0.045414 0.010722 0.0342956
0 0.183083 0.0382847 0.0117784 0.036463
0 0.264047 0.19167 0.0161753 0.053792
0 0.221927 0.0472431 0.0124588 0.0408249
0 0.994038 0.857913 0.0119232 0.173898
0 0.170312 0.0462477 0.0116398 0.0341556
0 0.443105 0.0765753 0.0122015 0.0395477
0 0.689185 0.202693 0.015061 0.0521534
0 0.271427 0.0701566 0.0129436 0.0372551
0 0.339183 0.0348894 0.0127204 0.0392292
0 0.241724 0.118542 0.0123275 0.0458765
0 0.864698 0.0554284 0.0110704 0.0308698
0 0.601532 0.0939031 0.0127331 0.038663
0 0.61067 0.056578 0.0122595 0.0370049
0 0.735981 0.0498288 0.0121121 0.0389145
0 0.281607 0.110144 0.0138361 0.0364234
0 0.207429 0.02271 0.0120163 0.0333975
0 0.623108 0.028308 0.0112529 0.0369779
0 0.684782 0.0700307 0.0147475 0.0450285
0 0.223705 0.170407 0.0156284 0.0534977
0 0.284541 0.055378 0.0122968 0.0372324
0 0.65605 0.0207139 0.0126317 0.0367175
0 0.747949 0.0956176 0.0124497 0.0400223
0 0.00469164 0.238838 0.00896813 0.0644403
