0 0.379715 0.683750 0.041794 0.142500
0 0.459225 0.476250 0.033639 0.112500
0 0.416922 0.466250 0.030581 0.092500
0 0.255861 0.410000 0.028542 0.090000
0 0.200306 0.453750 0.031600 0.082500
0 0.209480 0.315000 0.025484 0.075000
0 0.565749 0.711250 0.046891 0.127500
0 0.502548 0.416250 0.034659 0.082500
0 0.620285 0.622500 0.037717 0.120000
0 0.617737 0.760000 0.048930 0.125000
0 0.316004 0.387500 0.030581 0.095000
0 0.696228 0.677500 0.042813 0.145000
0 0.753823 0.695000 0.041794 0.145000
0 0.604995 0.420000 0.033639 0.090000
0 0.771662 0.440000 0.030581 0.100000
0 0.656473 0.385000 0.028542 0.085000
0 0.545872 0.350000 0.025484 0.090000
0 0.529562 0.405000 0.029562 0.100000
0 0.372069 0.367500 0.026504 0.065000
0 0.253823 0.303750 0.024465 0.057500
0 0.274720 0.276250 0.021407 0.072500
0 0.321611 0.288750 0.035678 0.087500
0 0.367992 0.262500 0.022426 0.070000
0 0.067788 0.158750 0.015291 0.047500
0 0.008665 0.332500 0.015291 0.090000
0 0.108053 0.157500 0.014271 0.045000
0 0.135576 0.163750 0.022426 0.042500
0 0.145260 0.123750 0.013252 0.042500
0 0.192661 0.168750 0.016310 0.047500
0 0.176860 0.156250 0.015291 0.057500
0 0.220183 0.152500 0.014271 0.045000
0 0.192151 0.085000 0.015291 0.045000
0 0.009684 0.097500 0.013252 0.040000
0 0.272171 0.182500 0.016310 0.045000
0 0.316004 0.177500 0.018349 0.045000
0 0.256371 0.165000 0.017329 0.045000
0 0.346075 0.181250 0.013252 0.042500
0 0.337411 0.125000 0.016310 0.045000
0 0.284404 0.133750 0.014271 0.042500
0 0.302243 0.102500 0.013252 0.035000
0 0.371050 0.128750 0.016310 0.037500
0 0.446993 0.301250 0.021407 0.062500
0 0.437819 0.378750 0.029562 0.072500
0 0.458206 0.256250 0.023445 0.057500
0 0.404689 0.133750 0.016310 0.042500
0 0.436799 0.166250 0.017329 0.052500
0 0.528033 0.233750 0.022426 0.067500
0 0.567278 0.295000 0.025484 0.075000
0 0.631498 0.260000 0.023445 0.070000
0 0.490316 0.182500 0.018349 0.045000
0 0.555556 0.142500 0.016310 0.055000
0 0.509684 0.196250 0.020387 0.067500
0 0.576962 0.225000 0.020387 0.055000
0 0.678389 0.241250 0.023445 0.077500
0 0.726300 0.353750 0.027523 0.097500
0 0.746177 0.317500 0.020387 0.080000
0 0.878186 0.457500 0.029562 0.095000
0 0.843017 0.365000 0.026504 0.095000
0 0.812946 0.361250 0.025484 0.077500
0 0.839959 0.233750 0.022426 0.062500
0 0.695209 0.180000 0.014271 0.045000
0 0.649337 0.168750 0.018349 0.057500
0 0.601427 0.180000 0.016310 0.040000
0 0.986239 0.431250 0.027523 0.087500
0 0.908767 0.345000 0.031600 0.085000
0 0.882773 0.341250 0.026504 0.072500
0 0.940367 0.346250 0.023445 0.087500
0 0.787462 0.301250 0.019368 0.062500
0 0.812436 0.287500 0.022426 0.065000
0 0.678389 0.127500 0.015291 0.040000
0 0.735474 0.155000 0.017329 0.050000
0 0.846075 0.151250 0.016310 0.042500
0 0.866463 0.112500 0.016310 0.050000
0 0.878186 0.206250 0.021407 0.057500
0 0.907747 0.176250 0.019368 0.057500
0 0.934760 0.225000 0.018349 0.055000
0 0.874108 0.278750 0.027523 0.057500
0 0.989806 0.260000 0.020387 0.065000
0 0.975025 0.368750 0.023445 0.057500
0 0.625382 0.113750 0.017329 0.042500
0 0.571865 0.125000 0.014271 0.045000
0 0.588685 0.116250 0.017329 0.037500
0 0.457187 0.081250 0.013252 0.032500
0 0.414373 0.098750 0.013252 0.037500
0 0.504587 0.093750 0.014271 0.037500
0 0.471967 0.138750 0.020387 0.052500
0 0.423547 0.170000 0.013252 0.045000
0 0.225790 0.116250 0.017329 0.042500
0 0.257390 0.122500 0.015291 0.035000
0 0.044343 0.101250 0.013252 0.032500
0 0.080530 0.136250 0.014271 0.042500
0 0.098879 0.097500 0.014271 0.035000
0 0.125892 0.097500 0.013252 0.045000
0 0.280836 0.076250 0.015291 0.042500
0 0.259429 0.076250 0.015291 0.037500
0 0.319062 0.095000 0.012232 0.035000
0 0.337411 0.082500 0.012232 0.035000
0 0.439857 0.061250 0.015291 0.037500
0 0.547401 0.077500 0.018349 0.045000
0 0.531091 0.081250 0.016310 0.042500
0 0.521916 0.125000 0.016310 0.050000
0 0.536188 0.130000 0.016310 0.050000
0 0.735984 0.107500 0.014271 0.035000
0 0.755352 0.093750 0.012232 0.032500
0 0.780326 0.095000 0.013252 0.040000
0 0.804791 0.098750 0.015291 0.042500
0 0.829256 0.126250 0.015291 0.042500
0 0.899083 0.100000 0.016310 0.035000
0 0.881753 0.141250 0.014271 0.042500
