0 0.632518 0.435526 0.027523 0.071053
0 0.825178 0.450000 0.021407 0.063158
0 0.932212 0.160526 0.013252 0.047368
0 0.271152 0.450000 0.024465 0.068421
0 0.549439 0.465789 0.022426 0.068421
0 0.490826 0.475000 0.019368 0.060526
0 0.372069 0.418421 0.020387 0.063158
0 0.688073 0.269737 0.016310 0.060526
0 0.454638 0.242105 0.016310 0.052632
0 0.631498 0.182895 0.017329 0.044737
0 0.692151 0.181579 0.016310 0.052632
0 0.588685 0.172368 0.015291 0.044737
0 0.983180 0.122368 0.015291 0.050000
0 0.750765 0.338158 0.017329 0.060526
0 0.049439 0.248684 0.017329 0.050000
0 0.120795 0.071053 0.013252 0.036842
0 0.341998 0.248684 0.017329 0.050000
0 0.226300 0.161842 0.016310 0.055263
0 0.469419 0.193421 0.015291 0.050000
0 0.237003 0.271053 0.021407 0.057895
0 0.918451 0.332895 0.024465 0.065789
0 0.968400 0.335526 0.020387 0.060526
0 0.133537 0.239474 0.018349 0.057895
0 0.165138 0.127632 0.012232 0.039474
0 0.027523 0.267105 0.016310 0.055263
0 0.191641 0.057895 0.012232 0.036842
0 0.378695 0.032895 0.013252 0.034211
0 0.510194 0.171053 0.017329 0.047368
0 0.912844 0.117105 0.015291 0.050000
0 0.294597 0.260526 0.016310 0.052632
0 0.041284 0.302632 0.017329 0.052632
0 0.013761 0.177632 0.015291 0.050000
0 0.536697 0.148684 0.013252 0.044737
0 0.219674 0.253947 0.015291 0.050000
0 0.411315 0.228947 0.017329 0.052632
0 0.521916 0.055263 0.012232 0.036842
0 0.426606 0.367105 0.019368 0.060526
0 0.396534 0.117105 0.014271 0.044737
0 0.485219 0.139474 0.016310 0.042105
0 0.656983 0.192105 0.015291 0.052632
0 0.628950 0.071053 0.012232 0.036842
0 0.417431 0.118421 0.013252 0.042105
0 0.767074 0.040789 0.011213 0.034211
0 0.219164 0.034211 0.010194 0.031579
0 0.762487 0.446053 0.022426 0.076316
0 0.314475 0.219737 0.019368 0.050000
0 0.491335 0.042105 0.012232 0.036842
0 0.701325 0.050000 0.014271 0.042105
0 0.669215 0.247368 0.015291 0.057895
0 0.873598 0.093421 0.014271 0.039474
0 0.372579 0.140789 0.015291 0.044737
0 0.022936 0.119737 0.011213 0.039474
0 0.080530 0.306579 0.018349 0.060526
0 0.365443 0.221053 0.015291 0.042105
0 0.287971 0.189474 0.017329 0.052632
0 0.044343 0.118421 0.011213 0.036842
0 0.101427 0.128947 0.013252 0.042105
0 0.434760 0.053947 0.013252 0.034211
0 0.119266 0.115789 0.014271 0.047368
0 0.585117 0.523684 0.020387 0.073684
0 0.731906 0.311842 0.018349 0.065789
0 0.179409 0.121053 0.012232 0.036842
0 0.056575 0.098684 0.011213 0.034211
0 0.093272 0.238158 0.017329 0.050000
0 0.251274 0.028947 0.011213 0.036842
0 0.067788 0.089474 0.011213 0.031579
0 0.668196 0.015789 0.011213 0.026316
0 0.194190 0.150000 0.013252 0.042105
0 0.270133 0.119737 0.014271 0.039474
0 0.464832 0.142105 0.014271 0.042105
0 0.331295 0.202632 0.016310 0.052632
0 0.145770 0.564474 0.024465 0.071053
0 0.170744 0.646053 0.031600 0.092105
0 0.215596 0.559211 0.035678 0.081579
0 0.061672 0.672368 0.027523 0.081579
0 0.048930 0.610526 0.026504 0.063158
0 0.329256 0.506579 0.034659 0.092105
0 0.865443 0.676316 0.030581 0.094737
0 0.143221 0.127632 0.015291 0.039474
0 0.148828 0.097368 0.010194 0.031579
0 0.248726 0.230263 0.014271 0.044737
0 0.446993 0.405263 0.027523 0.068421
0 0.432722 0.598684 0.035678 0.076316
0 0.562691 0.039474 0.016310 0.052632
0 0.464322 0.017105 0.013252 0.028947
0 0.645770 0.007895 0.013252 0.010526
0 0.731906 0.015789 0.010194 0.026316
0 0.740061 0.035526 0.012232 0.034211
0 0.857798 0.017105 0.011213 0.028947
0 0.837411 0.006579 0.017329 0.007895
0 0.896534 0.006579 0.011213 0.007895
0 0.596840 0.084211 0.013252 0.042105
0 0.614169 0.118421 0.011213 0.042105
