0 0.573394 0.222368 0.017329 0.060526
0 0.535678 0.447368 0.023445 0.073684
0 0.735474 0.382895 0.023445 0.076316
0 0.580020 0.446053 0.020387 0.065789
0 0.618247 0.314474 0.021407 0.065789
0 0.856779 0.582895 0.027523 0.086842
0 0.373089 0.544737 0.024465 0.078947
0 0.775739 0.577632 0.026504 0.071053
0 0.584098 0.315789 0.016310 0.057895
0 0.799185 0.417105 0.024465 0.076316
0 0.331804 0.286842 0.021407 0.052632
0 0.925586 0.338158 0.022426 0.065789
0 0.767074 0.357895 0.019368 0.063158
0 0.693170 0.460526 0.020387 0.073684
0 0.211009 0.478947 0.024465 0.068421
0 0.773700 0.440789 0.022426 0.071053
0 0.419470 0.259211 0.017329 0.055263
0 0.064730 0.565789 0.021407 0.078947
0 0.520387 0.310526 0.019368 0.057895
0 0.340979 0.350000 0.017329 0.057895
0 0.730887 0.284211 0.016310 0.052632
0 0.279817 0.306579 0.019368 0.060526
0 0.601937 0.171053 0.015291 0.042105
0 0.361876 0.318421 0.020387 0.063158
0 0.528033 0.221053 0.016310 0.047368
0 0.409276 0.340789 0.017329 0.055263
0 0.668196 0.235526 0.017329 0.055263
0 0.067278 0.284211 0.018349 0.052632
0 0.686544 0.302632 0.019368 0.057895
0 0.518349 0.776316 0.033639 0.094737
0 0.295107 0.369737 0.019368 0.060526
0 0.433741 0.247368 0.015291 0.057895
0 0.308869 0.432895 0.020387 0.065789
0 0.700306 0.196053 0.016310 0.050000
0 0.464832 0.511842 0.024465 0.076316
0 0.500510 0.218421 0.018349 0.057895
0 0.501529 0.343421 0.014271 0.050000
0 0.381244 0.188158 0.016310 0.050000
0 0.051988 0.173684 0.016310 0.042105
0 0.235474 0.196053 0.016310 0.050000
0 0.286442 0.213158 0.018349 0.052632
0 0.128440 0.127632 0.016310 0.044737
0 0.476045 0.136842 0.014271 0.042105
0 0.685015 0.126316 0.014271 0.042105
0 0.206422 0.064474 0.013252 0.044737
0 0.945973 0.055263 0.014271 0.042105
0 0.328746 0.205263 0.015291 0.042105
0 0.910805 0.102632 0.015291 0.042105
0 0.476555 0.346053 0.019368 0.060526
0 0.764016 0.072368 0.013252 0.039474
0 0.195209 0.130263 0.013252 0.039474
0 0.976555 0.076316 0.014271 0.042105
0 0.838940 0.057895 0.014271 0.042105
0 0.785933 0.053947 0.014271 0.039474
0 0.113150 0.071053 0.012232 0.042105
0 0.426096 0.436842 0.022426 0.068421
0 0.346075 0.022368 0.011213 0.034211
0 0.928644 0.413158 0.020387 0.068421
0 0.257900 0.225000 0.018349 0.050000
0 0.994903 0.052632 0.010194 0.047368
0 0.360856 0.159211 0.014271 0.055263
0 0.006116 0.085526 0.010194 0.034211
0 0.623344 0.069737 0.013252 0.039474
0 0.642712 0.186842 0.017329 0.052632
0 0.521407 0.098684 0.013252 0.039474
0 0.039246 0.067105 0.013252 0.039474
0 0.463303 0.234211 0.015291 0.047368
0 0.296636 0.059211 0.012232 0.039474
0 0.155963 0.153947 0.016310 0.044737
0 0.596330 0.103947 0.016310 0.044737
0 0.373598 0.096053 0.013252 0.044737
0 0.441386 0.059211 0.014271 0.044737
0 0.095821 0.102632 0.014271 0.036842
0 0.503568 0.514474 0.020387 0.076316
0 0.078491 0.086842 0.012232 0.036842
0 0.358818 0.061842 0.012232 0.039474
0 0.441896 0.147368 0.015291 0.047368
0 0.915902 0.035526 0.013252 0.039474
0 0.322630 0.075000 0.011213 0.039474
0 0.116208 0.590789 0.028542 0.065789
0 0.456167 0.188158 0.015291 0.050000
0 0.542304 0.097368 0.014271 0.042105
0 0.725280 0.081579 0.015291 0.042105
0 0.484200 0.213158 0.014271 0.052632
0 0.967380 0.009211 0.012232 0.013158
0 0.699796 0.082895 0.015291 0.044737
0 0.540265 0.053947 0.014271 0.039474
0 0.338430 0.069737 0.012232 0.039474
0 0.572375 0.084211 0.013252 0.042105
0 0.336391 0.150000 0.014271 0.042105
0 0.840979 0.396053 0.024465 0.065789
0 0.415392 0.097368 0.015291 0.047368
0 0.167176 0.103947 0.014271 0.039474
0 0.143221 0.105263 0.013252 0.042105
0 0.231906 0.028947 0.011213 0.031579
0 0.594801 0.118421 0.015291 0.042105
0 0.885321 0.035526 0.013252 0.044737
0 0.143731 0.728947 0.026504 0.078947
0 0.112130 0.806579 0.032620 0.076316
0 0.110092 0.514474 0.018349 0.060526
0 0.128440 0.509211 0.018349 0.060526
0 0.151376 0.511842 0.023445 0.071053
0 0.188073 0.543421 0.027523 0.081579
0 0.316514 0.584211 0.029562 0.084211
0 0.294597 0.517105 0.024465 0.071053
0 0.424567 0.638158 0.031600 0.081579
0 0.194190 0.469737 0.021407 0.076316
0 0.137105 0.056579 0.013252 0.039474
0 0.164118 0.044737 0.014271 0.047368
0 0.187564 0.017105 0.012232 0.028947
0 0.188073 0.075000 0.013252 0.039474
0 0.614679 0.577632 0.022426 0.076316
0 0.639653 0.638158 0.025484 0.086842
0 0.610092 0.776316 0.031600 0.084211
0 0.679409 0.852632 0.035678 0.094737
0 0.384811 0.402632 0.021407 0.063158
0 0.674312 0.602632 0.023445 0.057895
0 0.829256 0.015789 0.013252 0.026316
0 0.649847 0.139474 0.017329 0.036842
0 0.658512 0.119737 0.016310 0.034211
0 0.475535 0.072368 0.011213 0.039474
0 0.400612 0.089474 0.014271 0.047368
0 0.423038 0.050000 0.016310 0.036842
0 0.487768 0.061842 0.011213 0.034211
0 0.485219 0.038158 0.014271 0.028947
0 0.626402 0.023684 0.013252 0.042105
0 0.725790 0.019737 0.012232 0.034211
0 0.674822 0.069737 0.012232 0.050000
0 0.664118 0.039474 0.013252 0.036842
