0 0.435780 0.352632 0.019368 0.063158
0 0.755861 0.528947 0.029562 0.089474
0 0.800204 0.319737 0.018349 0.060526
0 0.517329 0.552632 0.025484 0.084211
0 0.794088 0.494737 0.024465 0.073684
0 0.568298 0.188158 0.017329 0.055263
0 0.364424 0.446053 0.023445 0.071053
0 0.197757 0.376316 0.018349 0.057895
0 0.931193 0.271053 0.019368 0.057895
0 0.500510 0.373684 0.022426 0.063158
0 0.304791 0.407895 0.020387 0.068421
0 0.253313 0.384211 0.017329 0.057895
0 0.527013 0.272368 0.018349 0.050000
0 0.433741 0.463158 0.021407 0.068421
0 0.240061 0.297368 0.017329 0.047368
0 0.244648 0.444737 0.022426 0.068421
0 0.675841 0.371053 0.020387 0.057895
0 0.705403 0.228947 0.014271 0.047368
0 0.876656 0.217105 0.018349 0.055263
0 0.508155 0.271053 0.015291 0.052632
0 0.693680 0.346053 0.015291 0.055263
0 0.044852 0.236842 0.016310 0.047368
0 0.573904 0.264474 0.016310 0.050000
0 0.625382 0.219737 0.017329 0.055263
0 0.547910 0.182895 0.015291 0.050000
0 0.287971 0.332895 0.019368 0.060526
0 0.463303 0.259211 0.017329 0.050000
0 0.406218 0.223684 0.015291 0.047368
0 0.798165 0.242105 0.016310 0.047368
0 0.596330 0.498684 0.020387 0.071053
0 0.641692 0.156579 0.017329 0.050000
0 0.612640 0.611842 0.028542 0.081579
0 0.592253 0.200000 0.018349 0.052632
0 0.479103 0.397368 0.018349 0.063158
0 0.774720 0.273684 0.016310 0.052632
0 0.451580 0.542105 0.022426 0.078947
0 0.620285 0.331579 0.019368 0.063158
0 0.376147 0.239474 0.020387 0.052632
0 0.706932 0.169737 0.015291 0.050000
0 0.992355 0.159211 0.015291 0.055263
0 0.833843 0.519737 0.022426 0.071053
0 0.552497 0.643421 0.024465 0.081579
0 0.660550 0.172368 0.014271 0.044737
0 0.311417 0.609211 0.029562 0.097368
0 0.133537 0.198684 0.016310 0.044737
0 0.741081 0.203947 0.018349 0.044737
0 0.833333 0.063158 0.013252 0.042105
0 0.431193 0.130263 0.014271 0.044737
0 0.788481 0.105263 0.017329 0.047368
0 0.053007 0.544737 0.020387 0.063158
0 0.950561 0.080263 0.017329 0.044737
0 0.664628 0.121053 0.014271 0.042105
0 0.045872 0.142105 0.014271 0.042105
0 0.642202 0.051316 0.014271 0.044737
0 0.005607 0.238158 0.009174 0.050000
0 0.103976 0.201316 0.012232 0.039474
0 0.990826 0.242105 0.018349 0.063158
0 0.301223 0.278947 0.015291 0.052632
0 0.907238 0.077632 0.016310 0.044737
0 0.917431 0.192105 0.016310 0.047368
0 0.098369 0.546053 0.021407 0.071053
0 0.029562 0.513158 0.018349 0.073684
0 0.869521 0.063158 0.014271 0.042105
0 0.366972 0.342105 0.016310 0.047368
0 0.188583 0.239474 0.016310 0.042105
0 0.521916 0.138158 0.014271 0.044737
0 0.979103 0.039474 0.013252 0.042105
0 0.352701 0.059211 0.014271 0.039474
0 0.467890 0.128947 0.014271 0.047368
0 0.995923 0.073684 0.008155 0.047368
0 0.723751 0.177632 0.014271 0.044737
0 0.928644 0.030263 0.016310 0.044737
0 0.730377 0.065789 0.013252 0.042105
0 0.317023 0.288158 0.018349 0.050000
0 0.426606 0.072368 0.013252 0.039474
0 0.323140 0.186842 0.016310 0.047368
0 0.694699 0.111842 0.013252 0.044737
0 0.540775 0.078947 0.015291 0.042105
0 0.378695 0.060526 0.013252 0.042105
0 0.904689 0.125000 0.013252 0.044737
0 0.079001 0.231579 0.013252 0.042105
0 0.233435 0.157895 0.018349 0.052632
0 0.517839 0.038158 0.012232 0.034211
0 0.393476 0.057895 0.012232 0.036842
0 0.508665 0.122368 0.012232 0.039474
0 0.372579 0.136842 0.015291 0.042105
0 0.067278 0.296053 0.016310 0.055263
0 0.271662 0.259211 0.013252 0.039474
0 0.668705 0.019737 0.012232 0.034211
0 0.641182 0.109211 0.014271 0.039474
0 0.765036 0.015789 0.011213 0.026316
0 0.744648 0.144737 0.013252 0.042105
0 0.029052 0.190789 0.013252 0.050000
0 0.755352 0.234211 0.014271 0.042105
0 0.127931 0.096053 0.013252 0.034211
0 0.008155 0.172368 0.014271 0.050000
0 0.327727 0.039474 0.011213 0.036842
0 0.133028 0.142105 0.013252 0.042105
0 0.742100 0.076316 0.012232 0.042105
0 0.757390 0.106579 0.014271 0.044737
0 0.635066 0.268421 0.014271 0.042105
0 0.141692 0.113158 0.014271 0.042105
0 0.186035 0.073684 0.013252 0.036842
0 0.169725 0.107895 0.015291 0.042105
0 0.004587 0.123684 0.007136 0.042105
0 0.460245 0.077632 0.015291 0.044737
0 0.301223 0.105263 0.013252 0.042105
0 0.235984 0.155263 0.017329 0.047368
0 0.426606 0.663158 0.033639 0.100000
0 0.372069 0.377632 0.016310 0.050000
0 0.248726 0.055263 0.012232 0.031579
0 0.095311 0.269737 0.015291 0.044737
0 0.397554 0.092105 0.012232 0.036842
0 0.905708 0.003947 0.013252 0.002632
0 0.713558 0.093421 0.012232 0.039474
0 0.700306 0.026316 0.012232 0.036842
0 0.208461 0.109211 0.013252 0.039474
0 0.707951 0.581579 0.025484 0.094737
0 0.861366 0.010526 0.012232 0.015789
0 0.366463 0.085526 0.011213 0.039474
0 0.393476 0.225000 0.012232 0.050000
0 0.446483 0.038158 0.012232 0.034211
0 0.558104 0.015789 0.011213 0.026316
0 0.080530 0.630263 0.020387 0.055263
0 0.100917 0.631579 0.020387 0.073684
0 0.146789 0.543421 0.020387 0.060526
0 0.161570 0.614474 0.019368 0.076316
0 0.165138 0.552632 0.020387 0.063158
0 0.025994 0.881579 0.027523 0.089474
0 0.196738 0.857895 0.034659 0.094737
0 0.153925 0.071053 0.014271 0.042105
0 0.271152 0.546053 0.022426 0.060526
0 0.354740 0.589474 0.016310 0.073684
0 0.372579 0.577632 0.023445 0.081579
0 0.377676 0.959211 0.033639 0.081579
0 0.457187 0.834211 0.031600 0.105263
0 0.509684 0.675000 0.026504 0.092105
0 0.490316 0.788158 0.032620 0.113158
0 0.603976 0.794737 0.031600 0.105263
0 0.711519 0.696053 0.028542 0.107895
0 0.598879 0.419737 0.019368 0.060526
0 0.589704 0.144737 0.013252 0.047368
0 0.597350 0.111842 0.014271 0.044737
0 0.613660 0.102632 0.016310 0.047368
0 0.616208 0.146053 0.015291 0.039474
0 0.483180 0.134211 0.018349 0.052632
0 0.489806 0.018421 0.011213 0.031579
0 0.472987 0.017105 0.016310 0.028947
0 0.876147 0.685526 0.027523 0.086842
0 0.799694 0.647368 0.031600 0.105263
0 0.988277 0.476316 0.023445 0.073684
0 0.755352 0.156579 0.012232 0.039474
