0 0.547117 0.650994 0.0426388 0.126168
0 0.612404 0.579329 0.0350586 0.127937
0 0.812924 0.641825 0.0404292 0.123295
0 0.763039 0.77914 0.043216 0.154449
0 0.695277 0.743362 0.0427463 0.138046
0 0.184558 0.663142 0.040826 0.132315
0 0.839868 0.923151 0.0575954 0.153698
0 0.888005 0.633503 0.0494118 0.154013
0 0.616261 0.454333 0.0389025 0.116396
0 0.516331 0.502519 0.034989 0.120846
0 0.66763 0.560895 0.0331272 0.107222
0 0.95377 0.662545 0.0431189 0.135721
0 0.4589 0.506938 0.0281487 0.106166
0 0.789533 0.371733 0.0287233 0.0985384
0 0.512311 0.901297 0.0437225 0.14843
0 0.17946 0.47871 0.0327142 0.1153
0 0.666129 0.458815 0.0347526 0.0924311
0 0.504662 0.224843 0.021039 0.0673731
0 0.438083 0.388401 0.031455 0.0932429
0 0.40387 0.332387 0.0223928 0.0865144
0 0.715608 0.160909 0.0180691 0.0627897
0 0.358284 0.277445 0.0231867 0.0758842
0 0.829723 0.449329 0.0268402 0.10121
0 0.117004 0.492183 0.0313407 0.112603
0 0.296941 0.381578 0.0263565 0.0906322
0 0.368622 0.371909 0.021813 0.0681515
0 0.053661 0.507092 0.0282415 0.113449
0 0.421064 0.22315 0.020954 0.0683618
0 0.605518 0.901526 0.053301 0.184881
0 0.445226 0.227575 0.023005 0.0767237
0 0.777798 0.472834 0.0272817 0.0939441
0 0.826513 0.330481 0.0244689 0.0846995
0 0.353654 0.457481 0.0257859 0.0915115
0 0.616831 0.201672 0.0205774 0.0618585
0 0.512693 0.32047 0.0310119 0.0865894
0 0.601969 0.312318 0.0266025 0.0905458
0 0.147317 0.388359 0.0249016 0.0874914
0 0.399967 0.700688 0.045508 0.126567
0 0.288292 0.311381 0.0197246 0.0652783
0 0.895082 0.3854 0.0310943 0.102206
0 0.72347 0.472086 0.0252855 0.0863215
0 0.166636 0.285056 0.0215266 0.0841842
0 0.750565 0.355739 0.0242824 0.0811513
0 0.696623 0.370702 0.0228385 0.0761147
0 0.394177 0.12441 0.0151976 0.0522493
0 0.667318 0.205384 0.0209175 0.0623067
0 0.212295 0.314445 0.0179464 0.0640823
0 0.38729 0.209361 0.0211856 0.0642048
0 0.236277 0.228866 0.0176509 0.0628431
0 0.202245 0.596687 0.0346517 0.117104
0 0.344788 0.159606 0.016337 0.0562978
0 0.66391 0.271672 0.0231669 0.0764144
0 0.788794 0.275788 0.0241289 0.0752684
0 0.108545 0.277605 0.0231927 0.0776374
0 0.0786619 0.234645 0.0222386 0.074994
0 0.479312 0.188437 0.0188743 0.0638725
0 0.651234 0.343853 0.0220971 0.0680885
0 0.706941 0.312429 0.0230776 0.0757771
0 0.757698 0.126794 0.0145198 0.0482339
0 0.975952 0.604545 0.0264911 0.111481
0 0.627131 0.135376 0.0189909 0.0584108
0 0.568046 0.183743 0.0200941 0.0672269
0 0.68848 0.193392 0.0212172 0.0768894
0 0.203918 0.438503 0.0206075 0.0807337
0 0.0721541 0.153624 0.013802 0.0458946
0 0.317198 0.185447 0.0233005 0.0591984
0 0.794496 0.123434 0.0141597 0.0485012
0 0.407735 0.0565613 0.0139366 0.0443108
0 0.507578 0.404049 0.0279924 0.0734499
0 0.109963 0.170013 0.0197993 0.0588911
0 0.376651 0.10728 0.0123825 0.0443052
0 0.397057 0.55555 0.0355346 0.112708
0 0.173969 0.183846 0.0166396 0.054508
0 0.0891327 0.176456 0.0153566 0.0486158
0 0.196458 0.170967 0.0192447 0.0600032
0 0.991028 0.150084 0.0158097 0.0545189
0 0.7819 0.571401 0.025004 0.0969952
0 0.544401 0.112453 0.0139473 0.0434822
0 0.0921192 0.129411 0.0120991 0.0409923
0 0.647536 0.0607868 0.0138616 0.0424498
0 0.527413 0.109372 0.0135092 0.0437474
0 0.705515 0.0661786 0.0122189 0.0397736
0 0.0352346 0.405152 0.0231958 0.0697021
0 0.340863 0.217413 0.0163016 0.0597036
0 0.958707 0.130737 0.0153059 0.0536295
0 0.845567 0.183034 0.0170971 0.0509455
0 0.339149 0.0686253 0.0120828 0.0420376
0 0.432522 0.1287 0.0177048 0.0542638
0 0.274216 0.120209 0.0133442 0.0441198
0 0.468707 0.0547867 0.0144544 0.0412771
0 0.220204 0.105167 0.0152671 0.0464762
0 0.670049 0.074605 0.0150372 0.0445357
0 0.326534 0.240595 0.016101 0.0497114
0 0.177363 0.0877778 0.0126701 0.0411489
0 0.475952 0.112241 0.0139677 0.046609
0 0.50126 0.126518 0.0159145 0.0526091
0 0.282765 0.153428 0.0151226 0.0442155
0 0.748312 0.0931537 0.0126366 0.0380711
0 0.598198 0.0957373 0.014624 0.0472933
0 0.253334 0.390875 0.0223329 0.0753161
0 0.41554 0.665059 0.0399464 0.140444
0 0.578445 0.323486 0.0198398 0.0771574
0 0.993206 0.290384 0.0135871 0.0680055
0 0.0343475 0.1163 0.0158237 0.04872
0 0.107778 0.0625934 0.012812 0.0403036
0 0.273614 0.273737 0.0183327 0.0642403
0 0.190507 0.328785 0.0209299 0.0660064
0 0.25834 0.115524 0.0153618 0.0443659
0 0.571029 0.121768 0.0152163 0.045071
0 0.156377 0.103239 0.0112303 0.0358287
0 0.649083 0.107316 0.0145047 0.0446415
0 0.249319 0.156776 0.0143212 0.0478681
0 0.89166 0.079025 0.0121265 0.0376579
0 0.48356 0.0789986 0.0128782 0.0365218
0 0.255788 0.639067 0.0455441 0.142039
0 0.410445 0.65407 0.0432437 0.126584
0 0.929561 0.268515 0.0193619 0.069328
0 0.234437 0.135976 0.0151313 0.0506956
0 0.588664 0.127178 0.0144863 0.051772
0 0.297302 0.106274 0.0146682 0.0456402
0 0.32246 0.181454 0.0205216 0.0589768
0 0.2347 0.145884 0.0150564 0.0485135
0 0.377219 0.0585567 0.013669 0.0402881
0 0.749442 0.190897 0.0177661 0.0601384
0 0.147228 0.120616 0.0123548 0.0381818
0 0.71662 0.0656699 0.0107046 0.0354064
0 0.422682 0.0614877 0.0124785 0.0403577
0 0.121316 0.0535086 0.0112145 0.0350048
0 0.235236 0.0662329 0.0121984 0.0367332
0 0.0846976 0.405503 0.0210813 0.0728578
0 0.129345 0.081082 0.0126388 0.0354377
0 0.99385 0.557866 0.0123007 0.110389
0 0.234736 0.493343 0.0266481 0.0949413
0 0.27881 0.0570142 0.0120956 0.0355724
0 0.628294 0.296887 0.020899 0.077866
0 0.214577 0.0388187 0.0103933 0.03283
0 0.656769 0.161261 0.0174636 0.0489979
0 0.0637681 0.057626 0.0130975 0.0400757
0 0.322222 0.0400407 0.0107725 0.0333068
0 0.255176 0.0515175 0.0131274 0.0380326
0 0.00473144 0.10118 0.0090764 0.0405572
0 0.00765134 0.189679 0.0144669 0.0528103
0 0.580964 0.253979 0.0207439 0.0576086
0 0.937944 0.224008 0.019675 0.0671949
0 0.771112 0.0734102 0.0129311 0.0369106
0 0.332559 0.0345573 0.00976902 0.0289989
0 0.808854 0.0973379 0.0117741 0.0362515
0 0.251925 0.41645 0.0238682 0.0747579
0 0.809886 0.2486 0.017704 0.0691158
0 0.715134 0.10198 0.0123202 0.0394184
0 0.324521 0.0863668 0.0134788 0.0420004
0 0.569781 0.0734441 0.0134724 0.0409278
0 0.280319 0.216168 0.0159384 0.0527552
0 0.437237 0.160769 0.0183268 0.0507323
0 0.83113 0.0880811 0.0133037 0.0403395
