0 0.542813 0.340789 0.021407 0.060526
0 0.650357 0.467105 0.024465 0.076316
0 0.604485 0.355263 0.020387 0.057895
0 0.477064 0.319737 0.018349 0.065789
0 0.614169 0.628947 0.027523 0.089474
0 0.714067 0.477632 0.021407 0.076316
0 0.410296 0.525000 0.023445 0.081579
0 0.750765 0.464474 0.023445 0.065789
0 0.618247 0.230263 0.019368 0.050000
0 0.444444 0.626316 0.026504 0.094737
0 0.517329 0.288158 0.017329 0.055263
0 0.201325 0.485526 0.021407 0.060526
0 0.584098 0.575000 0.026504 0.076316
0 0.302752 0.600000 0.026504 0.078947
0 0.272681 0.385526 0.017329 0.055263
0 0.292559 0.438158 0.018349 0.060526
0 0.489806 0.197368 0.015291 0.047368
0 0.363914 0.402632 0.018349 0.063158
0 0.453109 0.203947 0.017329 0.050000
0 0.311927 0.417105 0.020387 0.060526
0 0.617227 0.293421 0.017329 0.055263
0 0.452090 0.356579 0.017329 0.060526
0 0.653415 0.343421 0.016310 0.060526
0 0.559123 0.272368 0.019368 0.060526
0 0.927625 0.175000 0.016310 0.050000
0 0.724771 0.276316 0.016310 0.052632
0 0.029562 0.410526 0.018349 0.063158
0 0.698777 0.282895 0.019368 0.055263
0 0.970438 0.211842 0.016310 0.050000
0 0.224771 0.640789 0.023445 0.086842
0 0.123344 0.189474 0.016310 0.047368
0 0.570846 0.159211 0.014271 0.044737
0 0.697757 0.607895 0.021407 0.078947
0 0.832824 0.434211 0.018349 0.057895
0 0.345056 0.275000 0.017329 0.055263
0 0.254842 0.438158 0.018349 0.055263
0 0.290010 0.785526 0.029562 0.097368
0 0.241590 0.373684 0.018349 0.057895
0 0.063201 0.751316 0.030581 0.081579
0 0.853721 0.444737 0.019368 0.063158
0 0.711519 0.203947 0.014271 0.044737
0 0.292049 0.278947 0.015291 0.057895
0 0.888379 0.215789 0.017329 0.052632
0 0.091743 0.186842 0.014271 0.047368
0 0.890928 0.069737 0.012232 0.044737
0 0.206422 0.278947 0.015291 0.052632
0 0.772681 0.463158 0.018349 0.057895
0 0.060143 0.246053 0.016310 0.044737
0 0.715087 0.118421 0.015291 0.042105
0 0.855250 0.084211 0.012232 0.036842
0 0.983690 0.297368 0.022426 0.073684
0 0.744139 0.293421 0.016310 0.055263
0 0.459225 0.134211 0.017329 0.042105
0 0.776249 0.114474 0.013252 0.044737
0 0.643221 0.186842 0.014271 0.047368
0 0.321611 0.175000 0.015291 0.044737
0 0.762487 0.219737 0.016310 0.050000
0 0.510194 0.580263 0.031600 0.081579
0 0.130989 0.450000 0.015291 0.057895
0 0.602956 0.156579 0.013252 0.044737
0 0.788991 0.277632 0.018349 0.055263
0 0.547910 0.090789 0.013252 0.039474
0 0.364424 0.094737 0.015291 0.047368
0 0.302752 0.160526 0.012232 0.047368
0 0.080530 0.092105 0.012232 0.036842
0 0.414373 0.156579 0.015291 0.044737
0 0.663609 0.271053 0.014271 0.047368
0 0.673293 0.231579 0.019368 0.052632
0 0.343017 0.146053 0.015291 0.044737
0 0.182977 0.138158 0.013252 0.044737
0 0.378186 0.180263 0.014271 0.044737
0 0.493884 0.078947 0.015291 0.042105
0 0.814475 0.281579 0.012232 0.057895
0 0.160550 0.169737 0.013252 0.050000
0 0.032110 0.211842 0.017329 0.044737
0 0.681448 0.152632 0.015291 0.047368
0 0.516310 0.094737 0.013252 0.036842
0 0.407747 0.094737 0.014271 0.042105
0 0.412334 0.234211 0.015291 0.047368
0 0.306830 0.025000 0.012232 0.039474
0 0.153925 0.501316 0.016310 0.055263
0 0.581549 0.075000 0.013252 0.044737
0 0.794088 0.027632 0.010194 0.034211
0 0.266565 0.264474 0.015291 0.050000
0 0.390928 0.042105 0.013252 0.036842
0 0.732416 0.230263 0.015291 0.044737
0 0.206422 0.722368 0.023445 0.092105
0 0.034659 0.165789 0.014271 0.036842
0 0.103466 0.459211 0.029562 0.071053
0 0.334862 0.036842 0.015291 0.042105
0 0.958206 0.022368 0.010194 0.034211
0 0.241081 0.546053 0.019368 0.071053
0 0.170234 0.421053 0.016310 0.052632
0 0.603976 0.114474 0.013252 0.039474
0 0.983180 0.055263 0.013252 0.042105
0 0.595311 0.239474 0.016310 0.047368
0 0.743629 0.018421 0.011213 0.031579
0 0.150866 0.109211 0.014271 0.044737
0 0.229867 0.168421 0.015291 0.042105
0 0.123344 0.052632 0.012232 0.036842
0 0.179918 0.032895 0.013252 0.039474
0 0.065240 0.181579 0.012232 0.042105
0 0.068807 0.586842 0.021407 0.068421
0 0.395005 0.181579 0.013252 0.042105
0 0.623853 0.056579 0.012232 0.039474
0 0.606524 0.027632 0.012232 0.039474
0 0.576453 0.219737 0.015291 0.039474
0 0.059123 0.103947 0.012232 0.034211
0 0.664628 0.126316 0.014271 0.052632
0 0.097859 0.381579 0.018349 0.063158
0 0.443935 0.094737 0.013252 0.047368
0 0.634557 0.014474 0.011213 0.023684
0 0.081549 0.161842 0.012232 0.039474
0 0.593272 0.076316 0.012232 0.042105
0 0.753313 0.021053 0.010194 0.036842
0 0.372069 0.631579 0.026504 0.078947
0 0.012232 0.717105 0.022426 0.086842
0 0.120285 0.586842 0.024465 0.068421
0 0.169215 0.609211 0.024465 0.086842
0 0.212029 0.039474 0.012232 0.036842
0 0.230887 0.046053 0.015291 0.039474
0 0.244648 0.017105 0.014271 0.028947
0 0.274720 0.023684 0.013252 0.042105
0 0.487768 0.018421 0.019368 0.031579
0 0.681448 0.709211 0.035678 0.086842
0 0.555556 0.019737 0.014271 0.034211
0 0.795107 0.610526 0.026504 0.063158
