0 0.261444 0.75485 0.0483523 0.163121
0 0.652053 0.755794 0.0421433 0.1591
0 0.747566 0.773099 0.0428486 0.130492
0 0.19211 0.749746 0.0449853 0.151755
0 0.882484 0.811501 0.0435936 0.144497
0 0.590803 0.720396 0.0388966 0.143583
0 0.821539 0.883065 0.0505318 0.165049
0 0.851832 0.67152 0.0482784 0.131622
0 0.376673 0.552417 0.0330751 0.112094
0 0.533853 0.429994 0.0309074 0.107542
0 0.244211 0.519494 0.0325972 0.128085
0 0.743936 0.575071 0.0359598 0.117475
0 0.20696 0.507917 0.0385273 0.119293
0 0.467068 0.723147 0.0386293 0.11787
0 0.486591 0.533606 0.0309959 0.111081
0 0.87165 0.493777 0.0357613 0.11796
0 0.443589 0.523077 0.0337354 0.118483
0 0.0836091 0.605558 0.0465811 0.138249
0 0.556076 0.540691 0.0314143 0.123721
0 0.670049 0.562072 0.0331287 0.124408
0 0.981168 0.738734 0.0366628 0.148489
0 0.266425 0.353989 0.0264922 0.0918437
0 0.920689 0.613198 0.0333542 0.121186
0 0.0694417 0.327598 0.027983 0.0794942
0 0.680543 0.352094 0.0264856 0.0771179
0 0.411053 0.35496 0.0264916 0.0876111
0 0.502129 0.311945 0.0251473 0.0794031
0 0.624348 0.537317 0.0359787 0.129161
0 0.755506 0.352263 0.0288868 0.0972459
0 0.712134 0.460465 0.0269181 0.0884936
0 0.542476 0.30982 0.0235538 0.0697339
0 0.01902 0.648571 0.0368927 0.126256
0 0.356354 0.324677 0.0247636 0.0907015
0 0.606029 0.260442 0.0222626 0.0813468
0 0.629818 0.306357 0.0263666 0.0845136
0 0.903827 0.358066 0.0274401 0.0942367
0 0.725711 0.260672 0.0227731 0.0789172
0 0.258484 0.119669 0.0162429 0.0486147
0 0.823716 0.203544 0.0223725 0.079869
0 0.921388 0.26787 0.0245583 0.075034
0 0.118361 0.116035 0.0192563 0.0537253
0 0.770616 0.228099 0.023597 0.0780871
0 0.747287 0.231276 0.020029 0.0730682
0 0.241204 0.0917635 0.0157006 0.0486124
0 0.0165191 0.128714 0.0169166 0.0563437
0 0.471069 0.132196 0.0167164 0.0568771
0 0.947039 0.360673 0.0223503 0.0746765
0 0.720563 0.140002 0.0171952 0.0519272
0 0.0154167 0.198077 0.0207174 0.067328
0 0.809966 0.10083 0.0138742 0.0463261
0 0.874079 0.222837 0.0223518 0.0722452
0 0.447671 0.0642163 0.0136561 0.044051
0 0.670144 0.185493 0.0187442 0.0601576
0 0.299273 0.121641 0.0162373 0.0524309
0 0.909623 0.120861 0.0137722 0.0479931
0 0.183366 0.112018 0.0190182 0.0519715
0 0.430914 0.0845113 0.0152573 0.0480058
0 0.622198 0.209698 0.0190871 0.0636118
0 0.953624 0.120796 0.0151963 0.0489488
0 0.3227 0.121579 0.0147989 0.045192
0 0.760268 0.11208 0.01551 0.0529695
0 0.0804633 0.0691807 0.0162492 0.0449086
0 0.974377 0.330698 0.0281334 0.0919517
0 0.413706 0.116555 0.0142345 0.0526447
0 0.994548 0.304089 0.0107121 0.0830361
0 0.102209 0.036945 0.0130273 0.0420614
0 0.605743 0.107221 0.0144066 0.0430947
0 0.494505 0.112254 0.0149754 0.0462783
0 0.339021 0.130368 0.0146044 0.0484378
0 0.635192 0.101581 0.0137699 0.0451717
0 0.601324 0.195543 0.0178736 0.0563498
0 0.287085 0.0870545 0.0149275 0.0459538
0 0.281552 0.0275375 0.0119347 0.0390641
0 0.309301 0.0678346 0.0118466 0.0377009
0 0.223454 0.0693028 0.0134496 0.0386922
0 0.0454802 0.0572021 0.0151843 0.0441418
0 0.379863 0.107002 0.0133189 0.0393949
0 0.703686 0.0887936 0.0148192 0.0463754
0 0.0627258 0.0778949 0.0155115 0.0488993
0 0.675292 0.279854 0.0255721 0.0815108
0 0.16453 0.0520077 0.0128664 0.0385389
0 0.882361 0.0724701 0.0129566 0.0406568
0 0.868267 0.15689 0.0159811 0.0501366
0 0.8476 0.0567842 0.0123917 0.0409952
0 0.719682 0.0219799 0.0121927 0.0356263
0 0.514245 0.0820728 0.0124037 0.0389566
0 0.409774 0.0501798 0.0136381 0.0409652
0 0.339098 0.0525191 0.0135044 0.04215
0 0.894251 0.0485792 0.0152738 0.0427723
0 0.883321 0.142678 0.0147932 0.0488921
0 0.662094 0.118374 0.0156651 0.0483511
0 0.366412 0.0853966 0.0140943 0.0448248
0 0.538663 0.119127 0.0138079 0.0431511
0 0.594297 0.0512958 0.0145632 0.0400328
0 0.469377 0.050108 0.013804 0.0370473
0 0.499043 0.0634772 0.0132126 0.0421338
0 0.624346 0.0263945 0.0126985 0.0416256
0 0.401037 0.0922352 0.0134886 0.0472663
0 0.895382 0.140016 0.0143894 0.0451909
0 0.786117 0.175664 0.0163876 0.0503107
0 0.564941 0.111735 0.0143601 0.0425325
0 0.984808 0.91965 0.030384 0.129465
0 0.484788 0.058417 0.0118378 0.035571
0 0.982487 0.417018 0.0289398 0.0877259
0 0.745513 0.0662456 0.0128505 0.0410329
0 0.00969005 0.0586844 0.0125698 0.0422332
0 0.715446 0.0582327 0.0120102 0.0342439
