0 0.042813 0.685526 0.022426 0.071053
0 0.484200 0.500000 0.022426 0.078947
0 0.210499 0.603947 0.025484 0.071053
0 0.934251 0.165789 0.015291 0.052632
0 0.696228 0.409211 0.020387 0.065789
0 0.063201 0.323684 0.016310 0.052632
0 0.207951 0.378947 0.018349 0.063158
0 0.488787 0.360526 0.019368 0.063158
0 0.398063 0.330263 0.019368 0.060526
0 0.573394 0.394737 0.023445 0.063158
0 0.642712 0.442105 0.023445 0.063158
0 0.748216 0.265789 0.016310 0.052632
0 0.878186 0.286842 0.017329 0.052632
0 0.767584 0.307895 0.018349 0.057895
0 0.599388 0.548684 0.022426 0.081579
0 0.465851 0.350000 0.020387 0.063158
0 0.942915 0.260526 0.018349 0.057895
0 0.675841 0.530263 0.024465 0.065789
0 0.120795 0.377632 0.019368 0.060526
0 0.346585 0.271053 0.020387 0.063158
0 0.074924 0.415789 0.017329 0.057895
0 0.688073 0.357895 0.018349 0.047368
0 0.640163 0.298684 0.016310 0.055263
0 0.589704 0.306579 0.019368 0.050000
0 0.068298 0.217105 0.018349 0.044737
0 0.980122 0.272368 0.017329 0.055263
0 0.452599 0.456579 0.024465 0.071053
0 0.596840 0.248684 0.019368 0.055263
0 0.967890 0.363158 0.023445 0.063158
0 0.366972 0.106579 0.016310 0.044737
0 0.436799 0.297368 0.017329 0.057895
0 0.700815 0.276316 0.017329 0.052632
0 0.273191 0.371053 0.022426 0.063158
0 0.801223 0.276316 0.018349 0.047368
0 0.619776 0.205263 0.016310 0.042105
0 0.018858 0.265789 0.017329 0.052632
0 0.505097 0.240789 0.017329 0.050000
0 0.661060 0.310526 0.017329 0.057895
0 0.222222 0.344737 0.016310 0.063158
0 0.141692 0.276316 0.016310 0.047368
0 0.427625 0.130263 0.013252 0.044737
0 0.992864 0.105263 0.014271 0.047368
0 0.207951 0.144737 0.016310 0.047368
0 0.618247 0.089474 0.013252 0.042105
0 0.102956 0.105263 0.014271 0.047368
0 0.128950 0.227632 0.015291 0.050000
0 0.865443 0.068421 0.014271 0.047368
0 0.389399 0.472368 0.024465 0.065789
0 0.743119 0.130263 0.014271 0.044737
0 0.283894 0.239474 0.013252 0.047368
0 0.539246 0.181579 0.018349 0.063158
0 0.330785 0.431579 0.017329 0.063158
0 0.044343 0.277632 0.015291 0.044737
0 0.647808 0.202632 0.015291 0.047368
0 0.547401 0.077632 0.012232 0.039474
0 0.108563 0.200000 0.015291 0.042105
0 0.118247 0.068421 0.012232 0.036842
0 0.709990 0.115789 0.013252 0.042105
0 0.048930 0.225000 0.016310 0.044737
0 0.457696 0.242105 0.016310 0.052632
0 0.069317 0.110526 0.014271 0.047368
0 0.242610 0.251316 0.016310 0.050000
0 0.007136 0.194737 0.012232 0.047368
0 0.918960 0.061842 0.015291 0.044737
0 0.881753 0.043421 0.012232 0.039474
0 0.567278 0.046053 0.015291 0.044737
0 0.812946 0.396053 0.021407 0.071053
0 0.197248 0.346053 0.015291 0.055263
0 0.154944 0.125000 0.016310 0.044737
0 0.591233 0.056579 0.012232 0.034211
0 0.339959 0.097368 0.013252 0.047368
0 0.279817 0.117105 0.011213 0.044737
0 0.749745 0.432895 0.023445 0.076316
0 0.523445 0.122368 0.017329 0.050000
0 0.945973 0.065789 0.016310 0.047368
0 0.661060 0.156579 0.017329 0.044737
0 0.414883 0.109211 0.012232 0.039474
0 0.154944 0.077632 0.012232 0.034211
0 0.195209 0.032895 0.011213 0.034211
0 0.460245 0.090789 0.013252 0.039474
0 0.600408 0.146053 0.014271 0.039474
0 0.750255 0.059211 0.014271 0.044737
0 0.813965 0.048684 0.015291 0.039474
0 0.906728 0.092105 0.015291 0.042105
0 0.357288 0.067105 0.013252 0.034211
0 0.178389 0.103947 0.012232 0.034211
0 0.629969 0.060526 0.012232 0.036842
0 0.995413 0.409211 0.009174 0.086842
0 0.028542 0.219737 0.014271 0.039474
0 0.778797 0.563158 0.024465 0.084211
0 0.454638 0.185526 0.014271 0.044737
0 0.299185 0.064474 0.013252 0.034211
0 0.874108 0.244737 0.015291 0.042105
0 0.732416 0.078947 0.013252 0.036842
0 0.667686 0.060526 0.014271 0.036842
0 0.846585 0.073684 0.013252 0.042105
0 0.741081 0.021053 0.012232 0.036842
0 0.721713 0.038158 0.012232 0.039474
0 0.141182 0.185526 0.015291 0.044737
0 0.871050 0.571053 0.029562 0.078947
0 0.493374 0.305263 0.018349 0.047368
0 0.783894 0.042105 0.014271 0.042105
0 0.501019 0.107895 0.013252 0.036842
0 0.166157 0.682895 0.024465 0.076316
0 0.260958 0.653947 0.022426 0.076316
0 0.292049 0.507895 0.019368 0.057895
0 0.331295 0.565789 0.022426 0.068421
0 0.358308 0.578947 0.025484 0.089474
0 0.305810 0.800000 0.032620 0.089474
0 0.410805 0.884211 0.036697 0.100000
0 0.487258 0.919737 0.034659 0.118421
0 0.530071 0.800000 0.032620 0.121053
0 0.566769 0.913158 0.044852 0.115789
0 0.044852 0.165789 0.016310 0.042105
0 0.095311 0.068421 0.015291 0.036842
0 0.130989 0.101316 0.015291 0.044737
0 0.277268 0.322368 0.022426 0.055263
0 0.287971 0.021053 0.013252 0.036842
0 0.224261 0.068421 0.014271 0.036842
0 0.340469 0.048684 0.014271 0.044737
0 0.408767 0.290789 0.018349 0.055263
0 0.299185 0.396053 0.019368 0.050000
0 0.592762 0.361842 0.017329 0.055263
0 0.564220 0.375000 0.015291 0.065789
0 0.477064 0.032895 0.010194 0.039474
0 0.706932 0.217105 0.017329 0.050000
0 0.811417 0.125000 0.016310 0.039474
0 0.972987 0.453947 0.021407 0.060526
0 0.697248 0.071053 0.014271 0.036842
0 0.672783 0.011842 0.014271 0.018421
0 0.731397 0.519737 0.029562 0.081579
0 0.882773 0.663158 0.030581 0.078947
