0 0.443425 0.256579 0.016310 0.055263
0 0.570846 0.202632 0.018349 0.052632
0 0.923038 0.285526 0.023445 0.055263
0 0.601937 0.255263 0.017329 0.063158
0 0.174312 0.402632 0.020387 0.063158
0 0.749745 0.360526 0.021407 0.068421
0 0.677370 0.281579 0.025484 0.073684
0 0.218654 0.310526 0.015291 0.047368
0 0.833333 0.264474 0.015291 0.055263
0 0.390928 0.275000 0.019368 0.055263
0 0.513252 0.388158 0.021407 0.065789
0 0.755352 0.240789 0.018349 0.060526
0 0.424567 0.248684 0.017329 0.055263
0 0.384302 0.511842 0.022426 0.086842
0 0.220693 0.165789 0.017329 0.052632
0 0.352192 0.260526 0.015291 0.047368
0 0.031091 0.521053 0.021407 0.073684
0 0.622834 0.189474 0.016310 0.047368
0 0.987258 0.171053 0.015291 0.047368
0 0.715596 0.251316 0.016310 0.055263
0 0.315494 0.338158 0.021407 0.055263
0 0.404689 0.196053 0.014271 0.050000
0 0.553007 0.250000 0.019368 0.057895
0 0.920999 0.222368 0.013252 0.044737
0 0.484709 0.311842 0.019368 0.060526
0 0.170744 0.150000 0.013252 0.042105
0 0.776758 0.201316 0.014271 0.050000
0 0.041284 0.275000 0.017329 0.050000
0 0.565749 0.053947 0.014271 0.044737
0 0.028033 0.135526 0.013252 0.050000
0 0.891437 0.147368 0.013252 0.042105
0 0.276249 0.303947 0.018349 0.055263
0 0.245158 0.394737 0.017329 0.057895
0 0.810398 0.206579 0.016310 0.050000
0 0.757390 0.163158 0.016310 0.052632
0 0.325178 0.398684 0.020387 0.065789
0 0.366463 0.394737 0.017329 0.052632
0 0.116718 0.072368 0.013252 0.034211
0 0.518858 0.102632 0.012232 0.036842
0 0.454638 0.463158 0.018349 0.073684
0 0.767074 0.043421 0.013252 0.039474
0 0.664118 0.502632 0.021407 0.063158
0 0.953109 0.071053 0.012232 0.036842
0 0.699796 0.234211 0.017329 0.052632
0 0.117227 0.432895 0.020387 0.060526
0 0.069827 0.132895 0.013252 0.044737
0 0.866463 0.159211 0.016310 0.055263
0 0.317533 0.289474 0.015291 0.042105
0 0.597350 0.023684 0.012232 0.042105
0 0.085117 0.419737 0.023445 0.065789
0 0.327727 0.046053 0.011213 0.034211
0 0.274720 0.364474 0.019368 0.060526
0 0.530071 0.289474 0.018349 0.063158
0 0.418960 0.142105 0.012232 0.036842
0 0.725280 0.082895 0.013252 0.039474
0 0.795107 0.117105 0.012232 0.039474
0 0.390418 0.150000 0.016310 0.047368
0 0.751274 0.032895 0.012232 0.039474
0 0.918451 0.094737 0.012232 0.036842
0 0.427625 0.115789 0.011213 0.036842
0 0.936799 0.139474 0.012232 0.036842
0 0.665647 0.071053 0.012232 0.036842
0 0.491335 0.273684 0.018349 0.047368
0 0.350663 0.332895 0.022426 0.065789
0 0.729358 0.021053 0.013252 0.036842
0 0.642202 0.218421 0.016310 0.036842
0 0.642202 0.257895 0.018349 0.052632
0 0.099388 0.163158 0.013252 0.042105
0 0.678389 0.209211 0.013252 0.044737
0 0.983180 0.030263 0.011213 0.034211
0 0.544343 0.101316 0.012232 0.039474
0 0.544343 0.018421 0.012232 0.031579
0 0.157492 0.065789 0.011213 0.036842
0 0.856779 0.225000 0.015291 0.060526
0 0.196228 0.030263 0.011213 0.034211
0 0.471967 0.489474 0.020387 0.068421
0 0.147808 0.032895 0.010194 0.034211
0 0.470948 0.115789 0.012232 0.042105
0 0.072375 0.400000 0.016310 0.057895
0 0.226809 0.455263 0.021407 0.057895
0 0.392457 0.035526 0.010194 0.028947
0 0.716106 0.042105 0.011213 0.031579
0 0.116208 0.148684 0.014271 0.044737
0 0.631498 0.061842 0.013252 0.039474
0 0.501529 0.040789 0.012232 0.039474
0 0.202854 0.063158 0.012232 0.031579
0 0.878186 0.102632 0.011213 0.036842
0 0.136595 0.093421 0.012232 0.039474
0 0.347095 0.214474 0.015291 0.039474
0 0.156983 0.506579 0.022426 0.055263
0 0.179918 0.575000 0.027523 0.081579
0 0.333843 0.548684 0.033639 0.107895
0 0.411315 0.515789 0.023445 0.068421
0 0.396024 0.388158 0.019368 0.055263
0 0.417431 0.423684 0.023445 0.068421
0 0.560143 0.638158 0.027523 0.081579
0 0.600917 0.632895 0.043833 0.107895
0 0.591233 0.432895 0.020387 0.065789
0 0.636595 0.360526 0.017329 0.052632
0 0.700306 0.334211 0.022426 0.073684
0 0.807849 0.419737 0.027523 0.076316
0 0.960245 0.542105 0.032620 0.105263
0 0.878186 0.255263 0.023445 0.068421
0 0.580020 0.278947 0.022426 0.052632
0 0.718145 0.194737 0.017329 0.047368
0 0.255352 0.371053 0.021407 0.068421
0 0.177880 0.042105 0.013252 0.031579
0 0.214577 0.077632 0.011213 0.028947
0 0.227829 0.018421 0.011213 0.031579
0 0.262487 0.048684 0.013252 0.039474
0 0.266565 0.018421 0.013252 0.031579
0 0.349643 0.067105 0.014271 0.039474
0 0.251274 0.028947 0.015291 0.031579
0 0.222732 0.071053 0.013252 0.036842
0 0.279817 0.440789 0.023445 0.065789
0 0.283384 0.014474 0.010194 0.023684
0 0.300714 0.018421 0.014271 0.031579
0 0.319572 0.013158 0.015291 0.021053
0 0.373598 0.036842 0.011213 0.036842
0 0.419980 0.013158 0.016310 0.021053
0 0.451580 0.017105 0.012232 0.028947
0 0.463812 0.036842 0.010194 0.047368
0 0.475025 0.027632 0.014271 0.050000
0 0.552497 0.364474 0.022426 0.076316
0 0.519878 0.228947 0.020387 0.047368
0 0.845566 0.021053 0.013252 0.036842
0 0.875127 0.026316 0.013252 0.042105
0 0.818043 0.014474 0.011213 0.023684
0 0.932722 0.180263 0.014271 0.044737
