0 0.560699 0.436288 0.0320978 0.0928216
0 0.739871 0.374592 0.0302354 0.0923808
0 0.422776 0.468857 0.0311022 0.109786
0 0.719421 0.589431 0.0355383 0.138263
0 0.695304 0.426149 0.0240231 0.0969864
0 0.819209 0.387197 0.0251834 0.0932783
0 0.975071 0.802872 0.0471175 0.182185
0 0.473764 0.621224 0.044292 0.128545
0 0.313685 0.538926 0.0285517 0.103327
0 0.239041 0.632355 0.0389179 0.129399
0 0.160845 0.459338 0.0306269 0.107525
0 0.820123 0.663189 0.0405811 0.133282
0 0.590507 0.780831 0.0577232 0.166401
0 0.905742 0.289322 0.023135 0.0779042
0 0.786772 0.559973 0.0336296 0.1144
0 0.364875 0.5466 0.0334928 0.102877
0 0.488423 0.534412 0.0287552 0.0938536
0 0.504169 0.360713 0.0258598 0.0817464
0 0.438488 0.299475 0.0266239 0.0805935
0 0.621806 0.351045 0.0313041 0.099761
0 0.58998 0.586775 0.0395296 0.11745
0 0.792508 0.447611 0.0264675 0.0837771
0 0.654209 0.345213 0.0280398 0.100452
0 0.39168 0.353766 0.0216701 0.0741102
0 0.678826 0.535958 0.0387619 0.0837231
0 0.814991 0.266459 0.0248039 0.0842664
0 0.353047 0.371559 0.0235472 0.0914322
0 0.300344 0.407763 0.0301617 0.0930975
0 0.66657 0.255172 0.0251715 0.0751267
0 0.270112 0.410308 0.0274859 0.0914884
0 0.436612 0.607365 0.0323147 0.132885
0 0.204274 0.588156 0.0331455 0.111929
0 0.376258 0.453312 0.0248876 0.0796105
0 0.834153 0.833547 0.0567535 0.179777
0 0.314389 0.315327 0.023901 0.0785354
0 0.68465 0.622164 0.0420133 0.103433
0 0.090864 0.490304 0.0326019 0.111228
0 0.241468 0.370765 0.0247539 0.0924725
0 0.0463517 0.349427 0.0268235 0.0977463
0 0.267542 0.316828 0.0234539 0.0759397
0 0.871259 0.315053 0.0286022 0.0915771
0 0.338475 0.232745 0.0197673 0.0681525
0 0.352691 0.284261 0.0240437 0.0728871
0 0.133447 0.37842 0.0257749 0.0769415
0 0.641829 0.255422 0.0212679 0.0705872
0 0.639114 0.169118 0.0165644 0.0558192
0 0.695963 0.240458 0.0223687 0.0685705
0 0.577441 0.253608 0.0225543 0.0673522
0 0.954664 0.217777 0.0190064 0.0707406
0 0.343877 0.147835 0.0176528 0.0571403
0 0.0908772 0.178767 0.0186231 0.0642302
0 0.535323 0.222913 0.0183962 0.065822
0 0.484867 0.248189 0.0194959 0.0701548
0 0.444022 0.387056 0.0285982 0.0926294
0 0.110138 0.275252 0.0228823 0.0839122
0 0.441292 0.19781 0.0191246 0.0701236
0 0.526417 0.323745 0.0215689 0.069239
0 0.681601 0.339272 0.0225304 0.0766192
0 0.504245 0.203129 0.0186009 0.0585127
0 0.608422 0.27581 0.0226059 0.0704492
0 0.378086 0.271998 0.0192352 0.0652756
0 0.0158419 0.53223 0.0316838 0.144759
0 0.670427 0.141837 0.0169733 0.0511607
0 0.822805 0.525106 0.0291363 0.0812657
0 0.038089 0.187239 0.0202309 0.0598431
0 0.266147 0.146189 0.0148021 0.0539074
0 0.387639 0.137026 0.0165444 0.0510794
0 0.759884 0.18284 0.0178891 0.0632123
0 0.804548 0.132046 0.0158136 0.0484402
0 0.57733 0.179939 0.0183838 0.0582276
0 0.724673 0.317588 0.0221169 0.0710502
0 0.244974 0.190995 0.0171054 0.0526992
0 0.469119 0.144884 0.0147345 0.0539414
0 0.468122 0.399262 0.021285 0.0726528
0 0.219733 0.0942836 0.0143694 0.0497657
0 0.737323 0.246352 0.0198336 0.061603
0 0.604108 0.182506 0.0195872 0.0617976
0 0.142055 0.122626 0.0135375 0.0452823
0 0.160837 0.0949138 0.0126315 0.0413524
0 0.528568 0.122474 0.016311 0.0529605
0 0.425769 0.106903 0.0155768 0.0547444
0 0.242942 0.111736 0.0130192 0.0398989
0 0.319728 0.228872 0.0189329 0.0656987
0 0.843426 0.217131 0.016772 0.0602741
0 0.608229 0.554352 0.0266367 0.112674
0 0.204506 0.287301 0.023225 0.0710626
0 0.922169 0.10789 0.0135448 0.0429909
0 0.169143 0.186691 0.0192152 0.0623335
0 0.174763 0.394318 0.0235461 0.0644881
0 0.0396761 0.0355089 0.0129267 0.0388291
0 0.618486 0.142985 0.0154576 0.0494513
0 0.357768 0.0668113 0.0133039 0.0431622
0 0.88858 0.96464 0.0536098 0.0707203
0 0.398535 0.0690023 0.0128847 0.040904
0 0.20822 0.179736 0.0185647 0.0592614
0 0.0767784 0.105837 0.012891 0.0415328
0 0.343559 0.674418 0.039708 0.102203
0 0.720242 0.219734 0.0170538 0.0642158
0 0.495434 0.12488 0.0152851 0.048689
0 0.871448 0.144557 0.0133724 0.0440789
0 0.991645 0.281887 0.0167104 0.0637024
0 0.907811 0.604502 0.0308086 0.116728
0 0.514134 0.132728 0.0146151 0.0397575
0 0.415311 0.0627198 0.0135107 0.0402204
0 0.197616 0.10638 0.011413 0.0422276
0 0.3282 0.137453 0.0140544 0.0476794
0 0.299081 0.0663309 0.015085 0.0454042
0 0.786 0.0906197 0.0136698 0.041377
0 0.376437 0.100689 0.0143827 0.0468465
0 0.291528 0.196517 0.0183885 0.0612767
0 0.847899 0.0884235 0.0116041 0.0366658
0 0.633242 0.0878495 0.0120524 0.0416618
0 0.143937 0.242456 0.0198346 0.0637403
0 0.11151 0.10985 0.0133094 0.0461801
0 0.99517 0.562122 0.00965992 0.139073
0 0.297138 0.118292 0.0116773 0.0388996
0 0.703791 0.185464 0.0194227 0.0541982
0 0.893048 0.0887769 0.0133248 0.0417745
0 0.898251 0.229196 0.0186523 0.0583132
0 0.395581 0.0347957 0.0105227 0.0273632
0 0.706377 0.131259 0.0135414 0.044396
0 0.0163027 0.103118 0.0137819 0.0478268
0 0.128399 0.144459 0.014418 0.0489972
0 0.307054 0.149962 0.0169606 0.0507621
0 0.247088 0.0559352 0.0147125 0.0442433
0 0.304863 0.0287235 0.0109626 0.0306958
0 0.0051702 0.384817 0.0103404 0.10407
0 0.664269 0.0577616 0.0129604 0.0373496
0 0.181928 0.126108 0.0137094 0.0452175
0 0.154046 0.0409783 0.0110598 0.0363157
0 0.466051 0.0521184 0.0128063 0.0396537
0 0.0918335 0.0813637 0.0125005 0.0392093
0 0.330559 0.0212807 0.0120275 0.0351241
0 0.269843 0.0892219 0.013504 0.0413929
0 0.947818 0.332471 0.0224861 0.0677249
0 0.384793 0.212959 0.01935 0.0547076
0 0.362474 0.118326 0.0143564 0.0462456
0 0.854553 0.0598353 0.0126842 0.0346392
0 0.881824 0.0540554 0.012855 0.0379765
0 0.902193 0.123707 0.0152472 0.0496278
0 0.250642 0.24879 0.017206 0.0595212
0 0.928061 0.231625 0.0188427 0.0650322
0 0.734848 0.177999 0.0173052 0.0566835
0 0.184121 0.746004 0.0343684 0.112043
0 0.00760848 0.267868 0.015217 0.0774031
0 0.830535 0.106534 0.014274 0.0411818
0 0.717886 0.0830172 0.0123312 0.0409519
0 0.283857 0.112683 0.0123569 0.0419436
0 0.386717 0.218952 0.0179503 0.0591542
0 0.773878 0.298708 0.0233567 0.0666084
0 0.444177 0.0710615 0.0135527 0.0413323
0 0.342198 0.0697621 0.0121002 0.0396404
0 0.689114 0.106412 0.0120366 0.0403388
0 0.483466 0.450924 0.0303761 0.0646481
0 0.0477781 0.0926646 0.0112953 0.0376303
0 0.569699 0.0864905 0.0135119 0.0404983
0 0.00411192 0.0871681 0.00822383 0.0400186
0 0.230226 0.0531607 0.0120942 0.0358304
0 0.189912 0.0247885 0.0101805 0.0324001
