0 0.586137 0.670000 0.042813 0.135000
0 0.721713 0.861250 0.048930 0.167500
0 0.484200 0.696250 0.048930 0.132500
0 0.777778 0.941250 0.053007 0.117500
0 0.785423 0.643750 0.043833 0.122500
0 0.522426 0.495000 0.035678 0.115000
0 0.837920 0.643750 0.040775 0.137500
0 0.644241 0.557500 0.032620 0.110000
0 0.420999 0.657500 0.036697 0.125000
0 0.459225 0.518750 0.035678 0.092500
0 0.384302 0.380000 0.026504 0.080000
0 0.369521 0.473750 0.027523 0.087500
0 0.050459 0.380000 0.027523 0.090000
0 0.595311 0.517500 0.032620 0.110000
0 0.097859 0.448750 0.026504 0.092500
0 0.726809 0.542500 0.030581 0.090000
0 0.693680 0.627500 0.037717 0.130000
0 0.275229 0.685000 0.034659 0.115000
0 0.336391 0.908750 0.061162 0.157500
0 0.785933 0.477500 0.028542 0.100000
0 0.203874 0.610000 0.040775 0.140000
0 0.163609 0.550000 0.039755 0.140000
0 0.186035 0.177500 0.015291 0.050000
0 0.321101 0.550000 0.030581 0.095000
0 0.902650 0.450000 0.033639 0.095000
0 0.569317 0.351250 0.023445 0.082500
0 0.435780 0.397500 0.025484 0.075000
0 0.981651 0.582500 0.036697 0.130000
0 0.669215 0.533750 0.025484 0.102500
0 0.181448 0.283750 0.022426 0.062500
0 0.651886 0.351250 0.023445 0.077500
0 0.608053 0.296250 0.021407 0.067500
0 0.235474 0.858750 0.067278 0.192500
0 0.624873 0.456250 0.022426 0.082500
0 0.486239 0.333750 0.022426 0.067500
0 0.311417 0.340000 0.023445 0.070000
0 0.966361 0.478750 0.028542 0.077500
0 0.879715 0.393750 0.026504 0.082500
0 0.708970 0.305000 0.021407 0.070000
0 0.077472 0.242500 0.018349 0.060000
0 0.165647 0.190000 0.013252 0.040000
0 0.321611 0.431250 0.025484 0.082500
0 0.397044 0.295000 0.021407 0.060000
0 0.205403 0.501250 0.027523 0.072500
0 0.326707 0.226250 0.017329 0.052500
0 0.568298 0.158750 0.015291 0.047500
0 0.765545 0.217500 0.018349 0.050000
0 0.826707 0.295000 0.020387 0.065000
0 0.811417 0.186250 0.016310 0.047500
0 0.897044 0.292500 0.020387 0.070000
0 0.930173 0.387500 0.021407 0.075000
0 0.596330 0.161250 0.014271 0.042500
0 0.676860 0.187500 0.014271 0.045000
0 0.824159 0.468750 0.023445 0.077500
0 0.042304 0.253750 0.021407 0.067500
0 0.459735 0.238750 0.020387 0.067500
0 0.163099 0.243750 0.018349 0.057500
0 0.273700 0.317500 0.019368 0.070000
0 0.621305 0.177500 0.017329 0.055000
0 0.545872 0.160000 0.015291 0.045000
0 0.416922 0.158750 0.016310 0.047500
0 0.339450 0.155000 0.016310 0.045000
0 0.774210 0.288750 0.019368 0.057500
0 0.372069 0.191250 0.016310 0.052500
0 0.430173 0.220000 0.016310 0.050000
0 0.408257 0.115000 0.015291 0.040000
0 0.354230 0.208750 0.017329 0.057500
0 0.008665 0.637500 0.015291 0.145000
0 0.211009 0.176250 0.014271 0.047500
0 0.460754 0.170000 0.018349 0.050000
0 0.549439 0.266250 0.020387 0.062500
0 0.095821 0.208750 0.016310 0.052500
0 0.804281 0.117500 0.012232 0.035000
0 0.650357 0.236250 0.022426 0.057500
0 0.520387 0.261250 0.019368 0.062500
0 0.244139 0.198750 0.015291 0.052500
0 0.226809 0.306250 0.021407 0.067500
0 0.476555 0.947500 0.047910 0.105000
0 0.343527 0.340000 0.022426 0.080000
0 0.505097 0.222500 0.017329 0.060000
0 0.127421 0.151250 0.012232 0.042500
0 0.850663 0.298750 0.017329 0.062500
0 0.992355 0.177500 0.015291 0.050000
0 0.271152 0.492500 0.026504 0.080000
0 0.704893 0.185000 0.013252 0.045000
0 0.494903 0.976250 0.066259 0.047500
0 0.830275 0.141250 0.015291 0.042500
0 0.041284 0.160000 0.015291 0.045000
0 0.115189 0.175000 0.014271 0.050000
0 0.963812 0.192500 0.015291 0.050000
0 0.860347 0.172500 0.014271 0.045000
0 0.526504 0.165000 0.017329 0.050000
0 0.282365 0.220000 0.018349 0.055000
0 0.939348 0.178750 0.015291 0.042500
0 0.731397 0.133750 0.011213 0.042500
0 0.180428 0.090000 0.010194 0.035000
0 0.115698 0.091250 0.011213 0.037500
0 0.935270 0.568750 0.031600 0.082500
0 0.216106 0.083750 0.012232 0.037500
0 0.278287 0.170000 0.012232 0.040000
0 0.491335 0.138750 0.014271 0.047500
0 0.758410 0.138750 0.012232 0.042500
0 0.520897 0.111250 0.012232 0.042500
0 0.978084 0.411250 0.023445 0.067500
0 0.260449 0.103750 0.013252 0.042500
0 0.392457 0.163750 0.016310 0.042500
0 0.139144 0.128750 0.013252 0.042500
0 0.195209 0.153750 0.013252 0.042500
0 0.305301 0.197500 0.017329 0.050000
0 0.768094 0.111250 0.013252 0.037500
0 0.635576 0.088750 0.011213 0.037500
0 0.172273 0.146250 0.014271 0.042500
0 0.718654 0.135000 0.012232 0.040000
0 0.100917 0.133750 0.012232 0.042500
0 0.151376 0.102500 0.011213 0.035000
0 0.539755 0.205000 0.017329 0.045000
0 0.223242 0.170000 0.012232 0.045000
0 0.287971 0.405000 0.025484 0.070000
0 0.005097 0.136250 0.008155 0.042500
0 0.090724 0.160000 0.014271 0.045000
0 0.897554 0.108750 0.013252 0.047500
0 0.764016 0.350000 0.023445 0.065000
0 0.279817 0.080000 0.013252 0.035000
0 0.057594 0.156250 0.013252 0.037500
0 0.608053 0.121250 0.013252 0.042500
0 0.768094 0.161250 0.013252 0.042500
0 0.313965 0.102500 0.012232 0.040000
0 0.368502 0.137500 0.013252 0.045000
0 0.413863 0.223750 0.014271 0.042500
0 0.353721 0.140000 0.014271 0.055000
0 0.695209 0.102500 0.014271 0.040000
0 0.744648 0.140000 0.013252 0.040000
0 0.489806 0.953750 0.072375 0.092500
0 0.470438 0.100000 0.013252 0.035000
0 0.257390 0.417500 0.025484 0.080000
0 0.561162 0.100000 0.013252 0.035000
0 0.221203 0.227500 0.016310 0.055000
0 0.675331 0.143750 0.015291 0.037500
0 0.438838 0.145000 0.015291 0.050000
0 0.591743 0.216250 0.017329 0.052500
0 0.866463 0.246250 0.014271 0.052500
0 0.623344 0.252500 0.017329 0.055000
0 0.066259 0.106250 0.012232 0.037500
0 0.252803 0.168750 0.014271 0.042500
0 0.707441 0.141250 0.012232 0.037500
0 0.424567 0.111250 0.015291 0.042500
0 0.210499 0.131250 0.013252 0.037500
0 0.303262 0.148750 0.013252 0.042500
0 0.926096 0.157500 0.015291 0.040000
0 0.247197 0.118750 0.013252 0.042500
0 0.492355 0.188750 0.012232 0.047500
0 0.395005 0.115000 0.011213 0.035000
0 0.661060 0.181250 0.015291 0.047500
0 0.560143 0.113750 0.013252 0.042500
0 0.888379 0.172500 0.015291 0.050000
0 0.280326 0.127500 0.014271 0.040000
0 0.480122 0.105000 0.012232 0.035000
0 0.660041 0.116250 0.013252 0.042500
0 0.593272 0.116250 0.014271 0.037500
0 0.169725 0.105000 0.013252 0.035000
0 0.029052 0.117500 0.013252 0.040000
0 0.067788 0.577500 0.035678 0.095000
0 0.096330 0.103750 0.015291 0.037500
0 0.341998 0.100000 0.015291 0.040000
0 0.443425 0.110000 0.016310 0.035000
0 0.645770 0.102500 0.013252 0.035000
0 0.724261 0.191250 0.021407 0.052500
0 0.714577 0.247500 0.018349 0.045000
0 0.943935 0.115000 0.016310 0.050000
0 0.941896 0.647500 0.040775 0.085000
0 0.903160 0.148750 0.012232 0.037500
