0 0.055046 0.388750 0.022426 0.067500
0 0.262997 0.765000 0.053007 0.160000
0 0.326707 0.898750 0.054027 0.142500
0 0.348624 0.713750 0.040775 0.137500
0 0.333333 0.573750 0.028542 0.092500
0 0.402650 0.580000 0.030581 0.090000
0 0.494393 0.688750 0.038736 0.137500
0 0.232416 0.427500 0.024465 0.090000
0 0.310907 0.462500 0.030581 0.100000
0 0.355250 0.466250 0.027523 0.092500
0 0.377166 0.471250 0.016310 0.077500
0 0.405199 0.482500 0.029562 0.090000
0 0.475535 0.476250 0.023445 0.082500
0 0.500000 0.548750 0.027523 0.097500
0 0.564220 0.696250 0.039755 0.157500
0 0.460754 0.716250 0.026504 0.097500
0 0.672783 0.773750 0.053007 0.132500
0 0.729867 0.782500 0.055046 0.165000
0 0.802752 0.743750 0.045872 0.122500
0 0.853721 0.718750 0.043833 0.137500
0 0.389908 0.350000 0.023445 0.070000
0 0.445464 0.421250 0.024465 0.082500
0 0.111621 0.486250 0.037717 0.092500
0 0.129969 0.222500 0.021407 0.045000
0 0.086137 0.222500 0.019368 0.055000
0 0.172783 0.221250 0.015291 0.047500
0 0.158002 0.177500 0.016310 0.060000
0 0.211519 0.178750 0.017329 0.052500
0 0.226300 0.277500 0.020387 0.060000
0 0.265545 0.330000 0.025484 0.070000
0 0.283384 0.157500 0.016310 0.055000
0 0.467890 0.337500 0.022426 0.075000
0 0.569827 0.413750 0.026504 0.082500
0 0.680938 0.481250 0.030581 0.087500
0 0.739042 0.433750 0.028542 0.082500
0 0.884302 0.556250 0.043833 0.122500
0 0.787971 0.433750 0.034659 0.102500
0 0.873598 0.418750 0.036697 0.107500
0 0.040265 0.151250 0.015291 0.052500
0 0.011213 0.190000 0.016310 0.045000
0 0.281855 0.216250 0.019368 0.052500
0 0.396534 0.203750 0.018349 0.057500
0 0.464322 0.061250 0.019368 0.057500
0 0.542813 0.295000 0.025484 0.070000
0 0.786442 0.280000 0.021407 0.070000
0 0.114679 0.182500 0.015291 0.045000
0 0.016820 0.153750 0.013252 0.032500
0 0.080020 0.126250 0.015291 0.032500
0 0.084098 0.157500 0.013252 0.050000
0 0.142712 0.126250 0.010194 0.042500
0 0.166667 0.127500 0.015291 0.050000
0 0.183486 0.113750 0.010194 0.037500
0 0.209990 0.115000 0.012232 0.045000
0 0.240061 0.163750 0.015291 0.052500
0 0.268094 0.136250 0.012232 0.047500
0 0.224771 0.092500 0.013252 0.045000
0 0.338940 0.161250 0.015291 0.042500
0 0.320591 0.215000 0.015291 0.050000
0 0.367482 0.186250 0.015291 0.057500
0 0.352701 0.183750 0.014271 0.047500
0 0.319572 0.121250 0.015291 0.042500
0 0.413354 0.132500 0.017329 0.040000
0 0.430173 0.258750 0.020387 0.062500
0 0.458206 0.236250 0.015291 0.047500
0 0.476045 0.267500 0.018349 0.055000
0 0.525994 0.251250 0.018349 0.052500
0 0.509684 0.258750 0.012232 0.047500
0 0.504077 0.173750 0.015291 0.042500
0 0.492355 0.166250 0.012232 0.047500
0 0.347095 0.071250 0.013252 0.042500
0 0.379205 0.130000 0.012232 0.040000
0 0.394495 0.132500 0.012232 0.040000
0 0.425586 0.082500 0.011213 0.035000
0 0.518349 0.142500 0.011213 0.040000
0 0.515800 0.097500 0.012232 0.035000
0 0.567788 0.167500 0.016310 0.050000
0 0.581040 0.291250 0.022426 0.062500
0 0.609072 0.276250 0.017329 0.062500
0 0.656473 0.335000 0.024465 0.080000
0 0.673293 0.302500 0.023445 0.060000
0 0.698777 0.320000 0.021407 0.080000
0 0.621814 0.161250 0.016310 0.047500
0 0.654944 0.132500 0.015291 0.045000
0 0.681957 0.097500 0.014271 0.035000
0 0.561162 0.087500 0.009174 0.035000
0 0.581040 0.145000 0.014271 0.045000
0 0.555046 0.147500 0.013252 0.040000
0 0.640673 0.493750 0.039755 0.097500
0 0.610092 0.490000 0.023445 0.090000
0 0.736493 0.188750 0.019368 0.047500
0 0.720183 0.296250 0.025484 0.082500
0 0.768603 0.187500 0.016310 0.040000
0 0.818043 0.215000 0.015291 0.050000
0 0.839959 0.248750 0.018349 0.052500
0 0.813965 0.437500 0.019368 0.080000
0 0.831295 0.436250 0.019368 0.062500
0 0.828746 0.118750 0.012232 0.037500
0 0.613150 0.086250 0.009174 0.027500
0 0.586646 0.081250 0.013252 0.032500
0 0.634047 0.100000 0.012232 0.030000
0 0.891437 0.100000 0.015291 0.040000
0 0.806830 0.140000 0.011213 0.035000
0 0.932722 0.163750 0.018349 0.052500
0 0.913863 0.471250 0.025484 0.082500
0 0.945973 0.486250 0.030581 0.077500
0 0.988277 0.455000 0.023445 0.085000
0 0.914883 0.398750 0.025484 0.052500
0 0.988277 0.630000 0.023445 0.140000
0 0.418451 0.352500 0.027523 0.095000
