0 0.099388 0.791250 0.051988 0.177500
0 0.317023 0.907500 0.048930 0.185000
0 0.396534 0.942500 0.065240 0.115000
0 0.180938 0.526250 0.043833 0.132500
0 0.223751 0.617500 0.043833 0.145000
0 0.302752 0.717500 0.042813 0.145000
0 0.119776 0.490000 0.029562 0.090000
0 0.065240 0.473750 0.034659 0.102500
0 0.068807 0.297500 0.027523 0.080000
0 0.051988 0.213750 0.020387 0.062500
0 0.051988 0.100000 0.012232 0.030000
0 0.031600 0.092500 0.014271 0.040000
0 0.066259 0.076250 0.014271 0.037500
0 0.092762 0.172500 0.016310 0.060000
0 0.099388 0.248750 0.027523 0.082500
0 0.118756 0.231250 0.015291 0.047500
0 0.176860 0.333750 0.025484 0.067500
0 0.125892 0.070000 0.013252 0.045000
0 0.160550 0.197500 0.015291 0.040000
0 0.143221 0.166250 0.017329 0.042500
0 0.161060 0.158750 0.014271 0.032500
0 0.188073 0.232500 0.019368 0.050000
0 0.173293 0.108750 0.014271 0.042500
0 0.152905 0.088750 0.012232 0.037500
0 0.187564 0.135000 0.014271 0.040000
0 0.206422 0.198750 0.015291 0.057500
0 0.238022 0.238750 0.017329 0.057500
0 0.259939 0.290000 0.020387 0.065000
0 0.285933 0.312500 0.019368 0.055000
0 0.310907 0.395000 0.030581 0.090000
0 0.242610 0.163750 0.016310 0.052500
0 0.239551 0.123750 0.014271 0.037500
0 0.203364 0.091250 0.011213 0.037500
0 0.281346 0.221250 0.018349 0.062500
0 0.269113 0.168750 0.014271 0.047500
0 0.308869 0.207500 0.016310 0.065000
0 0.328236 0.353750 0.022426 0.072500
0 0.399592 0.371250 0.024465 0.097500
0 0.296636 0.121250 0.014271 0.047500
0 0.274210 0.126250 0.012232 0.032500
0 0.321611 0.170000 0.017329 0.060000
0 0.363405 0.257500 0.021407 0.075000
0 0.375637 0.215000 0.015291 0.045000
0 0.352701 0.133750 0.010194 0.042500
0 0.362895 0.126250 0.012232 0.052500
0 0.330785 0.117500 0.015291 0.040000
0 0.271152 0.092500 0.012232 0.030000
0 0.300714 0.062500 0.012232 0.035000
0 0.309378 0.061250 0.011213 0.042500
0 0.345566 0.102500 0.012232 0.035000
0 0.371560 0.081250 0.013252 0.042500
0 0.398063 0.126250 0.013252 0.042500
0 0.412844 0.143750 0.010194 0.047500
0 0.423547 0.127500 0.013252 0.045000
0 0.404179 0.086250 0.011213 0.037500
0 0.442915 0.162500 0.015291 0.045000
0 0.410805 0.288750 0.026504 0.082500
0 0.457187 0.348750 0.027523 0.052500
0 0.448012 0.281250 0.019368 0.062500
0 0.451580 0.227500 0.016310 0.040000
0 0.486239 0.323750 0.028542 0.092500
0 0.519878 0.325000 0.018349 0.060000
0 0.515291 0.277500 0.019368 0.045000
0 0.440877 0.097500 0.015291 0.035000
0 0.460754 0.140000 0.018349 0.050000
0 0.497452 0.155000 0.012232 0.035000
0 0.511213 0.088750 0.015291 0.042500
0 0.524975 0.111250 0.016310 0.042500
0 0.536188 0.148750 0.018349 0.052500
0 0.534149 0.260000 0.016310 0.055000
0 0.555046 0.258750 0.021407 0.077500
0 0.612130 0.368750 0.019368 0.077500
0 0.603466 0.308750 0.020387 0.062500
0 0.599388 0.235000 0.018349 0.045000
0 0.632008 0.321250 0.026504 0.082500
0 0.667686 0.345000 0.024465 0.070000
0 0.641692 0.250000 0.023445 0.065000
0 0.682467 0.265000 0.019368 0.060000
0 0.578491 0.106250 0.011213 0.037500
0 0.608563 0.201250 0.018349 0.052500
0 0.583588 0.245000 0.013252 0.055000
0 0.614679 0.123750 0.014271 0.042500
0 0.627421 0.171250 0.015291 0.037500
0 0.639653 0.093750 0.009174 0.032500
0 0.648318 0.107500 0.014271 0.040000
0 0.664628 0.146250 0.014271 0.032500
0 0.668705 0.177500 0.016310 0.040000
0 0.671254 0.216250 0.017329 0.032500
0 0.696738 0.187500 0.015291 0.035000
0 0.729358 0.288750 0.021407 0.077500
0 0.710499 0.290000 0.018349 0.080000
0 0.717635 0.225000 0.020387 0.055000
0 0.737513 0.153750 0.017329 0.052500
0 0.715087 0.080000 0.013252 0.040000
0 0.779817 0.307500 0.024465 0.065000
0 0.757390 0.256250 0.016310 0.052500
0 0.775229 0.167500 0.015291 0.040000
0 0.761468 0.153750 0.014271 0.037500
0 0.768094 0.110000 0.013252 0.040000
0 0.845056 0.301250 0.022426 0.062500
0 0.837920 0.253750 0.018349 0.047500
0 0.790010 0.232500 0.022426 0.060000
0 0.790010 0.162500 0.014271 0.045000
0 0.800714 0.128750 0.013252 0.042500
0 0.842508 0.133750 0.013252 0.042500
0 0.862895 0.145000 0.013252 0.045000
0 0.884811 0.108750 0.016310 0.042500
0 0.882773 0.177500 0.014271 0.040000
0 0.895005 0.241250 0.018349 0.062500
0 0.881244 0.325000 0.025484 0.090000
0 0.935270 0.316250 0.023445 0.067500
0 0.964322 0.352500 0.022426 0.070000
0 0.919980 0.157500 0.011213 0.065000
0 0.941896 0.211250 0.018349 0.062500
0 0.978593 0.168750 0.020387 0.047500
0 0.940877 0.072500 0.016310 0.040000
0 0.750255 0.596250 0.036697 0.122500
0 0.927115 0.738750 0.041794 0.147500
0 0.960754 0.608750 0.031600 0.082500
0 0.904689 0.911250 0.049949 0.152500
