0 0.544852 0.500000 0.023445 0.078947
0 0.085627 0.448684 0.024465 0.065789
0 0.549439 0.369737 0.022426 0.060526
0 0.189602 0.401316 0.022426 0.060526
0 0.286952 0.422368 0.019368 0.055263
0 0.125382 0.407895 0.020387 0.063158
0 0.903160 0.313158 0.020387 0.057895
0 0.793068 0.572368 0.022426 0.081579
0 0.618247 0.400000 0.019368 0.063158
0 0.716616 0.264474 0.016310 0.060526
0 0.410805 0.548684 0.026504 0.086842
0 0.911825 0.255263 0.019368 0.057895
0 0.454128 0.296053 0.017329 0.055263
0 0.317023 0.347368 0.016310 0.052632
0 0.584098 0.305263 0.018349 0.052632
0 0.519878 0.338158 0.018349 0.060526
0 0.793068 0.297368 0.018349 0.057895
0 0.121814 0.355263 0.019368 0.052632
0 0.401631 0.394737 0.024465 0.068421
0 0.938328 0.188158 0.015291 0.055263
0 0.833333 0.214474 0.019368 0.055263
0 0.669215 0.265789 0.017329 0.052632
0 0.276249 0.507895 0.022426 0.063158
0 0.530581 0.282895 0.017329 0.055263
0 0.347604 0.398684 0.020387 0.060526
0 0.875637 0.619737 0.026504 0.086842
0 0.118247 0.243421 0.016310 0.044737
0 0.977064 0.243421 0.017329 0.055263
0 0.773191 0.377632 0.021407 0.065789
0 0.474006 0.380263 0.020387 0.065789
0 0.409276 0.248684 0.019368 0.055263
0 0.780836 0.255263 0.014271 0.047368
0 0.223751 0.169737 0.017329 0.050000
0 0.574924 0.364474 0.016310 0.055263
0 0.572885 0.243421 0.016310 0.050000
0 0.081549 0.261842 0.014271 0.044737
0 0.690112 0.517105 0.024465 0.071053
0 0.404179 0.310526 0.017329 0.057895
0 0.468909 0.165789 0.014271 0.047368
0 0.601937 0.185526 0.015291 0.050000
0 0.607034 0.268421 0.021407 0.063158
0 0.514781 0.234211 0.016310 0.047368
0 0.248726 0.502632 0.020387 0.057895
0 0.700306 0.218421 0.018349 0.052632
0 0.724771 0.553947 0.026504 0.092105
0 0.132008 0.123684 0.013252 0.042105
0 0.618756 0.128947 0.014271 0.047368
0 0.706932 0.117105 0.015291 0.044737
0 0.455148 0.178947 0.015291 0.047368
0 0.008665 0.234211 0.015291 0.047368
0 0.356269 0.206579 0.017329 0.050000
0 0.451580 0.232895 0.014271 0.050000
0 0.908257 0.180263 0.012232 0.044737
0 0.325688 0.175000 0.017329 0.050000
0 0.782875 0.093421 0.012232 0.039474
0 0.983180 0.318421 0.021407 0.057895
0 0.203364 0.114474 0.015291 0.050000
0 0.004587 0.476316 0.007136 0.068421
0 0.491335 0.555263 0.026504 0.089474
0 0.629969 0.493421 0.022426 0.071053
0 0.835372 0.085526 0.013252 0.039474
0 0.811927 0.055263 0.013252 0.042105
0 0.719164 0.046053 0.013252 0.039474
0 0.547910 0.157895 0.017329 0.052632
0 0.759939 0.080263 0.013252 0.039474
0 0.057085 0.075000 0.012232 0.034211
0 0.737513 0.140789 0.015291 0.044737
0 0.637105 0.082895 0.014271 0.044737
0 0.377676 0.059211 0.015291 0.039474
0 0.943425 0.052632 0.011213 0.036842
0 0.659021 0.151316 0.015291 0.044737
0 0.525994 0.156579 0.014271 0.044737
0 0.031600 0.114474 0.012232 0.034211
0 0.742610 0.060526 0.013252 0.036842
0 0.354230 0.582895 0.031600 0.086842
0 0.433231 0.105263 0.014271 0.042105
0 0.963303 0.065789 0.014271 0.042105
0 0.390928 0.147368 0.015291 0.042105
0 0.576453 0.126316 0.015291 0.042105
0 0.210499 0.032895 0.011213 0.034211
0 0.834353 0.023684 0.011213 0.036842
0 0.090724 0.086842 0.014271 0.036842
0 0.243119 0.157895 0.015291 0.042105
0 0.467890 0.094737 0.014271 0.042105
0 0.204893 0.514474 0.022426 0.060526
0 0.721203 0.102632 0.011213 0.036842
0 0.602446 0.090789 0.012232 0.039474
0 0.246177 0.027632 0.009174 0.028947
0 0.170744 0.115789 0.013252 0.042105
0 0.896534 0.146053 0.011213 0.039474
0 0.429664 0.173684 0.015291 0.047368
0 0.014781 0.665789 0.025484 0.078947
0 0.222732 0.078947 0.013252 0.036842
0 0.554027 0.023684 0.011213 0.036842
0 0.316514 0.110526 0.017329 0.042105
0 0.519878 0.080263 0.012232 0.034211
0 0.422528 0.206579 0.015291 0.044737
0 0.851682 0.089474 0.013252 0.036842
0 0.953109 0.067105 0.012232 0.039474
0 0.779817 0.644737 0.030581 0.100000
0 0.404179 0.072368 0.017329 0.044737
0 0.019878 0.105263 0.011213 0.036842
0 0.644241 0.250000 0.016310 0.052632
0 0.442915 0.640789 0.027523 0.086842
0 0.157492 0.121053 0.013252 0.042105
0 0.184506 0.094737 0.014271 0.042105
0 0.158512 0.523684 0.023445 0.068421
0 0.232416 0.627632 0.026504 0.071053
0 0.261978 0.634211 0.028542 0.100000
0 0.394495 0.706579 0.030581 0.086842
0 0.348114 0.526316 0.027523 0.073684
0 0.466361 0.559211 0.027523 0.092105
0 0.645770 0.606579 0.027523 0.092105
0 0.148828 0.093421 0.014271 0.039474
0 0.160041 0.019737 0.014271 0.034211
0 0.266565 0.014474 0.013252 0.023684
0 0.293578 0.025000 0.014271 0.044737
0 0.688583 0.081579 0.011213 0.036842
0 0.658512 0.117105 0.016310 0.034211
0 0.527013 0.023684 0.012232 0.042105
0 0.496432 0.111842 0.012232 0.039474
0 0.423038 0.077632 0.012232 0.034211
0 0.449541 0.061842 0.014271 0.044737
0 0.569827 0.039474 0.014271 0.036842
0 0.612640 0.057895 0.010194 0.036842
0 0.681957 0.039474 0.012232 0.031579
0 0.696738 0.034211 0.013252 0.036842
0 0.985729 0.406579 0.028542 0.076316
0 0.941386 0.268421 0.021407 0.063158
0 0.861366 0.050000 0.014271 0.036842
0 0.933231 0.013158 0.011213 0.021053
