0 0.659021 0.489474 0.025484 0.078947
0 0.716106 0.484211 0.029562 0.089474
0 0.483180 0.588158 0.028542 0.086842
0 0.867992 0.168421 0.017329 0.052632
0 0.165138 0.414474 0.024465 0.060526
0 0.272681 0.292105 0.017329 0.052632
0 0.168196 0.330263 0.018349 0.055263
0 0.968400 0.247368 0.018349 0.063158
0 0.068807 0.226316 0.015291 0.047368
0 0.429154 0.339474 0.020387 0.063158
0 0.509684 0.302632 0.018349 0.057895
0 0.875637 0.238158 0.018349 0.055263
0 0.038736 0.197368 0.014271 0.047368
0 0.324669 0.392105 0.017329 0.057895
0 0.129969 0.171053 0.013252 0.042105
0 0.042813 0.310526 0.018349 0.063158
0 0.575433 0.336842 0.019368 0.063158
0 0.387360 0.403947 0.022426 0.060526
0 0.582569 0.292105 0.017329 0.047368
0 0.498471 0.255263 0.016310 0.047368
0 0.123853 0.414474 0.021407 0.055263
0 0.728848 0.351316 0.018349 0.060526
0 0.560143 0.296053 0.017329 0.055263
0 0.899592 0.201316 0.017329 0.055263
0 0.586646 0.127632 0.013252 0.039474
0 0.370031 0.277632 0.016310 0.055263
0 0.407238 0.326316 0.017329 0.063158
0 0.300204 0.311842 0.015291 0.055263
0 0.765036 0.223684 0.015291 0.057895
0 0.532110 0.181579 0.016310 0.052632
0 0.704893 0.203947 0.015291 0.050000
0 0.717635 0.136842 0.014271 0.042105
0 0.672783 0.134211 0.014271 0.047368
0 0.557594 0.677632 0.030581 0.097368
0 0.635066 0.278947 0.018349 0.057895
0 0.931702 0.071053 0.014271 0.042105
0 0.821101 0.021053 0.011213 0.036842
0 0.809378 0.263158 0.016310 0.052632
0 0.407238 0.147368 0.013252 0.042105
0 0.980632 0.167105 0.014271 0.055263
0 0.268603 0.372368 0.023445 0.081579
0 0.164118 0.057895 0.012232 0.036842
0 0.698777 0.289474 0.019368 0.052632
0 0.608563 0.096053 0.014271 0.039474
0 0.192661 0.061842 0.010194 0.034211
0 0.808869 0.347368 0.019368 0.052632
0 0.518858 0.134211 0.014271 0.047368
0 0.383282 0.047368 0.012232 0.036842
0 0.014781 0.193421 0.015291 0.050000
0 0.067278 0.098684 0.012232 0.039474
0 0.623853 0.102632 0.014271 0.042105
0 0.792049 0.242105 0.012232 0.068421
0 0.746177 0.060526 0.012232 0.052632
0 0.335372 0.198684 0.014271 0.050000
0 0.853721 0.050000 0.013252 0.036842
0 0.416922 0.081579 0.012232 0.042105
0 0.440367 0.152632 0.012232 0.042105
0 0.667176 0.046053 0.013252 0.034211
0 0.705912 0.344737 0.019368 0.057895
0 0.376147 0.134211 0.012232 0.042105
0 0.016820 0.081579 0.011213 0.031579
0 0.433231 0.076316 0.012232 0.036842
0 0.593272 0.468421 0.022426 0.073684
0 0.228338 0.071053 0.010194 0.031579
0 0.453109 0.153947 0.011213 0.039474
0 0.105505 0.082895 0.011213 0.034211
0 0.511213 0.082895 0.013252 0.039474
0 0.910296 0.051316 0.012232 0.034211
0 0.024465 0.277632 0.014271 0.044737
0 0.402141 0.064474 0.013252 0.039474
0 0.835882 0.032895 0.010194 0.034211
0 0.470948 0.098684 0.012232 0.039474
0 0.671764 0.055263 0.014271 0.036842
0 0.365443 0.109211 0.011213 0.039474
0 0.703364 0.019737 0.012232 0.034211
0 0.545362 0.076316 0.014271 0.036842
0 0.163609 0.165789 0.013252 0.042105
0 0.053517 0.750000 0.023445 0.089474
0 0.013252 0.696053 0.024465 0.092105
0 0.215596 0.603947 0.027523 0.086842
0 0.235984 0.456579 0.021407 0.055263
0 0.156983 0.594737 0.030581 0.094737
0 0.255352 0.089474 0.019368 0.057895
0 0.030071 0.247368 0.013252 0.042105
0 0.253823 0.031579 0.014271 0.042105
0 0.202854 0.044737 0.012232 0.042105
0 0.362385 0.017105 0.011213 0.028947
0 0.434251 0.265789 0.016310 0.042105
0 0.352701 0.432895 0.022426 0.055263
0 0.399083 0.638158 0.027523 0.071053
0 0.475535 0.044737 0.013252 0.031579
0 0.537207 0.017105 0.018349 0.028947
0 0.579511 0.019737 0.015291 0.034211
0 0.629460 0.021053 0.013252 0.036842
0 0.633028 0.076316 0.014271 0.042105
0 0.745158 0.234211 0.016310 0.047368
0 0.664628 0.332895 0.020387 0.060526
0 0.637615 0.372368 0.027523 0.081579
0 0.727829 0.069737 0.016310 0.055263
0 0.748216 0.015789 0.012232 0.026316
0 0.850153 0.282895 0.018349 0.055263
0 0.862895 0.023684 0.011213 0.042105
0 0.848114 0.022368 0.012232 0.039474
0 0.874618 0.040789 0.012232 0.034211
0 0.945464 0.023684 0.013252 0.042105
0 0.956167 0.017105 0.016310 0.028947
0 0.956677 0.305263 0.017329 0.057895
0 0.860347 0.238158 0.016310 0.050000
0 0.704383 0.078947 0.016310 0.057895
0 0.762997 0.738158 0.033639 0.102632
