0 0.455657 0.484211 0.020387 0.063158
0 0.923547 0.496053 0.026504 0.071053
0 0.833843 0.546053 0.024465 0.076316
0 0.304281 0.617105 0.027523 0.086842
0 0.196738 0.596053 0.024465 0.076316
0 0.603976 0.596053 0.025484 0.092105
0 0.207951 0.357895 0.018349 0.057895
0 0.828746 0.423684 0.020387 0.057895
0 0.522936 0.327632 0.018349 0.060526
0 0.587156 0.392105 0.020387 0.063158
0 0.660550 0.311842 0.016310 0.055263
0 0.183486 0.715789 0.028542 0.094737
0 0.617227 0.302632 0.017329 0.057895
0 0.739042 0.171053 0.014271 0.042105
0 0.561672 0.361842 0.020387 0.060526
0 0.986748 0.261842 0.018349 0.055263
0 0.696738 0.413158 0.019368 0.057895
0 0.578491 0.282895 0.017329 0.055263
0 0.380224 0.475000 0.020387 0.060526
0 0.141182 0.500000 0.019368 0.063158
0 0.682977 0.577632 0.026504 0.081579
0 0.785423 0.484211 0.021407 0.078947
0 0.757390 0.338158 0.018349 0.055263
0 0.476045 0.498684 0.022426 0.071053
0 0.670744 0.221053 0.016310 0.052632
0 0.613660 0.218421 0.016310 0.047368
0 0.030581 0.255263 0.020387 0.057895
0 0.640673 0.203947 0.015291 0.050000
0 0.943425 0.189474 0.017329 0.052632
0 0.329766 0.443421 0.019368 0.060526
0 0.944954 0.251316 0.016310 0.055263
0 0.462283 0.263158 0.017329 0.057895
0 0.702345 0.272368 0.018349 0.050000
0 0.698267 0.326316 0.018349 0.068421
0 0.377166 0.244737 0.018349 0.052632
0 0.761978 0.409211 0.019368 0.065789
0 0.572375 0.213158 0.017329 0.047368
0 0.401631 0.244737 0.016310 0.047368
0 0.813456 0.202632 0.014271 0.047368
0 0.680938 0.376316 0.016310 0.057895
0 0.963303 0.111842 0.014271 0.044737
0 0.693680 0.194737 0.015291 0.042105
0 0.724771 0.301316 0.014271 0.055263
0 0.562691 0.498684 0.020387 0.060526
0 0.767074 0.232895 0.019368 0.060526
0 0.267584 0.196053 0.017329 0.050000
0 0.212029 0.171053 0.020387 0.052632
0 0.083078 0.250000 0.017329 0.057895
0 0.737003 0.223684 0.014271 0.047368
0 0.400612 0.314474 0.016310 0.050000
0 0.408257 0.686842 0.023445 0.073684
0 0.366972 0.165789 0.014271 0.042105
0 0.194190 0.132895 0.015291 0.050000
0 0.343527 0.228947 0.014271 0.042105
0 0.231906 0.160526 0.015291 0.042105
0 0.119266 0.218421 0.016310 0.047368
0 0.144241 0.053947 0.013252 0.039474
0 0.258410 0.707895 0.025484 0.084211
0 0.007136 0.168421 0.012232 0.047368
0 0.525484 0.211842 0.015291 0.044737
0 0.126911 0.140789 0.017329 0.050000
0 0.617737 0.476316 0.022426 0.068421
0 0.706932 0.147368 0.013252 0.036842
0 0.308869 0.181579 0.014271 0.042105
0 0.269623 0.351316 0.019368 0.050000
0 0.504587 0.206579 0.016310 0.050000
0 0.397554 0.169737 0.016310 0.050000
0 0.761468 0.180263 0.014271 0.039474
0 0.425586 0.205263 0.017329 0.047368
0 0.023445 0.135526 0.014271 0.044737
0 0.618247 0.113158 0.017329 0.052632
0 0.554027 0.176316 0.017329 0.047368
0 0.474006 0.184211 0.018349 0.047368
0 0.512232 0.122368 0.017329 0.044737
0 0.899083 0.180263 0.016310 0.050000
0 0.687054 0.144737 0.014271 0.042105
0 0.097859 0.205263 0.018349 0.052632
0 0.104995 0.128947 0.014271 0.042105
0 0.965341 0.072368 0.012232 0.034211
0 0.052497 0.152632 0.013252 0.042105
0 0.066259 0.175000 0.016310 0.050000
0 0.904179 0.139474 0.014271 0.042105
0 0.903160 0.084211 0.012232 0.036842
0 0.600917 0.186842 0.015291 0.047368
0 0.341998 0.182895 0.015291 0.039474
0 0.529052 0.085526 0.014271 0.039474
0 0.638634 0.165789 0.013252 0.036842
0 0.535678 0.492105 0.019368 0.057895
0 0.859327 0.040789 0.010194 0.034211
0 0.441896 0.140789 0.015291 0.050000
0 0.472987 0.231579 0.016310 0.047368
0 0.335372 0.139474 0.014271 0.036842
0 0.585627 0.188158 0.013252 0.044737
0 0.441386 0.096053 0.014271 0.039474
0 0.497961 0.078947 0.013252 0.036842
0 0.092253 0.146053 0.013252 0.039474
0 0.667176 0.061842 0.011213 0.034211
0 0.021407 0.203947 0.018349 0.050000
0 0.561672 0.085526 0.014271 0.039474
0 0.679409 0.093421 0.011213 0.039474
0 0.069317 0.090789 0.014271 0.039474
0 0.355759 0.268421 0.016310 0.052632
0 0.515800 0.126316 0.018349 0.047368
0 0.727319 0.086842 0.011213 0.036842
0 0.049949 0.609211 0.022426 0.071053
0 0.028033 0.763158 0.025484 0.084211
0 0.092762 0.702632 0.030581 0.105263
0 0.114679 0.756579 0.025484 0.097368
0 0.171764 0.847368 0.037717 0.094737
0 0.238532 0.896053 0.030581 0.086842
0 0.278797 0.300000 0.015291 0.052632
0 0.518858 0.282895 0.014271 0.034211
0 0.843017 0.888158 0.032620 0.107895
0 0.790010 0.953947 0.042813 0.092105
0 0.731397 0.978947 0.035678 0.042105
0 0.809378 0.032895 0.012232 0.039474
0 0.937309 0.044737 0.013252 0.036842
0 0.753823 0.013158 0.015291 0.021053
0 0.699796 0.040789 0.013252 0.039474
0 0.718654 0.028947 0.014271 0.036842
0 0.708970 0.613158 0.025484 0.073684
0 0.673293 0.653947 0.027523 0.081579
0 0.592762 0.017105 0.013252 0.028947
0 0.587156 0.143421 0.014271 0.034211
0 0.408767 0.127632 0.016310 0.039474
0 0.118247 0.059211 0.012232 0.055263
0 0.227319 0.015789 0.014271 0.026316
0 0.242610 0.065789 0.014271 0.042105
0 0.281855 0.018421 0.013252 0.031579
0 0.254332 0.026316 0.013252 0.036842
0 0.304791 0.031579 0.012232 0.042105
0 0.321611 0.131579 0.013252 0.042105
0 0.390928 0.125000 0.013252 0.028947
0 0.352701 0.019737 0.014271 0.034211
