0 0.199337 0.506319 0.034209 0.11577
0 0.206242 0.750054 0.0407132 0.143803
0 0.292474 0.435654 0.0278106 0.097829
0 0.905354 0.650735 0.0419605 0.135213
0 0.560705 0.697144 0.040628 0.14583
0 0.443064 0.406575 0.0262686 0.0927154
0 0.510663 0.605043 0.0356178 0.138495
0 0.81271 0.527074 0.0317871 0.103214
0 0.368592 0.365875 0.0265388 0.0851628
0 0.663747 0.34505 0.0298359 0.0864515
0 0.706059 0.629101 0.0399313 0.116701
0 0.494904 0.924513 0.055556 0.150974
0 0.855402 0.671721 0.0369234 0.132219
0 0.66788 0.449969 0.035886 0.11023
0 0.805977 0.389636 0.0291401 0.0942519
0 0.893077 0.802064 0.0391454 0.162682
0 0.130566 0.570459 0.0402711 0.130428
0 0.631294 0.265928 0.0209329 0.0829459
0 0.435161 0.850273 0.0400329 0.1388
0 0.843826 0.227659 0.0219809 0.0662444
0 0.945473 0.424495 0.0270729 0.0990837
0 0.490776 0.429734 0.0274457 0.0971812
0 0.84953 0.361164 0.0262772 0.0905846
0 0.558316 0.283053 0.0233736 0.0776596
0 0.903543 0.341276 0.0261364 0.0954166
0 0.413224 0.264004 0.0219099 0.075733
0 0.502875 0.167727 0.0175771 0.0561954
0 0.520067 0.360063 0.0335948 0.0917129
0 0.332812 0.245871 0.0218169 0.074338
0 0.725044 0.408645 0.026156 0.0990362
0 0.487783 0.293807 0.0243647 0.0927249
0 0.592649 0.309943 0.0233679 0.072731
0 0.907732 0.51456 0.0358311 0.104733
0 0.595518 0.66527 0.0359442 0.156882
0 0.73308 0.320399 0.025784 0.0852781
0 0.0623965 0.299655 0.0257655 0.0703378
0 0.33031 0.760051 0.0541096 0.192749
0 0.398024 0.383426 0.0252921 0.0950758
0 0.453083 0.294212 0.0225464 0.0850261
0 0.686358 0.254575 0.0205173 0.0746068
0 0.144939 0.284988 0.0198155 0.0651472
0 0.90289 0.167049 0.0180632 0.050261
0 0.478124 0.159221 0.0202705 0.0725356
0 0.361084 0.205728 0.0222259 0.0741453
0 0.201756 0.412531 0.029365 0.0672203
0 0.716892 0.187775 0.0186977 0.0552712
0 0.352989 0.105113 0.0158811 0.049434
0 0.668128 0.148347 0.0195219 0.0662115
0 0.182786 0.208014 0.0205384 0.0704838
0 0.103012 0.232731 0.0233415 0.0700793
0 0.12577 0.221788 0.0217253 0.073735
0 0.240449 0.153049 0.0160284 0.0494827
0 0.140788 0.144836 0.014957 0.053227
0 0.648095 0.148873 0.0208503 0.0705305
0 0.215342 0.237609 0.0186536 0.0605992
0 0.0509462 0.167439 0.0193619 0.0642871
0 0.590943 0.209094 0.0200373 0.0637045
0 0.162558 0.210146 0.0194817 0.0704792
0 0.773356 0.125754 0.013768 0.0447862
0 0.804658 0.215034 0.020101 0.0671913
0 0.794682 0.1246 0.0132716 0.0440512
0 0.626437 0.641003 0.0267023 0.121866
0 0.416207 0.18154 0.0190529 0.0652187
0 0.530373 0.172044 0.0195772 0.0532629
0 0.301058 0.227921 0.0209051 0.0634299
0 0.827978 0.0909681 0.0133052 0.0407339
0 0.311847 0.30837 0.0227717 0.0814177
0 0.549464 0.145568 0.0177439 0.0610289
0 0.859617 0.0880754 0.0120693 0.0403046
0 0.26266 0.208945 0.0181248 0.0658214
0 0.332401 0.07895 0.0144915 0.0475472
0 0.0929427 0.109321 0.0161585 0.0535032
0 0.565401 0.119298 0.0158133 0.0479193
0 0.932318 0.0986218 0.0137007 0.039278
0 0.651037 0.0889503 0.0143624 0.0438616
0 0.112017 0.116739 0.014451 0.0521409
0 0.147378 0.0293129 0.0112845 0.0385681
0 0.729211 0.0345552 0.0114549 0.0396273
0 0.356964 0.312283 0.0216545 0.0729122
0 0.184483 0.124232 0.0164433 0.0588131
0 0.777664 0.219785 0.0181235 0.0653888
0 0.50325 0.0785789 0.0136387 0.0421314
0 0.22213 0.332945 0.0236976 0.0770149
0 0.243004 0.0488483 0.0147131 0.045301
0 0.937307 0.146122 0.0154713 0.0529053
0 0.022327 0.106537 0.017921 0.0479269
0 0.768171 0.0647395 0.0123259 0.0404885
0 0.528377 0.0702992 0.0145905 0.0472586
0 0.0446797 0.0529886 0.0146229 0.0431807
0 0.473094 0.0876302 0.0157381 0.0502207
0 0.307581 0.0754393 0.0141604 0.0421846
0 0.161903 0.110264 0.0147068 0.0486545
0 0.547896 0.0737977 0.012608 0.0388636
0 0.70998 0.0466577 0.011534 0.036347
0 0.0705221 0.127652 0.014249 0.0545466
0 0.600156 0.0765248 0.0148088 0.0447102
0 0.0674362 0.0708023 0.016422 0.0428587
0 0.45962 0.0622206 0.0147379 0.0473072
0 0.105058 0.0661799 0.0144775 0.0427737
0 0.135017 0.0419874 0.0119807 0.0399381
0 0.568605 0.177672 0.0190487 0.0507289
0 0.75263 0.185156 0.0186293 0.0605982
0 0.308892 0.120135 0.0142999 0.0447155
0 0.696153 0.153546 0.0148627 0.0506493
0 0.409863 0.0585669 0.0135561 0.0465611
0 0.538139 0.230421 0.01875 0.0564687
0 0.41271 0.966848 0.0534427 0.0663039
0 0.00372664 0.104496 0.00726448 0.0512219
0 0.211249 0.122785 0.0181961 0.051459
0 0.331063 0.120891 0.0132739 0.0391051
0 0.384645 0.0770061 0.0133663 0.0412264
0 0.00831769 0.221615 0.0166354 0.0705033
0 0.272717 0.293595 0.0241773 0.0742219
0 0.622191 0.0645771 0.0117605 0.0396446
0 0.567116 0.0767898 0.0130615 0.037029
0 0.937153 0.313301 0.0239441 0.0776261
0 0.403728 0.153106 0.0146975 0.0478605
0 0.521023 0.128361 0.014035 0.0484074
0 0.182359 0.0659575 0.0170521 0.0422772
0 0.272137 0.0938666 0.0133275 0.0450965
0 0.430096 0.185441 0.0118534 0.052616
0 0.919234 0.0905884 0.0133327 0.0484508
0 0.224162 0.098331 0.0142132 0.0459167
0 0.280584 0.0609917 0.0160642 0.045209
0 0.7399 0.256832 0.0192913 0.052821
0 0.670088 0.0415982 0.0114841 0.0338251
0 0.568046 0.226999 0.0190448 0.0636094
0 0.271523 0.169576 0.0188976 0.046493
0 0.888524 0.052884 0.0127007 0.0375896
0 0.686808 0.0301768 0.0121736 0.0434909
0 0.395456 0.0696407 0.013657 0.0452269
0 0.265476 0.065769 0.0121648 0.0377895
0 0.669537 0.0811336 0.0154989 0.0455247
0 0.577791 0.0705295 0.0130542 0.0412806
0 0.371454 0.0682476 0.0145381 0.0439327
0 0.73825 0.0765655 0.0126901 0.0361078
0 0.320067 0.0867354 0.0110815 0.0431367
