0 0.322291 0.816081 0.0525381 0.192454
0 0.221542 0.51122 0.0350782 0.120969
0 0.883076 0.520465 0.0381679 0.117687
0 0.129447 0.510073 0.0332074 0.120505
0 0.846075 0.923297 0.0484284 0.153406
0 0.376827 0.48536 0.0318832 0.106193
0 0.971088 0.477711 0.0332085 0.1183
0 0.713554 0.413873 0.0237967 0.0991447
0 0.812012 0.437474 0.0279777 0.0898327
0 0.14073 0.38831 0.0270922 0.0897024
0 0.878339 0.42078 0.0303037 0.0813506
0 0.451245 0.455997 0.0280102 0.104769
0 0.503474 0.267326 0.0205293 0.0701137
0 0.942035 0.335517 0.0253128 0.0877294
0 0.436702 0.341819 0.0241321 0.0805064
0 0.644652 0.260764 0.0205153 0.0658773
0 0.533696 0.267953 0.0240706 0.0769864
0 0.244435 0.223759 0.0198033 0.0603243
0 0.343835 0.189253 0.020297 0.0612157
0 0.780293 0.192949 0.0181008 0.0570711
0 0.399737 0.227565 0.0203367 0.076691
0 0.340127 0.961311 0.0458628 0.0773776
0 0.637419 0.36383 0.0263297 0.0962015
0 0.0288116 0.557916 0.037166 0.122678
0 0.060903 0.926817 0.052688 0.146366
0 0.0434938 0.257243 0.023219 0.0663154
0 0.71989 0.198687 0.0186363 0.0582169
0 0.37174 0.246956 0.0219004 0.0696219
0 0.824377 0.266918 0.0255653 0.0759649
0 0.661382 0.230097 0.0176739 0.0591175
0 0.665692 0.302245 0.0202155 0.0689177
0 0.859531 0.294814 0.0217432 0.0712994
0 0.503575 0.188207 0.0184025 0.0571947
0 0.597625 0.237518 0.0214527 0.0754935
0 0.478738 0.210549 0.0188751 0.059777
0 0.304773 0.242541 0.0206727 0.0687479
0 0.271651 0.311766 0.0194645 0.061187
0 0.141056 0.177594 0.0189281 0.0636643
0 0.112019 0.18516 0.0188442 0.0625382
0 0.191368 0.20546 0.0180995 0.0613978
0 0.384266 0.146728 0.016161 0.0607017
0 0.267574 0.152782 0.0167002 0.055898
0 0.225288 0.156722 0.0194632 0.0653105
0 0.800872 0.284996 0.0178485 0.0688323
0 0.541611 0.122781 0.0174371 0.0516814
0 0.821369 0.139566 0.0172188 0.0534478
0 0.735203 0.259027 0.0198726 0.0723146
0 0.558816 0.40803 0.0247343 0.103112
0 0.404303 0.155057 0.019459 0.0591048
0 0.467935 0.126636 0.0149952 0.0554748
0 0.0527793 0.449966 0.0215891 0.0726238
0 0.990701 0.239079 0.0185977 0.0642779
0 0.286773 0.218579 0.0166691 0.0623329
0 0.422263 0.120554 0.0134867 0.0463927
0 0.550719 0.227452 0.0212858 0.0652688
0 0.075702 0.195532 0.0154722 0.054132
0 0.304463 0.0951358 0.013256 0.0437634
0 0.171212 0.170699 0.0160413 0.0559265
0 0.626645 0.129336 0.0155321 0.044127
0 0.523122 0.117881 0.0163688 0.0599475
0 0.0912074 0.118339 0.0139587 0.0481738
0 0.603632 0.119024 0.018055 0.0510338
0 0.248243 0.12336 0.0162139 0.048825
0 0.452596 0.133907 0.018414 0.0624912
0 0.762827 0.157466 0.0161222 0.0538595
0 0.0220432 0.152796 0.0158896 0.0559051
0 0.489163 0.147766 0.015322 0.0498127
0 0.714959 0.104923 0.0152185 0.0448428
0 0.880484 0.129351 0.01691 0.0505311
0 0.342835 0.130836 0.0159883 0.0466514
0 0.441643 0.272682 0.0237804 0.0543336
0 0.0416938 0.155057 0.0166653 0.0605855
0 0.568386 0.213504 0.0167879 0.0568728
0 0.971685 0.194991 0.0161346 0.0523498
0 0.101683 0.277749 0.019238 0.0650123
0 0.307201 0.184621 0.0175018 0.0459828
0 0.694268 0.0984957 0.0145958 0.0450412
0 0.935 0.11728 0.015879 0.0523976
0 0.76655 0.0870333 0.0140884 0.043574
0 0.0988575 0.422007 0.0305939 0.0763478
0 0.228445 0.0810127 0.0128246 0.0440164
0 0.788932 0.101564 0.0141313 0.0461285
0 0.336659 0.0731835 0.0136756 0.042649
0 0.396333 0.0867795 0.0145272 0.0427079
0 0.0708948 0.114235 0.0147026 0.0505959
0 0.919209 0.347422 0.0206001 0.0779247
0 0.583872 0.181875 0.0169369 0.054664
0 0.74547 0.0918657 0.0134882 0.0375453
0 0.0581999 0.12151 0.0128164 0.0448824
0 0.0112052 0.473347 0.0212996 0.0759673
0 0.0430585 0.0622111 0.0119828 0.0340483
0 0.408041 0.0508145 0.0135239 0.0404859
0 0.181598 0.0815159 0.012623 0.0397611
0 0.313532 0.0456322 0.0131284 0.0413151
0 0.147105 0.120767 0.0129797 0.0393012
0 0.868658 0.056196 0.0138483 0.0364708
0 0.841114 0.0546807 0.0128372 0.0367565
0 0.369828 0.138307 0.01303 0.0484408
0 0.21107 0.0508849 0.0121818 0.0357893
0 0.303792 0.152189 0.0156756 0.0397467
0 0.810737 0.104857 0.0143208 0.03754
0 0.668821 0.0900065 0.0134415 0.0432796
0 0.487885 0.0698055 0.0137108 0.0435663
0 0.616934 0.0621236 0.0134838 0.0430575
0 0.68167 0.0997806 0.0142728 0.0432762
0 0.122303 0.112615 0.0130264 0.0469973
0 0.910477 0.0870828 0.0157746 0.0410845
0 0.0580538 0.181538 0.013893 0.0517621
0 0.247025 0.0371623 0.012106 0.0389475
0 0.355446 0.0668991 0.0150078 0.0461142
0 0.516358 0.0327844 0.0116328 0.0330821
0 0.250901 0.0771561 0.0125872 0.038518
0 0.0197657 0.0839319 0.0145184 0.037291
0 0.139702 0.056067 0.011307 0.0359207
0 0.458109 0.0749212 0.011871 0.0390494
0 0.799652 0.138661 0.0141758 0.0435379
0 0.415114 0.23027 0.0144133 0.0643958
0 0.216597 0.0961196 0.0122097 0.0437413
0 0.675605 0.216622 0.0148146 0.0557875
0 0.642824 0.0567279 0.0135789 0.0355552
0 0.429337 0.032109 0.0112982 0.0347289
0 0.158129 0.115306 0.0128306 0.0381663
0 0.268998 0.0270649 0.0103921 0.0344504
0 0.190373 0.0343914 0.0104016 0.0333732
0 0.789551 0.0646776 0.0124295 0.0332679
0 0.26915 0.108469 0.0174621 0.0394898
