0 0.766055 0.521053 0.027523 0.084211
0 0.657492 0.351316 0.018349 0.055263
0 0.545362 0.319737 0.018349 0.055263
0 0.513252 0.496053 0.023445 0.071053
0 0.033639 0.594737 0.022426 0.073684
0 0.780836 0.278947 0.018349 0.057895
0 0.673293 0.531579 0.025484 0.084211
0 0.412844 0.467105 0.020387 0.060526
0 0.535168 0.246053 0.016310 0.050000
0 0.371560 0.427632 0.021407 0.065789
0 0.451580 0.305263 0.020387 0.052632
0 0.182977 0.280263 0.017329 0.055263
0 0.251784 0.267105 0.016310 0.055263
0 0.076962 0.252632 0.015291 0.047368
0 0.366463 0.271053 0.017329 0.052632
0 0.489806 0.214474 0.015291 0.050000
0 0.580530 0.323684 0.019368 0.057895
0 0.508155 0.361842 0.015291 0.050000
0 0.207441 0.314474 0.015291 0.050000
0 0.700815 0.268421 0.017329 0.052632
0 0.904689 0.214474 0.015291 0.055263
0 0.623853 0.130263 0.018349 0.050000
0 0.659021 0.132895 0.017329 0.050000
0 0.984709 0.686842 0.026504 0.089474
0 0.132518 0.368421 0.016310 0.057895
0 0.492355 0.314474 0.016310 0.050000
0 0.231397 0.164474 0.016310 0.044737
0 0.103466 0.271053 0.017329 0.036842
0 0.702854 0.343421 0.017329 0.065789
0 0.522936 0.307895 0.018349 0.057895
0 0.655454 0.797368 0.030581 0.084211
0 0.960245 0.148684 0.016310 0.050000
0 0.539246 0.089474 0.014271 0.042105
0 0.889908 0.102632 0.014271 0.047368
0 0.574924 0.277632 0.016310 0.050000
0 0.435270 0.446053 0.020387 0.071053
0 0.622324 0.305263 0.017329 0.047368
0 0.303772 0.164474 0.016310 0.044737
0 0.102446 0.085526 0.011213 0.034211
0 0.986239 0.143421 0.015291 0.044737
0 0.845566 0.086842 0.013252 0.042105
0 0.363914 0.157895 0.014271 0.047368
0 0.416922 0.232895 0.016310 0.044737
0 0.801223 0.115789 0.012232 0.042105
0 0.622324 0.234211 0.015291 0.042105
0 0.201325 0.497368 0.021407 0.073684
0 0.956677 0.071053 0.015291 0.042105
0 0.866972 0.078947 0.013252 0.036842
0 0.834353 0.127632 0.011213 0.039474
0 0.934251 0.084211 0.013252 0.047368
0 0.717125 0.086842 0.015291 0.047368
0 0.409786 0.738158 0.036697 0.118421
0 0.740061 0.089474 0.016310 0.042105
0 0.119266 0.073684 0.010194 0.031579
0 0.581549 0.236842 0.017329 0.042105
0 0.518349 0.236842 0.015291 0.057895
0 0.581549 0.056579 0.013252 0.039474
0 0.048420 0.067105 0.011213 0.034211
0 0.371050 0.107895 0.014271 0.036842
0 0.457187 0.235526 0.015291 0.044737
0 0.377166 0.157895 0.012232 0.042105
0 0.630989 0.007895 0.012232 0.010526
0 0.503568 0.034211 0.010194 0.031579
0 0.719164 0.182895 0.015291 0.044737
0 0.230377 0.431579 0.022426 0.057895
0 0.403670 0.114474 0.012232 0.039474
0 0.904689 0.031579 0.011213 0.036842
0 0.571865 0.106579 0.012232 0.044737
0 0.438838 0.115789 0.013252 0.042105
0 0.034659 0.077632 0.010194 0.034211
0 0.922018 0.084211 0.013252 0.042105
0 0.157492 0.031579 0.009174 0.031579
0 0.194699 0.036842 0.008155 0.026316
0 0.633028 0.209211 0.014271 0.044737
0 0.991335 0.039474 0.013252 0.036842
0 0.583078 0.111842 0.016310 0.044737
0 0.089195 0.442105 0.019368 0.057895
0 0.118756 0.564474 0.033639 0.092105
0 0.258410 0.690789 0.023445 0.086842
0 0.299185 0.500000 0.021407 0.057895
0 0.293578 0.459211 0.020387 0.050000
0 0.343527 0.485526 0.022426 0.060526
0 0.331804 0.443421 0.023445 0.060526
0 0.309378 0.419737 0.025484 0.060526
0 0.460754 0.488158 0.024465 0.092105
0 0.528542 0.769737 0.029562 0.102632
0 0.533639 0.603947 0.027523 0.076316
0 0.148318 0.081579 0.017329 0.052632
0 0.215596 0.018421 0.015291 0.031579
0 0.230887 0.021053 0.011213 0.031579
0 0.169725 0.086842 0.015291 0.047368
0 0.248216 0.026316 0.013252 0.042105
0 0.275229 0.022368 0.014271 0.039474
0 0.310907 0.013158 0.014271 0.021053
0 0.412844 0.143421 0.016310 0.060526
0 0.478593 0.122368 0.023445 0.050000
0 0.459225 0.025000 0.013252 0.044737
0 0.410296 0.013158 0.013252 0.021053
0 0.525484 0.175000 0.021407 0.055263
0 0.722732 0.623684 0.026504 0.078947
0 0.760449 0.703947 0.026504 0.081579
0 0.826198 0.644737 0.027523 0.078947
0 0.859327 0.740789 0.026504 0.097368
0 0.774720 0.136842 0.020387 0.052632
0 0.672783 0.036842 0.012232 0.036842
0 0.655963 0.018421 0.013252 0.031579
0 0.522426 0.019737 0.013252 0.034211
0 0.492864 0.027632 0.015291 0.050000
0 0.480122 0.025000 0.014271 0.044737
0 0.446993 0.184211 0.017329 0.047368
0 0.698777 0.059211 0.013252 0.034211
0 0.774210 0.061842 0.013252 0.034211
0 0.788481 0.056579 0.013252 0.039474
0 0.715087 0.019737 0.011213 0.034211
0 0.603466 0.176316 0.018349 0.057895
0 0.820591 0.131579 0.014271 0.042105
