0 0.279817 0.452632 0.019368 0.063158
0 0.278797 0.618421 0.031600 0.094737
0 0.877676 0.589474 0.022426 0.084211
0 0.222732 0.418421 0.019368 0.063158
0 0.324669 0.294737 0.017329 0.057895
0 0.704383 0.288158 0.018349 0.055263
0 0.243119 0.403947 0.019368 0.065789
0 0.636086 0.409211 0.018349 0.060526
0 0.197757 0.392105 0.018349 0.057895
0 0.393476 0.397368 0.018349 0.063158
0 0.059123 0.435526 0.022426 0.065789
0 0.331295 0.403947 0.018349 0.060526
0 0.674822 0.273684 0.018349 0.052632
0 0.513252 0.460526 0.025484 0.073684
0 0.555556 0.200000 0.016310 0.047368
0 0.349134 0.421053 0.019368 0.068421
0 0.140673 0.432895 0.018349 0.060526
0 0.382773 0.275000 0.021407 0.055263
0 0.777778 0.507895 0.022426 0.073684
0 0.280326 0.351316 0.018349 0.060526
0 0.419980 0.448684 0.018349 0.060526
0 0.502039 0.372368 0.019368 0.065789
0 0.644750 0.252632 0.017329 0.052632
0 0.575433 0.348684 0.017329 0.055263
0 0.009684 0.553947 0.017329 0.071053
0 0.649337 0.309211 0.018349 0.055263
0 0.580020 0.444737 0.020387 0.073684
0 0.788991 0.123684 0.016310 0.047368
0 0.322630 0.177632 0.015291 0.050000
0 0.537717 0.230263 0.017329 0.050000
0 0.971458 0.057895 0.012232 0.047368
0 0.694190 0.456579 0.020387 0.076316
0 0.110601 0.418421 0.019368 0.068421
0 0.639144 0.164474 0.016310 0.044737
0 0.515800 0.302632 0.016310 0.052632
0 0.580530 0.569737 0.027523 0.086842
0 0.448522 0.447368 0.018349 0.063158
0 0.477064 0.221053 0.016310 0.047368
0 0.246177 0.153947 0.017329 0.050000
0 0.787462 0.265789 0.017329 0.057895
0 0.726300 0.305263 0.017329 0.052632
0 0.993374 0.371053 0.013252 0.078947
0 0.620795 0.275000 0.020387 0.065789
0 0.697248 0.140789 0.014271 0.044737
0 0.181448 0.357895 0.014271 0.052632
0 0.898063 0.173684 0.016310 0.047368
0 0.982671 0.027632 0.012232 0.039474
0 0.853721 0.178947 0.015291 0.047368
0 0.984200 0.117105 0.013252 0.044737
0 0.071865 0.213158 0.015291 0.047368
0 0.442406 0.256579 0.016310 0.050000
0 0.422018 0.246053 0.016310 0.044737
0 0.806320 0.431579 0.020387 0.073684
0 0.944954 0.177632 0.014271 0.050000
0 0.913863 0.131579 0.013252 0.042105
0 0.475025 0.446053 0.016310 0.060526
0 0.031091 0.153947 0.013252 0.044737
0 0.125892 0.180263 0.017329 0.044737
0 0.128950 0.059211 0.011213 0.034211
0 0.699796 0.197368 0.015291 0.042105
0 0.404179 0.203947 0.015291 0.050000
0 0.572375 0.132895 0.013252 0.039474
0 0.449032 0.322368 0.021407 0.055263
0 0.690112 0.096053 0.014271 0.039474
0 0.930173 0.098684 0.013252 0.034211
0 0.288481 0.281579 0.016310 0.047368
0 0.064730 0.107895 0.013252 0.042105
0 0.027013 0.243421 0.013252 0.039474
0 0.506116 0.134211 0.013252 0.042105
0 0.724261 0.244737 0.015291 0.052632
0 0.105505 0.092105 0.013252 0.042105
0 0.360856 0.067105 0.012232 0.039474
0 0.599388 0.113158 0.014271 0.042105
0 0.517329 0.053947 0.015291 0.039474
0 0.530581 0.106579 0.013252 0.039474
0 0.163609 0.182895 0.021407 0.060526
0 0.228338 0.338158 0.020387 0.060526
0 0.591233 0.064474 0.012232 0.039474
0 0.376656 0.102632 0.013252 0.036842
0 0.950561 0.055263 0.013252 0.042105
0 0.244139 0.263158 0.021407 0.052632
0 0.248216 0.338158 0.017329 0.055263
0 0.773191 0.202632 0.015291 0.047368
0 0.290520 0.106579 0.014271 0.044737
0 0.861366 0.088158 0.012232 0.034211
0 0.149337 0.100000 0.013252 0.042105
0 0.682467 0.038158 0.011213 0.034211
0 0.409786 0.097368 0.012232 0.042105
0 0.390928 0.135526 0.015291 0.044737
0 0.477064 0.063158 0.012232 0.036842
0 0.519368 0.113158 0.013252 0.042105
0 0.446483 0.102632 0.014271 0.042105
0 0.200815 0.263158 0.016310 0.052632
0 0.168196 0.119737 0.014271 0.044737
0 0.376147 0.182895 0.014271 0.044737
0 0.543833 0.446053 0.017329 0.065789
0 0.657492 0.035526 0.014271 0.039474
0 0.093782 0.188158 0.016310 0.050000
0 0.716616 0.111842 0.014271 0.039474
0 0.084098 0.130263 0.015291 0.039474
0 0.728338 0.040789 0.011213 0.034211
0 0.745158 0.047368 0.012232 0.036842
0 0.207441 0.132895 0.013252 0.044737
0 0.493374 0.038158 0.012232 0.034211
0 0.520387 0.221053 0.015291 0.047368
0 0.064730 0.171053 0.015291 0.042105
0 0.122834 0.139474 0.013252 0.036842
0 0.052497 0.169737 0.013252 0.039474
0 0.709990 0.117105 0.015291 0.044737
0 0.308869 0.035526 0.008155 0.028947
0 0.451580 0.097368 0.014271 0.042105
0 0.215087 0.026316 0.010194 0.031579
0 0.697248 0.393421 0.018349 0.050000
0 0.824669 0.025000 0.012232 0.039474
0 0.343527 0.117105 0.014271 0.039474
0 0.817533 0.513158 0.024465 0.084211
0 0.004587 0.188158 0.007136 0.044737
0 0.426096 0.160526 0.014271 0.047368
0 0.093272 0.127632 0.013252 0.039474
0 0.555556 0.047368 0.014271 0.036842
0 0.780326 0.026316 0.009174 0.026316
0 0.032110 0.398684 0.019368 0.060526
0 0.162080 0.618421 0.032620 0.110526
0 0.048930 0.717105 0.024465 0.086842
0 0.370540 0.726316 0.029562 0.089474
0 0.409276 0.836842 0.029562 0.115789
0 0.465341 0.890789 0.041794 0.113158
0 0.618247 0.636842 0.033639 0.094737
0 0.681448 0.688158 0.035678 0.097368
0 0.797655 0.561842 0.023445 0.086842
0 0.837920 0.530263 0.020387 0.065789
0 0.526504 0.523684 0.021407 0.078947
0 0.661570 0.407895 0.018349 0.063158
0 0.371050 0.628947 0.026504 0.089474
0 0.178899 0.072368 0.017329 0.044737
0 0.607034 0.021053 0.013252 0.036842
0 0.628950 0.032895 0.014271 0.044737
0 0.702854 0.025000 0.013252 0.044737
