0 0.442915 0.619737 0.025484 0.065789
0 0.320082 0.593421 0.026504 0.081579
0 0.793068 0.228947 0.016310 0.052632
0 0.376147 0.593421 0.024465 0.071053
0 0.658512 0.318421 0.020387 0.057895
0 0.109072 0.198684 0.014271 0.050000
0 0.770133 0.184211 0.017329 0.052632
0 0.610601 0.593421 0.026504 0.081579
0 0.617737 0.267105 0.018349 0.050000
0 0.722222 0.244737 0.017329 0.057895
0 0.655454 0.127632 0.016310 0.044737
0 0.008665 0.136842 0.013252 0.036842
0 0.557085 0.640789 0.025484 0.086842
0 0.108563 0.071053 0.011213 0.036842
0 0.082059 0.064474 0.011213 0.034211
0 0.048420 0.160526 0.013252 0.042105
0 0.379715 0.043421 0.011213 0.034211
0 0.132518 0.100000 0.012232 0.036842
0 0.280836 0.065789 0.013252 0.036842
0 0.158512 0.071053 0.011213 0.036842
0 0.787462 0.027632 0.013252 0.039474
0 0.875127 0.031579 0.013252 0.042105
0 0.046381 0.111842 0.013252 0.034211
0 0.079511 0.147368 0.012232 0.036842
0 0.169215 0.061842 0.010194 0.034211
0 0.216106 0.106579 0.014271 0.039474
0 0.861366 0.173684 0.016310 0.042105
0 0.507645 0.034211 0.010194 0.026316
0 0.232416 0.167105 0.014271 0.044737
0 0.712538 0.147368 0.016310 0.042105
0 0.668196 0.046053 0.011213 0.034211
0 0.482671 0.019737 0.015291 0.034211
0 0.010703 0.085526 0.011213 0.034211
0 0.714577 0.021053 0.010194 0.031579
0 0.725280 0.611842 0.031600 0.076316
0 0.825688 0.050000 0.012232 0.042105
0 0.901631 0.030263 0.011213 0.034211
0 0.885831 0.060526 0.012232 0.036842
0 0.846075 0.150000 0.014271 0.042105
0 0.544343 0.023684 0.010194 0.031579
0 0.658512 0.038158 0.010194 0.034211
0 0.793068 0.931579 0.030581 0.115789
0 0.583588 0.443421 0.023445 0.050000
0 0.349134 0.031579 0.013252 0.036842
0 0.194699 0.178947 0.018349 0.047368
0 0.553517 0.015789 0.010194 0.026316
0 0.579001 0.015789 0.016310 0.026316
0 0.598369 0.022368 0.010194 0.034211
0 0.819572 0.014474 0.012232 0.023684
0 0.931702 0.014474 0.012232 0.023684
0 0.951580 0.017105 0.013252 0.028947
0 0.663609 0.413158 0.022426 0.063158
0 0.658002 0.669737 0.029562 0.060526
