0 0.672405 0.37074 0.0304888 0.0928639
0 0.317769 0.767388 0.0545577 0.186494
0 0.777223 0.753256 0.0437336 0.141444
0 0.81614 0.577726 0.0432749 0.13244
0 0.495594 0.80215 0.0438753 0.17588
0 0.636595 0.900936 0.044403 0.181722
0 0.906325 0.880721 0.0444248 0.167057
0 0.947545 0.801912 0.0434139 0.173047
0 0.171903 0.522942 0.0348764 0.122502
0 0.370802 0.475625 0.0291527 0.107245
0 0.460786 0.710521 0.0351624 0.13486
0 0.792831 0.336175 0.0224123 0.0787134
0 0.304367 0.360661 0.0243789 0.0879465
0 0.917715 0.563166 0.0364544 0.127292
0 0.354257 0.367987 0.0239912 0.0898465
0 0.766164 0.449135 0.0324547 0.0952389
0 0.459999 0.573792 0.0303721 0.113132
0 0.719524 0.355037 0.0233817 0.0767455
0 0.696114 0.663634 0.0406014 0.115459
0 0.867152 0.367005 0.0276138 0.0869986
0 0.0805592 0.195724 0.026945 0.0808184
0 0.59983 0.39238 0.0250031 0.0967991
0 0.246377 0.269439 0.0233917 0.078267
0 0.399262 0.3281 0.0260622 0.0884052
0 0.240252 0.362834 0.0276937 0.0871636
0 0.943113 0.415703 0.034811 0.105532
0 0.47999 0.4964 0.0298745 0.102895
0 0.519243 0.391354 0.0326738 0.108071
0 0.636916 0.356546 0.0248576 0.0851533
0 0.818579 0.253612 0.0183884 0.0630926
0 0.774681 0.260398 0.0236971 0.0718475
0 0.329839 0.163518 0.0168468 0.0590808
0 0.0683577 0.345539 0.034106 0.105077
0 0.939185 0.285449 0.0218647 0.0841834
0 0.454935 0.259319 0.0216477 0.0774745
0 0.0392855 0.228227 0.0250699 0.0795013
0 0.896893 0.348726 0.0223827 0.0783584
0 0.808486 0.951925 0.0606545 0.0961504
0 0.15992 0.30903 0.0242102 0.0808724
0 0.895718 0.448393 0.0282165 0.0957769
0 0.215694 0.292206 0.0219838 0.0708486
0 0.335701 0.248208 0.0223082 0.0763418
0 0.521969 0.245935 0.0189005 0.0601645
0 0.595879 0.244706 0.0261584 0.0762756
0 0.832448 0.457665 0.0291966 0.104756
0 0.124281 0.39073 0.027285 0.0976319
0 0.478137 0.143951 0.0183336 0.0611848
0 0.96614 0.148324 0.0148972 0.0490644
0 0.985837 0.281206 0.0205708 0.0692945
0 0.386395 0.225996 0.022868 0.0592944
0 0.190085 0.226177 0.0267169 0.0794881
0 0.751154 0.238366 0.0205418 0.0732141
0 0.440736 0.160612 0.0187523 0.069136
0 0.265376 0.271081 0.0163656 0.0718138
0 0.478805 0.282745 0.017638 0.0591296
0 0.853809 0.193941 0.0188431 0.051475
0 0.40998 0.0890327 0.0142789 0.0464705
0 0.126764 0.168724 0.0197159 0.0600877
0 0.269128 0.178199 0.0167323 0.0585889
0 0.262716 0.114801 0.0177558 0.0522557
0 0.551498 0.100853 0.0141003 0.0401828
0 0.581706 0.144961 0.0187512 0.0551744
0 0.0437389 0.663394 0.0404234 0.162257
0 0.501766 0.16592 0.0162331 0.0529541
0 0.0903327 0.116312 0.0151494 0.0486013
0 0.0347277 0.0563664 0.0128823 0.0404255
0 0.198174 0.137004 0.0168173 0.0529094
0 0.24695 0.10169 0.0147086 0.0501519
0 0.231495 0.0942048 0.0130986 0.0422799
0 0.0736433 0.562188 0.0393634 0.126129
0 0.684241 0.212968 0.0186579 0.0609077
0 0.653554 0.152668 0.0184296 0.0489536
0 0.719954 0.144749 0.0157747 0.0515078
0 0.693365 0.152171 0.015934 0.045343
0 0.376695 0.0996741 0.0129036 0.0442685
0 0.569708 0.0620511 0.0145317 0.041603
0 0.490883 0.065993 0.0140687 0.0426755
0 0.0771073 0.0783937 0.0142907 0.0478287
0 0.627469 0.147722 0.0170798 0.047326
0 0.291289 0.124591 0.012986 0.0454054
0 0.962334 0.30801 0.0228431 0.0693908
0 0.164874 0.0756257 0.0135565 0.0442866
0 0.15327 0.039174 0.0138122 0.0410349
0 0.866268 0.0541202 0.0133561 0.0429881
0 0.760396 0.0905872 0.0117931 0.0399393
0 0.180758 0.0988402 0.0163535 0.052365
0 0.122444 0.263784 0.0200339 0.0715542
0 0.730658 0.0324544 0.0124166 0.0398618
0 0.886791 0.117633 0.0158768 0.0427359
0 0.314956 0.0547314 0.0130917 0.0405647
0 0.690657 0.0294877 0.0119073 0.0347703
0 0.434919 0.076553 0.015214 0.0480139
0 0.733366 0.0811395 0.0130262 0.0415878
0 0.917797 0.162421 0.0191978 0.0501219
0 0.514051 0.116311 0.0141943 0.0426057
0 0.588748 0.0873725 0.0160496 0.0455298
0 0.406555 0.0376854 0.0125479 0.0381392
0 0.604008 0.129211 0.0143145 0.0519799
0 0.705941 0.0480151 0.011166 0.0350677
0 0.679705 0.115324 0.0144091 0.039122
0 0.663479 0.0695271 0.0130945 0.0345044
0 0.291544 0.0650063 0.0137401 0.0406192
0 0.330558 0.0635319 0.0138493 0.0456512
0 0.474472 0.0817691 0.0141295 0.0427981
0 0.175354 0.158555 0.0197609 0.0569329
0 0.906848 0.0517168 0.0130318 0.0354043
0 0.523601 0.0542906 0.0130367 0.0393103
0 0.367566 0.0644727 0.011802 0.0405202
0 0.46188 0.0739327 0.013352 0.0431243
0 0.198395 0.0354668 0.0129863 0.0369951
0 0.665443 0.109715 0.0147334 0.0440555
0 0.253231 0.0625335 0.0129161 0.0396941
0 0.341014 0.0466503 0.0106691 0.0347027
0 0.0605651 0.0753641 0.0137601 0.0451523
0 0.618358 0.0606791 0.0130057 0.0402259
0 0.356355 0.0652439 0.0123475 0.0394807
0 0.438006 0.251508 0.0158972 0.0705631
0 0.312178 0.106293 0.0142771 0.0490781
0 0.389944 0.183512 0.0187642 0.0433471
0 0.70207 0.118602 0.0133762 0.0407835
0 0.127089 0.110316 0.0155706 0.0431952
0 0.880462 0.0559162 0.0125595 0.0398339
0 0.259717 0.0186067 0.0123728 0.0345279
0 0.00459402 0.0837864 0.00878986 0.034306
0 0.211193 0.1221 0.0140332 0.0507268
0 0.504041 0.0405305 0.0130425 0.0368494
0 0.228193 0.0285985 0.0124758 0.0357733
0 0.796653 0.11029 0.0131336 0.0370945
0 0.642049 0.205657 0.0191265 0.0630824
