0 0.465341 0.353947 0.019368 0.060526
0 0.819062 0.386842 0.021407 0.078947
0 0.919470 0.280263 0.022426 0.060526
0 0.560652 0.385526 0.018349 0.060526
0 0.580020 0.235526 0.018349 0.050000
0 0.030581 0.290789 0.022426 0.060526
0 0.497961 0.409211 0.021407 0.071053
0 0.457187 0.251316 0.015291 0.055263
0 0.228848 0.247368 0.015291 0.052632
0 0.668705 0.432895 0.024465 0.076316
0 0.367992 0.398684 0.024465 0.065789
0 0.768603 0.375000 0.028542 0.086842
0 0.503568 0.240789 0.016310 0.050000
0 0.196738 0.425000 0.018349 0.055263
0 0.399083 0.330263 0.021407 0.065789
0 0.151886 0.177632 0.014271 0.044737
0 0.867992 0.100000 0.013252 0.042105
0 0.508665 0.177632 0.016310 0.050000
0 0.693170 0.469737 0.024465 0.071053
0 0.442915 0.075000 0.013252 0.039474
0 0.232926 0.159211 0.015291 0.050000
0 0.268094 0.314474 0.016310 0.055263
0 0.366463 0.184211 0.017329 0.047368
0 0.984709 0.121053 0.012232 0.047368
0 0.601937 0.172368 0.015291 0.050000
0 0.246687 0.060526 0.012232 0.036842
0 0.215087 0.092105 0.012232 0.042105
0 0.321611 0.425000 0.023445 0.065789
0 0.694699 0.027632 0.011213 0.034211
0 0.546381 0.126316 0.012232 0.042105
0 0.065240 0.159211 0.014271 0.039474
0 0.352701 0.107895 0.012232 0.036842
0 0.053517 0.206579 0.017329 0.044737
0 0.113660 0.059211 0.011213 0.034211
0 0.006626 0.100000 0.011213 0.036842
0 0.183996 0.330263 0.017329 0.055263
0 0.589195 0.056579 0.010194 0.028947
0 0.120795 0.202632 0.015291 0.047368
0 0.188583 0.167105 0.014271 0.050000
0 0.132008 0.088158 0.011213 0.039474
0 0.031091 0.231579 0.015291 0.042105
0 0.205912 0.123684 0.014271 0.042105
0 0.057085 0.086842 0.012232 0.031579
0 0.367482 0.055263 0.011213 0.031579
0 0.658002 0.128947 0.013252 0.036842
0 0.183486 0.060526 0.012232 0.036842
0 0.983690 0.038158 0.014271 0.039474
0 0.296636 0.182895 0.014271 0.044737
0 0.273700 0.114474 0.015291 0.039474
0 0.141182 0.059211 0.011213 0.028947
0 0.889399 0.014474 0.009174 0.023684
0 0.583078 0.189474 0.016310 0.042105
0 0.106524 0.235526 0.015291 0.050000
0 0.086137 0.156579 0.013252 0.044737
0 0.254332 0.027632 0.013252 0.034211
0 0.160041 0.065789 0.012232 0.036842
0 0.243119 0.422368 0.021407 0.055263
0 0.075433 0.197368 0.012232 0.036842
0 0.111111 0.147368 0.016310 0.047368
0 0.292559 0.046053 0.014271 0.039474
0 0.311417 0.039474 0.015291 0.042105
0 0.333843 0.061842 0.013252 0.034211
0 0.277268 0.218421 0.014271 0.042105
0 0.532620 0.035526 0.013252 0.034211
0 0.619776 0.373684 0.024465 0.057895
0 0.609582 0.543421 0.040775 0.092105
0 0.654944 0.173684 0.013252 0.042105
0 0.623344 0.036842 0.007136 0.031579
0 0.732926 0.014474 0.012232 0.023684
0 0.776249 0.021053 0.013252 0.036842
0 0.920999 0.096053 0.013252 0.039474
0 0.172273 0.817105 0.034659 0.071053
0 0.353211 0.767105 0.035678 0.092105
