0 0.0603921 0.736204 0.0557196 0.156248
0 0.748975 0.795412 0.0445256 0.158504
0 0.798439 0.659454 0.0392404 0.153018
0 0.226165 0.764693 0.0544654 0.151387
0 0.94139 0.765092 0.0417176 0.128228
0 0.670337 0.641712 0.0426934 0.136074
0 0.71063 0.576046 0.0350338 0.11789
0 0.421962 0.43632 0.0298446 0.0831614
0 0.621296 0.59972 0.0319529 0.103219
0 0.682956 0.776317 0.0482311 0.137712
0 0.831978 0.917406 0.0580772 0.165187
0 0.178904 0.507454 0.0355203 0.121709
0 0.476986 0.639597 0.0391766 0.139664
0 0.842755 0.636955 0.0286339 0.102064
0 0.945443 0.566153 0.03451 0.117633
0 0.431281 0.597378 0.0407411 0.140119
0 0.613495 0.421388 0.0307599 0.114901
0 0.372052 0.42089 0.0283988 0.10026
0 0.345226 0.346061 0.0232455 0.0879729
0 0.2557 0.508281 0.0347573 0.121709
0 0.563791 0.757397 0.040309 0.167306
0 0.748309 0.559008 0.0290311 0.102649
0 0.291256 0.353993 0.0263764 0.0991502
0 0.820357 0.47812 0.0339489 0.120742
0 0.803628 0.386389 0.0310907 0.084836
0 0.505015 0.446541 0.0284914 0.115948
0 0.443017 0.29482 0.023155 0.0863776
0 0.069137 0.133858 0.0180916 0.0484377
0 0.225632 0.38766 0.0243688 0.0891914
0 0.584415 0.412402 0.0254062 0.0855205
0 0.616872 0.851756 0.0463819 0.148149
0 0.695802 0.357577 0.0222696 0.0854477
0 0.249968 0.34675 0.0229463 0.0825096
0 0.531765 0.341634 0.0248601 0.0704612
0 0.364364 0.260825 0.0204411 0.0781323
0 0.903766 0.322405 0.0246886 0.0803252
0 0.912298 0.555466 0.0253958 0.0997996
0 0.777441 0.233438 0.0195006 0.0747113
0 0.328481 0.55094 0.032157 0.101922
0 0.1134 0.295518 0.0232625 0.0775545
0 0.347449 0.245626 0.016531 0.0682638
0 0.841675 0.346395 0.0251381 0.102608
0 0.075121 0.345901 0.0253788 0.0805173
0 0.552139 0.477862 0.0270416 0.0898572
0 0.776518 0.48399 0.0239741 0.0914987
0 0.0142241 0.431425 0.028073 0.088258
0 0.201736 0.196218 0.0167219 0.0634759
0 0.943752 0.418333 0.0244354 0.0906846
0 0.145539 0.252289 0.0182658 0.0669425
0 0.235359 0.250262 0.0195144 0.0674544
0 0.286245 0.24773 0.0206571 0.0676922
0 0.32807 0.933099 0.0599489 0.133802
0 0.0967663 0.139454 0.0164985 0.0412709
0 0.171062 0.260729 0.0214984 0.0757283
0 0.988049 0.635346 0.0239024 0.137157
0 0.902929 0.207618 0.0178509 0.0628285
0 0.506559 0.291232 0.0185669 0.0668463
0 0.736723 0.276859 0.0245893 0.0728357
0 0.982744 0.926446 0.0330887 0.130665
0 0.420316 0.14985 0.0155574 0.0512129
0 0.31829 0.155313 0.0178611 0.055765
0 0.968701 0.121835 0.0161053 0.0564053
0 0.530292 0.164368 0.0189426 0.0678852
0 0.629416 0.100964 0.0141208 0.0425736
0 0.403973 0.152033 0.0186607 0.0582139
0 0.275973 0.163504 0.0174403 0.0540895
0 0.710203 0.218498 0.0219705 0.0693582
0 0.950495 0.236164 0.0198673 0.0704754
0 0.827755 0.106899 0.0145863 0.0442219
0 0.443613 0.182415 0.0189089 0.068501
0 0.299768 0.211697 0.0169046 0.064426
0 0.730871 0.199935 0.0183777 0.0622816
0 0.780569 0.0899564 0.0146709 0.0449992
0 0.479148 0.390212 0.0222889 0.0803262
0 0.347905 0.179838 0.0160578 0.0620739
0 0.461102 0.0892111 0.0155226 0.0519786
0 0.945762 0.330699 0.0250026 0.0714487
0 0.0255893 0.0947611 0.0162482 0.051046
0 0.978899 0.270286 0.0194688 0.0713736
0 0.838807 0.153991 0.0149948 0.0579842
0 0.468119 0.221478 0.0211302 0.0645334
0 0.115305 0.204719 0.0187599 0.0602193
0 0.437313 0.128107 0.0163653 0.0496405
0 0.567512 0.16832 0.0181067 0.05328
0 0.70742 0.0301941 0.0134853 0.0390042
0 0.0220881 0.166757 0.0182627 0.0533272
0 0.747391 0.143909 0.0140465 0.0482888
0 0.925565 0.108613 0.0144785 0.0443381
0 0.866255 0.107184 0.0146736 0.0416986
0 0.0378453 0.148871 0.0145363 0.0517466
0 0.28912 0.09532 0.0140514 0.0475618
0 0.240009 0.108178 0.0136547 0.0451342
0 0.645872 0.219198 0.0220741 0.0725968
0 0.642356 0.0606053 0.0116094 0.0363192
0 0.222607 0.165067 0.0163266 0.0532188
0 0.901931 0.481169 0.0311821 0.0914154
0 0.246359 0.181453 0.0161771 0.0560952
0 0.41737 0.093421 0.0142799 0.0461096
0 0.0132382 0.279652 0.0223908 0.0723298
0 0.346538 0.0587478 0.0128896 0.0430274
0 0.692631 0.0273618 0.0113067 0.033264
0 0.491735 0.188749 0.01691 0.0488921
0 0.844413 0.0989687 0.0127426 0.0435193
0 0.667652 0.203983 0.0195028 0.0630508
0 0.0123482 0.0567886 0.0141629 0.0463042
0 0.459724 0.270897 0.0174601 0.0610647
0 0.321161 0.39715 0.026374 0.0749871
0 0.613676 0.0633457 0.0124044 0.0447778
0 0.558968 0.0832372 0.0145616 0.0445441
0 0.363743 0.180765 0.0161559 0.0582125
0 0.599912 0.156503 0.0163418 0.0536795
0 0.116498 0.117442 0.0177926 0.0586589
0 0.134593 0.0565525 0.011603 0.0367609
0 0.902901 0.0717816 0.0131126 0.0400426
0 0.327359 0.0783812 0.013937 0.042537
0 0.491352 0.0883522 0.0145866 0.0413062
0 0.671181 0.0370797 0.0132126 0.0429552
0 0.628175 0.0571113 0.0130542 0.0393253
0 0.579004 0.245714 0.0244593 0.0794321
0 0.868829 0.327817 0.0203243 0.0721652
0 0.962594 0.211481 0.0176876 0.0674879
0 0.152865 0.133748 0.0140089 0.046947
0 0.348637 0.522753 0.0231887 0.102491
0 0.656506 0.0782238 0.0116282 0.0358998
0 0.726549 0.0345876 0.0122276 0.0410235
0 0.557472 0.038808 0.0144616 0.0386182
0 0.515926 0.072477 0.0125012 0.0432818
0 0.52988 0.468268 0.0218876 0.102497
0 0.626438 0.197315 0.0198961 0.0671403
0 0.746863 0.0505742 0.0129166 0.0347631
0 0.468383 0.0530895 0.0146569 0.0388953
0 0.721241 0.143351 0.0126279 0.0456003
0 0.258442 0.257272 0.0175231 0.0606734
0 0.860195 0.0698118 0.012767 0.0378195
0 0.676559 0.142376 0.0173803 0.052836
0 0.609089 0.195136 0.0161372 0.0545293
0 0.23497 0.198472 0.0167312 0.0478264
0 0.41568 0.249037 0.0209334 0.0734193
0 0.602713 0.0592832 0.0118 0.0382786
0 0.394999 0.0348769 0.0140372 0.0421782
0 0.114171 0.0752688 0.0138657 0.0325981
0 0.211927 0.119038 0.0136853 0.0405541
0 0.756245 0.184648 0.0151354 0.0451264
0 0.391079 0.0855326 0.0133931 0.0446156
0 0.182064 0.167712 0.0144727 0.0432512
0 0.311262 0.0866619 0.0146681 0.0466915
0 0.198655 0.0663434 0.0123314 0.0342069
0 0.885781 0.108591 0.0133679 0.037394
0 0.590576 0.0775628 0.0113832 0.0364439
0 0.854088 0.222394 0.0182058 0.067796
0 0.322245 0.0401275 0.01105 0.0360838
0 0.8797 0.0689998 0.0137695 0.0383983
0 0.18446 0.0977079 0.0124236 0.0340828
0 0.22366 0.0554941 0.0118875 0.0347017
