0 0.702962 0.576156 0.0413862 0.135318
0 0.572502 0.67788 0.0403313 0.144272
0 0.536093 0.578298 0.0370777 0.140469
0 0.772972 0.400804 0.0334868 0.0876401
0 0.909154 0.578577 0.03124 0.117099
0 0.546828 0.420917 0.032853 0.106927
0 0.409546 0.359812 0.0272685 0.0857113
0 0.330784 0.827364 0.0495341 0.194864
0 0.824633 0.502709 0.0324156 0.100399
0 0.324744 0.551381 0.0347474 0.113772
0 0.745952 0.873549 0.0435639 0.187755
0 0.155956 0.401277 0.0323794 0.10363
0 0.692085 0.429838 0.0302286 0.0956698
0 0.797412 0.570552 0.0336056 0.10654
0 0.492511 0.320158 0.0280037 0.0888227
0 0.683781 0.769111 0.0420435 0.157953
0 0.176105 0.494215 0.0319808 0.116588
0 0.355047 0.664251 0.0369 0.129796
0 0.87355 0.762413 0.049329 0.136236
0 0.607192 0.540762 0.0385539 0.126574
0 0.396378 0.473241 0.0314369 0.0956926
0 0.616055 0.22909 0.0237835 0.0673109
0 0.115637 0.503388 0.0404039 0.126529
0 0.431503 0.572738 0.0342357 0.132804
0 0.267365 0.274108 0.023027 0.0764402
0 0.17952 0.287551 0.0231452 0.0855452
0 0.446376 0.390913 0.0278861 0.0917909
0 0.818257 0.367427 0.029446 0.107671
0 0.825152 0.769296 0.0331402 0.129438
0 0.910444 0.421009 0.0307404 0.0956741
0 0.146939 0.587813 0.0329749 0.107053
0 0.131493 0.279575 0.024953 0.0756845
0 0.0685272 0.277866 0.0276367 0.0827103
0 0.576242 0.276445 0.0241653 0.0885651
0 0.613331 0.45063 0.0273661 0.0783149
0 0.660389 0.706761 0.0365364 0.124082
0 0.719525 0.314943 0.024254 0.0692829
0 0.238742 0.282096 0.0250421 0.0798058
0 0.110083 0.236434 0.0237289 0.078177
0 0.666162 0.192654 0.0200684 0.0668927
0 0.39656 0.188361 0.0213607 0.0711582
0 0.348347 0.163586 0.0202997 0.0673552
0 0.530506 0.161389 0.0183891 0.0634257
0 0.457904 0.530181 0.0269026 0.101927
0 0.386247 0.276516 0.0210987 0.072137
0 0.877587 0.227928 0.0225624 0.0823263
0 0.97143 0.382449 0.024181 0.0835401
0 0.665473 0.272336 0.0240151 0.0724879
0 0.972525 0.491816 0.0277887 0.082431
0 0.713233 0.182098 0.0204731 0.0751449
0 0.759556 0.250574 0.0210923 0.0683008
0 0.851488 0.278719 0.0208214 0.0646149
0 0.179656 0.629939 0.0389805 0.134492
0 0.134329 0.134844 0.0193788 0.0525105
0 0.311321 0.366986 0.0240151 0.0856194
0 0.294272 0.141704 0.0185569 0.0573819
0 0.843477 0.423577 0.0249737 0.0731471
0 0.440106 0.262976 0.0225909 0.0688149
0 0.601398 0.134543 0.0182318 0.0522561
0 0.304639 0.277213 0.02343 0.0844299
0 0.431029 0.176798 0.0197672 0.0661288
0 0.640552 0.054089 0.0140478 0.0441296
0 0.954792 0.304285 0.0212137 0.069783
0 0.237708 0.14241 0.0186039 0.0620156
0 0.0903594 0.117837 0.0224044 0.063484
0 0.499976 0.182219 0.0197083 0.060716
0 0.344853 0.311356 0.0265065 0.0745967
0 0.961596 0.158027 0.0184353 0.0635178
0 0.435506 0.329744 0.0231952 0.0761288
0 0.32185 0.454776 0.0339689 0.0864203
0 0.544847 0.108963 0.0161598 0.049368
0 0.199447 0.137531 0.0182405 0.0586773
0 0.272021 0.127857 0.0160172 0.0554371
0 0.755308 0.165318 0.0174834 0.0596026
0 0.646218 0.153233 0.0169363 0.0568816
0 0.9351 0.108881 0.0148157 0.042684
0 0.374088 0.155246 0.018145 0.0695409
0 0.152065 0.0541373 0.0137438 0.0416916
0 0.171416 0.106592 0.0161771 0.0487842
0 0.604022 0.0488915 0.0120927 0.0405899
0 0.918481 0.18918 0.0204111 0.0708172
0 0.083157 0.421732 0.0314031 0.0931697
0 0.107855 0.102215 0.0149214 0.0503015
0 0.671474 0.0707577 0.0129524 0.0426907
0 0.318341 0.142267 0.0179628 0.0568308
0 0.889949 0.0954485 0.0136841 0.0493184
0 0.867068 0.0742768 0.0144533 0.0439247
0 0.987921 0.15404 0.0173849 0.0492451
0 0.757706 0.0757967 0.0129959 0.0381235
0 0.804496 0.106589 0.0151397 0.0414467
0 0.979726 0.240389 0.0216232 0.0695394
0 0.205104 0.0657902 0.0128539 0.0398519
0 0.0229018 0.292602 0.0219139 0.0702721
0 0.0247472 0.0994698 0.016078 0.0469838
0 0.73858 0.0886786 0.0146754 0.0412812
0 0.90719 0.0807049 0.013829 0.0416313
0 0.516798 0.0755709 0.0141609 0.0422838
0 0.0655906 0.114805 0.0160271 0.0496609
0 0.803086 0.200562 0.019136 0.0602511
0 0.841038 0.061989 0.0118836 0.0390285
0 0.00546686 0.0848271 0.0109337 0.048782
0 0.461501 0.173032 0.0214309 0.0712636
0 0.13522 0.0585324 0.0153058 0.0484213
0 0.889145 0.047355 0.0136497 0.0393201
0 0.445116 0.033458 0.0116974 0.0379969
0 0.0211594 0.158236 0.0164894 0.0576633
0 0.223438 0.0706647 0.0145443 0.042194
0 0.558995 0.0536688 0.0121733 0.0370644
0 0.00993551 0.501484 0.019402 0.116016
0 0.783213 0.0521477 0.0132437 0.0401577
0 0.36315 0.0636777 0.01431 0.0439656
0 0.327351 0.103102 0.0155621 0.0447981
0 0.815293 0.284835 0.0223247 0.0565242
0 0.34432 0.076318 0.0132138 0.0404417
0 0.271486 0.07305 0.0180472 0.0508027
0 0.546419 0.0650605 0.0137139 0.0369682
0 0.823948 0.047842 0.0128387 0.0380399
0 0.00518369 0.376282 0.00987217 0.0993812
0 0.703563 0.0722062 0.0129181 0.0407409
0 0.444648 0.147942 0.0160532 0.0466058
0 0.453776 0.0708083 0.0138317 0.0417875
0 0.480645 0.0839938 0.0153419 0.0419094
0 0.329312 0.0458273 0.012557 0.0373006
0 0.344971 0.0286569 0.0107737 0.0328525
0 0.57966 0.109237 0.0147286 0.0465631
0 0.438923 0.0799157 0.0137858 0.0408749
0 0.583665 0.113854 0.0148728 0.0460245
0 0.610331 0.516072 0.033444 0.164101
