0 0.171254 0.718750 0.053007 0.162500
0 0.378695 0.827500 0.051988 0.160000
0 0.806320 0.863750 0.044852 0.157500
0 0.489806 0.937500 0.047910 0.125000
0 0.242100 0.851250 0.066259 0.167500
0 0.962793 0.738750 0.045872 0.132500
0 0.239551 0.601250 0.042813 0.132500
0 0.278287 0.672500 0.038736 0.135000
0 0.324669 0.908750 0.049949 0.162500
0 0.517839 0.476250 0.030581 0.107500
0 0.467380 0.498750 0.035678 0.102500
0 0.294597 0.460000 0.030581 0.100000
0 0.785933 0.525000 0.034659 0.100000
0 0.848624 0.712500 0.043833 0.110000
0 0.709480 0.577500 0.032620 0.095000
0 0.893476 0.711250 0.035678 0.117500
0 0.867482 0.568750 0.032620 0.097500
0 0.887360 0.448750 0.029562 0.092500
0 0.154944 0.426250 0.028542 0.087500
0 0.379715 0.527500 0.031600 0.105000
0 0.390418 0.402500 0.028542 0.080000
0 0.080530 0.482500 0.030581 0.105000
0 0.773700 0.435000 0.028542 0.070000
0 0.205912 0.380000 0.026504 0.075000
0 0.819062 0.302500 0.023445 0.055000
0 0.215087 0.488750 0.034659 0.102500
0 0.841998 0.365000 0.022426 0.065000
0 0.095821 0.153750 0.014271 0.042500
0 0.740571 0.347500 0.021407 0.070000
0 0.939857 0.373750 0.022426 0.082500
0 0.495413 0.311250 0.024465 0.077500
0 0.584098 0.181250 0.014271 0.042500
0 0.624363 0.581250 0.025484 0.102500
0 0.497452 0.197500 0.016310 0.055000
0 0.900612 0.306250 0.021407 0.072500
0 0.116718 0.187500 0.015291 0.045000
0 0.400102 0.325000 0.025484 0.070000
0 0.257900 0.238750 0.018349 0.062500
0 0.592762 0.242500 0.019368 0.065000
0 0.527013 0.266250 0.018349 0.067500
0 0.152905 0.160000 0.016310 0.050000
0 0.561162 0.188750 0.015291 0.047500
0 0.796126 0.361250 0.020387 0.072500
0 0.466361 0.291250 0.023445 0.067500
0 0.446483 0.163750 0.016310 0.047500
0 0.293578 0.297500 0.020387 0.060000
0 0.469419 0.203750 0.017329 0.052500
0 0.656473 0.208750 0.018349 0.062500
0 0.953109 0.905000 0.038736 0.120000
0 0.442915 0.263750 0.021407 0.067500
0 0.964832 0.277500 0.019368 0.055000
0 0.726300 0.202500 0.017329 0.060000
0 0.032110 0.090000 0.013252 0.040000
0 0.080530 0.167500 0.014271 0.045000
0 0.051478 0.212500 0.019368 0.065000
0 0.718654 0.106250 0.012232 0.042500
0 0.788481 0.173750 0.015291 0.047500
0 0.262487 0.178750 0.017329 0.052500
0 0.712029 0.310000 0.023445 0.080000
0 0.318552 0.220000 0.017329 0.055000
0 0.430683 0.158750 0.015291 0.047500
0 0.934251 0.536250 0.031600 0.092500
0 0.079001 0.112500 0.013252 0.045000
0 0.343527 0.402500 0.026504 0.085000
0 0.746687 0.186250 0.013252 0.047500
0 0.195209 0.260000 0.019368 0.060000
0 0.386850 0.191250 0.017329 0.052500
0 0.892457 0.155000 0.015291 0.045000
0 0.522936 0.088750 0.016310 0.042500
0 0.294597 0.208750 0.020387 0.057500
0 0.539246 0.228750 0.018349 0.057500
0 0.676860 0.171250 0.014271 0.042500
0 0.713048 0.225000 0.017329 0.055000
0 0.789501 0.111250 0.011213 0.032500
0 0.769113 0.212500 0.017329 0.060000
0 0.556575 0.126250 0.012232 0.042500
0 0.692151 0.070000 0.014271 0.040000
0 0.363914 0.208750 0.014271 0.047500
0 0.660550 0.287500 0.022426 0.070000
0 0.769623 0.108750 0.014271 0.042500
0 0.172783 0.177500 0.015291 0.045000
0 0.280836 0.386250 0.031600 0.067500
0 0.303772 0.087500 0.014271 0.045000
0 0.126911 0.137500 0.013252 0.045000
0 0.892457 0.106250 0.015291 0.037500
0 0.990316 0.455000 0.019368 0.085000
0 0.592762 0.110000 0.011213 0.040000
0 0.697757 0.162500 0.015291 0.050000
0 0.403670 0.615000 0.036697 0.105000
0 0.820591 0.093750 0.012232 0.032500
0 0.045362 0.161250 0.013252 0.037500
0 0.234455 0.185000 0.022426 0.055000
0 0.505097 0.118750 0.013252 0.037500
0 0.539246 0.132500 0.012232 0.045000
0 0.514781 0.195000 0.016310 0.055000
0 0.616208 0.182500 0.019368 0.055000
0 0.063710 0.150000 0.013252 0.045000
0 0.339450 0.146250 0.014271 0.042500
0 0.007645 0.156250 0.013252 0.042500
0 0.343527 0.201250 0.016310 0.052500
0 0.994903 0.246250 0.010194 0.057500
0 0.478084 0.133750 0.014271 0.042500
0 0.990826 0.356250 0.018349 0.067500
0 0.287462 0.171250 0.014271 0.047500
0 0.150866 0.106250 0.014271 0.042500
0 0.194190 0.167500 0.015291 0.045000
0 0.049439 0.543750 0.033639 0.117500
0 0.934251 0.147500 0.015291 0.040000
0 0.631498 0.240000 0.017329 0.065000
0 0.220693 0.121250 0.013252 0.042500
0 0.611621 0.305000 0.022426 0.055000
0 0.838940 0.171250 0.014271 0.047500
0 0.400612 0.118750 0.014271 0.042500
0 0.014271 0.102500 0.014271 0.040000
0 0.389399 0.136250 0.012232 0.037500
0 0.638634 0.117500 0.013252 0.035000
0 0.190112 0.095000 0.013252 0.035000
0 0.737513 0.280000 0.019368 0.055000
0 0.331804 0.100000 0.015291 0.045000
0 0.058104 0.091250 0.010194 0.037500
0 0.773700 0.297500 0.024465 0.060000
0 0.850663 0.178750 0.013252 0.047500
0 0.354230 0.140000 0.013252 0.045000
0 0.209990 0.213750 0.016310 0.047500
0 0.451070 0.118750 0.013252 0.037500
0 0.147299 0.550000 0.039755 0.125000
0 0.264526 0.093750 0.011213 0.037500
0 0.991335 0.900000 0.017329 0.120000
0 0.625892 0.100000 0.012232 0.035000
0 0.231397 0.126250 0.012232 0.037500
0 0.139144 0.132500 0.011213 0.040000
0 0.186544 0.172500 0.012232 0.040000
0 0.185015 0.213750 0.013252 0.037500
0 0.857288 0.136250 0.014271 0.037500
0 0.180428 0.130000 0.014271 0.040000
0 0.221713 0.071250 0.011213 0.032500
0 0.366972 0.123750 0.012232 0.042500
0 0.439348 0.068750 0.012232 0.032500
0 0.603466 0.120000 0.010194 0.030000
0 0.648318 0.091250 0.012232 0.032500
0 0.178389 0.080000 0.010194 0.030000
0 0.613150 0.230000 0.017329 0.060000
0 0.257900 0.132500 0.014271 0.040000
0 0.208461 0.123750 0.011213 0.037500
0 0.318552 0.157500 0.013252 0.040000
0 0.499490 0.145000 0.014271 0.040000
0 0.179409 0.136250 0.014271 0.037500
0 0.262997 0.446250 0.028542 0.087500
0 0.376656 0.127500 0.011213 0.040000
0 0.533639 0.181250 0.013252 0.037500
0 0.079511 0.390000 0.022426 0.070000
0 0.828236 0.248750 0.019368 0.057500
0 0.845566 0.310000 0.017329 0.045000
0 0.449032 0.353750 0.021407 0.067500
0 0.930683 0.305000 0.014271 0.055000
