0 0.868538 0.370333 0.026326 0.0961917
0 0.275189 0.761711 0.0438644 0.143145
0 0.927844 0.712924 0.0444966 0.155726
0 0.450084 0.594708 0.0363981 0.105755
0 0.770886 0.611066 0.0384298 0.133974
0 0.052859 0.550848 0.038655 0.127536
0 0.221431 0.760567 0.0556778 0.148432
0 0.456062 0.731392 0.0486888 0.145078
0 0.385378 0.558126 0.0391354 0.146064
0 0.813319 0.378292 0.0288979 0.102149
0 0.206809 0.371707 0.0246271 0.0884146
0 0.280388 0.380424 0.0302177 0.0987675
0 0.646379 0.493607 0.0346272 0.116746
0 0.865239 0.565018 0.0303467 0.125348
0 0.69557 0.720918 0.0378585 0.150967
0 0.109373 0.392539 0.0303147 0.108122
0 0.964877 0.38093 0.0332707 0.0948685
0 0.482356 0.511208 0.0300052 0.118316
0 0.573766 0.382111 0.029196 0.109143
0 0.531417 0.319382 0.0249734 0.0784855
0 0.795309 0.886791 0.052491 0.183258
0 0.362076 0.443036 0.0268384 0.0799487
0 0.480816 0.354489 0.0286463 0.110623
0 0.337848 0.326067 0.025077 0.0808867
0 0.255156 0.361025 0.0240181 0.0886493
0 0.425536 0.309185 0.0234592 0.0875538
0 0.0664044 0.308184 0.0261344 0.0854794
0 0.300455 0.252593 0.0202766 0.0703512
0 0.731858 0.395191 0.0263603 0.0933672
0 0.888051 0.512419 0.0283418 0.115917
0 0.624481 0.586628 0.0409525 0.11355
0 0.724506 0.656514 0.0289854 0.136952
0 0.583515 0.200595 0.0224566 0.0588339
0 0.992267 0.488904 0.0154651 0.10781
0 0.341974 0.182159 0.0205934 0.0599413
0 0.236546 0.28433 0.021328 0.0686344
0 0.174468 0.228092 0.0198752 0.0748624
0 0.248546 0.224122 0.0199969 0.066084
0 0.228523 0.517942 0.044098 0.109106
0 0.917073 0.0919886 0.0129944 0.0415311
0 0.133505 0.0941481 0.0123816 0.0413976
0 0.808554 0.126804 0.0143624 0.0446691
0 0.752089 0.406331 0.0174259 0.0969173
0 0.0119471 0.572641 0.0238942 0.112291
0 0.21381 0.139935 0.0157874 0.044002
0 0.378109 0.299285 0.0187193 0.0664379
0 0.89282 0.117417 0.0155893 0.0491806
0 0.0842684 0.111242 0.0141594 0.044985
0 0.105798 0.114581 0.0138426 0.0467284
0 0.572108 0.971097 0.0664366 0.0578053
0 0.273176 0.089176 0.0124706 0.0428071
0 0.616813 0.0896313 0.0136398 0.0453155
0 0.234919 0.0727508 0.0126268 0.0417424
0 0.726984 0.156961 0.016862 0.0505222
0 0.190171 0.110355 0.0154088 0.052576
0 0.658665 0.121119 0.0139581 0.0452053
0 0.252758 0.0890124 0.0112373 0.0363407
0 0.0379952 0.208074 0.0167548 0.0575201
0 0.805074 0.0870773 0.0136988 0.036419
0 0.676363 0.0894345 0.0124858 0.0403157
0 0.542171 0.265418 0.0205896 0.0554187
0 0.879907 0.0919406 0.0134903 0.0476698
0 0.753115 0.0677619 0.0125494 0.0390939
0 0.99461 0.128462 0.0107809 0.0476819
0 0.779011 0.0981823 0.0144427 0.0393117
0 0.848429 0.154422 0.0171572 0.0526973
0 0.214444 0.0741329 0.0132344 0.0414324
0 0.290451 0.0908876 0.0112869 0.0380462
0 0.641495 0.0834843 0.0133828 0.0421311
0 0.109508 0.0719097 0.0118779 0.0313631
0 0.708351 0.0569942 0.0133047 0.0389264
0 0.716351 0.101172 0.0126553 0.0381537
0 0.579428 0.038374 0.0101514 0.0301244
0 0.932565 0.10829 0.0135271 0.0396462
0 0.723643 0.0310771 0.0110336 0.0373887
0 0.13704 0.161863 0.0138402 0.0472702
0 0.00514795 0.0688244 0.0102959 0.0381505
0 0.866907 0.850497 0.0496052 0.165742
0 0.154187 0.616257 0.0368465 0.0939892
0 0.634394 0.168485 0.0137989 0.0434295
0 0.34087 0.0876109 0.0112777 0.0341545
0 0.07032 0.117197 0.0135766 0.0429879
0 0.836966 0.0652318 0.0129578 0.0423761
0 0.688787 0.0244859 0.0115179 0.0349365
0 0.035254 0.38335 0.0223071 0.086744
0 0.0546372 0.063843 0.0106149 0.0335416
0 0.32767 0.053083 0.0122453 0.0351022
0 0.0687014 0.112276 0.013684 0.0414954
0 0.31319 0.07143 0.0142362 0.0430649
0 0.143592 0.282593 0.0179858 0.0698274
0 0.0100686 0.216799 0.0195977 0.0644311
