0 0.766565 0.647500 0.048930 0.150000
0 0.928135 0.750000 0.047910 0.145000
0 0.834353 0.597500 0.033639 0.085000
0 0.904689 0.526250 0.031600 0.102500
0 0.539755 0.575000 0.033639 0.100000
0 0.481651 0.601250 0.035678 0.107500
0 0.419470 0.552500 0.037717 0.120000
0 0.175841 0.495000 0.031600 0.100000
0 0.274210 0.615000 0.044852 0.125000
0 0.792049 0.408750 0.030581 0.102500
0 0.755352 0.515000 0.030581 0.095000
0 0.403160 0.701250 0.037717 0.122500
0 0.844037 0.402500 0.024465 0.080000
0 0.207441 0.538750 0.037717 0.137500
0 0.699286 0.460000 0.032620 0.090000
0 0.039755 0.410000 0.032620 0.105000
0 0.506116 0.277500 0.023445 0.060000
0 0.404179 0.212500 0.021407 0.055000
0 0.356269 0.457500 0.033639 0.110000
0 0.776758 0.306250 0.020387 0.067500
0 0.312946 0.345000 0.026504 0.080000
0 0.464832 0.385000 0.028542 0.080000
0 0.939348 0.433750 0.027523 0.092500
0 0.097350 0.468750 0.027523 0.077500
0 0.752294 0.402500 0.022426 0.075000
0 0.546891 0.301250 0.021407 0.062500
0 0.528033 0.367500 0.022426 0.080000
0 0.341488 0.241250 0.020387 0.067500
0 0.138634 0.346250 0.024465 0.077500
0 0.555046 0.176250 0.019368 0.057500
0 0.362385 0.237500 0.019368 0.055000
0 0.529562 0.165000 0.015291 0.050000
0 0.923038 0.178750 0.019368 0.052500
0 0.215087 0.305000 0.022426 0.080000
0 0.290520 0.248750 0.020387 0.057500
0 0.871560 0.327500 0.022426 0.070000
0 0.234964 0.566250 0.019368 0.107500
0 0.475025 0.278750 0.022426 0.067500
0 0.584608 0.217500 0.019368 0.055000
0 0.267074 0.375000 0.024465 0.070000
0 0.428135 0.297500 0.022426 0.065000
0 0.576453 0.288750 0.019368 0.067500
0 0.073394 0.188750 0.018349 0.052500
0 0.103976 0.200000 0.014271 0.050000
0 0.229867 0.186250 0.017329 0.052500
0 0.935270 0.292500 0.023445 0.070000
0 0.178389 0.316250 0.018349 0.067500
0 0.180938 0.187500 0.017329 0.050000
0 0.583078 0.153750 0.016310 0.047500
0 0.806830 0.323750 0.021407 0.062500
0 0.311417 0.185000 0.017329 0.055000
0 0.743119 0.241250 0.016310 0.057500
0 0.882263 0.171250 0.019368 0.047500
0 0.912334 0.251250 0.018349 0.062500
0 0.547910 0.121250 0.013252 0.042500
0 0.351172 0.158750 0.015291 0.047500
0 0.611621 0.196250 0.020387 0.052500
0 0.811927 0.222500 0.019368 0.060000
0 0.086137 0.118750 0.015291 0.047500
0 0.440367 0.137500 0.014271 0.045000
0 0.721713 0.193750 0.016310 0.047500
0 0.713048 0.282500 0.019368 0.065000
0 0.740061 0.187500 0.014271 0.040000
0 0.115189 0.150000 0.014271 0.045000
0 0.244139 0.141250 0.013252 0.047500
0 0.457696 0.166250 0.014271 0.047500
0 0.497452 0.208750 0.016310 0.052500
0 0.665138 0.248750 0.017329 0.047500
0 0.837411 0.168750 0.019368 0.047500
0 0.327217 0.113750 0.014271 0.047500
0 0.287971 0.197500 0.017329 0.045000
0 0.142202 0.245000 0.019368 0.050000
0 0.596330 0.096250 0.014271 0.042500
0 0.123344 0.235000 0.016310 0.055000
0 0.991845 0.356250 0.016310 0.082500
0 0.129460 0.126250 0.014271 0.047500
0 0.651376 0.193750 0.018349 0.057500
0 0.392457 0.113750 0.014271 0.047500
0 0.896024 0.315000 0.022426 0.060000
0 0.834353 0.242500 0.019368 0.070000
0 0.713558 0.105000 0.012232 0.040000
0 0.622834 0.246250 0.018349 0.067500
0 0.072375 0.137500 0.014271 0.040000
0 0.701835 0.185000 0.015291 0.050000
0 0.969419 0.226250 0.018349 0.062500
0 0.962283 0.172500 0.016310 0.045000
0 0.895515 0.105000 0.013252 0.040000
0 0.377676 0.176250 0.015291 0.047500
0 0.366463 0.107500 0.015291 0.045000
0 0.203364 0.156250 0.015291 0.052500
0 0.221713 0.085000 0.013252 0.040000
0 0.013761 0.278750 0.025484 0.077500
0 0.871560 0.116250 0.014271 0.042500
0 0.961264 0.313750 0.020387 0.067500
0 0.688583 0.212500 0.017329 0.055000
0 0.023955 0.181250 0.019368 0.057500
0 0.097350 0.578750 0.035678 0.132500
0 0.008665 0.153750 0.013252 0.047500
0 0.281855 0.096250 0.013252 0.037500
0 0.417431 0.102500 0.013252 0.040000
0 0.863405 0.250000 0.016310 0.055000
0 0.509684 0.100000 0.014271 0.045000
0 0.146279 0.097500 0.013252 0.040000
0 0.245668 0.085000 0.014271 0.040000
0 0.255352 0.268750 0.017329 0.067500
0 0.786952 0.237500 0.018349 0.055000
0 0.089704 0.197500 0.012232 0.045000
0 0.615698 0.117500 0.014271 0.045000
0 0.410296 0.133750 0.013252 0.042500
0 0.624363 0.161250 0.013252 0.047500
0 0.055556 0.100000 0.013252 0.040000
0 0.963303 0.571250 0.028542 0.112500
0 0.918960 0.650000 0.033639 0.070000
0 0.017329 0.092500 0.014271 0.035000
0 0.158002 0.138750 0.014271 0.047500
0 0.471967 0.070000 0.014271 0.040000
0 0.441896 0.085000 0.013252 0.040000
0 0.188583 0.102500 0.014271 0.045000
0 0.173293 0.096250 0.012232 0.037500
0 0.228338 0.137500 0.014271 0.040000
0 0.486239 0.138750 0.014271 0.037500
0 0.491335 0.185000 0.016310 0.045000
0 0.285423 0.140000 0.012232 0.040000
0 0.994393 0.461250 0.011213 0.077500
0 0.215087 0.151250 0.012232 0.047500
0 0.316004 0.101250 0.012232 0.037500
0 0.751274 0.152500 0.012232 0.040000
0 0.347095 0.092500 0.011213 0.030000
0 0.512742 0.201250 0.014271 0.042500
0 0.511213 0.168750 0.013252 0.037500
0 0.653415 0.122500 0.012232 0.045000
0 0.893476 0.238750 0.015291 0.057500
0 0.777778 0.166250 0.016310 0.042500
0 0.741590 0.106250 0.013252 0.037500
0 0.779307 0.173750 0.017329 0.052500
0 0.452090 0.231250 0.015291 0.057500
0 0.484200 0.107500 0.012232 0.035000
0 0.703874 0.245000 0.017329 0.050000
0 0.796126 0.695000 0.024465 0.095000
0 0.489806 0.353750 0.019368 0.062500
0 0.563201 0.375000 0.023445 0.070000
0 0.432722 0.247500 0.021407 0.055000
0 0.739551 0.067500 0.011213 0.025000
