0 0.864424 0.756579 0.036697 0.092105
0 0.191131 0.793421 0.033639 0.092105
0 0.410805 0.314474 0.016310 0.055263
0 0.420489 0.594737 0.027523 0.084211
0 0.744648 0.653947 0.025484 0.086842
0 0.234964 0.351316 0.019368 0.055263
0 0.285423 0.443421 0.020387 0.055263
0 0.583588 0.540789 0.025484 0.081579
0 0.539755 0.252632 0.017329 0.057895
0 0.068807 0.593421 0.019368 0.065789
0 0.539246 0.430263 0.026504 0.086842
0 0.464322 0.256579 0.015291 0.050000
0 0.663609 0.281579 0.020387 0.052632
0 0.689602 0.227632 0.017329 0.050000
0 0.172273 0.400000 0.020387 0.057895
0 0.939348 0.138158 0.015291 0.050000
0 0.164118 0.194737 0.018349 0.047368
0 0.587666 0.384211 0.019368 0.063158
0 0.133028 0.177632 0.013252 0.044737
0 0.324669 0.339474 0.021407 0.063158
0 0.376147 0.356579 0.016310 0.055263
0 0.707951 0.139474 0.015291 0.042105
0 0.565749 0.284211 0.018349 0.047368
0 0.342508 0.472368 0.020387 0.071053
0 0.779307 0.364474 0.019368 0.060526
0 0.943935 0.221053 0.018349 0.052632
0 0.304281 0.163158 0.017329 0.047368
0 0.642712 0.490789 0.023445 0.060526
0 0.371050 0.275000 0.018349 0.055263
0 0.515291 0.290789 0.021407 0.055263
0 0.645260 0.102632 0.014271 0.047368
0 0.751274 0.248684 0.018349 0.055263
0 0.795617 0.756579 0.025484 0.092105
0 0.129460 0.596053 0.020387 0.060526
0 0.141692 0.094737 0.014271 0.036842
0 0.468400 0.403947 0.025484 0.076316
0 0.991335 0.134211 0.015291 0.052632
0 0.421509 0.278947 0.017329 0.052632
0 0.347604 0.086842 0.012232 0.036842
0 0.741590 0.117105 0.015291 0.039474
0 0.627931 0.046053 0.014271 0.044737
0 0.687054 0.109211 0.014271 0.039474
0 0.062181 0.192105 0.018349 0.052632
0 0.900102 0.185526 0.016310 0.050000
0 0.173802 0.118421 0.013252 0.042105
0 0.543833 0.118421 0.017329 0.052632
0 0.466871 0.171053 0.014271 0.047368
0 0.929664 0.043421 0.012232 0.039474
0 0.595821 0.265789 0.015291 0.052632
0 0.726809 0.440789 0.020387 0.065789
0 0.259939 0.060526 0.012232 0.036842
0 0.226809 0.039474 0.011213 0.036842
0 0.363914 0.561842 0.024465 0.086842
0 0.090214 0.177632 0.015291 0.050000
0 0.034149 0.148684 0.013252 0.039474
0 0.058104 0.109211 0.012232 0.039474
0 0.863914 0.092105 0.015291 0.042105
0 0.139653 0.027632 0.012232 0.034211
0 0.126911 0.796053 0.027523 0.086842
0 0.360856 0.132895 0.014271 0.044737
0 0.895515 0.089474 0.013252 0.042105
0 0.953619 0.005263 0.011213 0.005263
0 0.773191 0.164474 0.015291 0.044737
0 0.212538 0.218421 0.017329 0.047368
0 0.424567 0.147368 0.015291 0.042105
0 0.571865 0.130263 0.014271 0.044737
0 0.784404 0.101316 0.013252 0.039474
0 0.763507 0.194737 0.016310 0.047368
0 0.498981 0.085526 0.013252 0.044737
0 0.598369 0.131579 0.014271 0.042105
0 0.623344 0.607895 0.023445 0.078947
0 0.084608 0.103947 0.012232 0.039474
0 0.424057 0.455263 0.020387 0.068421
0 0.986748 0.052632 0.014271 0.042105
0 0.240061 0.863158 0.029562 0.110526
0 0.984709 0.889474 0.030581 0.126316
0 0.375127 0.436842 0.016310 0.057895
0 0.847095 0.103947 0.014271 0.039474
0 0.985219 0.353947 0.021407 0.065789
0 0.994393 0.303947 0.011213 0.081579
0 0.384302 0.065789 0.012232 0.036842
0 0.193170 0.209211 0.015291 0.055263
0 0.004077 0.090789 0.006116 0.034211
0 0.582059 0.042105 0.012232 0.036842
0 0.409786 0.118421 0.012232 0.042105
0 0.766565 0.052632 0.010194 0.036842
0 0.065749 0.126316 0.013252 0.042105
0 0.285933 0.775000 0.029562 0.086842
0 0.794597 0.055263 0.011213 0.036842
0 0.827727 0.010526 0.010194 0.015789
0 0.474516 0.100000 0.013252 0.042105
0 0.095311 0.119737 0.013252 0.039474
0 0.591233 0.230263 0.018349 0.039474
0 0.224261 0.185526 0.014271 0.039474
0 0.793578 0.044737 0.011213 0.036842
0 0.253823 0.178947 0.016310 0.042105
0 0.467890 0.038158 0.012232 0.034211
0 0.756881 0.513158 0.023445 0.073684
0 0.053517 0.693421 0.031600 0.092105
0 0.363914 0.769737 0.024465 0.071053
0 0.361366 0.867105 0.029562 0.092105
0 0.457696 0.818421 0.034659 0.100000
0 0.490316 0.838158 0.032620 0.097368
0 0.681448 0.810526 0.039755 0.115789
0 0.109072 0.211842 0.016310 0.039474
0 0.173293 0.046053 0.014271 0.034211
0 0.205912 0.043421 0.014271 0.034211
0 0.289501 0.015789 0.010194 0.026316
0 0.537207 0.018421 0.014271 0.031579
0 0.480632 0.319737 0.021407 0.055263
0 0.417431 0.415789 0.019368 0.063158
0 0.713558 0.539474 0.028542 0.089474
0 0.678389 0.593421 0.019368 0.076316
0 0.725280 0.013158 0.013252 0.021053
0 0.743119 0.014474 0.014271 0.023684
0 0.864424 0.031579 0.016310 0.042105
0 0.886850 0.053947 0.010194 0.028947
