0 0.543323 0.255263 0.020387 0.057895
0 0.654434 0.590789 0.024465 0.081579
0 0.187054 0.750000 0.025484 0.084211
0 0.570846 0.685526 0.022426 0.076316
0 0.678389 0.321053 0.017329 0.063158
0 0.959225 0.355263 0.020387 0.063158
0 0.286952 0.598684 0.025484 0.092105
0 0.223751 0.521053 0.025484 0.063158
0 0.330275 0.477632 0.022426 0.065789
0 0.049949 0.403947 0.020387 0.065789
0 0.352192 0.278947 0.023445 0.063158
0 0.500000 0.482895 0.023445 0.065789
0 0.483180 0.297368 0.018349 0.052632
0 0.105505 0.406579 0.019368 0.055263
0 0.565240 0.125000 0.015291 0.044737
0 0.705912 0.160526 0.017329 0.047368
0 0.793578 0.176316 0.015291 0.047368
0 0.982671 0.225000 0.016310 0.050000
0 0.623344 0.148684 0.015291 0.044737
0 0.434251 0.465789 0.022426 0.057895
0 0.605505 0.298684 0.018349 0.055263
0 0.428644 0.527632 0.023445 0.060526
0 0.391437 0.282895 0.018349 0.055263
0 0.363914 0.450000 0.022426 0.068421
0 0.052497 0.172368 0.015291 0.044737
0 0.762997 0.285526 0.017329 0.055263
0 0.888889 0.107895 0.014271 0.047368
0 0.650866 0.269737 0.015291 0.050000
0 0.843017 0.064474 0.012232 0.039474
0 0.191641 0.115789 0.014271 0.042105
0 0.589704 0.090789 0.013252 0.034211
0 0.005097 0.180263 0.008155 0.044737
0 0.967380 0.135526 0.014271 0.044737
0 0.909276 0.118421 0.014271 0.047368
0 0.434251 0.093421 0.014271 0.044737
0 0.345566 0.109211 0.014271 0.039474
0 0.129460 0.068421 0.012232 0.036842
0 0.131498 0.121053 0.014271 0.042105
0 0.294088 0.281579 0.015291 0.057895
0 0.500510 0.153947 0.014271 0.039474
0 0.068298 0.143421 0.014271 0.039474
0 0.214577 0.121053 0.013252 0.042105
0 0.854230 0.134211 0.016310 0.047368
0 0.358308 0.035526 0.011213 0.028947
0 0.942406 0.031579 0.011213 0.036842
0 0.780326 0.018421 0.011213 0.031579
0 0.519878 0.019737 0.012232 0.034211
0 0.043323 0.123684 0.013252 0.047368
0 0.797146 0.075000 0.014271 0.039474
0 0.169725 0.040789 0.013252 0.039474
0 0.871560 0.125000 0.012232 0.039474
0 0.223242 0.188158 0.016310 0.044737
0 0.745668 0.015789 0.011213 0.026316
0 0.974516 0.039474 0.014271 0.047368
0 0.481651 0.027632 0.013252 0.039474
0 0.397044 0.064474 0.013252 0.039474
0 0.460754 0.060526 0.012232 0.036842
0 0.765545 0.022368 0.012232 0.034211
0 0.487768 0.446053 0.019368 0.065789
0 0.021407 0.509211 0.026504 0.071053
0 0.034659 0.861842 0.032620 0.097368
0 0.121814 0.826316 0.031600 0.084211
0 0.367482 0.688158 0.029562 0.081579
0 0.503568 0.700000 0.032620 0.073684
0 0.619266 0.722368 0.025484 0.081579
0 0.712538 0.694737 0.026504 0.094737
0 0.691131 0.746053 0.030581 0.065789
0 0.808869 0.597368 0.021407 0.068421
0 0.802752 0.652632 0.021407 0.084211
0 0.755861 0.852632 0.037717 0.110526
0 0.490316 0.103947 0.016310 0.050000
0 0.541794 0.107895 0.015291 0.036842
0 0.548420 0.021053 0.014271 0.036842
0 0.629460 0.021053 0.013252 0.036842
0 0.227319 0.065789 0.014271 0.036842
0 0.211519 0.075000 0.011213 0.034211
0 0.258410 0.030263 0.011213 0.039474
0 0.281346 0.019737 0.014271 0.034211
0 0.174312 0.086842 0.014271 0.042105
0 0.160041 0.121053 0.014271 0.036842
0 0.664628 0.043421 0.016310 0.028947
0 0.696228 0.107895 0.012232 0.042105
0 0.697757 0.034211 0.011213 0.031579
0 0.594292 0.019737 0.014271 0.034211
