0 0.439857 0.931250 0.054027 0.137500
0 0.510703 0.788750 0.042813 0.147500
0 0.612640 0.863750 0.042813 0.157500
0 0.478593 0.658750 0.037717 0.117500
0 0.630479 0.673750 0.039755 0.107500
0 0.697248 0.693750 0.046891 0.157500
0 0.738532 0.937500 0.058104 0.125000
0 0.808869 0.840000 0.051988 0.165000
0 0.852701 0.826250 0.037717 0.147500
0 0.953109 0.888750 0.067278 0.157500
0 0.376656 0.360000 0.027523 0.080000
0 0.133028 0.706250 0.047910 0.172500
0 0.143731 0.537500 0.036697 0.105000
0 0.044343 0.180000 0.013252 0.035000
0 0.095311 0.176250 0.015291 0.047500
0 0.076453 0.156250 0.014271 0.042500
0 0.058104 0.145000 0.016310 0.040000
0 0.030581 0.148750 0.012232 0.042500
0 0.022936 0.100000 0.011213 0.040000
0 0.087666 0.103750 0.014271 0.027500
0 0.112640 0.156250 0.013252 0.047500
0 0.127421 0.237500 0.016310 0.050000
0 0.131498 0.166250 0.016310 0.047500
0 0.163609 0.177500 0.017329 0.050000
0 0.109072 0.101250 0.014271 0.037500
0 0.142202 0.110000 0.017329 0.040000
0 0.152905 0.098750 0.014271 0.037500
0 0.195719 0.087500 0.012232 0.040000
0 0.175841 0.092500 0.011213 0.030000
0 0.188073 0.142500 0.015291 0.045000
0 0.223751 0.198750 0.017329 0.047500
0 0.214577 0.148750 0.015291 0.047500
0 0.212538 0.102500 0.011213 0.040000
0 0.229358 0.113750 0.012232 0.032500
0 0.235984 0.166250 0.011213 0.037500
0 0.250255 0.198750 0.017329 0.037500
0 0.268603 0.172500 0.015291 0.045000
0 0.287971 0.321250 0.021407 0.082500
0 0.315494 0.351250 0.019368 0.062500
0 0.338430 0.196250 0.016310 0.052500
0 0.302243 0.165000 0.015291 0.045000
0 0.269113 0.131250 0.012232 0.032500
0 0.258410 0.143750 0.013252 0.042500
0 0.254842 0.098750 0.012232 0.047500
0 0.286442 0.130000 0.014271 0.035000
0 0.320082 0.122500 0.012232 0.040000
0 0.337411 0.145000 0.012232 0.040000
0 0.335372 0.103750 0.012232 0.032500
0 0.293068 0.096250 0.011213 0.032500
0 0.241081 0.098750 0.011213 0.032500
0 0.425586 0.305000 0.027523 0.070000
0 0.384302 0.180000 0.016310 0.045000
0 0.354740 0.196250 0.014271 0.062500
0 0.354230 0.146250 0.015291 0.032500
0 0.367482 0.145000 0.017329 0.040000
0 0.353211 0.106250 0.015291 0.037500
0 0.381244 0.128750 0.010194 0.032500
0 0.400102 0.146250 0.013252 0.052500
0 0.444444 0.157500 0.014271 0.040000
0 0.469929 0.190000 0.014271 0.040000
0 0.473496 0.396250 0.019368 0.057500
0 0.556065 0.361250 0.023445 0.067500
0 0.533639 0.470000 0.025484 0.105000
0 0.446483 0.105000 0.014271 0.045000
0 0.407747 0.111250 0.010194 0.037500
0 0.416922 0.071250 0.012232 0.037500
0 0.395005 0.076250 0.015291 0.037500
0 0.500510 0.265000 0.016310 0.050000
0 0.489297 0.186250 0.016310 0.037500
0 0.485729 0.126250 0.019368 0.047500
0 0.465341 0.135000 0.011213 0.035000
0 0.584608 0.275000 0.019368 0.065000
0 0.525994 0.211250 0.014271 0.042500
0 0.546381 0.197500 0.014271 0.050000
0 0.537207 0.157500 0.014271 0.035000
0 0.557085 0.096250 0.011213 0.027500
0 0.587666 0.197500 0.017329 0.055000
0 0.597350 0.157500 0.016310 0.045000
0 0.626402 0.183750 0.019368 0.047500
0 0.588685 0.116250 0.019368 0.037500
0 0.545872 0.312500 0.021407 0.065000
0 0.650866 0.468750 0.027523 0.097500
0 0.628950 0.343750 0.020387 0.062500
0 0.666667 0.247500 0.018349 0.070000
0 0.705912 0.241250 0.017329 0.067500
0 0.695719 0.181250 0.015291 0.042500
0 0.653415 0.106250 0.010194 0.027500
0 0.681957 0.096250 0.012232 0.032500
0 0.690622 0.116250 0.011213 0.027500
0 0.707951 0.092500 0.013252 0.035000
0 0.758410 0.243750 0.020387 0.057500
0 0.749235 0.348750 0.024465 0.072500
0 0.710499 0.157500 0.012232 0.035000
0 0.801223 0.185000 0.014271 0.045000
0 0.759939 0.191250 0.017329 0.037500
0 0.828746 0.242500 0.020387 0.055000
0 0.850153 0.335000 0.016310 0.050000
0 0.816514 0.313750 0.024465 0.057500
0 0.853211 0.200000 0.016310 0.045000
0 0.872069 0.102500 0.015291 0.040000
0 0.891947 0.247500 0.016310 0.055000
0 0.919980 0.326250 0.021407 0.062500
0 0.901631 0.106250 0.013252 0.047500
0 0.836901 0.101250 0.014271 0.032500
0 0.914373 0.152500 0.012232 0.045000
0 0.934251 0.161250 0.015291 0.042500
0 0.986748 0.380000 0.024465 0.070000
