0 0.455657 0.700000 0.032620 0.100000
0 0.806320 0.286842 0.018349 0.057895
0 0.293578 0.453947 0.022426 0.065789
0 0.828746 0.342105 0.018349 0.057895
0 0.619776 0.700000 0.026504 0.094737
0 0.704383 0.446053 0.022426 0.071053
0 0.692151 0.267105 0.020387 0.060526
0 0.423038 0.414474 0.018349 0.060526
0 0.466871 0.550000 0.024465 0.084211
0 0.664628 0.438158 0.020387 0.071053
0 0.596330 0.246053 0.018349 0.055263
0 0.580530 0.439474 0.025484 0.068421
0 0.766055 0.323684 0.015291 0.063158
0 0.890928 0.276316 0.018349 0.063158
0 0.111621 0.436842 0.021407 0.078947
0 0.646789 0.336842 0.017329 0.057895
0 0.550968 0.303947 0.017329 0.055263
0 0.106524 0.332895 0.015291 0.055263
0 0.456167 0.328947 0.017329 0.063158
0 0.457696 0.211842 0.016310 0.050000
0 0.509174 0.310526 0.019368 0.057895
0 0.511213 0.675000 0.027523 0.081579
0 0.036697 0.355263 0.020387 0.057895
0 0.788481 0.259211 0.017329 0.065789
0 0.538736 0.343421 0.019368 0.055263
0 0.593782 0.159211 0.017329 0.055263
0 0.322630 0.413158 0.019368 0.063158
0 0.515800 0.377632 0.018349 0.060526
0 0.756881 0.225000 0.015291 0.050000
0 0.231906 0.160526 0.015291 0.052632
0 0.309378 0.106579 0.013252 0.039474
0 0.792559 0.411842 0.019368 0.060526
0 0.757900 0.128947 0.017329 0.047368
0 0.151886 0.452632 0.020387 0.068421
0 0.729867 0.344737 0.016310 0.052632
0 0.629460 0.253947 0.017329 0.050000
0 0.399083 0.517105 0.023445 0.081579
0 0.242100 0.346053 0.019368 0.055263
0 0.376147 0.378947 0.018349 0.063158
0 0.059633 0.147368 0.013252 0.042105
0 0.983180 0.251316 0.015291 0.050000
0 0.939857 0.152632 0.012232 0.036842
0 0.283894 0.300000 0.017329 0.052632
0 0.349643 0.426316 0.020387 0.063158
0 0.206932 0.427632 0.016310 0.055263
0 0.676860 0.081579 0.016310 0.047368
0 0.565749 0.194737 0.016310 0.042105
0 0.701325 0.084211 0.014271 0.057895
0 0.364934 0.294737 0.014271 0.047368
0 0.992864 0.053947 0.012232 0.044737
0 0.096330 0.061842 0.011213 0.034211
0 0.691131 0.335526 0.018349 0.050000
0 0.478593 0.181579 0.015291 0.047368
0 0.759939 0.064474 0.013252 0.039474
0 0.601937 0.489474 0.023445 0.094737
0 0.345566 0.106579 0.014271 0.039474
0 0.767584 0.255263 0.016310 0.052632
0 0.963303 0.205263 0.014271 0.047368
0 0.539246 0.106579 0.016310 0.044737
0 0.925076 0.222368 0.013252 0.050000
0 0.440367 0.343421 0.018349 0.055263
0 0.481651 0.125000 0.015291 0.044737
0 0.389908 0.213158 0.015291 0.047368
0 0.419980 0.239474 0.014271 0.047368
0 0.176860 0.353947 0.015291 0.050000
0 0.798675 0.107895 0.013252 0.042105
0 0.068298 0.392105 0.018349 0.052632
0 0.617227 0.021053 0.013252 0.036842
0 0.522426 0.096053 0.013252 0.039474
0 0.591233 0.110526 0.016310 0.042105
0 0.176351 0.159211 0.014271 0.044737
0 0.097350 0.138158 0.013252 0.039474
0 0.191131 0.044737 0.011213 0.036842
0 0.380734 0.150000 0.015291 0.042105
0 0.506116 0.044737 0.013252 0.042105
0 0.089195 0.377632 0.017329 0.055263
0 0.821101 0.005263 0.015291 0.005263
0 0.303772 0.355263 0.022426 0.068421
0 0.569827 0.580263 0.022426 0.076316
0 0.125892 0.146053 0.013252 0.044737
0 0.975535 0.148684 0.014271 0.039474
0 0.201835 0.302632 0.020387 0.047368
0 0.436290 0.276316 0.016310 0.052632
0 0.854230 0.514474 0.022426 0.071053
0 0.643731 0.088158 0.011213 0.039474
0 0.426096 0.186842 0.014271 0.042105
0 0.043833 0.117105 0.012232 0.034211
0 0.129460 0.044737 0.012232 0.036842
0 0.116718 0.080263 0.011213 0.034211
0 0.427115 0.039474 0.012232 0.036842
0 0.760449 0.015789 0.012232 0.026316
0 0.784913 0.017105 0.012232 0.028947
0 0.005607 0.192105 0.009174 0.047368
0 0.978593 0.019737 0.012232 0.034211
0 0.626402 0.068421 0.013252 0.042105
0 0.362895 0.090789 0.012232 0.039474
0 0.008665 0.156579 0.013252 0.039474
0 0.447503 0.138158 0.014271 0.044737
0 0.220693 0.039474 0.011213 0.031579
0 0.023955 0.159211 0.013252 0.039474
0 0.460754 0.051316 0.012232 0.039474
0 0.656983 0.007895 0.013252 0.010526
0 0.158002 0.582895 0.022426 0.071053
0 0.198777 0.782895 0.032620 0.086842
0 0.082569 0.777632 0.030581 0.092105
0 0.065749 0.556579 0.025484 0.086842
0 0.318552 0.943421 0.039755 0.097368
0 0.398573 0.644737 0.024465 0.078947
0 0.203364 0.353947 0.023445 0.060526
0 0.152905 0.085526 0.012232 0.039474
0 0.263507 0.026316 0.013252 0.042105
0 0.326198 0.034211 0.014271 0.042105
0 0.350153 0.026316 0.015291 0.047368
0 0.371560 0.028947 0.009174 0.042105
0 0.686035 0.547368 0.024465 0.073684
0 0.547401 0.025000 0.010194 0.039474
0 0.721713 0.034211 0.010194 0.031579
0 0.795107 0.511842 0.024465 0.076316
0 0.886850 0.227632 0.016310 0.039474
0 0.928644 0.018421 0.012232 0.031579
0 0.546381 0.717105 0.028542 0.092105
