0 0.470654 0.690515 0.0347578 0.110933
0 0.330829 0.616594 0.0375802 0.122671
0 0.651618 0.658646 0.0471016 0.150651
0 0.792017 0.377032 0.025921 0.086772
0 0.398973 0.513772 0.0314728 0.103757
0 0.216171 0.388487 0.0302241 0.0992754
0 0.731719 0.396607 0.0324383 0.106491
0 0.0903215 0.502894 0.0365885 0.118584
0 0.44607 0.497413 0.0323551 0.122158
0 0.222715 0.546703 0.0331481 0.112682
0 0.185048 0.490424 0.0316692 0.121433
0 0.893317 0.801268 0.0348976 0.11628
0 0.910701 0.430846 0.0294562 0.0790094
0 0.180905 0.23242 0.0236544 0.0762652
0 0.557298 0.589752 0.0326075 0.115801
0 0.581073 0.419628 0.0297797 0.0942257
0 0.205383 0.733245 0.0444523 0.149611
0 0.513948 0.383286 0.0285827 0.0982908
0 0.853804 0.372664 0.0256305 0.0874448
0 0.0680472 0.387946 0.0297464 0.0968269
0 0.619062 0.414442 0.0291937 0.0983251
0 0.596399 0.51591 0.0321894 0.113651
0 0.419737 0.228913 0.0209208 0.0647087
0 0.295805 0.395532 0.0254285 0.0948452
0 0.690848 0.671173 0.0327924 0.146369
0 0.858039 0.477635 0.0342709 0.0935878
0 0.643055 0.492905 0.0321537 0.113224
0 0.781427 0.740842 0.0406204 0.143009
0 0.640949 0.895403 0.0691136 0.181562
0 0.704031 0.585848 0.0385411 0.112718
0 0.914572 0.518357 0.0344249 0.102391
0 0.878162 0.254976 0.0227461 0.0711038
0 0.24094 0.204111 0.0238477 0.0669224
0 0.915526 0.278946 0.0231262 0.0727053
0 0.577491 0.239631 0.0235182 0.0711707
0 0.784183 0.259788 0.0250484 0.0699699
0 0.98182 0.529327 0.0305522 0.107812
0 0.357228 0.224667 0.0179664 0.0649279
0 0.511527 0.20379 0.0234787 0.0822777
0 0.467433 0.247939 0.0223848 0.0658535
0 0.520612 0.555297 0.0322718 0.0962778
0 0.646845 0.219549 0.0213703 0.0704756
0 0.964112 0.452942 0.0269087 0.0863338
0 0.0687666 0.126359 0.0134281 0.0493459
0 0.340142 0.233093 0.0211807 0.0699062
0 0.130444 0.242301 0.0187723 0.0622823
0 0.442751 0.191076 0.0208952 0.0642789
0 0.697901 0.217156 0.022059 0.0675728
0 0.152498 0.209662 0.0198829 0.0643907
0 0.587596 0.154519 0.0174128 0.0589533
0 0.988828 0.334471 0.0220092 0.0948603
0 0.864421 0.578196 0.035392 0.112363
0 0.541112 0.186972 0.0161748 0.0678595
0 0.678005 0.385555 0.0307608 0.0803267
0 0.340396 0.131326 0.0165839 0.0477715
0 0.0404523 0.185467 0.0178238 0.0577556
0 0.728091 0.0313593 0.0131651 0.0446683
0 0.684947 0.0687911 0.0140744 0.0426372
0 0.695969 0.135242 0.0155075 0.0474698
0 0.0205754 0.115944 0.0154867 0.0532731
0 0.830852 0.15636 0.0176596 0.0585099
0 0.505962 0.109213 0.0150057 0.0480561
0 0.911172 0.160694 0.023542 0.0650716
0 0.558082 0.200675 0.0171547 0.0658419
0 0.417967 0.0916139 0.0132411 0.0440868
0 0.264999 0.0834344 0.0128262 0.0424111
0 0.665277 0.44624 0.0261982 0.0987748
0 0.234199 0.0398945 0.0131073 0.0396711
0 0.104367 0.241317 0.0183229 0.0631626
0 0.379274 0.0540704 0.0144156 0.0446154
0 0.209639 0.0953496 0.017821 0.0545161
0 0.18583 0.113821 0.0152079 0.0498005
0 0.390652 0.121954 0.0149319 0.0472087
0 0.151599 0.508207 0.0316585 0.108076
0 0.105114 0.182567 0.0181518 0.0521616
0 0.612266 0.137036 0.0163614 0.0481959
0 0.749424 0.178952 0.017158 0.0564338
0 0.851004 0.145895 0.0143085 0.0464879
0 0.185242 0.0422701 0.0142435 0.0404217
0 0.59235 0.0445707 0.0131562 0.0426427
0 0.568989 0.118697 0.0174315 0.0518343
0 0.741478 0.614613 0.0286403 0.110914
0 0.0275416 0.0568133 0.013308 0.0446978
0 0.64856 0.151092 0.019782 0.0547638
0 0.6607 0.0799779 0.015275 0.0423538
0 0.52876 0.186073 0.0137581 0.0624273
0 0.086901 0.132883 0.0146643 0.0498871
0 0.54231 0.0762679 0.0142794 0.0424061
0 0.372045 0.113846 0.0148166 0.0432678
0 0.79712 0.0643489 0.0130516 0.0422621
0 0.952467 0.159753 0.0165504 0.0525396
0 0.672167 0.0409312 0.0116731 0.0376469
0 0.247904 0.120196 0.0139123 0.0433164
0 0.624402 0.0864314 0.0136927 0.0473834
0 0.643874 0.044611 0.0123588 0.0390762
0 0.0243684 0.183526 0.0150324 0.0569454
0 0.333461 0.0580823 0.0130907 0.0389976
0 0.116142 0.0891265 0.0134365 0.041809
0 0.151731 0.0915568 0.013154 0.0410322
0 0.230349 0.094497 0.0138615 0.0499273
0 0.483021 0.128762 0.0166384 0.0475163
0 0.485914 0.225091 0.0184414 0.0611939
0 0.290956 0.0807267 0.0142616 0.0430347
0 0.694962 0.0259309 0.0124836 0.0396384
0 0.519122 0.0696025 0.0141174 0.0434648
0 0.292616 0.183539 0.0172641 0.0502064
0 0.449429 0.0793106 0.0150311 0.0408462
0 0.985742 0.182244 0.0199585 0.0609735
0 0.00793785 0.684969 0.0157343 0.146215
0 0.581471 0.0776231 0.0140538 0.0461025
0 0.750275 0.0622321 0.0139568 0.0489531
0 0.22324 0.0467739 0.0123207 0.0394044
0 0.607992 0.0520745 0.013606 0.0391513
0 0.803419 0.687877 0.025416 0.119009
0 0.782675 0.190295 0.0148834 0.0496019
0 0.817086 0.13399 0.0135944 0.0479033
0 0.783864 0.14971 0.0169136 0.0480213
0 0.884115 0.152771 0.0179483 0.0626583
0 0.821367 0.0689422 0.0149685 0.0430864
0 0.16958 0.934445 0.0559031 0.13111
0 0.490984 0.0529942 0.0150613 0.0444235
0 0.719665 0.283708 0.0218332 0.0685386
0 0.428311 0.0736314 0.0111552 0.0359299
0 0.0166202 0.0601012 0.0144808 0.0425744
0 0.0766724 0.0619756 0.0133526 0.035937
0 0.90535 0.0522807 0.011819 0.0328263
0 0.988302 0.268791 0.0218809 0.053253
0 0.321093 0.0502921 0.0112517 0.0353022
0 0.275002 0.215139 0.0162412 0.0560845
0 0.55096 0.0286197 0.01452 0.0391942
0 0.347066 0.0651404 0.0116067 0.0371928
0 0.0573606 0.0601963 0.0151873 0.0382272
0 0.0551994 0.102395 0.012828 0.0382652
0 0.36077 0.0840521 0.0140125 0.0418997
0 0.870712 0.111211 0.0153565 0.0394742
0 0.148434 0.0519207 0.0120902 0.0337878
0 0.864209 0.0767677 0.01371 0.0365242
