0 0.396024 0.718750 0.043833 0.142500
0 0.523445 0.697500 0.037717 0.115000
0 0.687564 0.775000 0.041794 0.140000
0 0.566769 0.572500 0.030581 0.115000
0 0.661060 0.642500 0.043833 0.120000
0 0.470948 0.705000 0.042813 0.150000
0 0.450561 0.525000 0.034659 0.120000
0 0.340979 0.720000 0.043833 0.120000
0 0.213558 0.596250 0.049949 0.142500
0 0.335882 0.536250 0.035678 0.117500
0 0.618756 0.927500 0.042813 0.140000
0 0.416922 0.315000 0.028542 0.075000
0 0.933231 0.683750 0.035678 0.122500
0 0.771152 0.597500 0.049949 0.135000
0 0.111621 0.698750 0.045872 0.157500
0 0.528542 0.420000 0.027523 0.090000
0 0.677370 0.507500 0.029562 0.105000
0 0.072375 0.436250 0.032620 0.107500
0 0.864934 0.416250 0.029562 0.087500
0 0.403670 0.463750 0.030581 0.102500
0 0.728848 0.473750 0.026504 0.087500
0 0.780326 0.475000 0.033639 0.065000
0 0.303772 0.532500 0.032620 0.115000
0 0.513252 0.318750 0.025484 0.082500
0 0.188583 0.483750 0.028542 0.107500
0 0.559633 0.303750 0.022426 0.072500
0 0.155454 0.506250 0.035678 0.112500
0 0.209990 0.307500 0.022426 0.070000
0 0.270642 0.370000 0.023445 0.085000
0 0.651376 0.388750 0.024465 0.082500
0 0.832314 0.276250 0.023445 0.077500
0 0.631498 0.340000 0.023445 0.070000
0 0.322120 0.307500 0.024465 0.075000
0 0.552497 0.510000 0.030581 0.090000
0 0.730377 0.396250 0.029562 0.072500
0 0.172783 0.358750 0.025484 0.077500
0 0.845566 0.367500 0.023445 0.075000
0 0.675841 0.307500 0.020387 0.080000
0 0.757390 0.298750 0.022426 0.067500
0 0.609582 0.143750 0.014271 0.047500
0 0.118247 0.520000 0.038736 0.110000
0 0.064220 0.545000 0.038736 0.105000
0 0.273700 0.310000 0.023445 0.055000
0 0.578491 0.156250 0.015291 0.047500
0 0.600408 0.341250 0.020387 0.067500
0 0.277778 0.216250 0.021407 0.067500
0 0.878186 0.298750 0.023445 0.067500
0 0.528033 0.116250 0.016310 0.047500
0 0.364934 0.285000 0.026504 0.075000
0 0.854230 0.241250 0.018349 0.062500
0 0.985219 0.405000 0.025484 0.095000
0 0.599898 0.253750 0.019368 0.057500
0 0.707441 0.311250 0.018349 0.067500
0 0.877166 0.156250 0.013252 0.052500
0 0.071356 0.207500 0.020387 0.065000
0 0.138124 0.212500 0.017329 0.055000
0 0.338940 0.146250 0.015291 0.047500
0 0.215087 0.382500 0.024465 0.070000
0 0.809378 0.168750 0.014271 0.047500
0 0.138124 0.292500 0.021407 0.065000
0 0.960245 0.408750 0.022426 0.072500
0 0.787462 0.267500 0.019368 0.065000
0 0.450561 0.271250 0.024465 0.067500
0 0.521407 0.165000 0.017329 0.055000
0 0.247706 0.130000 0.016310 0.045000
0 0.478084 0.108750 0.016310 0.047500
0 0.449541 0.175000 0.018349 0.055000
0 0.771662 0.127500 0.014271 0.040000
0 0.959225 0.326250 0.024465 0.077500
0 0.249745 0.228750 0.020387 0.057500
0 0.668705 0.121250 0.014271 0.042500
0 0.098879 0.115000 0.014271 0.040000
0 0.069317 0.098750 0.012232 0.037500
0 0.031091 0.137500 0.015291 0.055000
0 0.219164 0.128750 0.016310 0.047500
0 0.080530 0.152500 0.016310 0.050000
0 0.172783 0.191250 0.019368 0.062500
0 0.306320 0.196250 0.015291 0.047500
0 0.656473 0.261250 0.020387 0.067500
0 0.755352 0.186250 0.014271 0.047500
0 0.158002 0.292500 0.018349 0.060000
0 0.325178 0.233750 0.018349 0.062500
0 0.730377 0.186250 0.015291 0.042500
0 0.359837 0.081250 0.012232 0.037500
0 0.382773 0.151250 0.013252 0.042500
0 0.368502 0.125000 0.015291 0.040000
0 0.281346 0.085000 0.014271 0.040000
0 0.776758 0.951250 0.065240 0.097500
0 0.800204 0.573750 0.024465 0.112500
0 0.773700 0.368750 0.024465 0.067500
0 0.143221 0.096250 0.013252 0.037500
0 0.344546 0.107500 0.014271 0.035000
0 0.456677 0.098750 0.014271 0.047500
0 0.575433 0.262500 0.017329 0.055000
0 0.548420 0.236250 0.020387 0.052500
0 0.955148 0.216250 0.020387 0.052500
0 0.680938 0.081250 0.012232 0.042500
0 0.045362 0.118750 0.011213 0.037500
0 0.562181 0.191250 0.015291 0.047500
0 0.312946 0.112500 0.014271 0.040000
0 0.626402 0.226250 0.017329 0.052500
0 0.890418 0.103750 0.015291 0.042500
0 0.724771 0.330000 0.016310 0.055000
0 0.440367 0.110000 0.016310 0.050000
0 0.993374 0.633750 0.013252 0.137500
0 0.641692 0.125000 0.013252 0.040000
0 0.631498 0.142500 0.013252 0.040000
0 0.267074 0.170000 0.016310 0.045000
0 0.981651 0.197500 0.016310 0.055000
0 0.416922 0.121250 0.014271 0.042500
0 0.563710 0.090000 0.012232 0.035000
0 0.382263 0.071250 0.012232 0.032500
0 0.857288 0.172500 0.014271 0.055000
0 0.182977 0.141250 0.013252 0.037500
0 0.755352 0.128750 0.014271 0.042500
0 0.341488 0.207500 0.016310 0.060000
0 0.713048 0.148750 0.013252 0.042500
0 0.551478 0.240000 0.020387 0.055000
0 0.400612 0.110000 0.014271 0.040000
0 0.806830 0.293750 0.017329 0.057500
0 0.711519 0.607500 0.026504 0.120000
0 0.188073 0.105000 0.013252 0.035000
0 0.810398 0.232500 0.014271 0.045000
0 0.699286 0.221250 0.018349 0.057500
0 0.952599 0.170000 0.013252 0.040000
0 0.307849 0.160000 0.016310 0.040000
0 0.717635 0.096250 0.014271 0.037500
0 0.992355 0.617500 0.015291 0.145000
0 0.648828 0.171250 0.013252 0.042500
0 0.688073 0.131250 0.014271 0.042500
0 0.851172 0.133750 0.012232 0.032500
0 0.161570 0.126250 0.015291 0.042500
0 0.746177 0.170000 0.012232 0.040000
0 0.512742 0.113750 0.012232 0.042500
0 0.229358 0.115000 0.012232 0.040000
0 0.564730 0.146250 0.014271 0.047500
0 0.706932 0.111250 0.011213 0.032500
0 0.169725 0.102500 0.013252 0.035000
0 0.797146 0.148750 0.012232 0.037500
0 0.302243 0.091250 0.011213 0.037500
0 0.203874 0.133750 0.012232 0.032500
0 0.395515 0.076250 0.012232 0.032500
0 0.418451 0.086250 0.013252 0.042500
0 0.900102 0.112500 0.012232 0.035000
0 0.613150 0.066250 0.013252 0.037500
