0 0.045872 0.310000 0.020387 0.060000
0 0.053517 0.165000 0.013252 0.045000
0 0.120285 0.200000 0.016310 0.055000
0 0.137105 0.445000 0.023445 0.080000
0 0.108053 0.153750 0.014271 0.042500
0 0.043323 0.105000 0.011213 0.030000
0 0.085627 0.096250 0.010194 0.027500
0 0.136595 0.086250 0.012232 0.032500
0 0.147299 0.166250 0.013252 0.042500
0 0.178899 0.167500 0.013252 0.040000
0 0.161060 0.103750 0.010194 0.027500
0 0.263507 0.401250 0.031600 0.097500
0 0.241081 0.170000 0.017329 0.055000
0 0.212538 0.210000 0.015291 0.055000
0 0.204893 0.127500 0.016310 0.040000
0 0.213558 0.090000 0.011213 0.030000
0 0.183486 0.072500 0.012232 0.035000
0 0.296636 0.320000 0.024465 0.070000
0 0.347095 0.453750 0.025484 0.067500
0 0.337920 0.310000 0.027523 0.080000
0 0.426606 0.500000 0.027523 0.095000
0 0.411315 0.342500 0.021407 0.065000
0 0.360856 0.323750 0.018349 0.062500
0 0.272171 0.121250 0.018349 0.052500
0 0.295107 0.148750 0.015291 0.052500
0 0.234455 0.130000 0.014271 0.035000
0 0.294597 0.211250 0.014271 0.057500
0 0.310398 0.172500 0.013252 0.050000
0 0.328746 0.193750 0.013252 0.052500
0 0.390418 0.187500 0.018349 0.055000
0 0.366972 0.151250 0.014271 0.037500
0 0.336901 0.106250 0.015291 0.052500
0 0.322630 0.105000 0.013252 0.040000
0 0.159531 0.533750 0.039755 0.142500
0 0.404179 0.152500 0.015291 0.055000
0 0.433741 0.117500 0.017329 0.045000
0 0.421509 0.181250 0.015291 0.052500
0 0.447503 0.166250 0.014271 0.057500
0 0.370540 0.102500 0.013252 0.040000
0 0.487258 0.237500 0.016310 0.045000
0 0.478593 0.196250 0.015291 0.042500
0 0.590724 0.567500 0.031600 0.110000
0 0.521916 0.152500 0.014271 0.050000
0 0.468400 0.142500 0.011213 0.040000
0 0.463303 0.071250 0.009174 0.037500
0 0.480122 0.137500 0.010194 0.040000
0 0.536697 0.291250 0.025484 0.062500
0 0.556575 0.190000 0.016310 0.045000
0 0.544852 0.087500 0.015291 0.040000
0 0.580020 0.160000 0.012232 0.030000
0 0.586137 0.212500 0.016310 0.055000
0 0.618756 0.435000 0.028542 0.095000
0 0.597859 0.131250 0.013252 0.032500
0 0.617737 0.173750 0.018349 0.052500
0 0.644241 0.123750 0.012232 0.042500
0 0.719164 0.567500 0.033639 0.090000
0 0.686544 0.320000 0.025484 0.080000
0 0.711519 0.235000 0.020387 0.060000
0 0.666157 0.173750 0.017329 0.047500
0 0.729867 0.105000 0.012232 0.035000
0 0.664118 0.053750 0.011213 0.032500
0 0.602446 0.090000 0.016310 0.040000
0 0.757900 0.332500 0.019368 0.060000
0 0.778287 0.368750 0.023445 0.072500
0 0.608053 0.253750 0.023445 0.047500
0 0.814475 0.285000 0.028542 0.080000
0 0.796126 0.222500 0.018349 0.060000
0 0.764016 0.111250 0.017329 0.042500
0 0.818552 0.185000 0.014271 0.040000
0 0.812436 0.100000 0.014271 0.035000
0 0.920999 0.317500 0.021407 0.060000
0 0.900102 0.578750 0.034659 0.097500
0 0.950561 0.397500 0.027523 0.080000
0 0.863914 0.101250 0.011213 0.037500
0 0.897554 0.101250 0.015291 0.042500
0 0.944444 0.166250 0.017329 0.052500
0 0.809888 0.801250 0.035678 0.132500
0 0.921509 0.818750 0.036697 0.132500
0 0.101427 0.805000 0.051988 0.160000
0 0.212538 0.728750 0.045872 0.162500
0 0.278287 0.890000 0.059123 0.150000
0 0.239042 0.607500 0.043833 0.140000
0 0.365443 0.947500 0.058104 0.105000
