0 0.882852 0.661203 0.0433419 0.134367
0 0.110422 0.555845 0.043563 0.137807
0 0.908309 0.804156 0.0434826 0.133627
0 0.498006 0.693711 0.0475931 0.156626
0 0.715875 0.903161 0.0642632 0.176933
0 0.54483 0.753289 0.043085 0.137307
0 0.565123 0.897464 0.0525329 0.176776
0 0.69042 0.756542 0.0390792 0.121629
0 0.659721 0.879405 0.0389431 0.144135
0 0.975441 0.40085 0.0324396 0.0958048
0 0.919124 0.446985 0.0300598 0.116545
0 0.3576 0.434334 0.0292914 0.107277
0 0.193367 0.588451 0.0347854 0.129236
0 0.605056 0.408378 0.0280412 0.0853704
0 0.5322 0.411214 0.0268315 0.0905576
0 0.953822 0.64775 0.0387097 0.12351
0 0.687055 0.472481 0.0358206 0.105812
0 0.245346 0.612376 0.0389331 0.136317
0 0.769621 0.568586 0.0383379 0.135392
0 0.642513 0.319817 0.022884 0.0808482
0 0.180519 0.225716 0.0190937 0.0632404
0 0.414139 0.408431 0.0239096 0.0955744
0 0.739396 0.502297 0.0304057 0.106602
0 0.241018 0.349465 0.021372 0.0767931
0 0.0819359 0.380671 0.0254442 0.0803772
0 0.110204 0.427542 0.0335627 0.105265
0 0.84373 0.50937 0.0325855 0.0946892
0 0.857138 0.370365 0.028025 0.0928911
0 0.437326 0.416043 0.026762 0.0970312
0 0.541493 0.332331 0.0198511 0.0748281
0 0.339159 0.360085 0.0267803 0.0875305
0 0.56046 0.231857 0.0208436 0.0772622
0 0.464808 0.386067 0.0228445 0.080607
0 0.434425 0.229073 0.0206456 0.0718495
0 0.827302 0.176371 0.0170387 0.0550594
0 0.272724 0.410052 0.0213198 0.0690165
0 0.397264 0.272656 0.0256144 0.0760933
0 0.709837 0.365724 0.0234639 0.086755
0 0.353142 0.236296 0.0197782 0.0648624
0 0.197116 0.370867 0.0213783 0.0815034
0 0.786031 0.23035 0.0224283 0.0692818
0 0.940845 0.128509 0.0176247 0.0577855
0 0.984254 0.235978 0.0202161 0.0789136
0 0.158987 0.296331 0.0239534 0.0713989
0 0.326376 0.243626 0.022903 0.0784239
0 0.214701 0.304863 0.0217259 0.0824254
0 0.0199813 0.404564 0.0306997 0.0931552
0 0.486066 0.256023 0.0249985 0.0707358
0 0.969054 0.144611 0.0158554 0.05517
0 0.749739 0.33728 0.0230261 0.0817773
0 0.28186 0.212891 0.0207155 0.0626387
0 0.632241 0.20583 0.0186198 0.0598381
0 0.823858 0.287822 0.0233521 0.069053
0 0.248172 0.127697 0.0145634 0.0461981
0 0.15511 0.151323 0.0164026 0.0537511
0 0.513827 0.335715 0.0219255 0.071567
0 0.671999 0.267068 0.0197751 0.081464
0 0.658482 0.181691 0.0173719 0.0633336
0 0.765104 0.119065 0.0121517 0.0468264
0 0.217065 0.199566 0.016151 0.0561682
0 0.49794 0.163813 0.0162213 0.0524209
0 0.297252 0.142337 0.0167724 0.0590274
0 0.777189 0.315524 0.020215 0.0624564
0 0.122133 0.26843 0.0219532 0.071875
0 0.581847 0.0942826 0.014905 0.0480756
0 0.915616 0.29695 0.0242962 0.0767401
0 0.195806 0.213439 0.0161441 0.0620015
0 0.0567152 0.29108 0.0228586 0.0798043
0 0.69043 0.104486 0.0150499 0.0419052
0 0.00672587 0.330786 0.0134517 0.0900722
0 0.365017 0.157439 0.0154652 0.0520778
0 0.381362 0.230768 0.0183162 0.0689083
0 0.869049 0.181265 0.0188946 0.0600594
0 0.228324 0.087265 0.0144001 0.0435324
0 0.383042 0.172749 0.0175635 0.0500634
0 0.334223 0.141264 0.01783 0.060287
0 0.0710885 0.110329 0.0144521 0.0405769
0 0.77707 0.94507 0.0459067 0.10986
0 0.84252 0.0630525 0.0143444 0.0441947
0 0.586824 0.326598 0.0251535 0.0848503
0 0.289668 0.0903248 0.0150412 0.042483
0 0.726817 0.351602 0.0150819 0.0847815
0 0.00504903 0.180196 0.00980944 0.0551444
0 0.174221 0.139193 0.0182689 0.0557234
0 0.271765 0.119934 0.0146414 0.0467528
0 0.461427 0.168755 0.0181461 0.0551714
0 0.743841 0.216082 0.0200276 0.0671623
0 0.00711373 0.0558321 0.012209 0.0369614
0 0.037118 0.12118 0.0132699 0.0472032
0 0.622319 0.102917 0.0142975 0.0421308
0 0.785185 0.0807769 0.0140259 0.04283
0 0.688138 0.208198 0.0185795 0.0780313
0 0.762922 0.195105 0.0166996 0.0558935
0 0.514476 0.10186 0.0129927 0.0402362
0 0.207119 0.168031 0.0167714 0.0497851
0 0.480249 0.0883493 0.0136173 0.0456139
0 0.213351 0.0880021 0.0140767 0.0449453
0 0.696087 0.156054 0.0168616 0.0470296
0 0.668484 0.101557 0.0144539 0.047108
0 0.470188 0.0317747 0.0115385 0.0387945
0 0.358709 0.0736652 0.0128025 0.040363
0 0.411331 0.209588 0.0195908 0.060569
0 0.671795 0.404048 0.0263857 0.0764589
0 0.460175 0.25033 0.02167 0.0603004
0 0.44283 0.111844 0.0140122 0.0425516
0 0.309155 0.0797185 0.0128178 0.0435408
0 0.711374 0.124974 0.0159376 0.0560214
0 0.822272 0.0743869 0.0128056 0.0433679
0 0.913546 0.0817633 0.013839 0.0398434
0 0.636169 0.0796532 0.0130683 0.0400766
0 0.922304 0.109402 0.0147232 0.0422869
0 0.055212 0.0808944 0.0122655 0.0375346
0 0.374142 0.0710707 0.0140081 0.0428944
0 0.178857 0.0862275 0.0116175 0.0359402
0 0.0670798 0.2367 0.0194648 0.0631743
0 0.404979 0.13339 0.0175917 0.0491541
0 0.0952819 0.151054 0.0178519 0.0571493
0 0.569488 0.0363957 0.0108129 0.0339895
0 0.888301 0.0449299 0.0155262 0.0410299
0 0.112497 0.125618 0.0145186 0.042148
0 0.00520901 0.104495 0.00997598 0.0440822
0 0.447183 0.0527374 0.0127691 0.0433254
0 0.993975 0.390547 0.0120506 0.087794
0 0.0889169 0.0622403 0.0117618 0.0384518
0 0.598633 0.0739749 0.0124884 0.0389476
0 0.127069 0.197055 0.0173816 0.0525754
0 0.430122 0.107953 0.0135174 0.0426457
0 0.550659 0.159768 0.0175059 0.054915
0 0.994847 0.614165 0.00908391 0.118592
0 0.164732 0.073569 0.0126055 0.0388207
0 0.559143 0.140272 0.0182386 0.0486255
0 0.724154 0.239997 0.0186785 0.067428
0 0.405353 0.0373361 0.0136902 0.0382236
0 0.383228 0.0348253 0.0114992 0.0335566
0 0.131539 0.0839883 0.0126752 0.0366614
0 0.140835 0.395184 0.0267121 0.0904431
0 0.0258163 0.0713724 0.0127234 0.0385406
0 0.349072 0.155672 0.0141595 0.0483419
0 0.717582 0.0632288 0.0127495 0.0342533
0 0.535115 0.0880547 0.0147869 0.0420053
0 0.113101 0.169548 0.0158711 0.0500415
0 0.625501 0.158784 0.0220684 0.0583529
0 0.534844 0.127185 0.0150184 0.0506792
0 0.0693841 0.0402897 0.00894504 0.0296462
0 0.280109 0.285697 0.017048 0.0699169
