0 0.173802 0.721053 0.029562 0.089474
0 0.805810 0.440789 0.019368 0.065789
0 0.755861 0.200000 0.017329 0.052632
0 0.716106 0.281579 0.019368 0.057895
0 0.101427 0.250000 0.015291 0.047368
0 0.444444 0.400000 0.034659 0.089474
0 0.400612 0.382895 0.022426 0.071053
0 0.831804 0.214474 0.014271 0.050000
0 0.915392 0.221053 0.014271 0.052632
0 0.550968 0.297368 0.015291 0.057895
0 0.677370 0.248684 0.015291 0.050000
0 0.844037 0.023684 0.014271 0.042105
0 0.380224 0.281579 0.016310 0.047368
0 0.844037 0.405263 0.020387 0.063158
0 0.645260 0.273684 0.018349 0.057895
0 0.122324 0.278947 0.014271 0.047368
0 0.341998 0.273684 0.021407 0.052632
0 0.529562 0.392105 0.021407 0.073684
0 0.895515 0.211842 0.015291 0.050000
0 0.077472 0.225000 0.014271 0.050000
0 0.227319 0.276316 0.018349 0.057895
0 0.424057 0.242105 0.016310 0.052632
0 0.233435 0.167105 0.014271 0.044737
0 0.134557 0.184211 0.016310 0.052632
0 0.103466 0.572368 0.023445 0.071053
0 0.338430 0.114474 0.014271 0.044737
0 0.964832 0.218421 0.019368 0.057895
0 0.702345 0.048684 0.012232 0.039474
0 0.502039 0.110526 0.013252 0.042105
0 0.036697 0.328947 0.018349 0.052632
0 0.266565 0.338158 0.019368 0.060526
0 0.372069 0.084211 0.014271 0.036842
0 0.234455 0.043421 0.012232 0.034211
0 0.221203 0.042105 0.012232 0.036842
0 0.122324 0.150000 0.012232 0.042105
0 0.627931 0.339474 0.018349 0.068421
0 0.073904 0.321053 0.015291 0.057895
0 0.147808 0.055263 0.010194 0.036842
0 0.713048 0.167105 0.017329 0.044737
0 0.020897 0.128947 0.013252 0.042105
0 0.312946 0.376316 0.020387 0.063158
0 0.439857 0.122368 0.013252 0.044737
0 0.552497 0.125000 0.014271 0.044737
0 0.245668 0.219737 0.014271 0.044737
0 0.117737 0.077632 0.011213 0.034211
0 0.054027 0.173684 0.012232 0.042105
0 0.127421 0.067105 0.010194 0.034211
0 0.548420 0.085526 0.012232 0.039474
0 0.034659 0.218421 0.016310 0.047368
0 0.013252 0.188158 0.014271 0.050000
0 0.396024 0.128947 0.015291 0.047368
0 0.066259 0.165789 0.014271 0.047368
0 0.276758 0.065789 0.013252 0.031579
0 0.355759 0.432895 0.022426 0.076316
0 0.402141 0.085526 0.015291 0.044737
0 0.586137 0.061842 0.012232 0.039474
0 0.227829 0.455263 0.027523 0.078947
0 0.110092 0.140789 0.012232 0.044737
0 0.906728 0.052632 0.011213 0.031579
0 0.262997 0.250000 0.014271 0.047368
0 0.787462 0.022368 0.013252 0.039474
0 0.505097 0.028947 0.013252 0.031579
0 0.068807 0.096053 0.011213 0.034211
0 0.270642 0.447368 0.021407 0.068421
0 0.641182 0.078947 0.012232 0.036842
0 0.529562 0.082895 0.011213 0.039474
0 0.284913 0.184211 0.015291 0.047368
0 0.568298 0.015789 0.011213 0.026316
0 0.990826 0.618421 0.018349 0.100000
0 0.622324 0.017105 0.011213 0.028947
0 0.700815 0.478947 0.027523 0.100000
0 0.479103 0.026316 0.014271 0.036842
0 0.077472 0.127632 0.012232 0.034211
0 0.936799 0.235526 0.014271 0.050000
0 0.457187 0.121053 0.011213 0.042105
0 0.716106 0.225000 0.019368 0.050000
0 0.418451 0.134211 0.013252 0.036842
0 0.582569 0.285526 0.015291 0.044737
0 0.167176 0.178947 0.014271 0.042105
0 0.667176 0.018421 0.011213 0.031579
0 0.158002 0.131579 0.014271 0.042105
0 0.345056 0.331579 0.021407 0.063158
0 0.455657 0.269737 0.016310 0.044737
0 0.419980 0.107895 0.014271 0.036842
0 0.314985 0.582895 0.026504 0.086842
0 0.377676 0.544737 0.023445 0.073684
0 0.174312 0.056579 0.014271 0.044737
0 0.446993 0.305263 0.017329 0.052632
0 0.307339 0.342105 0.015291 0.047368
0 0.482671 0.340789 0.023445 0.055263
0 0.561162 0.342105 0.017329 0.047368
0 0.665138 0.423684 0.023445 0.047368
0 0.661570 0.488158 0.026504 0.076316
0 0.503568 0.067105 0.014271 0.034211
0 0.610092 0.050000 0.013252 0.031579
0 0.722222 0.067105 0.013252 0.039474
0 0.730887 0.255263 0.016310 0.047368
0 0.450561 0.018421 0.014271 0.031579
0 0.888889 0.721053 0.028542 0.084211
0 0.900612 0.023684 0.015291 0.042105
0 0.951580 0.051316 0.017329 0.044737
0 0.990316 0.023684 0.011213 0.042105
0 0.565749 0.086842 0.010194 0.031579
0 0.608053 0.013158 0.011213 0.021053
0 0.600408 0.640789 0.022426 0.076316
