0 0.555556 0.539474 0.024465 0.068421
0 0.844037 0.477632 0.022426 0.065789
0 0.653415 0.477632 0.020387 0.065789
0 0.689093 0.184211 0.014271 0.047368
0 0.664118 0.227632 0.013252 0.044737
0 0.013761 0.194737 0.013252 0.047368
0 0.429154 0.246053 0.014271 0.050000
0 0.377676 0.265789 0.015291 0.052632
0 0.147299 0.086842 0.011213 0.031579
0 0.069827 0.094737 0.011213 0.031579
0 0.421509 0.181579 0.015291 0.047368
0 0.238532 0.168421 0.014271 0.036842
0 0.516310 0.214474 0.015291 0.044737
0 0.038226 0.144737 0.013252 0.047368
0 0.633028 0.821053 0.030581 0.100000
0 0.765036 0.844737 0.029562 0.089474
0 0.195209 0.068421 0.009174 0.026316
0 0.231906 0.082895 0.011213 0.034211
0 0.025994 0.085526 0.011213 0.039474
0 0.355250 0.225000 0.015291 0.050000
0 0.207441 0.085526 0.009174 0.028947
0 0.262997 0.202632 0.016310 0.047368
0 0.256881 0.021053 0.016310 0.031579
0 0.299185 0.013158 0.011213 0.021053
0 0.360347 0.011842 0.011213 0.018421
0 0.410296 0.007895 0.011213 0.010526
0 0.967890 0.009211 0.009174 0.013158
0 0.782875 0.010526 0.010194 0.015789
