0 0.580020 0.517105 0.024465 0.071053
0 0.436290 0.460526 0.024465 0.073684
0 0.721203 0.442105 0.021407 0.063158
0 0.310398 0.319737 0.015291 0.050000
0 0.335882 0.485526 0.017329 0.065789
0 0.446483 0.251316 0.016310 0.055263
0 0.777778 0.381579 0.018349 0.057895
0 0.544343 0.231579 0.016310 0.052632
0 0.477574 0.446053 0.019368 0.065789
0 0.785423 0.463158 0.021407 0.068421
0 0.566259 0.753947 0.031600 0.097368
0 0.446483 0.317105 0.014271 0.055263
0 0.242100 0.439474 0.021407 0.063158
0 0.922528 0.414474 0.020387 0.065789
0 0.598879 0.253947 0.015291 0.050000
0 0.155454 0.476316 0.021407 0.068421
0 0.113150 0.432895 0.020387 0.076316
0 0.720183 0.317105 0.017329 0.060526
0 0.055556 0.455263 0.019368 0.063158
0 0.642712 0.252632 0.017329 0.057895
0 0.676860 0.471053 0.020387 0.073684
0 0.470948 0.614474 0.022426 0.071053
0 0.830275 0.715789 0.029562 0.084211
0 0.829256 0.435526 0.021407 0.065789
0 0.657492 0.273684 0.016310 0.052632
0 0.408257 0.246053 0.019368 0.055263
0 0.517839 0.185526 0.018349 0.050000
0 0.539755 0.373684 0.017329 0.057895
0 0.621814 0.167105 0.018349 0.050000
0 0.965341 0.193421 0.016310 0.044737
0 0.324159 0.398684 0.020387 0.065789
0 0.273191 0.327632 0.018349 0.060526
0 0.579511 0.238158 0.017329 0.055263
0 0.344546 0.430263 0.020387 0.060526
0 0.426606 0.217105 0.017329 0.044737
0 0.254842 0.281579 0.018349 0.063158
0 0.547910 0.288158 0.015291 0.050000
0 0.509684 0.438158 0.018349 0.060526
0 0.488277 0.257895 0.014271 0.047368
0 0.375127 0.239474 0.018349 0.052632
0 0.148828 0.377632 0.020387 0.050000
0 0.256881 0.403947 0.018349 0.065789
0 0.234455 0.348684 0.016310 0.055263
0 0.162589 0.114474 0.015291 0.050000
0 0.791539 0.734211 0.027523 0.100000
0 0.330785 0.131579 0.013252 0.042105
0 0.354230 0.071053 0.013252 0.036842
0 0.544343 0.103947 0.014271 0.044737
0 0.054536 0.178947 0.013252 0.042105
0 0.098369 0.175000 0.015291 0.050000
0 0.759939 0.164474 0.015291 0.044737
0 0.911825 0.182895 0.017329 0.050000
0 0.529562 0.503947 0.021407 0.071053
0 0.017839 0.223684 0.015291 0.042105
0 0.654944 0.340789 0.023445 0.060526
0 0.153925 0.210526 0.016310 0.052632
0 0.378186 0.402632 0.020387 0.057895
0 0.662589 0.163158 0.016310 0.047368
0 0.944954 0.057895 0.012232 0.036842
0 0.463812 0.188158 0.014271 0.044737
0 0.115189 0.061842 0.012232 0.039474
0 0.341488 0.039474 0.012232 0.031579
0 0.429154 0.151316 0.014271 0.044737
0 0.171254 0.364474 0.016310 0.055263
0 0.655454 0.663158 0.026504 0.078947
0 0.659531 0.084211 0.012232 0.036842
0 0.268094 0.050000 0.012232 0.036842
0 0.370540 0.146053 0.015291 0.044737
0 0.634047 0.093421 0.012232 0.039474
0 0.842508 0.022368 0.013252 0.039474
0 0.338430 0.181579 0.014271 0.042105
0 0.701325 0.121053 0.014271 0.042105
0 0.417941 0.107895 0.016310 0.047368
0 0.869011 0.042105 0.013252 0.036842
0 0.398573 0.157895 0.016310 0.047368
0 0.802752 0.175000 0.015291 0.044737
0 0.127421 0.169737 0.016310 0.044737
0 0.545872 0.186842 0.017329 0.042105
0 0.373598 0.635526 0.021407 0.065789
0 0.309888 0.142105 0.014271 0.047368
0 0.746687 0.694737 0.029562 0.100000
0 0.675331 0.173684 0.013252 0.042105
0 0.182977 0.057895 0.011213 0.031579
0 0.664628 0.402632 0.018349 0.063158
0 0.004587 0.171053 0.007136 0.042105
0 0.484200 0.071053 0.012232 0.036842
0 0.129969 0.111842 0.015291 0.039474
0 0.404689 0.193421 0.018349 0.044737
0 0.215596 0.043421 0.009174 0.028947
0 0.830275 0.018421 0.013252 0.031579
0 0.621305 0.094737 0.013252 0.042105
0 0.253313 0.078947 0.013252 0.036842
0 0.015800 0.188158 0.013252 0.039474
0 0.732926 0.073684 0.012232 0.036842
0 0.498981 0.548684 0.019368 0.060526
0 0.482161 0.150000 0.014271 0.042105
0 0.498981 0.067105 0.013252 0.044737
0 0.065240 0.142105 0.014271 0.036842
0 0.460245 0.122368 0.015291 0.050000
0 0.994903 0.027632 0.010194 0.050000
0 0.144750 0.667105 0.032620 0.097368
0 0.705912 0.094737 0.015291 0.036842
0 0.360347 0.235526 0.013252 0.044737
0 0.195209 0.056579 0.011213 0.034211
0 0.373089 0.188158 0.016310 0.044737
0 0.106524 0.128947 0.013252 0.042105
0 0.744139 0.042105 0.012232 0.036842
0 0.573394 0.190789 0.015291 0.044737
0 0.511213 0.228947 0.013252 0.042105
0 0.204383 0.117105 0.013252 0.039474
0 0.206422 0.517105 0.023445 0.060526
0 0.119266 0.517105 0.022426 0.071053
0 0.216106 0.175000 0.018349 0.050000
