0 0.831295 0.344737 0.019368 0.063158
0 0.395515 0.542105 0.026504 0.078947
0 0.192661 0.565789 0.026504 0.078947
0 0.130479 0.417105 0.020387 0.060526
0 0.955148 0.309211 0.016310 0.055263
0 0.891437 0.134211 0.017329 0.042105
0 0.539246 0.255263 0.014271 0.047368
0 0.761978 0.327632 0.019368 0.055263
0 0.384302 0.411842 0.020387 0.071053
0 0.474516 0.225000 0.017329 0.055263
0 0.333333 0.290789 0.018349 0.060526
0 0.621814 0.202632 0.014271 0.047368
0 0.597350 0.250000 0.016310 0.052632
0 0.840979 0.138158 0.014271 0.044737
0 0.316514 0.167105 0.017329 0.050000
0 0.726809 0.181579 0.016310 0.047368
0 0.673802 0.250000 0.018349 0.052632
0 0.647299 0.392105 0.020387 0.068421
0 0.426606 0.268421 0.017329 0.057895
0 0.779817 0.256579 0.016310 0.050000
0 0.122324 0.226316 0.016310 0.042105
0 0.568807 0.297368 0.018349 0.057895
0 0.368502 0.273684 0.017329 0.052632
0 0.203874 0.428947 0.024465 0.068421
0 0.127421 0.046053 0.012232 0.039474
0 0.513761 0.139474 0.014271 0.042105
0 0.270133 0.315789 0.016310 0.057895
0 0.333843 0.222368 0.015291 0.050000
0 0.283894 0.256579 0.017329 0.055263
0 0.586646 0.338158 0.021407 0.060526
0 0.701325 0.306579 0.018349 0.055263
0 0.734964 0.382895 0.018349 0.071053
0 0.397554 0.276316 0.014271 0.047368
0 0.529052 0.135526 0.012232 0.044737
0 0.196738 0.264474 0.016310 0.050000
0 0.725280 0.109211 0.015291 0.044737
0 0.691131 0.256579 0.014271 0.050000
0 0.024465 0.246053 0.018349 0.060526
0 0.625382 0.310526 0.019368 0.063158
0 0.764526 0.105263 0.016310 0.042105
0 0.985219 0.050000 0.017329 0.042105
0 0.991335 0.100000 0.015291 0.042105
0 0.091233 0.105263 0.013252 0.042105
0 0.419470 0.151316 0.017329 0.050000
0 0.808869 0.478947 0.021407 0.068421
0 0.668705 0.042105 0.012232 0.036842
0 0.477064 0.142105 0.016310 0.042105
0 0.446483 0.413158 0.024465 0.063158
0 0.336901 0.107895 0.013252 0.042105
0 0.550968 0.197368 0.015291 0.047368
0 0.376656 0.169737 0.017329 0.055263
0 0.342508 0.751316 0.030581 0.097368
0 0.265545 0.239474 0.015291 0.047368
0 0.059633 0.088158 0.013252 0.039474
0 0.743629 0.027632 0.013252 0.039474
0 0.829256 0.009211 0.011213 0.013158
0 0.098879 0.217105 0.014271 0.050000
0 0.388379 0.761842 0.034659 0.118421
0 0.051988 0.640789 0.026504 0.076316
0 0.500000 0.514474 0.019368 0.076316
0 0.570336 0.127632 0.013252 0.039474
0 0.559123 0.164474 0.015291 0.044737
0 0.464832 0.117105 0.012232 0.039474
0 0.641692 0.077632 0.013252 0.039474
0 0.188583 0.147368 0.016310 0.047368
0 0.697248 0.019737 0.010194 0.034211
0 0.488787 0.021053 0.011213 0.036842
0 0.039246 0.236842 0.015291 0.047368
0 0.879715 0.038158 0.012232 0.034211
0 0.604995 0.146053 0.015291 0.044737
0 0.779817 0.022368 0.010194 0.034211
0 0.157492 0.067105 0.011213 0.034211
0 0.530581 0.030263 0.011213 0.034211
0 0.515800 0.018421 0.010194 0.031579
0 0.403670 0.127632 0.012232 0.039474
0 0.680428 0.017105 0.011213 0.028947
0 0.165647 0.123684 0.013252 0.042105
0 0.147299 0.642105 0.031600 0.105263
0 0.298165 0.685526 0.035678 0.086842
0 0.508155 0.934211 0.039755 0.115789
0 0.478084 0.625000 0.038736 0.086842
0 0.513761 0.700000 0.036697 0.089474
0 0.617737 0.546053 0.020387 0.065789
0 0.529562 0.390789 0.023445 0.076316
0 0.564730 0.557895 0.030581 0.084211
0 0.688073 0.500000 0.026504 0.078947
0 0.757390 0.514474 0.022426 0.076316
0 0.760958 0.426316 0.025484 0.068421
0 0.877166 0.786842 0.031600 0.084211
0 0.824159 0.893421 0.043833 0.128947
0 0.705912 0.492105 0.025484 0.078947
0 0.612130 0.034211 0.011213 0.036842
0 0.589195 0.089474 0.012232 0.036842
0 0.548420 0.034211 0.012232 0.042105
0 0.585627 0.035526 0.011213 0.028947
0 0.640673 0.018421 0.011213 0.031579
