0 0.538736 0.875000 0.058104 0.180000
0 0.694699 0.898750 0.051988 0.177500
0 0.506626 0.636250 0.034659 0.097500
0 0.454638 0.667500 0.040775 0.125000
0 0.807849 0.807500 0.056065 0.150000
0 0.685525 0.651250 0.033639 0.117500
0 0.631498 0.710000 0.037717 0.145000
0 0.246687 0.871250 0.059123 0.162500
0 0.069827 0.921250 0.060143 0.157500
0 0.328236 0.626250 0.034659 0.107500
0 0.759939 0.696250 0.041794 0.112500
0 0.903160 0.770000 0.038736 0.115000
0 0.963303 0.640000 0.030581 0.110000
0 0.956167 0.505000 0.030581 0.095000
0 0.854740 0.561250 0.033639 0.117500
0 0.822630 0.558750 0.032620 0.097500
0 0.778287 0.483750 0.033639 0.097500
0 0.707951 0.586250 0.025484 0.097500
0 0.485219 0.468750 0.026504 0.092500
0 0.287971 0.510000 0.027523 0.080000
0 0.379205 0.457500 0.026504 0.085000
0 0.429664 0.471250 0.021407 0.087500
0 0.577982 0.510000 0.028542 0.100000
0 0.602446 0.486250 0.022426 0.082500
0 0.676351 0.490000 0.035678 0.100000
0 0.173293 0.360000 0.020387 0.075000
0 0.254332 0.336250 0.023445 0.077500
0 0.036188 0.241250 0.023445 0.072500
0 0.019878 0.150000 0.011213 0.035000
0 0.076453 0.161250 0.016310 0.047500
0 0.057594 0.150000 0.015291 0.035000
0 0.122834 0.155000 0.013252 0.040000
0 0.045872 0.107500 0.010194 0.040000
0 0.115189 0.263750 0.018349 0.057500
0 0.149337 0.297500 0.019368 0.065000
0 0.191131 0.266250 0.019368 0.062500
0 0.075943 0.101250 0.009174 0.037500
0 0.006116 0.087500 0.010194 0.045000
0 0.019878 0.077500 0.011213 0.030000
0 0.015291 0.126250 0.018349 0.032500
0 0.100408 0.086250 0.011213 0.032500
0 0.112640 0.103750 0.013252 0.047500
0 0.134047 0.097500 0.015291 0.035000
0 0.156983 0.121250 0.014271 0.042500
0 0.165647 0.091250 0.011213 0.037500
0 0.150357 0.068750 0.009174 0.032500
0 0.181448 0.068750 0.010194 0.032500
0 0.158002 0.231250 0.016310 0.047500
0 0.193680 0.142500 0.014271 0.045000
0 0.167176 0.137500 0.010194 0.040000
0 0.209480 0.138750 0.013252 0.037500
0 0.200815 0.203750 0.018349 0.047500
0 0.225280 0.185000 0.014271 0.045000
0 0.246687 0.161250 0.012232 0.037500
0 0.246687 0.092500 0.010194 0.040000
0 0.255861 0.232500 0.018349 0.040000
0 0.282875 0.283750 0.021407 0.062500
0 0.287971 0.211250 0.015291 0.052500
0 0.302243 0.160000 0.021407 0.050000
0 0.266565 0.095000 0.011213 0.030000
0 0.213048 0.087500 0.012232 0.035000
0 0.275739 0.470000 0.023445 0.045000
0 0.363405 0.305000 0.023445 0.070000
0 0.318043 0.252500 0.018349 0.055000
0 0.352192 0.182500 0.019368 0.050000
0 0.311417 0.076250 0.013252 0.037500
0 0.334353 0.108750 0.016310 0.037500
0 0.398573 0.188750 0.016310 0.042500
0 0.382773 0.147500 0.015291 0.045000
0 0.377676 0.097500 0.011213 0.035000
0 0.434760 0.255000 0.017329 0.060000
0 0.383282 0.282500 0.020387 0.065000
0 0.460245 0.355000 0.023445 0.070000
0 0.475025 0.288750 0.020387 0.067500
0 0.463303 0.198750 0.015291 0.062500
0 0.415392 0.176250 0.015291 0.052500
0 0.422528 0.135000 0.017329 0.050000
0 0.451580 0.131250 0.016310 0.047500
0 0.466361 0.123750 0.013252 0.042500
0 0.498471 0.153750 0.016310 0.052500
0 0.514271 0.146250 0.013252 0.047500
0 0.504587 0.110000 0.014271 0.035000
0 0.526504 0.280000 0.023445 0.070000
0 0.458716 0.468750 0.022426 0.072500
0 0.590724 0.280000 0.021407 0.070000
0 0.558614 0.236250 0.016310 0.062500
0 0.541284 0.148750 0.014271 0.042500
0 0.542813 0.098750 0.009174 0.027500
0 0.553007 0.103750 0.011213 0.042500
0 0.569317 0.068750 0.013252 0.032500
0 0.602956 0.112500 0.015291 0.045000
0 0.614169 0.150000 0.013252 0.050000
0 0.632008 0.372500 0.030581 0.080000
0 0.658512 0.303750 0.028542 0.067500
0 0.621305 0.280000 0.021407 0.065000
0 0.642712 0.201250 0.013252 0.047500
0 0.660041 0.183750 0.015291 0.052500
0 0.625892 0.090000 0.012232 0.035000
0 0.655963 0.108750 0.013252 0.032500
0 0.675841 0.096250 0.018349 0.052500
0 0.689602 0.152500 0.017329 0.055000
0 0.708970 0.391250 0.027523 0.087500
0 0.674822 0.407500 0.022426 0.055000
0 0.674822 0.291250 0.020387 0.082500
0 0.722732 0.283750 0.018349 0.067500
0 0.712029 0.231250 0.017329 0.057500
0 0.718145 0.165000 0.013252 0.040000
0 0.732416 0.152500 0.015291 0.050000
0 0.756371 0.187500 0.014271 0.045000
0 0.770133 0.247500 0.019368 0.080000
0 0.775229 0.363750 0.033639 0.072500
0 0.784404 0.423750 0.025484 0.062500
0 0.863914 0.386250 0.029562 0.087500
0 0.911315 0.391250 0.028542 0.087500
0 0.774210 0.175000 0.013252 0.045000
0 0.843017 0.238750 0.016310 0.052500
0 0.802243 0.198750 0.016310 0.042500
0 0.798165 0.101250 0.016310 0.042500
0 0.825688 0.146250 0.014271 0.037500
0 0.835882 0.168750 0.014271 0.052500
0 0.858818 0.153750 0.015291 0.047500
0 0.854740 0.113750 0.013252 0.032500
0 0.871560 0.112500 0.012232 0.040000
0 0.888889 0.106250 0.016310 0.042500
0 0.976045 0.446250 0.031600 0.097500
0 0.987258 0.300000 0.017329 0.060000
0 0.927115 0.167500 0.015291 0.050000
0 0.896024 0.177500 0.014271 0.050000
0 0.962283 0.191250 0.016310 0.052500
0 0.993374 0.193750 0.013252 0.072500
