0 0.745158 0.484211 0.026504 0.073684
0 0.213048 0.752632 0.036697 0.100000
0 0.377166 0.476316 0.026504 0.078947
0 0.912844 0.480263 0.021407 0.071053
0 0.740061 0.590789 0.032620 0.092105
0 0.961264 0.375000 0.022426 0.071053
0 0.670234 0.339474 0.023445 0.073684
0 0.122324 0.618421 0.024465 0.073684
0 0.790520 0.140789 0.013252 0.044737
0 0.618756 0.356579 0.016310 0.055263
0 0.260449 0.477632 0.023445 0.065789
0 0.595311 0.503947 0.020387 0.071053
0 0.686035 0.438158 0.022426 0.071053
0 0.614679 0.422368 0.020387 0.065789
0 0.425586 0.422368 0.021407 0.065789
0 0.805301 0.547368 0.022426 0.068421
0 0.765545 0.100000 0.014271 0.047368
0 0.457696 0.278947 0.018349 0.052632
0 0.646789 0.236842 0.017329 0.047368
0 0.380224 0.311842 0.016310 0.055263
0 0.564730 0.289474 0.016310 0.052632
0 0.325178 0.353947 0.018349 0.050000
0 0.791539 0.336842 0.019368 0.057895
0 0.316004 0.435526 0.020387 0.060526
0 0.945973 0.160526 0.014271 0.047368
0 0.525484 0.290789 0.017329 0.055263
0 0.226809 0.359211 0.019368 0.044737
0 0.222732 0.406579 0.021407 0.060526
0 0.870540 0.184211 0.016310 0.047368
0 0.618756 0.207895 0.016310 0.052632
0 0.079511 0.157895 0.014271 0.047368
0 0.126911 0.165789 0.013252 0.047368
0 0.232416 0.157895 0.016310 0.052632
0 0.622324 0.522368 0.023445 0.065789
0 0.739551 0.207895 0.015291 0.047368
0 0.428644 0.253947 0.015291 0.050000
0 0.451580 0.475000 0.022426 0.065789
0 0.314475 0.206579 0.015291 0.050000
0 0.458716 0.685526 0.034659 0.092105
0 0.202345 0.606579 0.021407 0.071053
0 0.477064 0.248684 0.022426 0.071053
0 0.842508 0.075000 0.013252 0.039474
0 0.165647 0.181579 0.013252 0.042105
0 0.740061 0.136842 0.014271 0.042105
0 0.480122 0.173684 0.016310 0.042105
0 0.549949 0.418421 0.019368 0.052632
0 0.669725 0.217105 0.016310 0.044737
0 0.786952 0.218421 0.018349 0.047368
0 0.191641 0.465789 0.020387 0.052632
0 0.209480 0.063158 0.013252 0.036842
0 0.357288 0.198684 0.015291 0.050000
0 0.115698 0.057895 0.011213 0.036842
0 0.868502 0.076316 0.016310 0.042105
0 0.540775 0.157895 0.015291 0.042105
0 0.715596 0.140789 0.014271 0.039474
0 0.421509 0.122368 0.013252 0.039474
0 0.740571 0.064474 0.015291 0.039474
0 0.532110 0.410526 0.018349 0.057895
0 0.661060 0.610526 0.025484 0.084211
0 0.690112 0.163158 0.014271 0.042105
0 0.176860 0.135526 0.013252 0.044737
0 0.821611 0.202632 0.018349 0.057895
0 0.367482 0.084211 0.013252 0.042105
0 0.523955 0.123684 0.014271 0.042105
0 0.602956 0.117105 0.015291 0.044737
0 0.280326 0.359211 0.016310 0.050000
0 0.252294 0.377632 0.015291 0.055263
0 0.163099 0.126316 0.014271 0.047368
0 0.539755 0.097368 0.013252 0.036842
0 0.776758 0.165789 0.014271 0.047368
0 0.835372 0.764474 0.025484 0.092105
0 0.163609 0.047368 0.013252 0.042105
0 0.392457 0.059211 0.014271 0.039474
0 0.507136 0.046053 0.011213 0.034211
0 0.063710 0.121053 0.013252 0.036842
0 0.557085 0.080263 0.013252 0.039474
0 0.498471 0.085526 0.014271 0.039474
0 0.189602 0.523684 0.028542 0.057895
0 0.260449 0.073684 0.011213 0.036842
0 0.897044 0.027632 0.010194 0.034211
0 0.503568 0.132895 0.014271 0.039474
0 0.347604 0.152632 0.014271 0.042105
0 0.036697 0.115789 0.012232 0.042105
0 0.325178 0.165789 0.016310 0.047368
0 0.578491 0.132895 0.013252 0.039474
0 0.021407 0.164474 0.016310 0.044737
0 0.407238 0.032895 0.011213 0.034211
0 0.101427 0.051316 0.011213 0.034211
0 0.639144 0.118421 0.012232 0.036842
0 0.134047 0.052632 0.011213 0.036842
0 0.386340 0.164474 0.014271 0.044737
0 0.436290 0.073684 0.014271 0.042105
0 0.727829 0.106579 0.014271 0.039474
0 0.565240 0.132895 0.013252 0.039474
0 0.378695 0.861842 0.029562 0.113158
0 0.334862 0.817105 0.037717 0.107895
0 0.081549 0.107895 0.016310 0.031579
0 0.096840 0.168421 0.014271 0.042105
0 0.101937 0.089474 0.014271 0.026316
0 0.221203 0.047368 0.012232 0.052632
0 0.337411 0.061842 0.012232 0.034211
0 0.566769 0.622368 0.030581 0.076316
0 0.467380 0.593421 0.027523 0.071053
0 0.606524 0.902632 0.032620 0.089474
0 0.537207 0.925000 0.026504 0.076316
0 0.819062 0.517105 0.021407 0.071053
0 0.613150 0.050000 0.013252 0.042105
0 0.673802 0.035526 0.014271 0.039474
0 0.647299 0.036842 0.016310 0.042105
0 0.636086 0.163158 0.016310 0.052632
0 0.651886 0.115789 0.011213 0.036842
0 0.466361 0.427632 0.025484 0.060526
