0 0.220693 0.738750 0.047910 0.147500
0 0.424057 0.552500 0.038736 0.120000
0 0.727829 0.673750 0.040775 0.127500
0 0.757900 0.797500 0.041794 0.150000
0 0.621305 0.700000 0.043833 0.165000
0 0.511213 0.765000 0.039755 0.125000
0 0.871050 0.637500 0.037717 0.125000
0 0.792559 0.556250 0.033639 0.107500
0 0.479103 0.460000 0.028542 0.100000
0 0.531600 0.561250 0.035678 0.097500
0 0.670744 0.536250 0.036697 0.117500
0 0.957696 0.588750 0.035678 0.122500
0 0.249745 0.896250 0.046891 0.177500
0 0.152396 0.533750 0.031600 0.112500
0 0.338940 0.583750 0.035678 0.117500
0 0.168196 0.736250 0.040775 0.132500
0 0.095311 0.410000 0.031600 0.110000
0 0.515800 0.657500 0.036697 0.110000
0 0.445464 0.411250 0.022426 0.072500
0 0.694190 0.331250 0.022426 0.067500
0 0.147299 0.437500 0.029562 0.080000
0 0.630989 0.388750 0.028542 0.087500
0 0.585627 0.495000 0.031600 0.105000
0 0.647299 0.296250 0.022426 0.072500
0 0.896534 0.501250 0.029562 0.112500
0 0.474516 0.892500 0.041794 0.145000
0 0.701835 0.127500 0.017329 0.050000
0 0.360856 0.261250 0.022426 0.072500
0 0.440877 0.111250 0.015291 0.042500
0 0.224771 0.408750 0.025484 0.092500
0 0.771662 0.318750 0.022426 0.067500
0 0.437819 0.262500 0.019368 0.055000
0 0.197757 0.293750 0.024465 0.072500
0 0.057085 0.220000 0.018349 0.070000
0 0.721713 0.176250 0.014271 0.047500
0 0.277268 0.273750 0.022426 0.072500
0 0.679409 0.240000 0.017329 0.055000
0 0.415392 0.152500 0.017329 0.050000
0 0.601427 0.255000 0.022426 0.065000
0 0.328746 0.493750 0.033639 0.067500
0 0.946483 0.192500 0.015291 0.050000
0 0.458716 0.117500 0.014271 0.040000
0 0.900612 0.632500 0.027523 0.120000
0 0.975535 0.188750 0.016310 0.052500
0 0.647808 0.158750 0.015291 0.052500
0 0.516310 0.155000 0.017329 0.045000
0 0.322630 0.171250 0.015291 0.052500
0 0.505097 0.256250 0.019368 0.052500
0 0.195719 0.225000 0.018349 0.055000
0 0.310398 0.270000 0.019368 0.060000
0 0.824159 0.236250 0.019368 0.057500
0 0.243119 0.132500 0.015291 0.050000
0 0.743629 0.205000 0.017329 0.050000
0 0.270642 0.153750 0.017329 0.052500
0 0.545362 0.237500 0.018349 0.065000
0 0.066259 0.150000 0.014271 0.045000
0 0.567278 0.277500 0.019368 0.050000
0 0.155963 0.158750 0.016310 0.047500
0 0.103976 0.156250 0.014271 0.047500
0 0.336391 0.193750 0.016310 0.057500
0 0.270133 0.732500 0.055046 0.145000
0 0.134047 0.192500 0.015291 0.045000
0 0.540775 0.131250 0.013252 0.042500
0 0.492864 0.098750 0.015291 0.047500
0 0.362385 0.166250 0.015291 0.047500
0 0.982671 0.913750 0.034659 0.117500
0 0.092253 0.202500 0.017329 0.050000
0 0.632008 0.100000 0.014271 0.040000
0 0.614679 0.202500 0.016310 0.055000
0 0.480122 0.140000 0.014271 0.045000
0 0.342508 0.403750 0.024465 0.082500
0 0.048420 0.106250 0.013252 0.037500
0 0.794597 0.126250 0.013252 0.032500
0 0.652905 0.113750 0.015291 0.042500
0 0.766055 0.111250 0.013252 0.042500
0 0.243629 0.088750 0.014271 0.037500
0 0.375637 0.477500 0.029562 0.090000
0 0.180938 0.133750 0.015291 0.047500
0 0.584608 0.155000 0.013252 0.045000
0 0.296126 0.216250 0.017329 0.052500
0 0.081549 0.133750 0.012232 0.042500
0 0.116718 0.132500 0.015291 0.045000
0 0.896024 0.101250 0.014271 0.037500
0 0.689602 0.095000 0.013252 0.035000
0 0.290520 0.150000 0.016310 0.045000
0 0.871560 0.107500 0.014271 0.040000
0 0.012742 0.117500 0.017329 0.045000
0 0.017839 0.193750 0.023445 0.062500
0 0.334353 0.116250 0.014271 0.042500
0 0.025994 0.110000 0.013252 0.045000
0 0.399592 0.116250 0.014271 0.047500
0 0.632008 0.200000 0.014271 0.045000
0 0.168705 0.113750 0.013252 0.047500
0 0.850663 0.143750 0.013252 0.042500
0 0.217125 0.166250 0.014271 0.047500
0 0.348624 0.391250 0.022426 0.082500
0 0.276249 0.101250 0.014271 0.037500
0 0.028542 0.538750 0.028542 0.102500
0 0.350663 0.112500 0.012232 0.035000
0 0.322120 0.088750 0.014271 0.037500
0 0.996432 0.298750 0.007136 0.062500
0 0.314985 0.123750 0.014271 0.042500
0 0.196738 0.128750 0.014271 0.047500
0 0.379205 0.138750 0.014271 0.042500
0 0.785423 0.117500 0.013252 0.035000
0 0.515800 0.105000 0.012232 0.035000
0 0.287971 0.150000 0.015291 0.045000
0 0.131498 0.103750 0.014271 0.037500
0 0.600917 0.076250 0.011213 0.032500
0 0.148828 0.123750 0.014271 0.037500
0 0.103466 0.108750 0.013252 0.037500
0 0.388889 0.160000 0.013252 0.040000
0 0.061672 0.090000 0.013252 0.035000
0 0.092762 0.072500 0.012232 0.030000
0 0.176351 0.206250 0.022426 0.052500
0 0.794597 0.338750 0.021407 0.057500
0 0.791030 0.411250 0.024465 0.082500
0 0.834353 0.363750 0.021407 0.062500
0 0.847095 0.105000 0.016310 0.035000
0 0.496432 0.160000 0.014271 0.045000
0 0.195209 0.088750 0.019368 0.047500
