0 0.422528 0.380263 0.023445 0.071053
0 0.358818 0.686842 0.026504 0.084211
0 0.510703 0.357895 0.022426 0.063158
0 0.476555 0.355263 0.023445 0.068421
0 0.212029 0.414474 0.022426 0.065789
0 0.747197 0.343421 0.020387 0.055263
0 0.561162 0.388158 0.021407 0.071053
0 0.513761 0.243421 0.016310 0.055263
0 0.668705 0.350000 0.020387 0.057895
0 0.170234 0.397368 0.018349 0.057895
0 0.945464 0.223684 0.013252 0.057895
0 0.822120 0.192105 0.017329 0.052632
0 0.603976 0.396053 0.021407 0.065789
0 0.568807 0.325000 0.020387 0.060526
0 0.280326 0.396053 0.020387 0.050000
0 0.638634 0.313158 0.019368 0.063158
0 0.671254 0.203947 0.015291 0.050000
0 0.493374 0.093421 0.012232 0.039474
0 0.867482 0.173684 0.016310 0.047368
0 0.402650 0.123684 0.012232 0.036842
0 0.778797 0.094737 0.012232 0.042105
0 0.580020 0.265789 0.016310 0.052632
0 0.179409 0.089474 0.012232 0.036842
0 0.616718 0.180263 0.014271 0.044737
0 0.520897 0.107895 0.012232 0.036842
0 0.353211 0.080263 0.011213 0.034211
0 0.597859 0.206579 0.015291 0.044737
0 0.905199 0.097368 0.012232 0.036842
0 0.392966 0.034211 0.011213 0.031579
0 0.613660 0.139474 0.014271 0.036842
0 0.140163 0.189474 0.017329 0.052632
0 0.057085 0.202632 0.014271 0.047368
0 0.139653 0.080263 0.012232 0.039474
0 0.232926 0.161842 0.013252 0.044737
0 0.164628 0.072368 0.013252 0.039474
0 0.447503 0.063158 0.012232 0.036842
0 0.547401 0.027632 0.012232 0.034211
0 0.522936 0.071053 0.012232 0.036842
0 0.417431 0.034211 0.011213 0.031579
0 0.281346 0.227632 0.018349 0.050000
0 0.577982 0.036842 0.010194 0.031579
0 0.636595 0.100000 0.013252 0.042105
0 0.380224 0.034211 0.012232 0.031579
0 0.103976 0.060526 0.012232 0.036842
0 0.472477 0.021053 0.011213 0.031579
0 0.004587 0.169737 0.007136 0.050000
0 0.752803 0.076316 0.009174 0.031579
0 0.992355 0.051316 0.011213 0.039474
0 0.070336 0.088158 0.012232 0.034211
0 0.114679 0.055263 0.009174 0.031579
0 0.606014 0.048684 0.011213 0.034211
0 0.005607 0.121053 0.009174 0.042105
0 0.433741 0.707895 0.027523 0.089474
0 0.296636 0.177632 0.018349 0.039474
0 0.251784 0.042105 0.012232 0.036842
0 0.276758 0.035526 0.011213 0.034211
0 0.548420 0.055263 0.010194 0.031579
0 0.659021 0.013158 0.011213 0.021053
0 0.706422 0.315789 0.022426 0.073684
0 0.767074 0.472368 0.027523 0.071053
0 0.843527 0.043421 0.011213 0.034211
0 0.876656 0.019737 0.012232 0.034211
0 0.877676 0.103947 0.016310 0.044737
