0 0.929664 0.755263 0.028542 0.094737
0 0.839959 0.389474 0.018349 0.063158
0 0.361876 0.353947 0.018349 0.060526
0 0.300204 0.492105 0.019368 0.068421
0 0.540775 0.482895 0.025484 0.076316
0 0.530581 0.378947 0.019368 0.063158
0 0.420999 0.342105 0.020387 0.052632
0 0.517839 0.284211 0.018349 0.052632
0 0.422528 0.246053 0.017329 0.050000
0 0.132518 0.369737 0.018349 0.060526
0 0.417431 0.407895 0.025484 0.073684
0 0.747706 0.464474 0.025484 0.055263
0 0.475535 0.268421 0.015291 0.047368
0 0.869521 0.275000 0.016310 0.050000
0 0.046891 0.203947 0.014271 0.044737
0 0.435780 0.453947 0.019368 0.065789
0 0.093782 0.182895 0.016310 0.050000
0 0.064730 0.200000 0.015291 0.042105
0 0.739551 0.309211 0.019368 0.055263
0 0.645260 0.346053 0.016310 0.060526
0 0.586646 0.247368 0.017329 0.052632
0 0.377166 0.675000 0.026504 0.092105
0 0.645770 0.584211 0.025484 0.073684
0 0.788481 0.335526 0.017329 0.055263
0 0.981142 0.023684 0.013252 0.042105
0 0.797146 0.076316 0.014271 0.042105
0 0.005607 0.253947 0.009174 0.044737
0 0.698777 0.305263 0.017329 0.063158
0 0.564730 0.447368 0.020387 0.057895
0 0.342508 0.494737 0.022426 0.073684
0 0.122834 0.175000 0.015291 0.044737
0 0.352192 0.076316 0.011213 0.036842
0 0.222222 0.159211 0.016310 0.055263
0 0.818043 0.036842 0.015291 0.042105
0 0.578491 0.032895 0.011213 0.039474
0 0.993374 0.326316 0.013252 0.057895
0 0.921509 0.022368 0.012232 0.039474
0 0.402650 0.061842 0.012232 0.034211
0 0.958206 0.353947 0.020387 0.060526
0 0.444954 0.165789 0.015291 0.047368
0 0.495923 0.177632 0.015291 0.050000
0 0.777268 0.371053 0.017329 0.057895
0 0.138634 0.046053 0.014271 0.039474
0 0.773700 0.090789 0.012232 0.039474
0 0.771152 0.021053 0.013252 0.036842
0 0.637105 0.284211 0.016310 0.052632
0 0.348624 0.165789 0.016310 0.047368
0 0.400102 0.469737 0.021407 0.060526
0 0.325688 0.172368 0.015291 0.044737
0 0.720183 0.080263 0.015291 0.044737
0 0.920489 0.168421 0.016310 0.047368
0 0.498471 0.476316 0.022426 0.063158
0 0.963812 0.036842 0.015291 0.042105
0 0.721203 0.217105 0.017329 0.044737
0 0.742610 0.105263 0.013252 0.042105
0 0.237003 0.464474 0.019368 0.065789
0 0.517839 0.051316 0.012232 0.034211
0 0.660550 0.548684 0.030581 0.081579
0 0.474006 0.032895 0.014271 0.039474
0 0.622834 0.034211 0.014271 0.036842
0 0.506626 0.177632 0.014271 0.044737
0 0.479613 0.186842 0.015291 0.042105
0 0.153925 0.042105 0.010194 0.031579
0 0.023445 0.573684 0.022426 0.084211
0 0.614679 0.092105 0.014271 0.042105
0 0.674822 0.218421 0.016310 0.057895
0 0.882263 0.003947 0.013252 0.002632
0 0.599898 0.381579 0.021407 0.068421
0 0.435780 0.097368 0.015291 0.042105
0 0.664628 0.022368 0.010194 0.034211
0 0.194190 0.472368 0.019368 0.060526
0 0.432722 0.159211 0.015291 0.050000
0 0.386340 0.105263 0.012232 0.036842
0 0.981142 0.090789 0.013252 0.039474
0 0.398573 0.146053 0.014271 0.044737
0 0.601427 0.327632 0.020387 0.055263
0 0.935780 0.019737 0.012232 0.034211
0 0.603976 0.052632 0.013252 0.042105
0 0.407238 0.202632 0.015291 0.047368
0 0.307849 0.643421 0.028542 0.076316
0 0.291539 0.576316 0.026504 0.073684
0 0.084608 0.480263 0.018349 0.071053
0 0.053517 0.561842 0.033639 0.076316
0 0.063710 0.488158 0.021407 0.060526
0 0.472987 0.872368 0.028542 0.102632
0 0.499490 0.832895 0.032620 0.113158
0 0.656473 0.725000 0.028542 0.092105
0 0.821611 0.757895 0.040775 0.110526
0 0.852192 0.018421 0.014271 0.031579
0 0.909276 0.022368 0.014271 0.039474
0 0.732926 0.551316 0.016310 0.071053
0 0.804791 0.488158 0.023445 0.060526
0 0.536188 0.282895 0.018349 0.055263
0 0.540775 0.228947 0.015291 0.042105
0 0.638634 0.089474 0.011213 0.036842
0 0.640163 0.052632 0.014271 0.036842
0 0.656473 0.075000 0.016310 0.034211
0 0.682467 0.051316 0.015291 0.039474
0 0.436290 0.057895 0.012232 0.036842
0 0.461264 0.080263 0.011213 0.034211
0 0.501019 0.040789 0.017329 0.039474
0 0.416922 0.556579 0.026504 0.092105
0 0.141182 0.443421 0.021407 0.065789
0 0.125382 0.571053 0.024465 0.073684
0 0.195719 0.596053 0.030581 0.076316
0 0.200306 0.036842 0.013252 0.036842
0 0.217635 0.019737 0.009174 0.034211
0 0.597859 0.571053 0.027523 0.073684
0 0.730377 0.700000 0.033639 0.089474
