0 0.154147 0.835076 0.0600545 0.174748
0 0.426418 0.679363 0.0478991 0.149609
0 0.626285 0.705545 0.0456815 0.159415
0 0.539148 0.574532 0.0480634 0.140559
0 0.505699 0.3014 0.0245457 0.0781587
0 0.753487 0.769929 0.0419588 0.155799
0 0.483503 0.933331 0.0547302 0.133337
0 0.29404 0.604821 0.0420656 0.145439
0 0.544281 0.932465 0.067563 0.13507
0 0.868046 0.353229 0.0296226 0.0936761
0 0.546289 0.40062 0.0308519 0.104868
0 0.236312 0.916192 0.0653356 0.167616
0 0.220857 0.522671 0.0375411 0.116679
0 0.941575 0.489473 0.0293507 0.100888
0 0.928436 0.652602 0.0458923 0.135717
0 0.256719 0.239669 0.0215964 0.0652238
0 0.958994 0.318473 0.0233784 0.0791741
0 0.795526 0.413173 0.0258698 0.0980272
0 0.594122 0.253067 0.023186 0.0704157
0 0.0189467 0.705945 0.0378934 0.152992
0 0.330872 0.916375 0.0621883 0.151419
0 0.795907 0.125914 0.0146122 0.0472446
0 0.962432 0.1647 0.0195244 0.0668279
0 0.800869 0.264755 0.0203931 0.0677844
0 0.757756 0.515001 0.0249063 0.0848528
0 0.892854 0.216354 0.0206287 0.0637479
0 0.148782 0.225409 0.020219 0.060117
0 0.935252 0.261311 0.0208236 0.0554003
0 0.664543 0.234287 0.0207651 0.061925
0 0.265627 0.137107 0.0179244 0.0533259
0 0.572544 0.238264 0.0178794 0.0658885
0 0.305985 0.155889 0.0178332 0.0529609
0 0.101585 0.545828 0.0304261 0.0961078
0 0.270261 0.743535 0.0458199 0.124961
0 0.952412 0.405656 0.024572 0.0755198
0 0.920433 0.167299 0.015337 0.0502319
0 0.528595 0.151505 0.0157579 0.0479863
0 0.441301 0.129726 0.0143044 0.0470452
0 0.991144 0.132073 0.014893 0.0481014
0 0.614706 0.152041 0.0163439 0.0490377
0 0.513087 0.163767 0.0165988 0.0443473
0 0.712464 0.242444 0.018976 0.0609136
0 0.0320129 0.0667778 0.0132355 0.0448624
0 0.547462 0.0942201 0.0159708 0.0487053
0 0.172337 0.130652 0.016444 0.0461268
0 0.199839 0.1611 0.0149666 0.0502999
0 0.993426 0.603567 0.0128655 0.126897
0 0.646186 0.0853641 0.0141613 0.0423255
0 0.172313 0.18827 0.0215305 0.0637743
0 0.769575 0.248831 0.0184542 0.0623057
0 0.348017 0.15696 0.0153156 0.0529719
0 0.297774 0.0849598 0.0137868 0.0389046
0 0.227966 0.0747958 0.0160672 0.0425242
0 0.419636 0.144097 0.0172422 0.0503999
0 0.974102 0.276692 0.0186801 0.0619903
0 0.381295 0.968529 0.0635696 0.062942
0 0.845099 0.113805 0.0139284 0.0449551
0 0.367364 0.103332 0.0135922 0.0479838
0 0.040451 0.191441 0.0191813 0.0668304
0 0.386491 0.143959 0.0186958 0.0528534
0 0.0651063 0.0984966 0.0131594 0.042455
0 0.903154 0.0859181 0.013623 0.0424124
0 0.0890454 0.114499 0.0130025 0.0474314
0 0.0887053 0.896192 0.048342 0.183845
0 0.686183 0.0299118 0.0127107 0.0429947
0 0.527732 0.073082 0.0128395 0.041722
0 0.0781048 0.0482898 0.0118207 0.0380622
0 0.127889 0.139594 0.0122804 0.0417392
0 0.396136 0.101948 0.0136095 0.039812
0 0.628988 0.138717 0.0134859 0.0477822
0 0.466557 0.085821 0.0130705 0.0368305
0 0.0608687 0.147076 0.0136707 0.0425905
0 0.00542328 0.0431391 0.0108466 0.0515852
0 0.743904 0.118346 0.0140339 0.0393678
0 0.697793 0.0996422 0.0135033 0.0401802
0 0.932556 0.103511 0.0133041 0.0397696
0 0.106916 0.0936467 0.0119526 0.0362109
0 0.589343 0.177856 0.0142407 0.0460944
0 0.505703 0.097272 0.0129049 0.0405156
0 0.564428 0.0565353 0.0121513 0.0392391
0 0.0950569 0.204167 0.0204084 0.070112
0 0.885435 0.0820384 0.0151051 0.0483385
0 0.485086 0.150963 0.0128059 0.0416514
0 0.543067 0.246957 0.0183287 0.0629238
0 0.721715 0.10161 0.0119954 0.0358211
0 0.94368 0.792478 0.0497761 0.155644
0 0.0127952 0.546958 0.025347 0.0926982
0 0.683915 0.931753 0.0561011 0.136493
0 0.266152 0.0790583 0.0150566 0.0450842
0 0.339754 0.112358 0.0143347 0.0438446
0 0.0657359 0.222556 0.0176055 0.0551936
0 0.575567 0.121914 0.0135441 0.0429437
0 0.599128 0.128283 0.0129279 0.040226
0 0.325541 0.106447 0.0139561 0.0450983
0 0.750004 0.167117 0.0147047 0.0461451
0 0.337056 0.276196 0.023157 0.06392
0 0.409402 0.112264 0.0113827 0.0382785
0 0.0466981 0.0418386 0.0108412 0.0365171
0 0.00518148 0.166115 0.010363 0.0463179
0 0.25201 0.0770858 0.0131682 0.0413474
0 0.581246 0.0461234 0.0095129 0.0323538
0 0.287 0.0622951 0.0126879 0.0369268
0 0.783434 0.112793 0.0122284 0.0413725
0 0.359363 0.070361 0.0128778 0.0408007
0 0.322013 0.0379008 0.0119816 0.035736
0 0.606514 0.088196 0.017239 0.0425132
0 0.031122 0.302646 0.0222317 0.0805946
0 0.103541 0.308974 0.0173002 0.0836506
0 0.444626 0.0832185 0.0125946 0.0371063
0 0.377089 0.0752699 0.0118092 0.0354245
0 0.00935078 0.22288 0.018567 0.0576434
0 0.783917 0.0723531 0.0129834 0.0364416
0 0.731303 0.0304087 0.0122254 0.039672
0 0.796691 0.0636382 0.0106645 0.0315668
0 0.519075 0.0532829 0.011079 0.0398262
0 0.189703 0.104917 0.013215 0.0420895
0 0.430147 0.0995822 0.0129533 0.0369082
0 0.59638 0.0707675 0.0103715 0.0290592
0 0.204504 0.0610234 0.0108634 0.0335363
0 0.628121 0.0930636 0.013969 0.0392042
0 0.40275 0.0337068 0.011769 0.0347972
0 0.154906 0.0330784 0.0120417 0.033527
