0 0.839959 0.792500 0.044852 0.170000
0 0.741081 0.936250 0.050968 0.127500
0 0.651886 0.512500 0.039755 0.125000
0 0.689602 0.688750 0.039755 0.117500
0 0.486239 0.668750 0.034659 0.117500
0 0.600408 0.610000 0.034659 0.110000
0 0.423038 0.681250 0.038736 0.127500
0 0.321611 0.590000 0.035678 0.110000
0 0.758410 0.528750 0.034659 0.112500
0 0.801733 0.535000 0.033639 0.110000
0 0.219164 0.890000 0.046891 0.150000
0 0.218145 0.307500 0.024465 0.070000
0 0.280326 0.537500 0.032620 0.105000
0 0.846075 0.468750 0.028542 0.092500
0 0.948012 0.853750 0.055046 0.172500
0 0.286442 0.888750 0.048930 0.157500
0 0.580530 0.540000 0.035678 0.105000
0 0.127931 0.428750 0.027523 0.082500
0 0.083588 0.371250 0.032620 0.097500
0 0.381753 0.580000 0.031600 0.110000
0 0.272171 0.375000 0.026504 0.080000
0 0.504587 0.541250 0.032620 0.107500
0 0.963303 0.525000 0.034659 0.105000
0 0.697757 0.120000 0.015291 0.045000
0 0.820591 0.178750 0.018349 0.052500
0 0.548930 0.468750 0.025484 0.087500
0 0.628950 0.201250 0.016310 0.052500
0 0.671764 0.288750 0.020387 0.057500
0 0.985219 0.388750 0.029562 0.087500
0 0.772171 0.408750 0.023445 0.072500
0 0.681448 0.362500 0.029562 0.085000
0 0.293578 0.221250 0.022426 0.072500
0 0.247197 0.222500 0.019368 0.055000
0 0.054536 0.140000 0.013252 0.045000
0 0.764526 0.296250 0.022426 0.067500
0 0.280836 0.163750 0.019368 0.057500
0 0.465341 0.223750 0.019368 0.067500
0 0.772681 0.200000 0.018349 0.050000
0 0.122834 0.127500 0.013252 0.035000
0 0.191641 0.087500 0.014271 0.045000
0 0.646789 0.101250 0.013252 0.037500
0 0.142202 0.126250 0.017329 0.047500
0 0.384302 0.248750 0.018349 0.057500
0 0.171254 0.132500 0.016310 0.045000
0 0.624873 0.477500 0.018349 0.075000
0 0.943425 0.115000 0.015291 0.040000
0 0.440367 0.235000 0.018349 0.060000
0 0.091233 0.161250 0.015291 0.052500
0 0.562181 0.180000 0.017329 0.050000
0 0.399592 0.320000 0.024465 0.070000
0 0.172273 0.201250 0.016310 0.052500
0 0.432722 0.166250 0.017329 0.052500
0 0.392457 0.976250 0.059123 0.047500
0 0.240061 0.188750 0.017329 0.042500
0 0.226300 0.078750 0.014271 0.042500
0 0.188073 0.172500 0.015291 0.050000
0 0.760958 0.107500 0.013252 0.040000
0 0.847095 0.143750 0.014271 0.037500
0 0.028033 0.551250 0.043833 0.137500
0 0.380734 0.155000 0.013252 0.045000
0 0.573904 0.097500 0.012232 0.040000
0 0.023955 0.203750 0.019368 0.057500
0 0.469929 0.128750 0.014271 0.047500
0 0.843017 0.196250 0.016310 0.052500
0 0.135576 0.190000 0.018349 0.045000
0 0.369011 0.195000 0.014271 0.045000
0 0.545872 0.185000 0.015291 0.045000
0 0.646789 0.188750 0.013252 0.042500
0 0.919980 0.157500 0.021407 0.045000
0 0.858308 0.108750 0.014271 0.037500
0 0.017329 0.115000 0.012232 0.040000
0 0.626911 0.098750 0.012232 0.032500
0 0.332824 0.227500 0.021407 0.060000
0 0.988787 0.213750 0.018349 0.057500
0 0.506116 0.161250 0.015291 0.042500
0 0.313456 0.168750 0.015291 0.042500
0 0.526504 0.132500 0.015291 0.045000
0 0.026504 0.093750 0.012232 0.037500
0 0.886850 0.110000 0.014271 0.040000
0 0.213558 0.152500 0.013252 0.045000
0 0.593782 0.151250 0.013252 0.047500
0 0.419980 0.138750 0.012232 0.042500
0 0.983690 0.160000 0.018349 0.050000
0 0.547910 0.125000 0.015291 0.040000
0 0.334353 0.113750 0.014271 0.042500
0 0.514781 0.198750 0.014271 0.042500
0 0.170234 0.288750 0.020387 0.052500
0 0.395005 0.202500 0.015291 0.045000
0 0.464832 0.091250 0.014271 0.037500
0 0.251274 0.112500 0.013252 0.045000
0 0.402141 0.227500 0.017329 0.060000
0 0.265036 0.162500 0.012232 0.040000
0 0.380224 0.105000 0.014271 0.040000
0 0.069317 0.098750 0.012232 0.032500
0 0.485219 0.222500 0.018349 0.055000
0 0.295617 0.095000 0.014271 0.040000
0 0.826707 0.098750 0.012232 0.032500
0 0.373089 0.098750 0.012232 0.037500
0 0.144241 0.382500 0.029562 0.075000
0 0.540265 0.063750 0.010194 0.027500
0 0.505097 0.130000 0.013252 0.035000
0 0.925586 0.456250 0.032620 0.102500
0 0.065240 0.182500 0.014271 0.035000
0 0.370540 0.061250 0.013252 0.027500
0 0.624363 0.132500 0.011213 0.035000
0 0.898573 0.892500 0.043833 0.145000
