0 0.233298 0.697857 0.0521052 0.165587
0 0.310876 0.481072 0.030859 0.106235
0 0.959688 0.553427 0.0332283 0.12693
0 0.644748 0.515081 0.0351526 0.121982
0 0.293312 0.396331 0.0255412 0.0876469
0 0.399215 0.586988 0.0321119 0.107948
0 0.226112 0.542003 0.0337348 0.0943333
0 0.240612 0.363191 0.0274299 0.0904727
0 0.499437 0.374689 0.0268942 0.0840363
0 0.807797 0.403539 0.0318399 0.103949
0 0.0257542 0.539182 0.0363027 0.130823
0 0.505185 0.577196 0.0297738 0.0985098
0 0.474334 0.689088 0.0352589 0.120394
0 0.521194 0.474885 0.0285834 0.100913
0 0.699438 0.45637 0.0277085 0.0919667
0 0.240573 0.189614 0.0176422 0.0588624
0 0.907381 0.360504 0.0265545 0.0980412
0 0.390052 0.261108 0.0214765 0.0595176
0 0.479919 0.294689 0.0224123 0.0695359
0 0.411691 0.448556 0.0225959 0.091009
0 0.109195 0.646865 0.049284 0.14405
0 0.504772 0.696551 0.0277012 0.109509
0 0.629944 0.210485 0.0200577 0.0679379
0 0.719639 0.395923 0.0266462 0.0904186
0 0.46048 0.278179 0.018024 0.0711227
0 0.602816 0.227328 0.0202678 0.0662994
0 0.964963 0.292656 0.0201969 0.0640533
0 0.948672 0.215295 0.0220806 0.0633108
0 0.429046 0.322388 0.0231114 0.0724619
0 0.337969 0.290507 0.0248985 0.0752905
0 0.768813 0.239306 0.0226724 0.0730884
0 0.401303 0.372992 0.0246659 0.0853396
0 0.271335 0.293073 0.0220033 0.071985
0 0.824542 0.258651 0.019175 0.0693677
0 0.382885 0.525469 0.0243334 0.0931221
0 0.470874 0.144341 0.0171928 0.0547594
0 0.597772 0.152274 0.0160976 0.0521037
0 0.067055 0.144839 0.0170154 0.0526574
0 0.860448 0.169728 0.0171147 0.0545823
0 0.211295 0.202841 0.0165607 0.0618452
0 0.182671 0.164643 0.0160723 0.0637333
0 0.0548876 0.367951 0.0258515 0.0819197
0 0.542939 0.174157 0.0174682 0.0567715
0 0.822728 0.159047 0.016639 0.054849
0 0.389922 0.169064 0.0175905 0.053522
0 0.676387 0.308907 0.0197752 0.078144
0 0.679048 0.134413 0.0147299 0.0497394
0 0.116475 0.267436 0.0201181 0.0699853
0 0.0333179 0.10472 0.0151531 0.0454336
0 0.489548 0.042955 0.0130428 0.0409689
0 0.978063 0.139844 0.0157282 0.0494391
0 0.148942 0.150615 0.0171045 0.0580787
0 0.106161 0.0894034 0.0152862 0.0462387
0 0.0482924 0.161873 0.0174665 0.0643945
0 0.430539 0.133948 0.0141476 0.0448891
0 0.543696 0.0610239 0.0157621 0.0506145
0 0.896172 0.104228 0.0153547 0.0458367
0 0.43811 0.218119 0.0188259 0.055081
0 0.509383 0.0720155 0.0138536 0.0448196
0 0.275115 0.105285 0.0162622 0.0527446
0 0.102751 0.213005 0.0197699 0.0645936
0 0.332403 0.135846 0.0144399 0.0442882
0 0.245932 0.0872371 0.0138557 0.0479982
0 0.295118 0.0785433 0.0140959 0.0456046
0 0.745939 0.251998 0.0161188 0.0611489
0 0.065249 0.461289 0.03474 0.0982545
0 0.0708858 0.0526865 0.0120317 0.040288
0 0.775849 0.132509 0.0160962 0.0509526
0 0.697137 0.147832 0.0160396 0.0532622
0 0.520377 0.105074 0.0135885 0.0466267
0 0.71729 0.115526 0.0139341 0.0431213
0 0.855511 0.102217 0.0137659 0.0442285
0 0.155292 0.0849769 0.0136635 0.0421938
0 0.698924 0.0881082 0.0127095 0.0421193
0 0.0803155 0.177257 0.0159462 0.0560234
0 0.449894 0.136288 0.0149166 0.0515918
0 0.7191 0.042343 0.0117456 0.0384614
0 0.746019 0.979384 0.0578491 0.041231
0 0.746084 0.0762718 0.01299 0.0421934
0 0.595271 0.096274 0.012188 0.0438718
0 0.23132 0.0911994 0.0164922 0.0522391
0 0.134014 0.491797 0.0386614 0.127646
0 0.75937 0.044376 0.0104328 0.0360709
0 0.62666 0.064541 0.0155193 0.043293
0 0.00609474 0.10457 0.0119645 0.0435668
0 0.818013 0.0712716 0.0123185 0.0353875
0 0.397341 0.0856503 0.0128657 0.0419036
0 0.623333 0.136284 0.0146582 0.0475302
0 0.258526 0.0575389 0.0129745 0.0444888
0 0.0808126 0.122032 0.014057 0.0434784
0 0.318079 0.0392034 0.0124968 0.0375802
0 0.325315 0.186498 0.017871 0.0538391
0 0.557843 0.130136 0.0149315 0.0501081
0 0.316088 0.276187 0.0195859 0.0740348
0 0.446919 0.0831601 0.01143 0.039024
0 0.194178 0.0736953 0.0134766 0.0374188
0 0.6674 0.0830525 0.0130916 0.038946
0 0.127192 0.0300336 0.011735 0.0290139
0 0.190677 0.115212 0.0138917 0.0435493
0 0.372011 0.114515 0.0138031 0.0473958
0 0.407099 0.124492 0.0146887 0.0434177
0 0.357535 0.0532792 0.0120855 0.035967
0 0.370141 0.0729059 0.0124325 0.0382703
0 0.779371 0.0773562 0.0127282 0.035939
0 0.377129 0.0431748 0.0111406 0.0338986
0 0.24636 0.0273082 0.0123744 0.0366868
0 0.42448 0.181673 0.0144135 0.0512561
0 0.291256 0.0398671 0.0116956 0.0334682
0 0.70778 0.0246558 0.0111799 0.0330344
0 0.60813 0.0659927 0.013293 0.0374133
0 0.146795 0.412496 0.0307398 0.0750843
0 0.643877 0.0667351 0.0126047 0.0342688
0 0.0867358 0.0450482 0.0143408 0.0432385
0 0.30748 0.0814547 0.0121553 0.0415447
0 0.102303 0.0527954 0.0117742 0.030918
0 0.207411 0.0859193 0.0122368 0.0383976
0 0.143426 0.377411 0.0320806 0.0754929
0 0.475838 0.379332 0.0179638 0.0743425
0 0.995102 0.164763 0.00979555 0.0452801
