0 0.816004 0.382895 0.021407 0.065789
0 0.547910 0.469737 0.023445 0.071053
0 0.261468 0.617105 0.039755 0.097368
0 0.490316 0.317105 0.020387 0.060526
0 0.279307 0.293421 0.018349 0.055263
0 0.531091 0.315789 0.016310 0.052632
0 0.269623 0.189474 0.019368 0.052632
0 0.307339 0.217105 0.015291 0.050000
0 0.425076 0.325000 0.018349 0.055263
0 0.951070 0.323684 0.020387 0.063158
0 0.110092 0.352632 0.018349 0.057895
0 0.633537 0.257895 0.015291 0.047368
0 0.405708 0.561842 0.034659 0.092105
0 0.150866 0.436842 0.022426 0.068421
0 0.260449 0.263158 0.015291 0.047368
0 0.273700 0.525000 0.033639 0.086842
0 0.453619 0.231579 0.014271 0.042105
0 0.150357 0.318421 0.017329 0.052632
0 0.333333 0.264474 0.016310 0.055263
0 0.311927 0.339474 0.016310 0.057895
0 0.217125 0.407895 0.016310 0.063158
0 0.041794 0.219737 0.014271 0.044737
0 0.418451 0.227632 0.015291 0.044737
0 0.381244 0.260526 0.016310 0.052632
0 0.663099 0.394737 0.021407 0.068421
0 0.362895 0.361842 0.022426 0.055263
0 0.408257 0.369737 0.017329 0.055263
0 0.096840 0.219737 0.014271 0.050000
0 0.223751 0.207895 0.015291 0.052632
0 0.567788 0.244737 0.016310 0.052632
0 0.613660 0.367105 0.018349 0.050000
0 0.505097 0.196053 0.015291 0.055263
0 0.251784 0.378947 0.020387 0.068421
0 0.826198 0.465789 0.029562 0.078947
0 0.466361 0.157895 0.013252 0.047368
0 0.321611 0.092105 0.013252 0.036842
0 0.703874 0.385526 0.021407 0.071053
0 0.138634 0.135526 0.014271 0.039474
0 0.784913 0.517105 0.026504 0.086842
0 0.991845 0.048684 0.012232 0.039474
0 0.650866 0.346053 0.017329 0.055263
0 0.674822 0.247368 0.016310 0.052632
0 0.189093 0.432895 0.019368 0.065789
0 0.615698 0.205263 0.018349 0.047368
0 0.401121 0.319737 0.019368 0.055263
0 0.595821 0.402632 0.023445 0.068421
0 0.569317 0.159211 0.015291 0.039474
0 0.213558 0.165789 0.015291 0.042105
0 0.660550 0.202632 0.016310 0.047368
0 0.110092 0.189474 0.012232 0.042105
0 0.454128 0.040789 0.015291 0.039474
0 0.870031 0.051316 0.013252 0.039474
0 0.167686 0.040789 0.011213 0.034211
0 0.505097 0.151316 0.015291 0.039474
0 0.907747 0.053947 0.013252 0.044737
0 0.228338 0.044737 0.010194 0.031579
0 0.740571 0.064474 0.011213 0.034211
0 0.274210 0.371053 0.020387 0.057895
0 0.436799 0.275000 0.015291 0.044737
0 0.460754 0.584211 0.028542 0.094737
0 0.518349 0.160526 0.011213 0.042105
0 0.337411 0.535526 0.024465 0.076316
0 0.067278 0.264474 0.016310 0.050000
0 0.730887 0.431579 0.020387 0.063158
0 0.197757 0.318421 0.018349 0.047368
0 0.690112 0.163158 0.012232 0.031579
0 0.553007 0.042105 0.011213 0.031579
0 0.726809 0.107895 0.014271 0.042105
0 0.834862 0.052632 0.012232 0.036842
0 0.399592 0.176316 0.012232 0.042105
0 0.677880 0.075000 0.010194 0.034211
0 0.149847 0.369737 0.018349 0.044737
0 0.204893 0.082895 0.012232 0.034211
0 0.488277 0.093421 0.012232 0.039474
0 0.572885 0.043421 0.010194 0.034211
0 0.192661 0.300000 0.016310 0.047368
0 0.596840 0.111842 0.013252 0.039474
0 0.506626 0.109211 0.014271 0.034211
0 0.454638 0.122368 0.014271 0.044737
0 0.036697 0.139474 0.012232 0.036842
0 0.770642 0.034211 0.012232 0.031579
0 0.523445 0.022368 0.013252 0.034211
0 0.748216 0.034211 0.010194 0.031579
0 0.691131 0.015789 0.010194 0.026316
0 0.540265 0.101316 0.012232 0.034211
0 0.638634 0.143421 0.013252 0.039474
0 0.856779 0.109211 0.013252 0.039474
0 0.092762 0.538158 0.026504 0.076316
0 0.017329 0.759211 0.030581 0.123684
0 0.089704 0.140789 0.014271 0.039474
0 0.101427 0.044737 0.013252 0.031579
0 0.136086 0.047368 0.013252 0.026316
0 0.190622 0.028947 0.014271 0.042105
0 0.076453 0.223684 0.016310 0.042105
0 0.373598 0.218421 0.017329 0.042105
0 0.393476 0.031579 0.010194 0.031579
0 0.436290 0.165789 0.018349 0.047368
0 0.410805 0.057895 0.016310 0.047368
0 0.506116 0.692105 0.031600 0.078947
0 0.523445 0.601316 0.027523 0.086842
0 0.613150 0.481579 0.025484 0.089474
0 0.483690 0.042105 0.011213 0.042105
0 0.601427 0.025000 0.014271 0.044737
0 0.584608 0.021053 0.011213 0.031579
0 0.376147 0.111842 0.018349 0.050000
0 0.696738 0.126316 0.017329 0.052632
0 0.658002 0.115789 0.015291 0.052632
0 0.615698 0.053947 0.012232 0.034211
0 0.667686 0.014474 0.014271 0.023684
0 0.711009 0.086842 0.011213 0.047368
0 0.692151 0.051316 0.014271 0.034211
0 0.723751 0.515789 0.028542 0.078947
0 0.889908 0.164474 0.014271 0.034211
0 0.907238 0.765789 0.028542 0.094737
0 0.253313 0.869737 0.025484 0.086842
0 0.276758 0.010526 0.013252 0.015789
0 0.655454 0.550000 0.032620 0.105263
0 0.640673 0.047368 0.015291 0.036842
0 0.638634 0.018421 0.015291 0.031579
0 0.623344 0.013158 0.013252 0.021053
0 0.569827 0.078947 0.014271 0.036842
