0 0.781536 0.636649 0.0520891 0.147857
0 0.859796 0.919547 0.0544409 0.160906
0 0.912052 0.797696 0.0505528 0.153941
0 0.279182 0.761328 0.0436372 0.149699
0 0.77974 0.84618 0.0508755 0.162553
0 0.21858 0.754946 0.0402523 0.143125
0 0.102574 0.585447 0.0480889 0.138412
0 0.0774563 0.427705 0.0347718 0.108619
0 0.902578 0.651131 0.0407215 0.122792
0 0.247791 0.52658 0.0412389 0.123894
0 0.905956 0.380079 0.024847 0.0894898
0 0.832748 0.420648 0.0268967 0.0840654
0 0.128598 0.398058 0.0318798 0.0995993
0 0.750377 0.357521 0.0260302 0.0852821
0 0.266001 0.235379 0.0241295 0.0781479
0 0.0165877 0.382465 0.0316487 0.10811
0 0.204152 0.514622 0.0349887 0.109203
0 0.768154 0.253794 0.0212962 0.071519
0 0.9371 0.474967 0.028664 0.098337
0 0.648499 0.331188 0.0247342 0.0852134
0 0.237764 0.429316 0.0328361 0.0938169
0 0.514539 0.199474 0.020256 0.068363
0 0.722341 0.267745 0.0188215 0.0671416
0 0.56083 0.247418 0.0222696 0.0742739
0 0.408253 0.271636 0.0246424 0.0789721
0 0.300268 0.249082 0.0242578 0.0804955
0 0.468646 0.218443 0.0188873 0.0563917
0 0.645411 0.217428 0.0174017 0.0625879
0 0.99054 0.46355 0.0189206 0.088668
0 0.35982 0.253825 0.0209686 0.0745827
0 0.071517 0.213041 0.0199855 0.0680015
0 0.448405 0.163292 0.0192446 0.0690028
0 0.606418 0.318904 0.0251032 0.0841661
0 0.906647 0.50025 0.0325309 0.0924987
0 0.620493 0.156449 0.0169401 0.0634879
0 0.793287 0.245333 0.0195841 0.0603812
0 0.870289 0.245352 0.0192436 0.0656005
0 0.468606 0.153608 0.0170784 0.0577133
0 0.262947 0.145416 0.0163734 0.0523912
0 0.373241 0.150668 0.0184645 0.0588487
0 0.600677 0.257279 0.0203013 0.0571253
0 0.271491 0.0881203 0.0158934 0.0504854
0 0.510661 0.125812 0.0168272 0.0531493
0 0.237962 0.30792 0.0286265 0.0743778
0 0.414907 0.114038 0.0172758 0.0570501
0 0.949144 0.15281 0.016308 0.0553594
0 0.592713 0.141284 0.016225 0.056496
0 0.542242 0.127146 0.0148153 0.0475502
0 0.140766 0.192584 0.0214286 0.0679857
0 0.689171 0.123114 0.015042 0.0512339
0 0.988739 0.151256 0.0180453 0.0531323
0 0.227762 0.192868 0.0189746 0.0663783
0 0.719682 0.157337 0.0149147 0.0526014
0 0.425692 0.226814 0.0188524 0.0552485
0 0.405089 0.186851 0.0210398 0.0661869
0 0.182087 0.258111 0.0191828 0.0628898
0 0.348953 0.143531 0.0145887 0.045073
0 0.841742 0.208266 0.0163191 0.0585619
0 0.576823 0.0740103 0.016538 0.0527223
0 0.0268085 0.196909 0.0184442 0.0620282
0 0.749726 0.13417 0.0158668 0.0490059
0 0.699859 0.296621 0.0240759 0.0783152
0 0.497234 0.205023 0.0161533 0.0560214
0 0.168591 0.0900786 0.0142147 0.0430195
0 0.386546 0.0952179 0.0136064 0.0467493
0 0.344503 0.239247 0.0148601 0.0620591
0 0.184857 0.0430993 0.0132104 0.0380468
0 0.154552 0.249776 0.0184417 0.0661951
0 0.310013 0.119476 0.013214 0.0454035
0 0.2004 0.193242 0.0181884 0.0616566
0 0.664519 0.146963 0.01871 0.0572923
0 0.303281 0.190219 0.0177069 0.0493829
0 0.0441521 0.06392 0.013939 0.0431734
0 0.81687 0.11042 0.013442 0.0403894
0 0.72223 0.955416 0.0420581 0.0891689
0 0.345641 0.0581786 0.013071 0.0393981
0 0.00616717 0.130935 0.0122626 0.0485617
0 0.110254 0.111928 0.013758 0.0488432
0 0.887035 0.22485 0.0158235 0.0621443
0 0.256412 0.0919836 0.0135562 0.041841
0 0.451469 0.0865511 0.0141687 0.0456619
0 0.298304 0.0930628 0.0137476 0.0494747
0 0.145238 0.138164 0.0196535 0.0462411
0 0.889324 0.164413 0.0153219 0.0494654
0 0.208747 0.142796 0.0155424 0.0474894
0 0.365709 0.101637 0.0173358 0.0424232
0 0.161357 0.455323 0.0320208 0.103182
0 0.330353 0.0882863 0.0122345 0.0402527
0 0.36792 0.0285207 0.0110828 0.0323799
0 0.0848298 0.0863609 0.0142726 0.0371605
0 0.116911 0.0620419 0.0124584 0.0355872
0 0.401921 0.0583792 0.0156714 0.0483576
0 0.207768 0.0675488 0.0128034 0.036367
0 0.867918 0.0793984 0.01299 0.038037
0 0.342683 0.104232 0.0128231 0.0382132
0 0.7159 0.0800958 0.0143518 0.0413654
0 0.4333 0.0479971 0.0133791 0.0365242
0 0.844808 0.079332 0.0133623 0.0378147
0 0.764101 0.102335 0.012853 0.0407815
0 0.72834 0.10766 0.0144469 0.0417155
0 0.287091 0.0453771 0.0141429 0.0461604
0 0.184887 0.0839393 0.0136626 0.0386492
0 0.505188 0.0898153 0.0164476 0.0421106
0 0.0535396 0.214244 0.0175955 0.0625042
0 0.257042 0.0579822 0.0110058 0.02962
0 0.878657 0.0795751 0.0115337 0.0341666
0 0.646901 0.0873282 0.0141106 0.0402412
0 0.56177 0.0908487 0.0142345 0.0466084
0 0.830551 0.123539 0.0123264 0.0404344
0 0.634129 0.0558906 0.0140561 0.043545
0 0.709101 0.143439 0.0115752 0.0424198
0 0.419559 0.0409192 0.0113104 0.0348766
0 0.164813 0.0479368 0.0128223 0.0361648
0 0.24188 0.079208 0.0154479 0.042107
0 0.835561 0.252538 0.0146988 0.0549405
