0 0.247197 0.707500 0.043833 0.175000
0 0.361876 0.835000 0.063201 0.195000
0 0.216616 0.535000 0.043833 0.120000
0 0.359837 0.575000 0.030581 0.105000
0 0.445973 0.627500 0.037717 0.115000
0 0.522426 0.631250 0.041794 0.102500
0 0.621814 0.945000 0.050968 0.110000
0 0.433741 0.967500 0.056065 0.065000
0 0.015291 0.152500 0.016310 0.050000
0 0.073394 0.138750 0.016310 0.052500
0 0.088685 0.151250 0.012232 0.052500
0 0.143731 0.108750 0.014271 0.032500
0 0.170234 0.108750 0.012232 0.032500
0 0.244139 0.105000 0.011213 0.030000
0 0.226809 0.246250 0.015291 0.052500
0 0.270642 0.242500 0.017329 0.055000
0 0.331295 0.180000 0.016310 0.045000
0 0.370540 0.153750 0.015291 0.047500
0 0.321101 0.131250 0.016310 0.042500
0 0.299694 0.087500 0.012232 0.035000
0 0.491335 0.188750 0.016310 0.052500
0 0.528542 0.171250 0.015291 0.047500
0 0.561162 0.193750 0.015291 0.052500
0 0.575943 0.088750 0.012232 0.032500
0 0.581040 0.331250 0.024465 0.077500
0 0.630479 0.325000 0.027523 0.090000
0 0.668196 0.408750 0.031600 0.087500
0 0.589704 0.183750 0.019368 0.057500
0 0.643221 0.212500 0.022426 0.065000
0 0.619266 0.101250 0.011213 0.032500
0 0.637105 0.067500 0.010194 0.030000
0 0.687054 0.081250 0.012232 0.042500
0 0.722732 0.112500 0.010194 0.035000
0 0.726809 0.081250 0.010194 0.027500
0 0.772681 0.091250 0.012232 0.027500
0 0.866972 0.097500 0.013252 0.040000
0 0.914883 0.135000 0.015291 0.045000
0 0.797655 0.727500 0.039755 0.115000
0 0.825178 0.635000 0.033639 0.130000
0 0.868502 0.792500 0.053007 0.145000
0 0.907747 0.220000 0.021407 0.045000
0 0.910805 0.380000 0.027523 0.090000
0 0.954638 0.405000 0.019368 0.065000
0 0.984200 0.572500 0.031600 0.085000
0 0.975025 0.212500 0.017329 0.045000
