0 0.172273 0.708750 0.050968 0.172500
0 0.242610 0.891250 0.044852 0.117500
0 0.398573 0.838750 0.044852 0.187500
0 0.435780 0.875000 0.031600 0.135000
0 0.624873 0.875000 0.055046 0.180000
0 0.758410 0.842500 0.055046 0.145000
0 0.585117 0.797500 0.038736 0.150000
0 0.040775 0.357500 0.026504 0.070000
0 0.143731 0.331250 0.020387 0.062500
0 0.201835 0.331250 0.020387 0.062500
0 0.475025 0.451250 0.030581 0.092500
0 0.538226 0.402500 0.032620 0.080000
0 0.694190 0.705000 0.044852 0.120000
0 0.717125 0.726250 0.023445 0.112500
0 0.792049 0.852500 0.024465 0.135000
0 0.861876 0.886250 0.056065 0.177500
0 0.923547 0.732500 0.038736 0.150000
0 0.835882 0.655000 0.044852 0.130000
0 0.993374 0.755000 0.013252 0.165000
0 0.761468 0.435000 0.028542 0.105000
0 0.652905 0.327500 0.021407 0.060000
0 0.042304 0.233750 0.019368 0.062500
0 0.068298 0.221250 0.018349 0.062500
0 0.107034 0.211250 0.018349 0.052500
0 0.073394 0.161250 0.014271 0.052500
0 0.011213 0.166250 0.016310 0.047500
0 0.034149 0.110000 0.013252 0.040000
0 0.059633 0.108750 0.011213 0.032500
0 0.113150 0.117500 0.012232 0.040000
0 0.130989 0.113750 0.013252 0.037500
0 0.115698 0.180000 0.013252 0.045000
0 0.126402 0.190000 0.010194 0.040000
0 0.159021 0.087500 0.012232 0.035000
0 0.145260 0.101250 0.013252 0.032500
0 0.163099 0.127500 0.010194 0.035000
0 0.166157 0.155000 0.012232 0.040000
0 0.174312 0.240000 0.018349 0.055000
0 0.162589 0.212500 0.013252 0.045000
0 0.193170 0.201250 0.015291 0.047500
0 0.226809 0.212500 0.017329 0.060000
0 0.247706 0.251250 0.020387 0.072500
0 0.196228 0.116250 0.013252 0.042500
0 0.314475 0.372500 0.027523 0.080000
0 0.248216 0.167500 0.013252 0.040000
0 0.289501 0.147500 0.014271 0.045000
0 0.347095 0.261250 0.021407 0.052500
0 0.361876 0.316250 0.024465 0.067500
0 0.402650 0.306250 0.020387 0.067500
0 0.425076 0.328750 0.020387 0.062500
0 0.448522 0.406250 0.026504 0.067500
0 0.480122 0.278750 0.020387 0.057500
0 0.310907 0.207500 0.018349 0.045000
0 0.336901 0.190000 0.021407 0.050000
0 0.208970 0.090000 0.014271 0.035000
0 0.238022 0.082500 0.011213 0.030000
0 0.312946 0.138750 0.012232 0.042500
0 0.365953 0.135000 0.016310 0.045000
0 0.359837 0.183750 0.016310 0.057500
0 0.529562 0.193750 0.017329 0.057500
0 0.519368 0.113750 0.013252 0.047500
0 0.426096 0.150000 0.016310 0.045000
0 0.464832 0.173750 0.020387 0.052500
0 0.323649 0.112500 0.013252 0.040000
0 0.573394 0.305000 0.023445 0.060000
0 0.555556 0.213750 0.016310 0.047500
0 0.598369 0.231250 0.016310 0.047500
0 0.556575 0.135000 0.014271 0.050000
0 0.544852 0.145000 0.015291 0.045000
0 0.573904 0.175000 0.014271 0.040000
0 0.589195 0.196250 0.012232 0.042500
0 0.618756 0.143750 0.014271 0.042500
0 0.636086 0.210000 0.022426 0.060000
0 0.087156 0.106250 0.011213 0.032500
0 0.384302 0.236250 0.016310 0.057500
0 0.640163 0.157500 0.014271 0.045000
0 0.684506 0.160000 0.015291 0.035000
0 0.691131 0.245000 0.022426 0.070000
0 0.723242 0.291250 0.017329 0.052500
0 0.768094 0.345000 0.025484 0.075000
0 0.772681 0.222500 0.016310 0.045000
0 0.726809 0.200000 0.016310 0.045000
0 0.586137 0.148750 0.014271 0.042500
0 0.701835 0.173750 0.015291 0.047500
0 0.804281 0.338750 0.022426 0.077500
0 0.816004 0.247500 0.017329 0.055000
0 0.852701 0.346250 0.023445 0.077500
0 0.876147 0.462500 0.025484 0.085000
0 0.948522 0.353750 0.027523 0.082500
0 0.864424 0.270000 0.018349 0.070000
0 0.829256 0.160000 0.017329 0.040000
0 0.788991 0.187500 0.016310 0.045000
0 0.817023 0.155000 0.013252 0.045000
0 0.869521 0.143750 0.014271 0.037500
0 0.891437 0.162500 0.013252 0.045000
0 0.902650 0.220000 0.015291 0.055000
0 0.922018 0.175000 0.021407 0.055000
0 0.939348 0.143750 0.013252 0.042500
0 0.963303 0.141250 0.012232 0.032500
0 0.971967 0.166250 0.011213 0.032500
0 0.965851 0.281250 0.025484 0.077500
0 0.991335 0.212500 0.017329 0.050000
