0 0.410284 0.622275 0.0336628 0.12422
0 0.651334 0.529031 0.03218 0.100993
0 0.196431 0.745665 0.0376041 0.142295
0 0.230467 0.516063 0.033042 0.115915
0 0.501893 0.512503 0.0364979 0.122693
0 0.836184 0.445316 0.0309982 0.112679
0 0.899431 0.589367 0.0353756 0.125893
0 0.760991 0.515075 0.0347929 0.108032
0 0.639682 0.338198 0.029372 0.0905702
0 0.784199 0.393936 0.0313914 0.101641
0 0.834757 0.326475 0.0258016 0.0809195
0 0.592731 0.515782 0.0332833 0.106079
0 0.587464 0.407478 0.0271429 0.0947642
0 0.33569 0.553863 0.0255312 0.0974535
0 0.783671 0.305808 0.0300744 0.0650945
0 0.979724 0.488247 0.0332235 0.11123
0 0.727208 0.331462 0.0258494 0.0890714
0 0.120704 0.193592 0.0198001 0.0658199
0 0.411048 0.188513 0.0189959 0.0522522
0 0.0440299 0.238476 0.0226008 0.0772316
0 0.0884682 0.505006 0.0317436 0.108383
0 0.449266 0.936912 0.053328 0.126175
0 0.877044 0.457675 0.0277691 0.107361
0 0.867616 0.350852 0.0253307 0.0841092
0 0.375754 0.274335 0.0229901 0.0701653
0 0.411757 0.253759 0.0205839 0.0714705
0 0.458613 0.272293 0.0192939 0.0640559
0 0.985509 0.331528 0.0259367 0.0872806
0 0.116788 0.124168 0.0147378 0.0485394
0 0.307572 0.219082 0.0204625 0.0621376
0 0.296606 0.315958 0.0246282 0.0733733
0 0.243503 0.167252 0.019637 0.063337
0 0.941044 0.398436 0.0281742 0.0887115
0 0.909046 0.257718 0.0238392 0.0797629
0 0.142171 0.183012 0.0166134 0.0619677
0 0.594685 0.30204 0.0212098 0.0751047
0 0.690748 0.260181 0.0201787 0.0702174
0 0.450825 0.169276 0.0198903 0.0553516
0 0.38231 0.184797 0.0186034 0.0603596
0 0.439154 0.21998 0.0184269 0.0624326
0 0.112113 0.29954 0.0236034 0.0764632
0 0.730548 0.243031 0.0206495 0.0723783
0 0.781269 0.216247 0.0186991 0.0670055
0 0.54411 0.205681 0.021627 0.0670028
0 0.958911 0.232756 0.0215753 0.0772605
0 0.495762 0.238982 0.017696 0.0611094
0 0.0749316 0.233637 0.0187638 0.0762636
0 0.873628 0.195555 0.0204719 0.0675232
0 0.640292 0.170621 0.0199734 0.0628233
0 0.586723 0.126914 0.0157064 0.0553854
0 0.757745 0.142488 0.0155337 0.053657
0 0.394347 0.122598 0.0160052 0.0551
0 0.278005 0.264924 0.0193619 0.0641429
0 0.743075 0.171546 0.0164501 0.0562618
0 0.197581 0.162236 0.0154101 0.0477547
0 0.672382 0.158332 0.0177069 0.0588144
0 0.276604 0.139639 0.0153783 0.0525957
0 0.217981 0.205912 0.0172659 0.0528969
0 0.183401 0.138239 0.0142221 0.0480018
0 0.35189 0.222283 0.0217262 0.0653625
0 0.479093 0.130831 0.0163859 0.0517908
0 0.779877 0.101976 0.0155503 0.0508384
0 0.248479 0.314117 0.0221286 0.073142
0 0.166053 0.107674 0.0121596 0.0414898
0 0.889233 0.307332 0.0217308 0.0657615
0 0.330595 0.13551 0.0156136 0.0531823
0 0.0395796 0.0740812 0.0111679 0.0374342
0 0.16543 0.31332 0.0202689 0.06457
0 0.351767 0.101532 0.0135455 0.044415
0 0.0302615 0.171697 0.0173908 0.0555778
0 0.151621 0.14012 0.0155024 0.0461422
0 0.189842 0.214663 0.0179949 0.0554614
0 0.455009 0.1096 0.0144513 0.0438944
0 0.333983 0.964798 0.0517656 0.0704039
0 0.516942 0.233876 0.0212341 0.0776377
0 0.160758 0.256441 0.0203754 0.0587803
0 0.307086 0.118025 0.0157979 0.0492053
0 0.531722 0.133166 0.014549 0.0477936
0 0.802944 0.0867275 0.0145474 0.0436157
0 0.614504 0.149614 0.0149529 0.0484474
0 0.729961 0.0340366 0.0126896 0.0447459
0 0.424801 0.158855 0.0173419 0.0555308
0 0.116415 0.0637556 0.0122996 0.040407
0 0.363689 0.0602459 0.0127902 0.0428063
0 0.571752 0.0552549 0.0125788 0.0406663
0 0.751381 0.247778 0.0233559 0.0728361
0 0.00685875 0.118308 0.0132635 0.0504614
0 0.9314 0.0938917 0.0166954 0.0546438
0 0.884052 0.112316 0.0141704 0.0450179
0 0.890269 0.39269 0.0249542 0.0849257
0 0.0744859 0.134225 0.0156841 0.0381307
0 0.613681 0.0529701 0.0130345 0.0385592
0 0.122607 0.571212 0.045704 0.14493
0 0.245369 0.080879 0.0132404 0.0431006
0 0.259467 0.092709 0.0127743 0.046714
0 0.322021 0.0512929 0.0133146 0.0382298
0 0.667623 0.0959946 0.0171869 0.0452228
0 0.94529 0.329426 0.0232723 0.0603656
0 0.793441 0.158587 0.0166982 0.0543477
0 0.227151 0.12148 0.0125102 0.0478473
0 0.697711 0.126256 0.0160678 0.0541586
0 0.430695 0.0534961 0.0130217 0.0402178
0 0.461125 0.0602936 0.0117621 0.0354791
0 0.0947494 0.0790808 0.0124133 0.0421292
0 0.859984 0.0869506 0.0140452 0.0418855
0 0.211893 0.106999 0.0131701 0.0425369
0 0.198418 0.46776 0.0231606 0.0849861
0 0.502565 0.183283 0.0208835 0.0590094
0 0.564547 0.104148 0.0149969 0.0425733
0 0.53399 0.0511131 0.0120678 0.0360978
0 0.0736542 0.170262 0.0165395 0.0404157
0 0.334362 0.0263007 0.0102254 0.0311918
0 0.380475 0.0657672 0.0137657 0.0396891
0 0.276779 0.0564446 0.0118186 0.039082
0 0.587171 0.236774 0.0179861 0.0687443
0 0.0164855 0.0355534 0.00966369 0.0275391
0 0.543508 0.0467344 0.0110232 0.0337987
0 0.646681 0.048632 0.0116281 0.0384157
0 0.152216 0.0530507 0.0109277 0.0371195
0 0.366799 0.182981 0.014895 0.0493056
0 0.838983 0.0807099 0.0133477 0.0439411
0 0.30531 0.0711945 0.013524 0.035133
0 0.416563 0.0715241 0.0137323 0.0414972
0 0.228295 0.077962 0.011114 0.0374829
0 0.895496 0.0493229 0.0133816 0.0378052
0 0.142695 0.071617 0.0110548 0.033376
0 0.688558 0.0331382 0.0123583 0.0452194
0 0.666957 0.0549369 0.0143782 0.0356335
0 0.586164 0.20464 0.0178072 0.0591984
0 0.292222 0.0646423 0.0128206 0.0381082
0 0.513151 0.334555 0.0189118 0.0748081
0 0.286717 0.221131 0.0179547 0.0507216
0 0.0688993 0.0819589 0.0128746 0.0383915
0 0.567838 0.278339 0.0161141 0.0551701
0 0.826043 0.0825542 0.0134087 0.0435241
0 0.635737 0.242371 0.020227 0.0667633
0 0.803828 0.224238 0.023304 0.0733523
0 0.0443134 0.661516 0.052766 0.160469
0 0.580573 0.0221034 0.0104909 0.0302443
0 0.104466 0.0906194 0.0109392 0.0446931
0 0.600472 0.0523965 0.0136123 0.0406659
0 0.376538 0.101208 0.0137554 0.0477435
0 0.147965 0.0987504 0.0116029 0.0351161
