0 0.451070 0.575000 0.043833 0.120000
0 0.493374 0.576250 0.044852 0.122500
0 0.265036 0.360000 0.026504 0.085000
0 0.341488 0.426250 0.024465 0.087500
0 0.022426 0.235000 0.022426 0.075000
0 0.085627 0.210000 0.018349 0.060000
0 0.071356 0.147500 0.014271 0.050000
0 0.033129 0.160000 0.017329 0.045000
0 0.038736 0.202500 0.018349 0.060000
0 0.012742 0.181250 0.019368 0.077500
0 0.018349 0.108750 0.014271 0.047500
0 0.058104 0.105000 0.014271 0.040000
0 0.088685 0.112500 0.014271 0.040000
0 0.099898 0.160000 0.016310 0.045000
0 0.118756 0.205000 0.015291 0.055000
0 0.136595 0.211250 0.018349 0.057500
0 0.126402 0.143750 0.016310 0.057500
0 0.110601 0.112500 0.013252 0.040000
0 0.125892 0.077500 0.011213 0.040000
0 0.146279 0.133750 0.011213 0.042500
0 0.137105 0.087500 0.011213 0.035000
0 0.147299 0.080000 0.011213 0.035000
0 0.177370 0.127500 0.012232 0.045000
0 0.180428 0.090000 0.012232 0.035000
0 0.191641 0.140000 0.014271 0.040000
0 0.204383 0.083750 0.013252 0.037500
0 0.151376 0.190000 0.019368 0.050000
0 0.176860 0.215000 0.019368 0.075000
0 0.202345 0.212500 0.021407 0.070000
0 0.226300 0.205000 0.020387 0.065000
0 0.221203 0.123750 0.016310 0.052500
0 0.245668 0.112500 0.012232 0.035000
0 0.250765 0.218750 0.024465 0.072500
0 0.264526 0.137500 0.015291 0.040000
0 0.278797 0.117500 0.011213 0.035000
0 0.283384 0.082500 0.014271 0.035000
0 0.304791 0.247500 0.024465 0.060000
0 0.317023 0.171250 0.018349 0.057500
0 0.340469 0.216250 0.020387 0.072500
0 0.340469 0.283750 0.022426 0.067500
0 0.396534 0.286250 0.022426 0.062500
0 0.393986 0.392500 0.031600 0.085000
0 0.477574 0.363750 0.027523 0.092500
0 0.419980 0.318750 0.026504 0.072500
0 0.318552 0.101250 0.015291 0.037500
0 0.399083 0.198750 0.017329 0.057500
0 0.417431 0.207500 0.019368 0.065000
0 0.427115 0.120000 0.012232 0.045000
0 0.454638 0.110000 0.016310 0.070000
0 0.342508 0.100000 0.012232 0.040000
0 0.471967 0.118750 0.014271 0.052500
0 0.487258 0.108750 0.014271 0.047500
0 0.387870 0.107500 0.013252 0.035000
0 0.471967 0.258750 0.022426 0.072500
0 0.440877 0.261250 0.025484 0.057500
0 0.516820 0.315000 0.022426 0.075000
0 0.530581 0.473750 0.041794 0.117500
0 0.578491 0.381250 0.027523 0.087500
0 0.535678 0.358750 0.025484 0.072500
0 0.570336 0.275000 0.017329 0.070000
0 0.599388 0.285000 0.024465 0.080000
0 0.516310 0.175000 0.015291 0.050000
0 0.538736 0.193750 0.015291 0.052500
0 0.509174 0.111250 0.015291 0.042500
0 0.530071 0.138750 0.010194 0.042500
0 0.359327 0.162500 0.015291 0.045000
0 0.554027 0.210000 0.015291 0.045000
0 0.582059 0.176250 0.012232 0.052500
0 0.563710 0.181250 0.014271 0.047500
0 0.566769 0.128750 0.016310 0.057500
0 0.535678 0.091250 0.017329 0.047500
0 0.603976 0.187500 0.015291 0.055000
0 0.623344 0.223750 0.017329 0.052500
0 0.636086 0.363750 0.024465 0.087500
0 0.674822 0.192500 0.020387 0.060000
0 0.630989 0.170000 0.014271 0.040000
0 0.594801 0.108750 0.013252 0.042500
0 0.703364 0.275000 0.024465 0.080000
0 0.665647 0.093750 0.014271 0.037500
0 0.701325 0.165000 0.018349 0.065000
0 0.723242 0.201250 0.019368 0.057500
0 0.768094 0.198750 0.017329 0.057500
0 0.751274 0.343750 0.026504 0.082500
0 0.688073 0.541250 0.036697 0.112500
0 0.679918 0.468750 0.034659 0.092500
0 0.693680 0.425000 0.025484 0.090000
0 0.761978 0.466250 0.027523 0.117500
0 0.715596 0.092500 0.014271 0.045000
0 0.729358 0.101250 0.011213 0.037500
0 0.627931 0.101250 0.012232 0.047500
0 0.754332 0.155000 0.014271 0.045000
0 0.756371 0.095000 0.012232 0.035000
0 0.784404 0.145000 0.013252 0.045000
0 0.831804 0.133750 0.014271 0.047500
0 0.858308 0.098750 0.014271 0.037500
0 0.887870 0.105000 0.014271 0.050000
0 0.783894 0.320000 0.030581 0.085000
0 0.816004 0.300000 0.021407 0.070000
0 0.844546 0.347500 0.025484 0.075000
0 0.846075 0.521250 0.046891 0.107500
0 0.892966 0.457500 0.020387 0.090000
0 0.892457 0.377500 0.023445 0.085000
0 0.983690 0.512500 0.032620 0.105000
0 0.955148 0.321250 0.020387 0.072500
0 0.902650 0.305000 0.023445 0.060000
0 0.880224 0.278750 0.019368 0.057500
0 0.876147 0.163750 0.013252 0.047500
0 0.894495 0.206250 0.017329 0.047500
0 0.910805 0.165000 0.015291 0.055000
0 0.938838 0.268750 0.020387 0.067500
0 0.955657 0.200000 0.019368 0.065000
0 0.972477 0.302500 0.016310 0.065000
