0 0.770642 0.493421 0.026504 0.081579
0 0.332824 0.425000 0.019368 0.060526
0 0.384302 0.571053 0.028542 0.084211
0 0.829256 0.397368 0.021407 0.068421
0 0.630989 0.385526 0.020387 0.065789
0 0.366463 0.410526 0.021407 0.063158
0 0.481142 0.526316 0.028542 0.084211
0 0.436290 0.338158 0.020387 0.060526
0 0.549949 0.376316 0.021407 0.063158
0 0.699286 0.415789 0.020387 0.073684
0 0.187564 0.356579 0.016310 0.055263
0 0.587156 0.326316 0.018349 0.057895
0 0.730887 0.217105 0.016310 0.050000
0 0.478593 0.315789 0.021407 0.057895
0 0.275229 0.384211 0.016310 0.063158
0 0.933231 0.217105 0.017329 0.050000
0 0.046891 0.427632 0.020387 0.055263
0 0.949032 0.398684 0.024465 0.065789
0 0.303262 0.252632 0.017329 0.052632
0 0.749235 0.427632 0.018349 0.065789
0 0.615189 0.268421 0.017329 0.057895
0 0.422018 0.471053 0.020387 0.063158
0 0.153925 0.078947 0.014271 0.036842
0 0.430173 0.225000 0.016310 0.050000
0 0.385831 0.360526 0.017329 0.052632
0 0.501019 0.280263 0.015291 0.050000
0 0.122324 0.405263 0.018349 0.052632
0 0.841488 0.067105 0.013252 0.039474
0 0.681448 0.555263 0.023445 0.073684
0 0.764016 0.206579 0.017329 0.050000
0 0.247197 0.455263 0.021407 0.073684
0 0.654944 0.221053 0.015291 0.047368
0 0.792049 0.251316 0.014271 0.050000
0 0.179409 0.036842 0.010194 0.031579
0 0.390928 0.188158 0.015291 0.050000
0 0.568298 0.127632 0.015291 0.044737
0 0.921509 0.069737 0.014271 0.044737
0 0.590724 0.177632 0.015291 0.050000
0 0.466871 0.107895 0.012232 0.036842
0 0.622324 0.151316 0.017329 0.044737
0 0.364934 0.198684 0.014271 0.044737
0 0.051478 0.259211 0.015291 0.044737
0 0.116208 0.076316 0.010194 0.036842
0 0.148318 0.196053 0.015291 0.044737
0 0.200306 0.450000 0.017329 0.063158
0 0.501019 0.169737 0.015291 0.039474
0 0.367482 0.278947 0.017329 0.047368
0 0.744648 0.272368 0.015291 0.050000
0 0.430173 0.092105 0.014271 0.036842
0 0.325688 0.196053 0.015291 0.050000
0 0.549439 0.217105 0.016310 0.050000
0 0.504077 0.090789 0.013252 0.039474
0 0.229358 0.273684 0.020387 0.063158
0 0.129969 0.084211 0.013252 0.042105
0 0.528033 0.138158 0.014271 0.044737
0 0.404179 0.256579 0.015291 0.044737
0 0.379205 0.168421 0.012232 0.036842
0 0.079511 0.230263 0.016310 0.044737
0 0.703874 0.232895 0.015291 0.044737
0 0.145260 0.153947 0.013252 0.039474
0 0.668196 0.421053 0.015291 0.063158
0 0.453109 0.125000 0.017329 0.055263
0 0.409786 0.303947 0.016310 0.050000
0 0.098369 0.281579 0.017329 0.047368
0 0.714067 0.136842 0.013252 0.042105
0 0.007136 0.225000 0.012232 0.044737
0 0.628950 0.109211 0.014271 0.039474
0 0.022426 0.178947 0.014271 0.047368
0 0.454128 0.073684 0.013252 0.036842
0 0.104485 0.080263 0.011213 0.034211
0 0.488787 0.069737 0.013252 0.039474
0 0.103976 0.125000 0.014271 0.039474
0 0.217125 0.442105 0.016310 0.068421
0 0.035678 0.248684 0.014271 0.044737
0 0.286952 0.251316 0.015291 0.055263
0 0.766055 0.157895 0.015291 0.047368
0 0.110092 0.167105 0.014271 0.044737
0 0.170744 0.218421 0.015291 0.057895
0 0.605505 0.227632 0.014271 0.044737
0 0.675841 0.122368 0.014271 0.044737
0 0.434251 0.165789 0.014271 0.047368
0 0.058104 0.106579 0.012232 0.039474
0 0.022936 0.127632 0.013252 0.039474
0 0.694190 0.211842 0.016310 0.044737
0 0.572885 0.271053 0.020387 0.057895
0 0.641182 0.085526 0.010194 0.034211
0 0.712029 0.301316 0.015291 0.050000
0 0.694699 0.286842 0.013252 0.047368
0 0.258410 0.056579 0.011213 0.034211
0 0.967380 0.005263 0.012232 0.005263
0 0.073394 0.513158 0.018349 0.052632
0 0.149337 0.488158 0.019368 0.050000
0 0.150357 0.448684 0.019368 0.034211
0 0.159021 0.410526 0.020387 0.052632
0 0.288481 0.573684 0.024465 0.068421
0 0.216616 0.172368 0.017329 0.050000
0 0.381753 0.477632 0.023445 0.065789
0 0.455148 0.219737 0.015291 0.050000
0 0.460245 0.188158 0.017329 0.039474
0 0.483180 0.235526 0.016310 0.039474
0 0.610601 0.572368 0.022426 0.055263
0 0.675841 0.159211 0.016310 0.039474
0 0.658002 0.022368 0.015291 0.039474
0 0.625382 0.034211 0.015291 0.047368
0 0.584098 0.021053 0.014271 0.026316
0 0.549439 0.040789 0.010194 0.034211
0 0.546891 0.017105 0.011213 0.028947
0 0.519368 0.094737 0.017329 0.036842
0 0.547401 0.171053 0.016310 0.036842
0 0.696738 0.015789 0.015291 0.026316
0 0.709990 0.014474 0.011213 0.023684
0 0.741081 0.023684 0.012232 0.036842
0 0.192151 0.015789 0.009174 0.026316
0 0.267074 0.019737 0.014271 0.034211
0 0.300714 0.009211 0.012232 0.013158
0 0.778797 0.857895 0.036697 0.094737
0 0.661570 0.880263 0.038736 0.097368
