0 0.464904 0.785022 0.0414377 0.143376
0 0.861833 0.815395 0.0463921 0.153359
0 0.635423 0.783481 0.0410652 0.151416
0 0.138963 0.536437 0.0310282 0.123281
0 0.487288 0.932802 0.0422974 0.134396
0 0.868415 0.426275 0.0322659 0.108164
0 0.478929 0.676464 0.0417196 0.124975
0 0.536568 0.920643 0.0577841 0.158714
0 0.595329 0.928004 0.0413835 0.142319
0 0.2436 0.781628 0.0490183 0.150892
0 0.961176 0.785831 0.03593 0.133504
0 0.752953 0.739966 0.0356648 0.120345
0 0.410554 0.47477 0.0274141 0.0896948
0 0.212742 0.898754 0.0603781 0.191075
0 0.377331 0.552877 0.0335435 0.102411
0 0.549584 0.657692 0.0330954 0.116425
0 0.24791 0.399877 0.027577 0.0905123
0 0.472159 0.482632 0.0309909 0.109427
0 0.206667 0.135667 0.0174968 0.050549
0 0.155977 0.249707 0.0212006 0.0653369
0 0.309034 0.257814 0.0218259 0.077439
0 0.72076 0.943564 0.0505182 0.112872
0 0.868378 0.29449 0.0222544 0.0754114
0 0.806639 0.417124 0.0274233 0.101175
0 0.279331 0.905685 0.0652743 0.161967
0 0.0900397 0.228753 0.020496 0.0725452
0 0.322723 0.418452 0.0252488 0.0710825
0 0.471519 0.239798 0.0221095 0.0697086
0 0.529495 0.323198 0.0265826 0.0875049
0 0.0107788 0.689523 0.0209258 0.144767
0 0.434732 0.240308 0.0224615 0.0728476
0 0.641003 0.349968 0.0254411 0.0904626
0 0.827634 0.61983 0.0381882 0.110777
0 0.665042 0.259447 0.0214714 0.0750742
0 0.932412 0.383756 0.0203896 0.0962605
0 0.337986 0.875053 0.0488223 0.169017
0 0.234363 0.291793 0.0204489 0.0766926
0 0.33902 0.198869 0.0213741 0.0582066
0 0.222094 0.602437 0.0473083 0.127995
0 0.844701 0.946766 0.0589966 0.106468
0 0.989591 0.453418 0.0208188 0.0894449
0 0.24841 0.186106 0.0199907 0.0627558
0 0.419029 0.34498 0.0256361 0.0751636
0 0.56251 0.310716 0.020599 0.0642422
0 0.670887 0.142758 0.0181452 0.0564631
0 0.774089 0.321441 0.0240778 0.073383
0 0.300468 0.199023 0.0179104 0.0533466
0 0.463561 0.145049 0.0162267 0.051542
0 0.574645 0.19767 0.0195327 0.0670074
0 0.568794 0.0877213 0.0135738 0.0463223
0 0.263228 0.1399 0.0147229 0.049743
0 0.981419 0.28173 0.0248108 0.0710484
0 0.503348 0.11532 0.0154184 0.04648
0 0.526687 0.232541 0.0205316 0.0623597
0 0.389435 0.31663 0.0208849 0.0719253
0 0.1079 0.0905704 0.0133841 0.0429309
0 0.631882 0.190689 0.0186601 0.0631488
0 0.420868 0.119081 0.0139105 0.0489185
0 0.612372 0.181108 0.0186086 0.0606306
0 0.51841 0.0421876 0.0120842 0.0390292
0 0.657798 0.0754013 0.0131595 0.040052
0 0.956541 0.364867 0.0249968 0.0743984
0 0.689706 0.169211 0.0140207 0.0475791
0 0.504748 0.328256 0.0191092 0.0638755
0 0.757857 0.257884 0.0209193 0.0768251
0 0.183187 0.284043 0.0201484 0.0735618
0 0.0327468 0.560143 0.0294007 0.106159
0 0.521586 0.125648 0.0131197 0.0448036
0 0.751722 0.107049 0.0135743 0.0424113
0 0.273896 0.0488539 0.0148168 0.045113
0 0.95193 0.294814 0.0196324 0.0697349
0 0.83706 0.099287 0.015023 0.0460031
0 0.15107 0.0831877 0.0127062 0.0418056
0 0.465332 0.351362 0.0207169 0.0626945
0 0.552888 0.0346965 0.011367 0.0440223
0 0.399208 0.9779 0.0592078 0.0441997
0 0.442525 0.0810716 0.0160797 0.0490941
0 0.779012 0.104701 0.012495 0.0399488
0 0.49062 0.212503 0.0154574 0.0587717
0 0.180777 0.0899448 0.0139179 0.0427272
0 0.392258 0.0434391 0.0123874 0.0380338
0 0.548933 0.155597 0.016193 0.051482
0 0.178426 0.978781 0.0634993 0.0424375
0 0.0204924 0.0456615 0.0116029 0.0386842
0 0.720763 0.091622 0.0141667 0.0378312
0 0.244793 0.0884435 0.0147938 0.0528236
0 0.198026 0.191046 0.0211183 0.0519934
0 0.933086 0.0844149 0.0128258 0.0396135
0 0.206134 0.0592509 0.014154 0.0430507
0 0.367815 0.165327 0.0159493 0.0485525
0 0.70228 0.0531069 0.0140239 0.0419212
0 0.593005 0.19535 0.0168036 0.0486215
0 0.568482 0.14847 0.0166902 0.0452324
0 0.235149 0.167782 0.0145044 0.0511256
0 0.350591 0.066965 0.0150825 0.0507651
0 0.368029 0.0911245 0.0142431 0.0502352
0 0.804738 0.171557 0.0204565 0.0611678
0 0.326887 0.0911072 0.014573 0.0479127
0 0.822279 0.0681724 0.0115052 0.0363822
0 0.806977 0.228667 0.019017 0.0621581
0 0.644546 0.0546669 0.0111543 0.029938
0 0.18598 0.146622 0.0146823 0.0453145
0 0.893103 0.0917594 0.0156364 0.0426074
0 0.0515724 0.0438686 0.0119472 0.0407996
0 0.592332 0.0255069 0.0108012 0.0329823
0 0.132604 0.104141 0.0132047 0.0418145
0 0.382992 0.166669 0.0128166 0.045357
0 0.471481 0.0772473 0.0143297 0.0421938
0 0.00600485 0.235988 0.0116191 0.0708044
0 0.685366 0.0513813 0.0134954 0.0384858
0 0.763412 0.140081 0.0145652 0.0382947
0 0.870092 0.0597514 0.0116919 0.0341299
0 0.394858 0.122266 0.0137017 0.043733
0 0.182857 0.246249 0.018354 0.0572595
0 0.640549 0.0928031 0.0134636 0.0423811
0 0.770304 0.174348 0.0144938 0.0408599
0 0.30265 0.0245667 0.0121725 0.0378978
0 0.221978 0.572622 0.0480678 0.184281
0 0.456502 0.0813451 0.0127752 0.0405593
0 0.849508 0.1537 0.0181969 0.0582942
0 0.684964 0.0278596 0.0126493 0.0336482
0 0.728195 0.0311818 0.011104 0.0354422
0 0.600768 0.238009 0.0214494 0.0555472
0 0.72857 0.0671365 0.0109489 0.0335306
0 0.967606 0.128051 0.0151398 0.0477942
0 0.291311 0.130421 0.0144167 0.0494654
0 0.591127 0.0619011 0.0113894 0.0345905
