0 0.555046 0.532895 0.025484 0.081579
0 0.598369 0.489474 0.026504 0.084211
0 0.495923 0.367105 0.019368 0.060526
0 0.300204 0.777632 0.027523 0.081579
0 0.439348 0.346053 0.020387 0.060526
0 0.701835 0.260526 0.017329 0.057895
0 0.438328 0.231579 0.020387 0.052632
0 0.925586 0.167105 0.016310 0.044737
0 0.140673 0.776316 0.026504 0.084211
0 0.018858 0.731579 0.031600 0.078947
0 0.780326 0.072368 0.011213 0.039474
0 0.296636 0.244737 0.016310 0.052632
0 0.592253 0.223684 0.016310 0.057895
0 0.521916 0.234211 0.020387 0.057895
0 0.316514 0.256579 0.017329 0.055263
0 0.778287 0.246053 0.017329 0.050000
0 0.641692 0.086842 0.013252 0.047368
0 0.130989 0.056579 0.011213 0.034211
0 0.268094 0.039474 0.012232 0.031579
0 0.701325 0.182895 0.016310 0.050000
0 0.468400 0.138158 0.015291 0.044737
0 0.204383 0.055263 0.011213 0.031579
0 0.861876 0.178947 0.013252 0.042105
0 0.590724 0.105263 0.013252 0.042105
0 0.516820 0.136842 0.012232 0.042105
0 0.670744 0.214474 0.014271 0.044737
0 0.752294 0.342105 0.022426 0.068421
0 0.310907 0.038158 0.012232 0.039474
0 0.077982 0.185526 0.015291 0.044737
0 0.641182 0.177632 0.018349 0.055263
0 0.383792 0.032895 0.011213 0.034211
0 0.034149 0.077632 0.011213 0.039474
0 0.563710 0.194737 0.018349 0.052632
0 0.791030 0.715789 0.024465 0.084211
0 0.101937 0.081579 0.014271 0.042105
0 0.606524 0.042105 0.010194 0.031579
0 0.236493 0.159211 0.014271 0.050000
0 0.372069 0.239474 0.014271 0.036842
0 0.086137 0.084211 0.013252 0.036842
0 0.382773 0.777632 0.025484 0.076316
0 0.481651 0.044737 0.011213 0.031579
0 0.138634 0.196053 0.014271 0.055263
0 0.861366 0.096053 0.012232 0.034211
0 0.034149 0.178947 0.013252 0.042105
0 0.549439 0.236842 0.016310 0.047368
0 0.639653 0.246053 0.019368 0.060526
0 0.576453 0.042105 0.011213 0.031579
0 0.209480 0.760526 0.023445 0.073684
0 0.995923 0.053947 0.008155 0.039474
0 0.089195 0.714474 0.031600 0.081579
0 0.429664 0.755263 0.031600 0.094737
0 0.494393 0.527632 0.032620 0.086842
0 0.653925 0.742105 0.039755 0.094737
0 0.646789 0.363158 0.027523 0.084211
0 0.662589 0.510526 0.026504 0.073684
0 0.746687 0.488158 0.031600 0.076316
0 0.360347 0.042105 0.013252 0.047368
0 0.446993 0.044737 0.013252 0.036842
0 0.733435 0.015789 0.011213 0.026316
0 0.970438 0.144737 0.020387 0.047368
0 0.775229 0.139474 0.017329 0.047368
0 0.525484 0.021053 0.011213 0.031579
0 0.553007 0.015789 0.011213 0.026316
0 0.273700 0.218421 0.015291 0.042105
0 0.322630 0.182895 0.015291 0.039474
