0 0.884811 0.289474 0.022426 0.063158
0 0.926606 0.243421 0.018349 0.050000
0 0.712029 0.343421 0.021407 0.071053
0 0.221203 0.327632 0.016310 0.055263
0 0.167686 0.323684 0.015291 0.052632
0 0.465851 0.223684 0.016310 0.047368
0 0.416412 0.465789 0.021407 0.063158
0 0.802243 0.101316 0.014271 0.044737
0 0.515800 0.376316 0.018349 0.068421
0 0.390928 0.356579 0.023445 0.065789
0 0.623853 0.197368 0.016310 0.052632
0 0.695719 0.232895 0.017329 0.055263
0 0.865953 0.159211 0.017329 0.050000
0 0.573904 0.286842 0.020387 0.068421
0 0.514271 0.490789 0.033639 0.097368
0 0.958716 0.253947 0.017329 0.055263
0 0.507645 0.234211 0.018349 0.052632
0 0.837920 0.275000 0.018349 0.060526
0 0.381753 0.153947 0.013252 0.044737
0 0.660041 0.450000 0.027523 0.094737
0 0.258410 0.194737 0.013252 0.047368
0 0.016820 0.221053 0.015291 0.047368
0 0.184506 0.363158 0.016310 0.057895
0 0.597350 0.172368 0.016310 0.050000
0 0.504587 0.307895 0.018349 0.068421
0 0.923547 0.150000 0.014271 0.047368
0 0.016820 0.276316 0.015291 0.047368
0 0.639144 0.300000 0.016310 0.052632
0 0.087156 0.251316 0.015291 0.050000
0 0.345056 0.096053 0.013252 0.039474
0 0.259939 0.294737 0.014271 0.052632
0 0.541284 0.264474 0.018349 0.055263
0 0.527013 0.311842 0.018349 0.055263
0 0.310398 0.238158 0.015291 0.044737
0 0.539246 0.140789 0.014271 0.044737
0 0.441896 0.315789 0.017329 0.057895
0 0.221203 0.168421 0.016310 0.052632
0 0.974516 0.165789 0.016310 0.047368
0 0.428135 0.135526 0.012232 0.039474
0 0.327217 0.302632 0.014271 0.047368
0 0.657492 0.123684 0.016310 0.047368
0 0.714067 0.127632 0.015291 0.039474
0 0.334353 0.264474 0.016310 0.044737
0 0.148318 0.361842 0.015291 0.060526
0 0.676860 0.250000 0.018349 0.057895
0 0.194190 0.125000 0.013252 0.039474
0 0.494903 0.031579 0.011213 0.036842
0 0.656473 0.202632 0.020387 0.057895
0 0.446483 0.143421 0.014271 0.039474
0 0.621814 0.089474 0.012232 0.036842
0 0.154434 0.139474 0.013252 0.036842
0 0.377676 0.243421 0.015291 0.050000
0 0.299694 0.271053 0.014271 0.047368
0 0.331804 0.186842 0.013252 0.047368
0 0.897044 0.138158 0.014271 0.039474
0 0.250255 0.367105 0.017329 0.060526
0 0.561162 0.140789 0.015291 0.050000
0 0.472987 0.092105 0.016310 0.042105
0 0.284913 0.260526 0.015291 0.052632
0 0.591233 0.426316 0.024465 0.073684
0 0.132008 0.213158 0.013252 0.042105
0 0.073394 0.197368 0.014271 0.042105
0 0.143731 0.040789 0.010194 0.034211
0 0.404689 0.109211 0.012232 0.039474
0 0.392966 0.082895 0.013252 0.039474
0 0.577982 0.213158 0.014271 0.047368
0 0.192661 0.225000 0.016310 0.060526
0 0.419470 0.244737 0.017329 0.052632
0 0.918960 0.051316 0.011213 0.034211
0 0.149337 0.190789 0.015291 0.050000
0 0.163609 0.525000 0.025484 0.097368
0 0.397554 0.265789 0.016310 0.047368
0 0.053007 0.469737 0.024465 0.060526
0 0.056575 0.100000 0.011213 0.036842
0 0.510703 0.068421 0.012232 0.036842
0 0.736493 0.247368 0.015291 0.047368
0 0.748726 0.111842 0.013252 0.039474
0 0.130989 0.092105 0.011213 0.036842
0 0.564730 0.205263 0.014271 0.042105
0 0.458716 0.318421 0.016310 0.057895
0 0.179918 0.243421 0.013252 0.044737
0 0.765036 0.089474 0.013252 0.036842
0 0.995923 0.152632 0.008155 0.047368
0 0.315494 0.503947 0.021407 0.076316
0 0.459225 0.057895 0.011213 0.031579
0 0.246177 0.248684 0.015291 0.039474
0 0.845056 0.023684 0.012232 0.036842
0 0.862385 0.236842 0.014271 0.052632
0 0.783894 0.084211 0.014271 0.036842
0 0.354740 0.472368 0.018349 0.060526
0 0.522936 0.027632 0.010194 0.034211
0 0.889908 0.063158 0.010194 0.031579
0 0.434251 0.281579 0.016310 0.047368
0 0.792559 0.267105 0.019368 0.076316
0 0.542304 0.225000 0.016310 0.039474
0 0.772681 0.025000 0.010194 0.034211
0 0.124363 0.573684 0.026504 0.073684
0 0.106014 0.419737 0.024465 0.071053
0 0.084608 0.072368 0.014271 0.039474
0 0.284404 0.453947 0.028542 0.092105
0 0.160550 0.081579 0.013252 0.042105
0 0.166157 0.036842 0.014271 0.042105
0 0.107034 0.075000 0.016310 0.044737
0 0.414373 0.397368 0.021407 0.052632
0 0.464832 0.402632 0.024465 0.063158
0 0.220183 0.046053 0.014271 0.034211
0 0.251274 0.046053 0.013252 0.050000
0 0.270642 0.022368 0.013252 0.039474
0 0.311417 0.067105 0.013252 0.044737
0 0.350663 0.017105 0.010194 0.028947
0 0.444954 0.019737 0.013252 0.034211
0 0.557085 0.018421 0.015291 0.031579
0 0.425076 0.015789 0.014271 0.026316
0 0.561672 0.342105 0.020387 0.073684
0 0.616208 0.465789 0.019368 0.068421
0 0.644750 0.011842 0.015291 0.018421
0 0.741590 0.490789 0.027523 0.076316
0 0.763507 0.296053 0.016310 0.065789
0 0.720693 0.223684 0.016310 0.057895
0 0.687564 0.142105 0.015291 0.052632
0 0.513252 0.131579 0.021407 0.068421
0 0.484200 0.210526 0.016310 0.047368
0 0.813965 0.282895 0.021407 0.071053
0 0.468400 0.282895 0.019368 0.071053
0 0.721203 0.015789 0.015291 0.026316
0 0.867992 0.056579 0.013252 0.028947
0 0.874108 0.022368 0.013252 0.039474
0 0.707951 0.088158 0.013252 0.034211
0 0.684506 0.098684 0.013252 0.028947
0 0.096330 0.173684 0.013252 0.031579
