0 0.860852 0.638623 0.038619 0.117029
0 0.225432 0.520138 0.0378443 0.126174
0 0.158847 0.830656 0.0687488 0.187896
0 0.569832 0.640654 0.0474488 0.152697
0 0.301954 0.609306 0.040609 0.141248
0 0.747287 0.588861 0.036782 0.107728
0 0.299406 0.430888 0.0321962 0.093521
0 0.480755 0.750981 0.0407073 0.134789
0 0.445533 0.505311 0.0299318 0.109946
0 0.626626 0.586071 0.0365291 0.139228
0 0.485291 0.930611 0.0501362 0.138778
0 0.808453 0.517493 0.0383917 0.10781
0 0.214896 0.712331 0.0444064 0.16205
0 0.876887 0.345325 0.0298229 0.0904454
0 0.128302 0.53887 0.0346813 0.126192
0 0.76523 0.338364 0.0249729 0.0892643
0 0.411894 0.413253 0.0271349 0.0974534
0 0.494449 0.36079 0.0257955 0.101052
0 0.604811 0.390869 0.0275322 0.0923928
0 0.804217 0.694039 0.0347527 0.121834
0 0.115597 0.192481 0.0223498 0.0630288
0 0.717601 0.333287 0.0228082 0.0760528
0 0.263929 0.424005 0.027008 0.0945212
0 0.536804 0.276275 0.0268906 0.0942358
0 0.427338 0.312097 0.0292956 0.086016
0 0.786007 0.225268 0.0208932 0.0607526
0 0.688451 0.301812 0.0254785 0.0757611
0 0.241276 0.236025 0.0216466 0.0811365
0 0.469733 0.139074 0.0180994 0.0529661
0 0.33602 0.163517 0.0163345 0.0517949
0 0.54035 0.936845 0.0504187 0.12631
0 0.969086 0.252734 0.0197378 0.0674848
0 0.584011 0.280069 0.0219109 0.0770872
0 0.272626 0.344097 0.0209075 0.0681
0 0.299782 0.128432 0.0171839 0.0506991
0 0.811566 0.173889 0.0172054 0.0592344
0 0.43432 0.230906 0.0232979 0.0715263
0 0.834923 0.236743 0.0205288 0.076308
0 0.190657 0.267473 0.0218027 0.071626
0 0.855127 0.248704 0.0170441 0.0585105
0 0.463969 0.240364 0.0208758 0.0695922
0 0.292161 0.89247 0.0476263 0.188872
0 0.32782 0.879328 0.0318991 0.152096
0 0.628978 0.198167 0.0204599 0.0690672
0 0.269119 0.206388 0.0190163 0.0597205
0 0.763403 0.179398 0.0172165 0.0592846
0 0.157566 0.0899298 0.0141663 0.0447327
0 0.151884 0.252932 0.0209768 0.0795618
0 0.987949 0.354913 0.0239105 0.0861975
0 0.682839 0.0884505 0.0142098 0.0485386
0 0.518506 0.168036 0.0191608 0.0607834
0 0.432671 0.971274 0.0564148 0.0574527
0 0.892188 0.215791 0.0202225 0.0784492
0 0.322053 0.0992169 0.0146044 0.0501197
0 0.555245 0.211332 0.0203587 0.066493
0 0.173473 0.127744 0.0151584 0.0488898
0 0.666012 0.128027 0.0142496 0.0464885
0 0.349267 0.232866 0.0206535 0.0757695
0 0.205057 0.201383 0.0227602 0.0597843
0 0.416628 0.11001 0.0145521 0.0474564
0 0.991023 0.236449 0.0178668 0.0627197
0 0.882627 0.168829 0.0155361 0.0451435
0 0.448755 0.0915258 0.0147406 0.0471429
0 0.52827 0.112625 0.0151676 0.0509862
0 0.754765 0.110489 0.0135581 0.0392657
0 0.0896394 0.117194 0.0166303 0.0558136
0 0.256493 0.175045 0.0171799 0.0556151
0 0.928945 0.111089 0.015622 0.0457002
0 0.261095 0.0651907 0.0125417 0.0398751
0 0.204721 0.0804777 0.0145333 0.0483744
0 0.355938 0.0879319 0.0153835 0.0517748
0 0.703027 0.173912 0.0177807 0.0544909
0 0.386666 0.208886 0.0171493 0.0654798
0 0.89516 0.0955926 0.0152388 0.0491065
0 0.306908 0.0434793 0.013223 0.0397847
0 0.236245 0.042664 0.01479 0.0426673
0 0.735794 0.0843414 0.0125526 0.0419227
0 0.426694 0.0454282 0.0121 0.0379126
0 0.612943 0.0846713 0.0148773 0.0511656
0 0.104584 0.0813545 0.0141548 0.0476497
0 0.590566 0.0845086 0.0154705 0.0422527
0 0.118439 0.0860821 0.0127864 0.0390575
0 0.369208 0.984898 0.0792361 0.0302041
0 0.584292 0.208166 0.0185595 0.0606814
0 0.691104 0.0290505 0.0121966 0.0377631
0 0.472283 0.0931089 0.0162221 0.0397281
0 0.441709 0.12797 0.0135981 0.0499208
0 0.658887 0.192444 0.0178495 0.0529327
0 0.0185193 0.693341 0.0367475 0.139299
0 0.710076 0.0459975 0.0123613 0.0352098
0 0.792703 0.0751225 0.015736 0.0409224
0 0.716086 0.252744 0.0223267 0.0601901
0 0.171929 0.0644331 0.0109119 0.0363844
0 0.627591 0.105932 0.012858 0.0459002
0 0.394114 0.115153 0.0146697 0.0450798
0 0.524169 0.0549615 0.0122112 0.0417139
0 0.716434 0.0890716 0.012505 0.0405644
0 0.243635 0.156367 0.0146588 0.0481528
0 0.509456 0.0765573 0.0148912 0.0371578
0 0.496584 0.0234259 0.0101063 0.0311395
0 0.644563 0.116516 0.0131604 0.0435901
0 0.570342 0.0656364 0.0142323 0.0411001
0 0.495799 0.154249 0.0175542 0.0491839
0 0.860058 0.102011 0.0120605 0.0375244
0 0.394915 0.167323 0.0178442 0.0500481
0 0.269006 0.772305 0.0473814 0.115224
0 0.381994 0.114269 0.0127515 0.0414759
0 0.575848 0.0397746 0.012756 0.035851
0 0.619665 0.155252 0.0157694 0.0492039
0 0.365342 0.146433 0.015203 0.0489012
0 0.0110261 0.914618 0.0216344 0.170763
0 0.333569 0.0459855 0.0108685 0.0338555
0 0.565756 0.128729 0.0132551 0.0471968
0 0.0560007 0.0470482 0.0105906 0.0321548
0 0.722036 0.22476 0.021163 0.0599906
0 0.77896 0.0396917 0.0100912 0.0307854
