0 0.222732 0.593750 0.047910 0.142500
0 0.529562 0.697500 0.047910 0.145000
0 0.786442 0.812500 0.054027 0.155000
0 0.563710 0.456250 0.032620 0.102500
0 0.416922 0.782500 0.044852 0.145000
0 0.669215 0.593750 0.037717 0.117500
0 0.034149 0.456250 0.031600 0.102500
0 0.683486 0.427500 0.029562 0.100000
0 0.953109 0.686250 0.038736 0.137500
0 0.287462 0.883750 0.053007 0.182500
0 0.497961 0.513750 0.033639 0.112500
0 0.340469 0.748750 0.040775 0.122500
0 0.096330 0.443750 0.029562 0.097500
0 0.508665 0.380000 0.028542 0.095000
0 0.604995 0.497500 0.033639 0.110000
0 0.432722 0.393750 0.027523 0.082500
0 0.946483 0.458750 0.025484 0.082500
0 0.351682 0.302500 0.024465 0.070000
0 0.132518 0.252500 0.020387 0.065000
0 0.467890 0.280000 0.020387 0.060000
0 0.884302 0.213750 0.023445 0.062500
0 0.753313 0.382500 0.024465 0.090000
0 0.889908 0.335000 0.024465 0.070000
0 0.281346 0.271250 0.022426 0.067500
0 0.444444 0.181250 0.016310 0.057500
0 0.167686 0.251250 0.021407 0.072500
0 0.517839 0.225000 0.020387 0.065000
0 0.779817 0.462500 0.026504 0.080000
0 0.780326 0.212500 0.019368 0.065000
0 0.573394 0.322500 0.021407 0.065000
0 0.915392 0.147500 0.018349 0.050000
0 0.414883 0.247500 0.016310 0.055000
0 0.826707 0.307500 0.024465 0.080000
0 0.381753 0.261250 0.019368 0.062500
0 0.954128 0.288750 0.024465 0.067500
0 0.582059 0.180000 0.016310 0.050000
0 0.364934 0.397500 0.026504 0.085000
0 0.794088 0.142500 0.016310 0.050000
0 0.502548 0.162500 0.018349 0.055000
0 0.701835 0.112500 0.013252 0.045000
0 0.071865 0.136250 0.015291 0.047500
0 0.851682 0.188750 0.015291 0.057500
0 0.709480 0.160000 0.016310 0.045000
0 0.632518 0.303750 0.021407 0.057500
0 0.084608 0.207500 0.018349 0.055000
0 0.591233 0.117500 0.014271 0.040000
0 0.885321 0.916250 0.062181 0.157500
0 0.309888 0.206250 0.016310 0.062500
0 0.741590 0.965000 0.058104 0.070000
0 0.988277 0.506250 0.023445 0.102500
0 0.243629 0.218750 0.020387 0.057500
0 0.365443 0.190000 0.019368 0.055000
0 0.396534 0.147500 0.014271 0.045000
0 0.035168 0.260000 0.021407 0.075000
0 0.816514 0.108750 0.014271 0.037500
0 0.202345 0.286250 0.021407 0.062500
0 0.888889 0.107500 0.014271 0.045000
0 0.161060 0.118750 0.016310 0.047500
0 0.608563 0.112500 0.012232 0.040000
0 0.041284 0.193750 0.021407 0.052500
0 0.155963 0.195000 0.016310 0.050000
0 0.740571 0.233750 0.019368 0.062500
0 0.114169 0.201250 0.016310 0.057500
0 0.035168 0.137500 0.013252 0.040000
0 0.752803 0.301250 0.019368 0.067500
0 0.207951 0.182500 0.016310 0.045000
0 0.147299 0.078750 0.013252 0.042500
0 0.108053 0.126250 0.014271 0.047500
0 0.552497 0.133750 0.014271 0.042500
0 0.518349 0.318750 0.021407 0.057500
0 0.470948 0.201250 0.018349 0.057500
0 0.253313 0.137500 0.015291 0.050000
0 0.360347 0.118750 0.015291 0.042500
0 0.629969 0.190000 0.012232 0.045000
0 0.007645 0.171250 0.013252 0.052500
0 0.326198 0.287500 0.022426 0.060000
0 0.520387 0.136250 0.015291 0.052500
0 0.195719 0.167500 0.014271 0.050000
0 0.678389 0.101250 0.015291 0.042500
0 0.977574 0.153750 0.018349 0.047500
0 0.214067 0.241250 0.020387 0.062500
0 0.447503 0.122500 0.014271 0.050000
0 0.654944 0.236250 0.019368 0.052500
0 0.644750 0.382500 0.029562 0.075000
0 0.229358 0.145000 0.012232 0.045000
0 0.804281 0.246250 0.016310 0.052500
0 0.282365 0.135000 0.016310 0.045000
0 0.480632 0.118750 0.013252 0.042500
0 0.195209 0.097500 0.011213 0.035000
0 0.267584 0.235000 0.015291 0.045000
0 0.716616 0.275000 0.018349 0.055000
0 0.533639 0.107500 0.013252 0.040000
0 0.219674 0.146250 0.013252 0.047500
0 0.680938 0.245000 0.020387 0.055000
0 0.672273 0.346250 0.025484 0.067500
0 0.794088 0.552500 0.030581 0.110000
0 0.092253 0.123750 0.013252 0.042500
0 0.391947 0.428750 0.031600 0.092500
0 0.759429 0.191250 0.016310 0.057500
0 0.864934 0.177500 0.015291 0.050000
0 0.391437 0.228750 0.016310 0.047500
0 0.629460 0.123750 0.013252 0.042500
0 0.124363 0.107500 0.016310 0.045000
0 0.267584 0.143750 0.013252 0.047500
0 0.347095 0.090000 0.011213 0.035000
0 0.296636 0.243750 0.016310 0.057500
0 0.954638 0.138750 0.015291 0.052500
0 0.533129 0.165000 0.016310 0.050000
0 0.468909 0.128750 0.014271 0.037500
0 0.626402 0.921250 0.056065 0.137500
0 0.417431 0.203750 0.015291 0.037500
0 0.380224 0.088750 0.012232 0.032500
0 0.639653 0.140000 0.013252 0.040000
0 0.767584 0.108750 0.014271 0.037500
0 0.989806 0.423750 0.020387 0.062500
0 0.324669 0.143750 0.013252 0.042500
0 0.774210 0.156250 0.015291 0.042500
0 0.503058 0.083750 0.011213 0.037500
0 0.992355 0.140000 0.013252 0.040000
0 0.407747 0.120000 0.012232 0.040000
0 0.426606 0.160000 0.013252 0.045000
0 0.990316 0.266250 0.019368 0.077500
0 0.888889 0.280000 0.020387 0.050000
0 0.177880 0.111250 0.013252 0.037500
0 0.564220 0.081250 0.011213 0.037500
0 0.649847 0.178750 0.015291 0.042500
0 0.927115 0.075000 0.013252 0.045000
0 0.483690 0.161250 0.013252 0.042500
0 0.399083 0.106250 0.013252 0.037500
0 0.300714 0.121250 0.014271 0.042500
0 0.358308 0.256250 0.019368 0.047500
0 0.988787 0.683750 0.022426 0.102500
0 0.432212 0.120000 0.012232 0.040000
0 0.711009 0.231250 0.019368 0.052500
0 0.460245 0.165000 0.015291 0.045000
0 0.284913 0.033750 0.009174 0.027500
0 0.957187 0.215000 0.018349 0.055000
0 0.321101 0.172500 0.014271 0.040000
0 0.213558 0.512500 0.045872 0.090000
0 0.094801 0.086250 0.014271 0.032500
0 0.069317 0.111250 0.018349 0.037500
0 0.232416 0.106250 0.014271 0.037500
0 0.343527 0.122500 0.014271 0.030000
0 0.312946 0.122500 0.014271 0.045000
0 0.871050 0.283750 0.019368 0.072500
0 0.819062 0.146250 0.015291 0.052500
0 0.660041 0.075000 0.013252 0.030000
