0 0.474516 0.602500 0.039755 0.115000
0 0.234455 0.857500 0.053007 0.190000
0 0.188073 0.612500 0.043833 0.140000
0 0.541284 0.696250 0.044852 0.127500
0 0.145260 0.541250 0.041794 0.132500
0 0.666157 0.545000 0.029562 0.110000
0 0.298675 0.891250 0.048930 0.162500
0 0.418960 0.500000 0.030581 0.090000
0 0.540775 0.935000 0.054027 0.130000
0 0.723751 0.412500 0.032620 0.110000
0 0.535168 0.422500 0.030581 0.095000
0 0.574924 0.532500 0.030581 0.120000
0 0.267584 0.343750 0.027523 0.072500
0 0.345566 0.486250 0.028542 0.097500
0 0.679409 0.415000 0.025484 0.080000
0 0.638124 0.455000 0.028542 0.090000
0 0.857288 0.515000 0.028542 0.100000
0 0.888379 0.431250 0.027523 0.092500
0 0.922018 0.402500 0.025484 0.080000
0 0.300714 0.433750 0.026504 0.092500
0 0.178899 0.447500 0.025484 0.095000
0 0.053007 0.541250 0.042813 0.112500
0 0.366972 0.145000 0.016310 0.050000
0 0.981651 0.687500 0.034659 0.130000
0 0.601937 0.631250 0.041794 0.117500
0 0.586137 0.362500 0.024465 0.080000
0 0.661060 0.356250 0.025484 0.077500
0 0.379205 0.256250 0.020387 0.062500
0 0.305301 0.270000 0.019368 0.070000
0 0.613660 0.395000 0.026504 0.085000
0 0.469419 0.343750 0.033639 0.082500
0 0.736493 0.328750 0.021407 0.072500
0 0.685015 0.258750 0.018349 0.072500
0 0.373598 0.433750 0.025484 0.082500
0 0.198267 0.238750 0.019368 0.057500
0 0.526504 0.287500 0.019368 0.060000
0 0.141182 0.168750 0.017329 0.052500
0 0.038226 0.251250 0.021407 0.057500
0 0.985219 0.472500 0.029562 0.100000
0 0.080530 0.171250 0.014271 0.047500
0 0.352192 0.213750 0.017329 0.057500
0 0.797146 0.185000 0.018349 0.050000
0 0.042813 0.153750 0.012232 0.042500
0 0.366463 0.360000 0.021407 0.070000
0 0.168196 0.230000 0.018349 0.065000
0 0.648828 0.295000 0.021407 0.060000
0 0.042304 0.343750 0.023445 0.067500
0 0.201835 0.317500 0.020387 0.070000
0 0.102956 0.142500 0.012232 0.040000
0 0.393476 0.181250 0.016310 0.047500
0 0.074414 0.287500 0.018349 0.065000
0 0.226300 0.221250 0.020387 0.072500
0 0.164628 0.335000 0.019368 0.070000
0 0.980122 0.357500 0.025484 0.080000
0 0.841998 0.380000 0.020387 0.070000
0 0.701835 0.063750 0.013252 0.037500
0 0.317023 0.151250 0.014271 0.047500
0 0.707441 0.172500 0.014271 0.045000
0 0.011213 0.161250 0.014271 0.042500
0 0.862385 0.426250 0.022426 0.082500
0 0.558104 0.278750 0.017329 0.057500
0 0.405708 0.255000 0.016310 0.060000
0 0.006626 0.216250 0.011213 0.062500
0 0.522936 0.190000 0.020387 0.055000
0 0.293578 0.212500 0.018349 0.060000
0 0.593272 0.205000 0.016310 0.050000
0 0.407747 0.093750 0.012232 0.037500
0 0.813965 0.152500 0.015291 0.040000
0 0.501019 0.252500 0.019368 0.065000
0 0.876147 0.240000 0.021407 0.065000
0 0.267584 0.262500 0.023445 0.060000
0 0.850153 0.292500 0.020387 0.065000
0 0.119266 0.136250 0.014271 0.042500
0 0.008665 0.096250 0.011213 0.032500
0 0.672273 0.145000 0.015291 0.045000
0 0.467380 0.128750 0.015291 0.047500
0 0.834862 0.121250 0.014271 0.037500
0 0.702345 0.227500 0.018349 0.060000
0 0.488787 0.181250 0.015291 0.047500
0 0.751784 0.227500 0.017329 0.060000
0 0.959735 0.190000 0.017329 0.050000
0 0.061162 0.123750 0.014271 0.042500
0 0.541794 0.121250 0.013252 0.042500
0 0.332824 0.132500 0.015291 0.045000
0 0.028033 0.116250 0.013252 0.037500
0 0.484200 0.102500 0.012232 0.035000
0 0.436290 0.270000 0.018349 0.055000
0 0.786952 0.410000 0.026504 0.085000
0 0.202854 0.165000 0.014271 0.045000
0 0.258410 0.195000 0.015291 0.050000
0 0.874108 0.666250 0.045872 0.157500
0 0.085117 0.088750 0.011213 0.032500
0 0.267584 0.085000 0.011213 0.040000
0 0.252294 0.160000 0.013252 0.035000
0 0.164628 0.107500 0.013252 0.045000
0 0.228338 0.340000 0.020387 0.065000
0 0.641692 0.190000 0.017329 0.055000
0 0.452090 0.102500 0.013252 0.040000
0 0.245668 0.246250 0.016310 0.052500
0 0.066259 0.231250 0.018349 0.047500
0 0.877676 0.091250 0.014271 0.037500
0 0.669725 0.098750 0.014271 0.037500
0 0.254332 0.113750 0.013252 0.037500
0 0.181957 0.103750 0.013252 0.037500
0 0.393476 0.088750 0.012232 0.037500
0 0.995413 0.338750 0.009174 0.067500
0 0.728338 0.175000 0.015291 0.045000
0 0.520387 0.353750 0.017329 0.057500
0 0.351682 0.127500 0.012232 0.040000
0 0.023955 0.157500 0.013252 0.040000
0 0.792559 0.692500 0.041794 0.120000
0 0.295107 0.133750 0.013252 0.042500
0 0.185525 0.207500 0.014271 0.045000
0 0.450561 0.155000 0.016310 0.050000
0 0.958206 0.146250 0.016310 0.037500
0 0.923038 0.273750 0.023445 0.072500
0 0.513252 0.120000 0.013252 0.040000
0 0.892966 0.102500 0.014271 0.035000
0 0.769623 0.193750 0.016310 0.042500
0 0.750765 0.148750 0.013252 0.042500
0 0.458716 0.202500 0.012232 0.045000
0 0.769623 0.112500 0.012232 0.040000
0 0.617227 0.148750 0.013252 0.042500
0 0.571865 0.207500 0.014271 0.040000
0 0.210499 0.105000 0.013252 0.040000
0 0.306320 0.130000 0.013252 0.040000
0 0.603976 0.151250 0.013252 0.047500
0 0.135066 0.126250 0.013252 0.037500
0 0.381753 0.132500 0.013252 0.045000
0 0.508155 0.168750 0.013252 0.047500
0 0.228338 0.152500 0.014271 0.045000
0 0.929664 0.172500 0.016310 0.040000
0 0.558104 0.221250 0.013252 0.042500
0 0.592253 0.137500 0.012232 0.040000
0 0.190112 0.141250 0.013252 0.037500
0 0.720693 0.131250 0.012232 0.037500
0 0.411315 0.195000 0.015291 0.045000
0 0.240061 0.177500 0.013252 0.045000
0 0.346585 0.333750 0.020387 0.057500
0 0.874618 0.156250 0.016310 0.042500
0 0.232416 0.127500 0.014271 0.040000
0 0.364934 0.081250 0.010194 0.032500
0 0.784404 0.687500 0.060143 0.125000
0 0.832314 0.253750 0.019368 0.062500
0 0.442915 0.320000 0.017329 0.070000
0 0.420489 0.147500 0.015291 0.040000
0 0.606014 0.111250 0.011213 0.032500
0 0.082059 0.123750 0.013252 0.037500
0 0.795107 0.322500 0.020387 0.055000
0 0.045362 0.102500 0.009174 0.025000
0 0.287462 0.088750 0.012232 0.032500
0 0.564220 0.106250 0.011213 0.032500
0 0.653925 0.101250 0.011213 0.027500
0 0.666157 0.227500 0.019368 0.050000
0 0.622834 0.243750 0.020387 0.052500
