0 0.664529 0.683227 0.0415985 0.15717
0 0.123603 0.560688 0.0401032 0.146183
0 0.832204 0.761234 0.0549448 0.151447
0 0.627292 0.575941 0.0431808 0.132763
0 0.353039 0.571224 0.0347695 0.118817
0 0.227583 0.762557 0.0429188 0.150825
0 0.79211 0.656113 0.0424873 0.138906
0 0.108426 0.910245 0.0622974 0.178993
0 0.443592 0.371166 0.0278286 0.0833741
0 0.73022 0.485567 0.0299862 0.113867
0 0.941527 0.408795 0.0305333 0.108553
0 0.374694 0.445802 0.0352111 0.104997
0 0.713003 0.683282 0.0396224 0.119381
0 0.970231 0.873872 0.0527355 0.144611
0 0.620022 0.881636 0.0496942 0.166719
0 0.184914 0.518315 0.0324746 0.120463
0 0.369003 0.34334 0.0255903 0.077124
0 0.847611 0.440301 0.0329082 0.103511
0 0.23216 0.431905 0.0275787 0.101167
0 0.629788 0.399757 0.0277264 0.0878771
0 0.459354 0.465131 0.0336607 0.123068
0 0.300619 0.41303 0.0304093 0.10565
0 0.324613 0.272154 0.0219785 0.0788056
0 0.592694 0.513335 0.0280819 0.105164
0 0.412884 0.933992 0.0611872 0.132017
0 0.294359 0.322529 0.0217387 0.0727673
0 0.266569 0.159054 0.0200952 0.0620228
0 0.756919 0.376852 0.0306884 0.0971289
0 0.606264 0.317415 0.0216491 0.0676042
0 0.391962 0.262926 0.0229972 0.0695598
0 0.448019 0.267692 0.0236521 0.0784368
0 0.235694 0.262566 0.0233323 0.0733208
0 0.817819 0.386948 0.0242166 0.0803026
0 0.629176 0.244538 0.0206123 0.0703925
0 0.977858 0.72829 0.0442843 0.127232
0 0.849228 0.261215 0.0202625 0.0720196
0 0.786791 0.921123 0.05102 0.153996
0 0.935537 0.226999 0.0182573 0.0589289
0 0.688878 0.153934 0.0157986 0.0548866
0 0.715833 0.29526 0.0231944 0.0711361
0 0.691713 0.23548 0.0218968 0.0677841
0 0.738006 0.239496 0.0234942 0.0766909
0 0.537303 0.251838 0.0188039 0.0675537
0 0.199589 0.239837 0.0168162 0.0614418
0 0.978007 0.145754 0.0162617 0.0589359
0 0.531003 0.142865 0.013938 0.0490672
0 0.662463 0.154804 0.0178088 0.0625319
0 0.416841 0.110533 0.015474 0.054429
0 0.549642 0.20583 0.0184786 0.0569832
0 0.33115 0.132813 0.0164585 0.0540495
0 0.459565 0.124271 0.0190693 0.0576871
0 0.378702 0.119516 0.0154353 0.0556803
0 0.141366 0.205747 0.0190473 0.073006
0 0.707405 0.124314 0.0157157 0.0491353
0 0.299791 0.253771 0.0192933 0.0604874
0 0.255062 0.0441699 0.0146096 0.0445435
0 0.238787 0.120621 0.0177994 0.0506704
0 0.147059 0.409025 0.0246421 0.0760784
0 0.0582122 0.201312 0.0182979 0.075675
0 0.87089 0.111458 0.0164425 0.0566403
0 0.507609 0.136182 0.0143252 0.0532498
0 0.493718 0.113951 0.014833 0.0564749
0 0.254743 0.220508 0.0183111 0.0720436
0 0.94666 0.129735 0.014825 0.0493639
0 0.108503 0.111149 0.0139274 0.053484
0 0.667513 0.0964045 0.015347 0.0472881
0 0.00930839 0.122948 0.0160393 0.048733
0 0.449954 0.0850515 0.0153302 0.0478268
0 0.728547 0.107752 0.0145061 0.0470255
0 0.789387 0.110323 0.0123812 0.0393887
0 0.274962 0.0931358 0.0164895 0.0475904
0 0.0745904 0.124191 0.0170076 0.0518453
0 0.902364 0.109054 0.0159612 0.0403712
0 0.357197 0.131606 0.0158197 0.0554411
0 0.402796 0.0356488 0.0117596 0.0391339
0 0.377613 0.0684756 0.0125219 0.0387466
0 0.901515 0.0471216 0.0143737 0.039047
0 0.540587 0.102802 0.0120598 0.0397074
0 0.152114 0.0785145 0.0118804 0.0366094
0 0.809198 0.118627 0.0144464 0.0438573
0 0.129995 0.0692705 0.0124727 0.0375869
0 0.867765 0.948731 0.055349 0.0775183
0 0.66428 0.238141 0.0235893 0.0780097
0 0.431317 0.0807139 0.0166699 0.0507242
0 0.185338 0.053333 0.0142787 0.043312
0 0.851685 0.372588 0.0285637 0.0735822
0 0.0783088 0.0689072 0.0146734 0.040648
0 0.621211 0.0907348 0.0165905 0.0503806
0 0.582377 0.136679 0.0141922 0.0464651
0 0.00644117 0.652923 0.0125837 0.138044
0 0.928823 0.0958305 0.0154609 0.0459745
0 0.586951 0.0763669 0.0157021 0.0501513
0 0.608066 0.0602002 0.0129992 0.0378342
0 0.315427 0.126836 0.0140644 0.0451924
0 0.603646 0.220784 0.0185709 0.0670343
0 0.645267 0.120588 0.0161799 0.0537948
0 0.299708 0.0305394 0.0129213 0.0486209
0 0.0620473 0.0287924 0.0134702 0.0423155
0 0.466779 0.0715777 0.0126814 0.0455098
0 0.601711 0.159229 0.0197962 0.0595189
0 0.752989 0.0877398 0.0124483 0.0422296
0 0.0127991 0.237152 0.023103 0.0732813
0 0.477044 0.0682012 0.0125009 0.0445666
0 0.414829 0.260658 0.0186392 0.0754078
0 0.143557 0.0292223 0.0124783 0.0334226
0 0.746245 0.153024 0.0150728 0.0573484
0 0.141901 0.140271 0.0152532 0.0418181
0 0.0111078 0.0676825 0.0146995 0.0457433
0 0.542002 0.0671179 0.0147309 0.0379137
0 0.689301 0.0373117 0.0149893 0.0440864
0 0.85303 0.114939 0.0142399 0.042994
0 0.18219 0.114624 0.0138597 0.0437698
0 0.827424 0.0632205 0.0116001 0.0315083
0 0.711017 0.0302495 0.0110724 0.034107
0 0.657327 0.0742562 0.0126045 0.040383
0 0.121952 0.114447 0.0132019 0.0454866
0 0.351913 0.0661211 0.0143761 0.0470399
0 0.831067 0.12223 0.0142637 0.041702
0 0.784065 0.186795 0.020769 0.0609925
0 0.0385268 0.117907 0.0194543 0.0591514
0 0.718659 0.0867834 0.0123091 0.0410663
0 0.58348 0.232948 0.0208527 0.0727016
0 0.801971 0.0728151 0.012565 0.0353033
0 0.690736 0.109979 0.0131256 0.0359542
0 0.237081 0.0715396 0.0133652 0.0380162
0 0.522809 0.0356167 0.0105455 0.0394057
0 0.418985 0.0363762 0.01369 0.044051
0 0.591566 0.97953 0.0599401 0.0409399
