0 0.076962 0.526250 0.035678 0.107500
0 0.016310 0.455000 0.028542 0.075000
0 0.169725 0.433750 0.031600 0.097500
0 0.014271 0.395000 0.024465 0.055000
0 0.085627 0.246250 0.026504 0.067500
0 0.024975 0.262500 0.021407 0.065000
0 0.123344 0.188750 0.014271 0.047500
0 0.193680 0.293750 0.022426 0.067500
0 0.180428 0.241250 0.018349 0.052500
0 0.244648 0.268750 0.022426 0.072500
0 0.253313 0.400000 0.023445 0.080000
0 0.291030 0.287500 0.023445 0.075000
0 0.317023 0.271250 0.018349 0.067500
0 0.157492 0.192500 0.017329 0.045000
0 0.072375 0.177500 0.018349 0.050000
0 0.021916 0.155000 0.019368 0.055000
0 0.120285 0.097500 0.014271 0.045000
0 0.134557 0.166250 0.016310 0.047500
0 0.380224 0.232500 0.018349 0.065000
0 0.448522 0.217500 0.022426 0.070000
0 0.130479 0.876250 0.073394 0.157500
0 0.094292 0.160000 0.015291 0.045000
0 0.026504 0.090000 0.012232 0.035000
0 0.043833 0.088750 0.012232 0.042500
0 0.075943 0.101250 0.013252 0.037500
0 0.098879 0.088750 0.010194 0.032500
0 0.153925 0.093750 0.014271 0.042500
0 0.185015 0.155000 0.015291 0.045000
0 0.214067 0.166250 0.016310 0.047500
0 0.227319 0.220000 0.020387 0.065000
0 0.246687 0.152500 0.014271 0.055000
0 0.257390 0.146250 0.011213 0.042500
0 0.285423 0.158750 0.016310 0.052500
0 0.336391 0.200000 0.018349 0.050000
0 0.301223 0.100000 0.015291 0.045000
0 0.271152 0.111250 0.014271 0.057500
0 0.365953 0.110000 0.016310 0.045000
0 0.348624 0.103750 0.012232 0.037500
0 0.399592 0.156250 0.014271 0.052500
0 0.395005 0.211250 0.021407 0.057500
0 0.388889 0.081250 0.017329 0.037500
0 0.518349 0.163750 0.019368 0.052500
0 0.509174 0.242500 0.019368 0.055000
0 0.440877 0.165000 0.017329 0.055000
0 0.456677 0.162500 0.016310 0.050000
0 0.325178 0.112500 0.018349 0.050000
0 0.420999 0.123750 0.016310 0.057500
0 0.557085 0.217500 0.017329 0.055000
0 0.490826 0.096250 0.015291 0.047500
0 0.481651 0.151250 0.015291 0.047500
0 0.600917 0.236250 0.021407 0.062500
0 0.620795 0.193750 0.018349 0.057500
0 0.649337 0.207500 0.016310 0.060000
0 0.674312 0.217500 0.017329 0.055000
0 0.617737 0.111250 0.012232 0.042500
0 0.633537 0.132500 0.017329 0.045000
0 0.666667 0.126250 0.014271 0.047500
0 0.717635 0.212500 0.018349 0.065000
0 0.697757 0.272500 0.025484 0.065000
0 0.767584 0.361250 0.026504 0.087500
0 0.775229 0.251250 0.019368 0.057500
0 0.750255 0.171250 0.014271 0.042500
0 0.787971 0.171250 0.016310 0.047500
0 0.741590 0.168750 0.011213 0.037500
0 0.710499 0.177500 0.014271 0.045000
0 0.720693 0.106250 0.016310 0.047500
0 0.765036 0.098750 0.015291 0.037500
0 0.818043 0.090000 0.017329 0.045000
0 0.866972 0.390000 0.033639 0.100000
0 0.802243 0.237500 0.018349 0.055000
0 0.847604 0.177500 0.015291 0.055000
0 0.927625 0.132500 0.014271 0.050000
0 0.913354 0.312500 0.018349 0.065000
0 0.937309 0.337500 0.023445 0.070000
0 0.876656 0.132500 0.016310 0.050000
0 0.957187 0.172500 0.018349 0.055000
0 0.979613 0.140000 0.014271 0.055000
0 0.262997 0.063750 0.012232 0.037500
0 0.229867 0.068750 0.009174 0.032500
0 0.185525 0.082500 0.012232 0.035000
0 0.601427 0.743750 0.040775 0.137500
0 0.576962 0.931250 0.065240 0.137500
