0 0.477574 0.783750 0.041794 0.127500
0 0.575433 0.710000 0.039755 0.135000
0 0.548930 0.910000 0.047910 0.160000
0 0.884302 0.890000 0.039755 0.130000
0 0.715087 0.476250 0.027523 0.097500
0 0.118756 0.863750 0.060143 0.172500
0 0.696738 0.926250 0.064220 0.147500
0 0.454128 0.532500 0.025484 0.090000
0 0.031600 0.550000 0.042813 0.120000
0 0.757390 0.895000 0.034659 0.140000
0 0.847604 0.488750 0.033639 0.102500
0 0.661060 0.487500 0.029562 0.095000
0 0.418451 0.562500 0.037717 0.115000
0 0.557594 0.358750 0.024465 0.077500
0 0.619266 0.403750 0.029562 0.072500
0 0.513761 0.438750 0.028542 0.077500
0 0.571865 0.492500 0.032620 0.100000
0 0.331295 0.566250 0.040775 0.107500
0 0.271152 0.433750 0.026504 0.087500
0 0.158002 0.291250 0.022426 0.077500
0 0.308869 0.373750 0.024465 0.077500
0 0.354230 0.413750 0.029562 0.087500
0 0.054027 0.358750 0.028542 0.092500
0 0.252294 0.883750 0.047910 0.167500
0 0.480632 0.303750 0.021407 0.062500
0 0.145770 0.222500 0.018349 0.055000
0 0.180428 0.481250 0.032620 0.107500
0 0.663609 0.362500 0.024465 0.075000
0 0.775739 0.462500 0.026504 0.085000
0 0.729867 0.400000 0.024465 0.080000
0 0.585627 0.275000 0.021407 0.070000
0 0.873598 0.370000 0.024465 0.080000
0 0.168705 0.228750 0.019368 0.057500
0 0.627421 0.347500 0.025484 0.070000
0 0.194699 0.168750 0.018349 0.057500
0 0.146789 0.155000 0.014271 0.045000
0 0.723242 0.863750 0.039755 0.167500
0 0.101427 0.205000 0.017329 0.060000
0 0.366972 0.145000 0.016310 0.050000
0 0.460245 0.346250 0.023445 0.082500
0 0.373598 0.245000 0.019368 0.070000
0 0.045872 0.882500 0.061162 0.190000
0 0.502039 0.273750 0.019368 0.062500
0 0.049949 0.277500 0.022426 0.055000
0 0.235474 0.306250 0.022426 0.067500
0 0.788481 0.368750 0.023445 0.087500
0 0.771662 0.297500 0.022426 0.070000
0 0.962793 0.580000 0.031600 0.100000
0 0.217125 0.601250 0.038736 0.137500
0 0.127421 0.108750 0.014271 0.042500
0 0.278287 0.170000 0.014271 0.050000
0 0.820082 0.257500 0.021407 0.060000
0 0.598879 0.211250 0.017329 0.052500
0 0.412844 0.335000 0.020387 0.070000
0 0.676351 0.168750 0.015291 0.052500
0 0.712029 0.177500 0.017329 0.050000
0 0.335882 0.271250 0.021407 0.062500
0 0.115189 0.140000 0.014271 0.045000
0 0.066769 0.168750 0.013252 0.042500
0 0.545872 0.158750 0.015291 0.042500
0 0.411315 0.141250 0.015291 0.047500
0 0.723242 0.300000 0.019368 0.065000
0 0.809378 0.305000 0.018349 0.060000
0 0.240061 0.188750 0.019368 0.062500
0 0.303262 0.081250 0.013252 0.042500
0 0.609582 0.062500 0.016310 0.045000
0 0.904179 0.173750 0.016310 0.052500
0 0.849134 0.151250 0.014271 0.042500
0 0.799185 0.166250 0.016310 0.052500
0 0.503568 0.188750 0.018349 0.052500
0 0.501529 0.136250 0.016310 0.047500
0 0.985729 0.365000 0.022426 0.080000
0 0.539755 0.228750 0.017329 0.057500
0 0.889908 0.213750 0.016310 0.052500
0 0.679409 0.310000 0.017329 0.055000
0 0.959225 0.266250 0.016310 0.062500
0 0.468400 0.168750 0.015291 0.047500
0 0.013761 0.140000 0.017329 0.055000
0 0.689602 0.195000 0.017329 0.050000
0 0.557085 0.225000 0.015291 0.060000
0 0.766565 0.205000 0.016310 0.055000
0 0.754842 0.172500 0.015291 0.045000
0 0.312946 0.165000 0.016310 0.050000
0 0.355759 0.105000 0.014271 0.045000
0 0.432722 0.160000 0.015291 0.040000
0 0.951580 0.432500 0.027523 0.080000
0 0.588175 0.120000 0.014271 0.045000
0 0.947503 0.531250 0.025484 0.082500
0 0.935270 0.181250 0.015291 0.047500
0 0.789501 0.246250 0.017329 0.057500
0 0.630479 0.245000 0.017329 0.055000
0 0.044852 0.128750 0.016310 0.042500
0 0.392966 0.171250 0.017329 0.052500
0 0.263507 0.130000 0.015291 0.045000
0 0.033129 0.098750 0.013252 0.042500
0 0.519878 0.198750 0.016310 0.047500
0 0.164118 0.127500 0.012232 0.040000
0 0.628950 0.175000 0.014271 0.050000
0 0.103466 0.085000 0.011213 0.035000
0 0.059123 0.143750 0.012232 0.042500
0 0.007645 0.295000 0.013252 0.065000
0 0.341488 0.165000 0.018349 0.050000
0 0.202345 0.436250 0.023445 0.077500
0 0.181957 0.127500 0.015291 0.045000
0 0.330785 0.088750 0.013252 0.037500
0 0.983180 0.151250 0.015291 0.042500
0 0.981142 0.206250 0.017329 0.057500
0 0.213048 0.230000 0.016310 0.050000
0 0.658002 0.176250 0.015291 0.047500
0 0.529052 0.166250 0.014271 0.042500
0 0.954638 0.202500 0.015291 0.055000
0 0.810398 0.082500 0.012232 0.040000
0 0.383792 0.110000 0.013252 0.040000
0 0.816004 0.161250 0.015291 0.052500
0 0.533639 0.096250 0.013252 0.037500
0 0.827217 0.473750 0.017329 0.082500
0 0.706932 0.220000 0.017329 0.050000
0 0.560652 0.086250 0.014271 0.042500
0 0.238022 0.116250 0.013252 0.042500
0 0.279307 0.118750 0.012232 0.042500
0 0.428644 0.318750 0.017329 0.067500
0 0.884811 0.096250 0.010194 0.032500
0 0.919980 0.096250 0.013252 0.037500
0 0.476555 0.102500 0.013252 0.035000
0 0.838940 0.106250 0.012232 0.037500
0 0.857288 0.111250 0.014271 0.037500
0 0.615189 0.243750 0.015291 0.057500
0 0.004587 0.586250 0.007136 0.107500
0 0.211009 0.140000 0.014271 0.045000
0 0.895005 0.105000 0.012232 0.035000
0 0.755352 0.350000 0.018349 0.060000
0 0.522426 0.080000 0.011213 0.035000
0 0.077982 0.138750 0.011213 0.037500
0 0.564730 0.133750 0.014271 0.042500
0 0.260449 0.178750 0.015291 0.052500
0 0.574414 0.206250 0.013252 0.052500
0 0.087156 0.111250 0.013252 0.042500
0 0.324159 0.225000 0.014271 0.050000
0 0.739551 0.070000 0.011213 0.035000
0 0.334353 0.396250 0.020387 0.087500
0 0.980122 0.277500 0.017329 0.055000
0 0.444954 0.308750 0.017329 0.057500
0 0.427625 0.205000 0.015291 0.050000
0 0.308869 0.240000 0.014271 0.045000
0 0.432212 0.101250 0.012232 0.032500
0 0.341998 0.122500 0.011213 0.035000
0 0.226809 0.823750 0.039755 0.117500
0 0.186035 0.591250 0.043833 0.122500
0 0.273700 0.252500 0.019368 0.065000
0 0.495923 0.101250 0.011213 0.027500
0 0.805810 0.468750 0.029562 0.092500
0 0.775739 0.138750 0.016310 0.032500
0 0.945464 0.118750 0.015291 0.042500
0 0.395515 0.427500 0.028542 0.090000
0 0.149337 0.388750 0.023445 0.097500
