0 0.642712 0.444737 0.023445 0.068421
0 0.581040 0.600000 0.028542 0.084211
0 0.405708 0.663158 0.026504 0.073684
0 0.504077 0.609211 0.021407 0.076316
0 0.738532 0.097368 0.015291 0.047368
0 0.446483 0.085526 0.012232 0.039474
0 0.017329 0.167105 0.012232 0.039474
0 0.794088 0.096053 0.014271 0.039474
0 0.582569 0.136842 0.011213 0.036842
0 0.192151 0.190789 0.013252 0.039474
0 0.084098 0.071053 0.009174 0.031579
0 0.770642 0.109211 0.014271 0.039474
0 0.030071 0.097368 0.009174 0.031579
0 0.108563 0.088158 0.009174 0.028947
0 0.454128 0.040789 0.011213 0.034211
0 0.703364 0.111842 0.016310 0.044737
0 0.668705 0.155263 0.014271 0.042105
0 0.592762 0.076316 0.011213 0.036842
0 0.095311 0.075000 0.009174 0.028947
0 0.431702 0.055263 0.011213 0.031579
0 0.577472 0.051316 0.011213 0.034211
0 0.036188 0.128947 0.013252 0.042105
0 0.488277 0.063158 0.012232 0.036842
0 0.533639 0.044737 0.011213 0.036842
0 0.144750 0.077632 0.012232 0.034211
0 0.207441 0.071053 0.011213 0.031579
0 0.161570 0.067105 0.013252 0.039474
0 0.066769 0.088158 0.009174 0.028947
0 0.639144 0.151316 0.014271 0.039474
0 0.180938 0.076316 0.011213 0.031579
0 0.231906 0.169737 0.015291 0.034211
0 0.593782 0.036842 0.009174 0.031579
0 0.551988 0.039474 0.013252 0.036842
0 0.647299 0.039474 0.012232 0.042105
0 0.664118 0.035526 0.013252 0.044737
0 0.679409 0.031579 0.015291 0.042105
0 0.637615 0.609211 0.033639 0.086842
0 0.967890 0.021053 0.011213 0.031579
