0 0.533639 0.793750 0.041794 0.127500
0 0.726300 0.781250 0.047910 0.142500
0 0.721713 0.531250 0.036697 0.107500
0 0.463812 0.700000 0.036697 0.130000
0 0.763507 0.512500 0.032620 0.105000
0 0.405199 0.765000 0.051988 0.145000
0 0.247706 0.896250 0.057085 0.197500
0 0.934251 0.637500 0.035678 0.120000
0 0.826707 0.623750 0.032620 0.102500
0 0.829256 0.757500 0.049949 0.135000
0 0.865443 0.595000 0.036697 0.115000
0 0.948012 0.867500 0.050968 0.145000
0 0.858308 0.490000 0.030581 0.080000
0 0.120795 0.360000 0.027523 0.095000
0 0.869011 0.335000 0.027523 0.080000
0 0.028542 0.545000 0.036697 0.120000
0 0.456167 0.371250 0.031600 0.092500
0 0.513252 0.367500 0.027523 0.085000
0 0.785933 0.373750 0.022426 0.077500
0 0.606524 0.608750 0.038736 0.122500
0 0.344037 0.397500 0.027523 0.085000
0 0.929664 0.362500 0.026504 0.090000
0 0.246687 0.390000 0.030581 0.085000
0 0.493374 0.236250 0.020387 0.062500
0 0.676860 0.331250 0.024465 0.072500
0 0.281855 0.156250 0.017329 0.052500
0 0.690622 0.095000 0.015291 0.040000
0 0.327727 0.230000 0.019368 0.055000
0 0.716106 0.087500 0.011213 0.035000
0 0.382263 0.381250 0.028542 0.082500
0 0.235474 0.256250 0.022426 0.062500
0 0.445464 0.200000 0.016310 0.055000
0 0.614679 0.133750 0.016310 0.047500
0 0.641182 0.185000 0.016310 0.050000
0 0.476045 0.141250 0.014271 0.047500
0 0.761468 0.320000 0.020387 0.075000
0 0.653415 0.121250 0.016310 0.047500
0 0.595821 0.140000 0.015291 0.045000
0 0.738022 0.938750 0.042813 0.122500
0 0.424057 0.478750 0.030581 0.097500
0 0.170234 0.112500 0.014271 0.045000
0 0.018349 0.098750 0.014271 0.047500
0 0.082569 0.183750 0.018349 0.047500
0 0.571865 0.231250 0.018349 0.052500
0 0.126911 0.688750 0.037717 0.117500
0 0.932722 0.116250 0.016310 0.047500
0 0.794597 0.190000 0.015291 0.045000
0 0.050968 0.122500 0.014271 0.045000
0 0.328236 0.152500 0.014271 0.045000
0 0.662589 0.270000 0.022426 0.065000
0 0.673293 0.117500 0.013252 0.040000
0 0.069827 0.296250 0.027523 0.072500
0 0.037207 0.326250 0.023445 0.062500
0 0.911825 0.150000 0.017329 0.045000
0 0.363405 0.153750 0.015291 0.042500
0 0.189602 0.151250 0.014271 0.047500
0 0.231397 0.103750 0.014271 0.042500
0 0.445464 0.120000 0.014271 0.040000
0 0.257390 0.151250 0.013252 0.042500
0 0.750765 0.142500 0.015291 0.045000
0 0.901121 0.543750 0.032620 0.112500
0 0.256881 0.105000 0.014271 0.045000
0 0.101427 0.146250 0.013252 0.042500
0 0.005097 0.083750 0.008155 0.042500
0 0.226300 0.151250 0.016310 0.047500
0 0.891947 0.102500 0.014271 0.040000
0 0.383792 0.107500 0.013252 0.040000
0 0.544343 0.298750 0.018349 0.067500
0 0.065240 0.128750 0.014271 0.047500
0 0.038226 0.191250 0.015291 0.042500
0 0.569317 0.083750 0.013252 0.032500
0 0.871560 0.120000 0.014271 0.040000
0 0.836391 0.188750 0.015291 0.047500
0 0.905199 0.202500 0.016310 0.050000
0 0.351682 0.963750 0.073394 0.072500
0 0.339450 0.110000 0.014271 0.040000
0 0.272171 0.121250 0.014271 0.037500
0 0.428644 0.362500 0.023445 0.070000
0 0.765545 0.118750 0.014271 0.042500
0 0.142202 0.136250 0.013252 0.042500
0 0.108053 0.205000 0.014271 0.040000
0 0.501019 0.105000 0.015291 0.040000
0 0.414883 0.121250 0.014271 0.047500
0 0.395005 0.100000 0.011213 0.035000
0 0.281346 0.068750 0.014271 0.037500
0 0.352701 0.320000 0.022426 0.050000
0 0.352701 0.097500 0.014271 0.040000
0 0.830275 0.112500 0.013252 0.040000
0 0.065749 0.133750 0.013252 0.042500
0 0.410805 0.097500 0.014271 0.040000
0 0.755861 0.191250 0.017329 0.042500
0 0.629969 0.082500 0.012232 0.040000
0 0.848114 0.107500 0.012232 0.035000
0 0.811927 0.391250 0.025484 0.067500
0 0.595311 0.287500 0.022426 0.070000
0 0.424567 0.093750 0.013252 0.042500
0 0.111621 0.088750 0.011213 0.037500
0 0.191641 0.240000 0.020387 0.065000
0 0.198777 0.113750 0.014271 0.037500
0 0.979103 0.188750 0.017329 0.057500
0 0.301733 0.070000 0.012232 0.030000
0 0.546891 0.190000 0.013252 0.045000
0 0.543833 0.271250 0.017329 0.057500
0 0.803262 0.125000 0.014271 0.040000
0 0.527523 0.102500 0.015291 0.035000
0 0.960245 0.185000 0.016310 0.055000
0 0.369011 0.080000 0.010194 0.035000
0 0.787462 0.610000 0.037717 0.130000
