0 0.271751 0.755047 0.0410316 0.15502
0 0.212234 0.51739 0.0347818 0.110918
0 0.611585 0.639643 0.0391375 0.125405
0 0.0880278 0.603547 0.0399889 0.148701
0 0.204912 0.763707 0.0507354 0.157696
0 0.248564 0.517549 0.033392 0.12308
0 0.501607 0.663669 0.0420921 0.134315
0 0.544168 0.436281 0.0293208 0.110194
0 0.957218 0.733491 0.0395901 0.147649
0 0.466528 0.344374 0.0268461 0.0867944
0 0.769738 0.286624 0.0230987 0.0736663
0 0.590742 0.322229 0.0317304 0.089232
0 0.179154 0.227238 0.0225032 0.0708615
0 0.758464 0.226236 0.0176456 0.0624696
0 0.600504 0.24469 0.0192088 0.064403
0 0.158064 0.231593 0.0180763 0.0629102
0 0.343566 0.218994 0.0204832 0.0646248
0 0.225874 0.288356 0.026752 0.0784008
0 0.576674 0.24525 0.0186228 0.0598227
0 0.839956 0.144251 0.017765 0.0518419
0 0.279035 0.228953 0.0194749 0.0722495
0 0.484806 0.204889 0.0200519 0.0641648
0 0.685598 0.137157 0.0144748 0.0478811
0 0.535694 0.215212 0.0231344 0.0687094
0 0.382669 0.213053 0.0182987 0.058142
0 0.716154 0.153363 0.0165283 0.0499413
0 0.257558 0.251889 0.0222673 0.0743697
0 0.979518 0.922222 0.0409644 0.102093
0 0.02969 0.489961 0.0308416 0.0919389
0 0.809463 0.193447 0.0185658 0.0569642
0 0.58189 0.160547 0.0151001 0.0596766
0 0.784402 0.210016 0.0167254 0.0570837
0 0.904983 0.141419 0.0162955 0.0509313
0 0.515306 0.122398 0.0158135 0.0509179
0 0.678406 0.202318 0.0150968 0.0558531
0 0.152604 0.132867 0.0166471 0.0506217
0 0.433359 0.153901 0.0185373 0.0587256
0 0.461446 0.141534 0.015696 0.0524661
0 0.826927 0.210744 0.0154419 0.0579322
0 0.0112519 0.590064 0.022503 0.134903
0 0.645153 0.956801 0.0507433 0.0863973
0 0.0429902 0.20912 0.0194688 0.0645358
0 0.11646 0.199185 0.0195683 0.0537693
0 0.487683 0.131392 0.0174162 0.0516626
0 0.822381 0.120606 0.0152771 0.0487483
0 0.64574 0.212982 0.0152006 0.0555926
0 0.718824 0.0907569 0.0130256 0.0467866
0 0.676439 0.269805 0.0209627 0.0634102
0 0.25029 0.137114 0.0168098 0.0528594
0 0.660072 0.138465 0.0151074 0.0486128
0 0.565672 0.13245 0.0152916 0.050057
0 0.194945 0.116844 0.0159007 0.0540149
0 0.0877085 0.185904 0.0176075 0.0528122
0 0.736901 0.184044 0.0176864 0.060823
0 0.274088 0.311876 0.0214135 0.0740447
0 0.122612 0.127216 0.0162516 0.0477421
0 0.750193 0.138204 0.0158838 0.04801
0 0.61488 0.188692 0.0182732 0.0592925
0 0.690897 0.0304655 0.0133211 0.0388666
0 0.212987 0.136212 0.0163108 0.0552544
0 0.700038 0.221117 0.0189677 0.0586666
0 0.890741 0.0531715 0.013487 0.0418625
0 0.32221 0.085957 0.0133677 0.0461334
0 0.340199 0.0981364 0.0123831 0.0471818
0 0.0817012 0.117895 0.0142838 0.04498
0 0.109243 0.108246 0.0152827 0.0445479
0 0.0130547 0.163094 0.0185238 0.055481
0 0.616791 0.0770314 0.0149998 0.0450956
0 0.868027 0.104433 0.0124817 0.0387011
0 0.942327 0.131971 0.0158352 0.0447021
0 0.727627 0.0271629 0.0113661 0.0403471
0 0.616295 0.213466 0.0178967 0.0633917
0 0.699078 0.10123 0.0132771 0.0445228
0 0.946937 0.196688 0.0219372 0.0740597
0 0.645404 0.0980436 0.0127685 0.0384839
0 0.816243 0.060199 0.0139917 0.038829
0 0.708226 0.0491881 0.0125805 0.0381016
0 0.657009 0.201318 0.0149044 0.0552079
0 0.379197 0.165974 0.0189183 0.0442608
0 0.566985 0.0927113 0.0135364 0.0377498
0 0.303975 0.0610752 0.0127455 0.0423509
0 0.636851 0.137573 0.0148966 0.0481253
0 0.697264 0.45466 0.0208952 0.074416
0 0.445667 0.0713922 0.013749 0.040308
0 0.518704 0.0750758 0.0122598 0.0387301
0 0.230594 0.0517144 0.0132755 0.039337
0 0.29283 0.0568713 0.0111493 0.0353619
0 0.594066 0.142121 0.0154458 0.0543686
0 0.549202 0.0933178 0.0134762 0.0488979
0 0.906925 0.0958606 0.0139031 0.0349861
0 0.796902 0.111814 0.0119574 0.0438473
0 0.462524 0.247338 0.0219446 0.0575488
0 0.465109 0.059262 0.0117952 0.0379308
0 0.270788 0.427597 0.0270692 0.099084
0 0.0535442 0.0946522 0.0141633 0.0386077
0 0.0855872 0.0632868 0.014141 0.0385333
0 0.367561 0.0692289 0.0125408 0.0430795
0 0.00489124 0.0552505 0.00937596 0.0289232
0 0.0650287 0.0397192 0.0103005 0.0340381
0 0.856006 0.0972027 0.0120518 0.0371372
0 0.422475 0.125921 0.0125116 0.0413281
0 0.783298 0.120752 0.0136194 0.040218
0 0.318108 0.0304906 0.0107245 0.0347666
0 0.474132 0.100598 0.0131859 0.0401502
0 0.735234 0.12338 0.0125573 0.041315
0 0.232684 0.103389 0.0157507 0.0511662
0 0.137838 0.105743 0.0137787 0.0427936
0 0.811983 0.262391 0.0217956 0.0614718
0 0.213623 0.0963975 0.0168426 0.0394347
0 0.352807 0.120443 0.0138274 0.0447344
0 0.538377 0.0785588 0.0136063 0.0466708
0 0.432185 0.0985583 0.0134959 0.0383075
0 0.387718 0.155532 0.0162074 0.0501893
0 0.409233 0.0807925 0.0125112 0.0379839
0 0.741881 0.0856787 0.011356 0.0361506
0 0.568752 0.207224 0.0170544 0.0435795
0 0.505142 0.0422741 0.013956 0.0351113
0 0.478024 0.0482588 0.0113116 0.0345857
0 0.0123776 0.121508 0.0186221 0.0403924
0 0.992509 0.243553 0.0149819 0.0640801
0 0.651304 0.0570648 0.0132514 0.0370902
0 0.0230449 0.0556079 0.010723 0.0339006
0 0.29258 0.124549 0.0138799 0.0459583
0 0.394552 0.0546692 0.0130554 0.0413126
0 0.407346 0.0458349 0.0124067 0.0346852
0 0.142468 0.0687189 0.013742 0.0356148
0 0.746066 0.0572754 0.0123256 0.0350734
0 0.166379 0.132931 0.0131495 0.041787
