0 0.283384 0.386842 0.018349 0.063158
0 0.334353 0.407895 0.018349 0.057895
0 0.694699 0.736842 0.035678 0.100000
0 0.398063 0.323684 0.019368 0.063158
0 0.128440 0.096053 0.010194 0.034211
0 0.681957 0.328947 0.018349 0.052632
0 0.532620 0.388158 0.019368 0.055263
0 0.390418 0.401316 0.020387 0.065789
0 0.667176 0.057895 0.011213 0.036842
0 0.068807 0.093421 0.011213 0.034211
0 0.102446 0.100000 0.011213 0.031579
0 0.704383 0.067105 0.010194 0.034211
0 0.144750 0.084211 0.012232 0.036842
0 0.755352 0.052632 0.010194 0.031579
0 0.673293 0.382895 0.021407 0.060526
0 0.221203 0.143421 0.012232 0.039474
0 0.256881 0.077632 0.012232 0.034211
0 0.027013 0.080263 0.011213 0.034211
0 0.186035 0.184211 0.013252 0.042105
0 0.240061 0.168421 0.015291 0.042105
0 0.043833 0.088158 0.010194 0.028947
0 0.185525 0.106579 0.012232 0.034211
0 0.148828 0.044737 0.012232 0.036842
0 0.175841 0.044737 0.013252 0.036842
0 0.195209 0.064474 0.013252 0.034211
0 0.231397 0.082895 0.012232 0.039474
