0 0.136595 0.567500 0.036697 0.110000
0 0.018858 0.571250 0.031600 0.112500
0 0.355250 0.768750 0.054027 0.182500
0 0.291030 0.667500 0.045872 0.160000
0 0.341998 0.602500 0.039755 0.135000
0 0.411825 0.531250 0.042813 0.117500
0 0.457187 0.527500 0.029562 0.100000
0 0.528033 0.536250 0.032620 0.092500
0 0.614169 0.671250 0.035678 0.122500
0 0.595821 0.590000 0.031600 0.100000
0 0.622324 0.493750 0.039755 0.102500
0 0.577982 0.372500 0.024465 0.085000
0 0.534149 0.320000 0.024465 0.090000
0 0.261978 0.316250 0.022426 0.067500
0 0.310398 0.318750 0.021407 0.082500
0 0.355759 0.333750 0.020387 0.077500
0 0.308869 0.200000 0.018349 0.060000
0 0.031600 0.147500 0.014271 0.045000
0 0.010703 0.133750 0.015291 0.057500
0 0.071356 0.140000 0.012232 0.045000
0 0.043323 0.091250 0.013252 0.037500
0 0.079511 0.193750 0.014271 0.052500
0 0.093272 0.207500 0.019368 0.055000
0 0.130479 0.200000 0.016310 0.050000
0 0.099898 0.097500 0.012232 0.035000
0 0.078491 0.091250 0.012232 0.042500
0 0.170234 0.283750 0.022426 0.062500
0 0.202854 0.245000 0.020387 0.065000
0 0.239042 0.268750 0.017329 0.052500
0 0.262487 0.258750 0.019368 0.042500
0 0.164628 0.156250 0.009174 0.047500
0 0.152905 0.205000 0.018349 0.045000
0 0.183486 0.206250 0.016310 0.037500
0 0.178899 0.091250 0.013252 0.042500
0 0.153925 0.111250 0.014271 0.037500
0 0.113150 0.081250 0.008155 0.027500
0 0.202854 0.127500 0.014271 0.045000
0 0.245158 0.122500 0.013252 0.040000
0 0.298675 0.090000 0.012232 0.045000
0 0.320591 0.120000 0.015291 0.045000
0 0.403670 0.281250 0.018349 0.062500
0 0.436290 0.253750 0.016310 0.067500
0 0.396534 0.217500 0.018349 0.055000
0 0.379205 0.112500 0.014271 0.030000
0 0.498471 0.267500 0.018349 0.060000
0 0.464322 0.235000 0.023445 0.070000
0 0.435780 0.130000 0.013252 0.040000
0 0.435270 0.195000 0.016310 0.050000
0 0.572885 0.297500 0.020387 0.055000
0 0.561672 0.260000 0.018349 0.055000
0 0.522426 0.240000 0.015291 0.050000
0 0.528033 0.133750 0.012232 0.037500
0 0.567788 0.132500 0.014271 0.040000
0 0.648828 0.287500 0.019368 0.070000
0 0.595311 0.287500 0.018349 0.055000
0 0.622834 0.231250 0.018349 0.067500
0 0.659021 0.222500 0.019368 0.070000
0 0.593272 0.118750 0.014271 0.037500
0 0.608053 0.130000 0.017329 0.035000
0 0.687054 0.167500 0.016310 0.045000
0 0.731906 0.175000 0.016310 0.045000
0 0.708461 0.415000 0.032620 0.100000
0 0.740061 0.097500 0.012232 0.040000
0 0.777778 0.227500 0.018349 0.055000
0 0.783894 0.338750 0.020387 0.067500
0 0.803262 0.285000 0.020387 0.070000
0 0.822630 0.381250 0.020387 0.072500
0 0.855250 0.251250 0.018349 0.067500
0 0.896024 0.413750 0.030581 0.087500
0 0.946483 0.492500 0.027523 0.100000
0 0.955657 0.348750 0.019368 0.072500
0 0.891437 0.101250 0.011213 0.037500
0 0.910805 0.128750 0.015291 0.042500
0 0.951070 0.180000 0.018349 0.060000
