0 0.18826 0.750498 0.041433 0.145571
0 0.776555 0.582972 0.0390784 0.140488
0 0.897962 0.401814 0.0292926 0.0980334
0 0.388768 0.863334 0.0581846 0.182018
0 0.577061 0.601408 0.0405839 0.140999
0 0.232368 0.504172 0.0356348 0.117335
0 0.418226 0.636369 0.0333118 0.111856
0 0.146536 0.400251 0.0317372 0.0997022
0 0.451997 0.456849 0.0310688 0.104728
0 0.850152 0.470848 0.0308267 0.108284
0 0.532678 0.606487 0.0342057 0.11875
0 0.272169 0.346066 0.0262371 0.0850786
0 0.680398 0.292409 0.0218805 0.0742226
0 0.746933 0.5376 0.0287368 0.116961
0 0.580919 0.427873 0.0310726 0.108489
0 0.34026 0.358795 0.0227501 0.084511
0 0.396094 0.508143 0.0301919 0.111479
0 0.376569 0.309347 0.0236097 0.0816038
0 0.952375 0.559305 0.0284042 0.101594
0 0.816335 0.335099 0.0251019 0.0701242
0 0.358313 0.51784 0.0309874 0.105356
0 0.935777 0.41393 0.027026 0.0811066
0 0.0917043 0.394789 0.032186 0.0930142
0 0.204742 0.238708 0.0229357 0.0769243
0 0.768232 0.414977 0.0254668 0.0899728
0 0.0984768 0.587717 0.0431186 0.134689
0 0.382317 0.176142 0.0182252 0.0568393
0 0.462488 0.277563 0.024273 0.0797797
0 0.632766 0.257729 0.0208513 0.0681328
0 0.431132 0.177368 0.0209915 0.0633134
0 0.178764 0.154639 0.0166264 0.0588065
0 0.556246 0.188229 0.0199231 0.0543465
0 0.61494 0.516618 0.0355301 0.124152
0 0.403398 0.138878 0.0139271 0.0462994
0 0.1205 0.379445 0.0237434 0.088666
0 0.865988 0.314723 0.020549 0.071289
0 0.94182 0.274968 0.020887 0.0647668
0 0.570802 0.260871 0.022114 0.0686221
0 0.15274 0.186762 0.0170305 0.0591998
0 0.239296 0.183432 0.0160604 0.0545968
0 0.116651 0.160681 0.0164707 0.0482302
0 0.6695 0.18835 0.0169928 0.0581237
0 0.797521 0.222126 0.0202969 0.0624384
0 0.287779 0.165616 0.0189558 0.0602765
0 0.0459745 0.156888 0.0178275 0.0591288
0 0.529651 0.123408 0.0182911 0.052009
0 0.478975 0.155591 0.0183629 0.0594256
0 0.737758 0.414155 0.021966 0.0855405
0 0.270295 0.11995 0.0162096 0.0541033
0 0.0880287 0.15387 0.0163968 0.0522643
0 0.358632 0.182199 0.0148788 0.0522687
0 0.125448 0.225255 0.0175134 0.0661865
0 0.338447 0.474855 0.0257329 0.0925678
0 0.536016 0.175728 0.0178835 0.0527778
0 0.0944044 0.0924494 0.0157032 0.0451693
0 0.701355 0.114132 0.013695 0.0447258
0 0.610417 0.14504 0.0192011 0.0558783
0 0.594186 0.0637593 0.0136055 0.0436887
0 0.0482271 0.090803 0.0153345 0.0472377
0 0.679289 0.0253058 0.0119598 0.0365051
0 0.942796 0.165622 0.0183666 0.054618
0 0.450838 0.159295 0.0155893 0.0518481
0 0.583692 0.031865 0.0126894 0.0406528
0 0.628698 0.64766 0.0423483 0.129992
0 0.64669 0.0852586 0.013197 0.0447728
0 0.0185248 0.642298 0.0365231 0.119018
0 0.695755 0.0661692 0.0142729 0.0407225
0 0.915324 0.0984862 0.0135163 0.0420772
0 0.728276 0.0293202 0.0123145 0.0377323
0 0.367342 0.107201 0.0144842 0.0486467
0 0.183518 0.0883649 0.0128661 0.0391443
0 0.992053 0.394535 0.0158937 0.0915337
0 0.486152 0.281208 0.0174635 0.0635211
0 0.32851 0.259789 0.0176588 0.0557325
0 0.429341 0.100458 0.0142891 0.046009
0 0.316638 0.189244 0.0187114 0.0638472
0 0.327587 0.101066 0.0146142 0.0455781
0 0.56036 0.330308 0.0207089 0.0781727
0 0.820523 0.1167 0.0152039 0.0390437
0 0.945578 0.124269 0.0177212 0.0439763
0 0.874666 0.170683 0.0157154 0.053722
0 0.596675 0.277593 0.020528 0.0648531
0 0.632726 0.0185398 0.012478 0.0370514
0 0.857595 0.0774729 0.0121376 0.0371646
0 0.991678 0.197277 0.0166431 0.0598927
0 0.278332 0.0421245 0.0131428 0.0393825
0 0.222106 0.16089 0.0147573 0.0484537
0 0.712916 0.236931 0.0203617 0.0663714
0 0.404852 0.0408337 0.0107313 0.0392754
0 0.109961 0.0758679 0.0119226 0.0402161
0 0.0045817 0.0429539 0.00916341 0.0326909
0 0.801703 0.0946404 0.0114266 0.0328864
0 0.15376 0.070741 0.0151656 0.0411752
0 0.394477 0.0480507 0.0110009 0.0359054
0 0.791207 0.298645 0.0196255 0.0739446
0 0.757264 0.331198 0.0208418 0.0621484
0 0.90195 0.0956239 0.0133017 0.0421525
0 0.969079 0.530932 0.0198015 0.0800067
0 0.762852 0.084956 0.0136379 0.0361834
0 0.224353 0.11214 0.0141203 0.0440809
0 0.480534 0.0831243 0.0135981 0.038068
0 0.451027 0.0602836 0.0128708 0.0398334
0 0.377228 0.0673594 0.013343 0.0393302
0 0.49617 0.0425238 0.0112419 0.030609
0 0.794147 0.0844582 0.0110497 0.0335237
0 0.110412 0.237886 0.016829 0.0602934
0 0.215903 0.0555756 0.0132469 0.0391744
0 0.86225 0.211719 0.0166096 0.0523544
0 0.606598 0.903503 0.0587741 0.137387
0 0.574947 0.0988584 0.0145092 0.0439791
0 0.382042 0.12168 0.0132073 0.040476
0 0.274854 0.262662 0.0204473 0.0642242
0 0.74385 0.0738041 0.0124506 0.0362495
0 0.53595 0.0717059 0.0134208 0.0368396
0 0.879502 0.050943 0.0117693 0.0331776
0 0.196076 0.143014 0.0149915 0.0455318
0 0.183058 0.0463136 0.0130949 0.0364925
0 0.157388 0.0823003 0.0134129 0.0369352
0 0.025244 0.163368 0.0155455 0.0525096
0 0.890078 0.088715 0.0117153 0.041091
0 0.782174 0.0657909 0.0108409 0.0299592
0 0.0319708 0.065864 0.0125538 0.0385897
