0 0.806320 0.406579 0.024465 0.071053
0 0.706422 0.447368 0.024465 0.073684
0 0.465851 0.456579 0.022426 0.071053
0 0.211009 0.625000 0.028542 0.086842
0 0.177370 0.365789 0.018349 0.063158
0 0.206422 0.376316 0.017329 0.052632
0 0.591233 0.355263 0.016310 0.057895
0 0.477064 0.332895 0.018349 0.060526
0 0.311927 0.460526 0.024465 0.068421
0 0.273700 0.443421 0.023445 0.065789
0 0.547910 0.447368 0.017329 0.068421
0 0.440877 0.264474 0.015291 0.050000
0 0.987768 0.384211 0.020387 0.073684
0 0.248216 0.342105 0.021407 0.057895
0 0.631498 0.400000 0.017329 0.047368
0 0.290520 0.553947 0.024465 0.076316
0 0.602446 0.264474 0.018349 0.050000
0 0.412844 0.344737 0.018349 0.057895
0 0.443935 0.182895 0.019368 0.060526
0 0.363405 0.375000 0.017329 0.060526
0 0.372069 0.214474 0.018349 0.050000
0 0.737513 0.164474 0.015291 0.044737
0 0.384811 0.535526 0.021407 0.076316
0 0.047910 0.101316 0.012232 0.039474
0 0.686035 0.161842 0.016310 0.044737
0 0.349134 0.296053 0.017329 0.050000
0 0.945464 0.118421 0.015291 0.057895
0 0.573394 0.440789 0.021407 0.071053
0 0.040775 0.260526 0.016310 0.057895
0 0.639653 0.315789 0.023445 0.063158
0 0.007136 0.227632 0.012232 0.055263
0 0.803262 0.061842 0.012232 0.039474
0 0.702345 0.069737 0.012232 0.039474
0 0.530071 0.157895 0.016310 0.047368
0 0.122324 0.076316 0.012232 0.036842
0 0.254332 0.038158 0.013252 0.039474
0 0.023955 0.268421 0.017329 0.057895
0 0.426606 0.236842 0.015291 0.052632
0 0.991845 0.053947 0.012232 0.039474
0 0.357798 0.153947 0.014271 0.044737
0 0.633028 0.118421 0.014271 0.047368
0 0.237513 0.161842 0.014271 0.044737
0 0.822120 0.611842 0.021407 0.071053
0 0.301223 0.317105 0.023445 0.065789
0 0.673293 0.525000 0.017329 0.076316
0 0.647299 0.121053 0.014271 0.047368
0 0.317533 0.144737 0.015291 0.047368
0 0.328746 0.082895 0.013252 0.039474
0 0.100408 0.303947 0.019368 0.050000
0 0.393476 0.292105 0.018349 0.047368
0 0.619776 0.109211 0.014271 0.044737
0 0.382263 0.182895 0.014271 0.044737
0 0.729867 0.068421 0.016310 0.042105
0 0.435780 0.625000 0.025484 0.086842
0 0.635066 0.261842 0.022426 0.055263
0 0.167686 0.123684 0.015291 0.042105
0 0.083588 0.107895 0.012232 0.036842
0 0.127931 0.122368 0.013252 0.039474
0 0.204893 0.121053 0.014271 0.042105
0 0.277778 0.103947 0.015291 0.044737
0 0.427115 0.161842 0.014271 0.050000
0 0.092762 0.263158 0.016310 0.047368
0 0.647808 0.409211 0.017329 0.060526
0 0.390928 0.143421 0.013252 0.039474
0 0.852192 0.035526 0.014271 0.044737
0 0.569827 0.140789 0.014271 0.039474
0 0.968909 0.021053 0.013252 0.036842
0 0.651376 0.530263 0.028542 0.081579
0 0.334353 0.342105 0.018349 0.057895
0 0.725790 0.068421 0.016310 0.042105
0 0.320082 0.339474 0.016310 0.052632
0 0.442915 0.069737 0.013252 0.034211
0 0.519878 0.109211 0.012232 0.039474
0 0.687564 0.072368 0.013252 0.039474
0 0.491845 0.284211 0.019368 0.052632
0 0.340469 0.163158 0.012232 0.052632
0 0.580530 0.032895 0.013252 0.034211
0 0.135066 0.093421 0.011213 0.034211
0 0.293068 0.155263 0.011213 0.047368
0 0.471967 0.130263 0.014271 0.044737
0 0.232416 0.068421 0.014271 0.042105
0 0.951070 0.065789 0.014271 0.042105
0 0.517839 0.044737 0.012232 0.036842
0 0.360856 0.064474 0.012232 0.034211
0 0.836901 0.022368 0.012232 0.039474
0 0.486748 0.135526 0.013252 0.044737
0 0.597859 0.119737 0.015291 0.044737
0 0.178899 0.057895 0.013252 0.036842
0 0.207951 0.096053 0.012232 0.034211
0 0.287462 0.260526 0.018349 0.052632
0 0.174312 0.084211 0.012232 0.036842
0 0.910296 0.065789 0.014271 0.036842
0 0.085117 0.913158 0.023445 0.089474
0 0.192151 0.072368 0.011213 0.034211
0 0.424567 0.159211 0.015291 0.044737
0 0.420999 0.059211 0.012232 0.034211
0 0.036697 0.480263 0.020387 0.060526
0 0.144750 0.865789 0.034659 0.121053
0 0.125892 0.593421 0.035678 0.113158
0 0.030071 0.546053 0.029562 0.086842
0 0.206932 0.876316 0.034659 0.110526
0 0.245668 0.882895 0.042813 0.128947
0 0.326198 0.605263 0.028542 0.089474
0 0.357288 0.793421 0.033639 0.113158
0 0.496432 0.765789 0.036697 0.105263
0 0.533129 0.865789 0.036697 0.110526
0 0.538226 0.731579 0.032620 0.089474
0 0.507136 0.485526 0.029562 0.081579
0 0.536188 0.573684 0.026504 0.084211
0 0.588685 0.509211 0.027523 0.076316
0 0.625892 0.540789 0.026504 0.086842
0 0.618247 0.626316 0.021407 0.084211
0 0.639144 0.690789 0.028542 0.102632
0 0.739042 0.676316 0.036697 0.105263
0 0.794597 0.636842 0.023445 0.084211
0 0.774210 0.059211 0.017329 0.044737
0 0.635066 0.023684 0.012232 0.042105
0 0.661570 0.027632 0.012232 0.039474
0 0.503058 0.018421 0.011213 0.031579
0 0.488277 0.075000 0.014271 0.050000
0 0.384811 0.040789 0.013252 0.028947
0 0.405199 0.111842 0.017329 0.044737
0 0.551478 0.060526 0.014271 0.047368
0 0.434251 0.035526 0.010194 0.034211
0 0.609582 0.026316 0.014271 0.036842
