0 0.593782 0.481579 0.023445 0.063158
0 0.516310 0.389474 0.019368 0.052632
0 0.022426 0.348684 0.018349 0.060526
0 0.489297 0.138158 0.014271 0.044737
0 0.385831 0.231579 0.021407 0.057895
0 0.056575 0.189474 0.015291 0.047368
0 0.307849 0.067105 0.012232 0.039474
0 0.338940 0.257895 0.017329 0.052632
0 0.031600 0.156579 0.014271 0.044737
0 0.264526 0.139474 0.013252 0.036842
0 0.339959 0.100000 0.013252 0.036842
0 0.176860 0.302632 0.015291 0.052632
0 0.231906 0.152632 0.015291 0.047368
0 0.277268 0.061842 0.012232 0.039474
0 0.553007 0.114474 0.013252 0.039474
0 0.195209 0.176316 0.015291 0.047368
0 0.579511 0.132895 0.013252 0.039474
0 0.068298 0.057895 0.012232 0.031579
0 0.694190 0.034211 0.010194 0.031579
0 0.211009 0.315789 0.016310 0.052632
0 0.574924 0.098684 0.014271 0.039474
0 0.592762 0.038158 0.011213 0.028947
0 0.241590 0.075000 0.012232 0.034211
0 0.215596 0.075000 0.013252 0.039474
0 0.517839 0.132895 0.018349 0.055263
0 0.243119 0.022368 0.011213 0.028947
0 0.218145 0.023684 0.012232 0.036842
0 0.202345 0.069737 0.011213 0.034211
0 0.474006 0.106579 0.014271 0.039474
0 0.462283 0.018421 0.013252 0.031579
0 0.449541 0.044737 0.010194 0.036842
0 0.538226 0.113158 0.014271 0.047368
0 0.654944 0.018421 0.017329 0.031579
0 0.599898 0.015789 0.009174 0.026316
0 0.720183 0.017105 0.009174 0.028947
0 0.735474 0.009211 0.009174 0.013158
0 0.821611 0.059211 0.014271 0.034211
0 0.809378 0.126316 0.014271 0.042105
0 0.792049 0.100000 0.012232 0.036842
