0 0.683486 0.782500 0.045872 0.170000
0 0.245668 0.858750 0.059123 0.172500
0 0.728848 0.860000 0.050968 0.160000
0 0.187564 0.542500 0.038736 0.120000
0 0.640163 0.618750 0.036697 0.117500
0 0.493884 0.940000 0.049949 0.120000
0 0.352192 0.567500 0.035678 0.110000
0 0.630989 0.438750 0.024465 0.092500
0 0.239042 0.613750 0.041794 0.127500
0 0.857288 0.653750 0.036697 0.137500
0 0.067278 0.732500 0.038736 0.140000
0 0.306830 0.896250 0.048930 0.167500
0 0.231906 0.303750 0.021407 0.067500
0 0.506116 0.337500 0.023445 0.075000
0 0.366972 0.745000 0.034659 0.125000
0 0.589704 0.441250 0.025484 0.087500
0 0.962283 0.477500 0.038736 0.115000
0 0.671764 0.387500 0.024465 0.090000
0 0.846585 0.463750 0.031600 0.107500
0 0.371560 0.441250 0.029562 0.082500
0 0.536697 0.632500 0.033639 0.105000
0 0.181957 0.936250 0.056065 0.127500
0 0.806320 0.547500 0.030581 0.105000
0 0.321611 0.406250 0.025484 0.082500
0 0.559123 0.351250 0.023445 0.067500
0 0.475535 0.393750 0.031600 0.082500
0 0.252803 0.271250 0.018349 0.067500
0 0.700815 0.292500 0.021407 0.070000
0 0.737513 0.382500 0.029562 0.080000
0 0.917431 0.488750 0.032620 0.092500
0 0.489806 0.520000 0.029562 0.105000
0 0.107543 0.340000 0.027523 0.095000
0 0.374618 0.351250 0.023445 0.077500
0 0.953619 0.840000 0.064220 0.160000
0 0.244648 0.426250 0.026504 0.072500
0 0.989806 0.240000 0.018349 0.055000
0 0.333333 0.201250 0.016310 0.057500
0 0.273700 0.327500 0.019368 0.060000
0 0.202854 0.093750 0.014271 0.042500
0 0.433231 0.313750 0.020387 0.072500
0 0.131498 0.216250 0.018349 0.062500
0 0.498471 0.265000 0.022426 0.065000
0 0.840469 0.357500 0.023445 0.080000
0 0.594292 0.123750 0.014271 0.042500
0 0.280836 0.237500 0.017329 0.055000
0 0.222222 0.175000 0.016310 0.055000
0 0.774210 0.287500 0.025484 0.075000
0 0.723242 0.265000 0.019368 0.065000
0 0.478593 0.196250 0.015291 0.057500
0 0.614679 0.283750 0.020387 0.072500
0 0.453109 0.193750 0.015291 0.047500
0 0.155963 0.151250 0.016310 0.052500
0 0.646279 0.203750 0.020387 0.052500
0 0.717635 0.148750 0.014271 0.047500
0 0.043833 0.147500 0.014271 0.045000
0 0.909786 0.395000 0.025484 0.070000
0 0.768603 0.108750 0.014271 0.042500
0 0.023955 0.235000 0.021407 0.065000
0 0.299185 0.277500 0.017329 0.060000
0 0.138634 0.152500 0.016310 0.055000
0 0.809378 0.133750 0.014271 0.042500
0 0.546381 0.215000 0.016310 0.050000
0 0.946483 0.231250 0.017329 0.057500
0 0.207951 0.146250 0.016310 0.047500
0 0.987768 0.356250 0.022426 0.067500
0 0.348114 0.262500 0.017329 0.050000
0 0.268094 0.087500 0.012232 0.040000
0 0.465851 0.165000 0.012232 0.040000
0 0.367992 0.197500 0.016310 0.045000
0 0.712538 0.657500 0.034659 0.145000
0 0.273191 0.177500 0.016310 0.045000
0 0.182977 0.196250 0.019368 0.062500
0 0.360856 0.076250 0.012232 0.037500
0 0.388379 0.286250 0.020387 0.062500
0 0.834862 0.236250 0.020387 0.062500
0 0.028542 0.100000 0.012232 0.035000
0 0.246177 0.107500 0.013252 0.040000
0 0.075433 0.158750 0.016310 0.047500
0 0.457187 0.102500 0.013252 0.040000
0 0.590724 0.211250 0.017329 0.057500
0 0.346075 0.126250 0.013252 0.042500
0 0.750255 0.185000 0.016310 0.050000
0 0.691131 0.063750 0.012232 0.032500
0 0.123853 0.112500 0.015291 0.045000
0 0.292559 0.091250 0.012232 0.037500
0 0.506626 0.156250 0.014271 0.047500
0 0.113150 0.197500 0.014271 0.045000
0 0.729867 0.096250 0.012232 0.037500
0 0.317023 0.112500 0.012232 0.035000
0 0.429154 0.157500 0.014271 0.045000
0 0.783384 0.168750 0.015291 0.047500
0 0.402141 0.241250 0.019368 0.057500
0 0.869521 0.152500 0.014271 0.040000
0 0.688073 0.151250 0.014271 0.047500
0 0.562691 0.220000 0.016310 0.050000
0 0.844546 0.185000 0.015291 0.045000
0 0.158002 0.207500 0.014271 0.055000
0 0.564220 0.141250 0.013252 0.042500
0 0.704383 0.107500 0.014271 0.040000
0 0.738532 0.145000 0.013252 0.045000
0 0.425076 0.212500 0.016310 0.050000
0 0.797146 0.123750 0.012232 0.037500
0 0.495413 0.162500 0.012232 0.040000
0 0.616718 0.106250 0.016310 0.037500
0 0.231397 0.092500 0.012232 0.035000
0 0.631498 0.117500 0.015291 0.040000
0 0.882773 0.098750 0.012232 0.032500
0 0.323140 0.343750 0.024465 0.047500
0 0.339450 0.083750 0.012232 0.037500
0 0.280836 0.098750 0.013252 0.037500
0 0.297655 0.178750 0.016310 0.057500
0 0.277778 0.462500 0.023445 0.080000
0 0.524465 0.095000 0.015291 0.045000
0 0.229867 0.251250 0.017329 0.042500
0 0.296636 0.168750 0.016310 0.052500
0 0.864934 0.400000 0.025484 0.075000
0 0.626911 0.276250 0.014271 0.072500
0 0.497452 0.095000 0.012232 0.040000
0 0.092253 0.102500 0.011213 0.035000
0 0.747706 0.271250 0.021407 0.067500
0 0.632008 0.162500 0.016310 0.050000
0 0.013761 0.151250 0.013252 0.042500
0 0.897554 0.105000 0.015291 0.040000
0 0.942406 0.108750 0.015291 0.042500
0 0.864424 0.282500 0.020387 0.055000
0 0.074924 0.238750 0.015291 0.052500
0 0.593272 0.202500 0.018349 0.060000
0 0.250255 0.160000 0.013252 0.040000
0 0.257900 0.210000 0.014271 0.050000
0 0.361366 0.117500 0.013252 0.040000
0 0.665647 0.130000 0.016310 0.045000
0 0.563710 0.101250 0.014271 0.032500
0 0.581549 0.122500 0.013252 0.040000
0 0.953619 0.296250 0.019368 0.067500
0 0.876147 0.202500 0.015291 0.040000
0 0.315494 0.148750 0.013252 0.042500
0 0.648318 0.110000 0.012232 0.035000
0 0.379205 0.126250 0.014271 0.042500
0 0.993374 0.807500 0.013252 0.145000
0 0.444954 0.087500 0.011213 0.035000
0 0.419470 0.118750 0.011213 0.032500
0 0.813965 0.280000 0.021407 0.075000
0 0.582059 0.068750 0.012232 0.032500
0 0.051988 0.535000 0.028542 0.105000
0 0.400612 0.120000 0.014271 0.040000
0 0.932212 0.306250 0.025484 0.077500
