0 0.786442 0.605263 0.027523 0.084211
0 0.608563 0.426316 0.022426 0.073684
0 0.617227 0.309211 0.017329 0.055263
0 0.084098 0.646053 0.025484 0.086842
0 0.674822 0.305263 0.020387 0.057895
0 0.730887 0.286842 0.016310 0.057895
0 0.114679 0.359211 0.017329 0.060526
0 0.549949 0.321053 0.019368 0.057895
0 0.451580 0.381579 0.020387 0.078947
0 0.941896 0.303947 0.018349 0.055263
0 0.721203 0.128947 0.013252 0.042105
0 0.660041 0.171053 0.013252 0.042105
0 0.385831 0.398684 0.019368 0.060526
0 0.562691 0.189474 0.016310 0.052632
0 0.511723 0.302632 0.018349 0.057895
0 0.982161 0.289474 0.017329 0.057895
0 0.550968 0.097368 0.015291 0.036842
0 0.011213 0.305263 0.016310 0.052632
0 0.720183 0.240789 0.015291 0.050000
0 0.407238 0.411842 0.017329 0.055263
0 0.445973 0.140789 0.013252 0.039474
0 0.523955 0.169737 0.014271 0.044737
0 0.032620 0.072368 0.012232 0.034211
0 0.276758 0.469737 0.023445 0.055263
0 0.081040 0.184211 0.013252 0.042105
0 0.312436 0.178947 0.015291 0.047368
0 0.411315 0.175000 0.017329 0.044737
0 0.670744 0.127632 0.012232 0.039474
0 0.126911 0.042105 0.011213 0.036842
0 0.382773 0.156579 0.015291 0.050000
0 0.240571 0.523684 0.022426 0.068421
0 0.338430 0.144737 0.014271 0.042105
0 0.502548 0.138158 0.012232 0.039474
0 0.959735 0.264474 0.019368 0.060526
0 0.428644 0.165789 0.011213 0.042105
0 0.762997 0.144737 0.013252 0.042105
0 0.521916 0.100000 0.012232 0.036842
0 0.905708 0.028947 0.013252 0.036842
0 0.695209 0.098684 0.012232 0.039474
0 0.336391 0.502632 0.022426 0.073684
0 0.364424 0.135526 0.015291 0.044737
0 0.780326 0.115789 0.011213 0.036842
0 0.657492 0.082895 0.012232 0.034211
0 0.577472 0.098684 0.011213 0.039474
0 0.101937 0.080263 0.014271 0.039474
0 0.227829 0.160526 0.017329 0.057895
0 0.619266 0.117105 0.013252 0.034211
0 0.730377 0.432895 0.023445 0.071053
0 0.623344 0.051316 0.011213 0.034211
0 0.773700 0.039474 0.012232 0.036842
0 0.138124 0.572368 0.027523 0.060526
0 0.189093 0.472368 0.027523 0.060526
0 0.208970 0.511842 0.026504 0.065789
0 0.390418 0.610526 0.026504 0.078947
0 0.484709 0.422368 0.027523 0.076316
0 0.534149 0.443421 0.024465 0.076316
0 0.744139 0.650000 0.030581 0.078947
0 0.654944 0.509211 0.039755 0.118421
0 0.642712 0.426316 0.027523 0.068421
0 0.374618 0.022368 0.015291 0.039474
0 0.088175 0.086842 0.013252 0.042105
0 0.138124 0.056579 0.009174 0.039474
0 0.200815 0.152632 0.016310 0.052632
0 0.394495 0.021053 0.012232 0.031579
0 0.355759 0.026316 0.012232 0.036842
0 0.416412 0.023684 0.013252 0.026316
0 0.462283 0.346053 0.023445 0.060526
0 0.586646 0.057895 0.015291 0.042105
0 0.651376 0.115789 0.016310 0.057895
0 0.949032 0.060526 0.014271 0.052632
