0 0.708327 0.828969 0.0467524 0.170847
0 0.37542 0.42708 0.0350833 0.112894
0 0.483056 0.313405 0.0281839 0.0843182
0 0.85149 0.727909 0.0408483 0.156895
0 0.947716 0.636462 0.0446659 0.115739
0 0.959125 0.784605 0.0545514 0.168925
0 0.208879 0.74573 0.038536 0.139244
0 0.594254 0.336368 0.0230949 0.0879727
0 0.538517 0.402653 0.0274243 0.0944273
0 0.229379 0.513113 0.0360491 0.114695
0 0.877585 0.410665 0.0344589 0.0994729
0 0.667171 0.294837 0.0247112 0.0755823
0 0.364577 0.322947 0.0239523 0.0728148
0 0.420722 0.404774 0.0279438 0.094569
0 0.650037 0.857941 0.0530804 0.173273
0 0.467307 0.46352 0.0288561 0.101173
0 0.630023 0.227662 0.0198845 0.0726853
0 0.320599 0.387379 0.0239046 0.0919727
0 0.791631 0.269786 0.0224033 0.0827158
0 0.517577 0.222727 0.0201166 0.0680266
0 0.103132 0.297946 0.0267831 0.079083
0 0.723712 0.276458 0.0260842 0.0889475
0 0.895905 0.272494 0.0224615 0.0894165
0 0.333987 0.260799 0.0235411 0.0768299
0 0.462322 0.213066 0.0218279 0.0733346
0 0.413397 0.317682 0.026206 0.0682394
0 0.0448547 0.232458 0.0219677 0.0766532
0 0.115254 0.65534 0.0426213 0.136745
0 0.272397 0.159241 0.0176809 0.0594057
0 0.155093 0.307707 0.0237681 0.0684447
0 0.45862 0.938541 0.0703036 0.122917
0 0.6035 0.248901 0.0203936 0.0651436
0 0.0167364 0.198094 0.0191741 0.0676257
0 0.779255 0.211296 0.0176608 0.063667
0 0.508297 0.154413 0.0182339 0.0587394
0 0.193823 0.142432 0.0187917 0.0573543
0 0.840838 0.237611 0.0232166 0.0854912
0 0.748627 0.283561 0.0232596 0.0768985
0 0.242453 0.316472 0.0259419 0.0957072
0 0.922639 0.274725 0.0216713 0.0737136
0 0.780753 0.105648 0.0124051 0.0427069
0 0.545237 0.144596 0.0166271 0.0584574
0 0.738517 0.151331 0.0187854 0.0543126
0 0.689445 0.143279 0.0167024 0.051705
0 0.230108 0.184284 0.0199643 0.0578916
0 0.481172 0.113846 0.0160661 0.049753
0 0.0315674 0.121076 0.0178538 0.0524494
0 0.803083 0.128733 0.0150466 0.0529198
0 0.157808 0.151215 0.0178791 0.0573492
0 0.874022 0.212271 0.0187128 0.0679159
0 0.33323 0.968251 0.0511094 0.0634985
0 0.436873 0.180041 0.0171133 0.0596858
0 0.180644 0.106759 0.0161438 0.0482432
0 0.297356 0.154356 0.0183456 0.0603061
0 0.607327 0.113021 0.0160143 0.0494315
0 0.771341 0.052371 0.0126883 0.0423442
0 0.917174 0.0905823 0.0146695 0.0469165
0 0.463975 0.151886 0.0175328 0.0507217
0 0.373394 0.220308 0.0185315 0.0534812
0 0.933762 0.102968 0.0144833 0.0453869
0 0.574285 0.098046 0.014969 0.049639
0 0.840946 0.0803659 0.0135921 0.0435294
0 0.140642 0.142354 0.017303 0.0613218
0 0.377364 0.137413 0.0179022 0.0573676
0 0.651752 0.112441 0.0152808 0.0485751
0 0.0401619 0.0563477 0.0128785 0.0400493
0 0.729982 0.0721867 0.0131475 0.0387206
0 0.253071 0.177901 0.0149897 0.0475688
0 0.215192 0.110055 0.0132474 0.0454015
0 0.341096 0.117261 0.013608 0.0402137
0 0.497484 0.12753 0.0155483 0.0541785
0 0.718268 0.106421 0.0138805 0.0478388
0 0.994231 0.34767 0.0115383 0.0846225
0 0.230045 0.107538 0.0157435 0.0477728
0 0.580623 0.198733 0.018017 0.0675029
0 0.912637 0.591624 0.0399933 0.122532
0 0.276855 0.0689207 0.013294 0.0415055
0 0.815604 0.125276 0.0127728 0.0464148
0 0.53483 0.0872776 0.0160471 0.0527065
0 0.842832 0.141543 0.0144027 0.0464917
0 0.451678 0.0804498 0.0143308 0.0449432
0 0.990691 0.711636 0.018618 0.136276
0 0.905653 0.166185 0.0186829 0.0607173
0 0.104213 0.112998 0.0131148 0.0401815
0 0.571458 0.260773 0.019072 0.0639577
0 0.118629 0.543989 0.0456588 0.0736771
0 0.161697 0.0684406 0.0136987 0.0422379
0 0.258507 0.0764448 0.0133187 0.0389421
0 0.646007 0.19176 0.017953 0.0599736
0 0.179105 0.0394492 0.01246 0.0392887
0 0.56019 0.0212906 0.012126 0.033535
0 0.293607 0.0464379 0.0131555 0.0395783
0 0.307575 0.101389 0.016069 0.0491625
0 0.0839829 0.0841845 0.0147412 0.0414781
0 0.730191 0.0298087 0.0131642 0.0408768
0 0.438709 0.126361 0.0131876 0.0431128
0 0.824477 0.0826025 0.0135189 0.0390738
0 0.410993 0.0679457 0.0130688 0.0420962
0 0.667073 0.0806504 0.0158516 0.0424392
0 0.608243 0.0735087 0.0158885 0.0373455
0 0.367711 0.266253 0.0206746 0.0551146
0 0.0630705 0.0744454 0.0143058 0.0456116
0 0.509737 0.0975737 0.0143003 0.0455752
0 0.11643 0.0839306 0.011374 0.0372806
0 0.369907 0.0747823 0.0136862 0.0469757
0 0.146548 0.0688229 0.0138201 0.0451936
0 0.876029 0.157728 0.0142605 0.0424375
0 0.326367 0.165786 0.0194508 0.0631335
0 0.807311 0.0829656 0.0133961 0.0331738
0 0.890875 0.112918 0.0137184 0.0464407
0 0.591442 0.0633576 0.015366 0.0438458
0 0.069724 0.123045 0.015006 0.0448241
0 0.879131 0.0893881 0.0133951 0.040177
0 0.144441 0.216131 0.0195933 0.0533968
0 0.281224 0.10387 0.0132868 0.0431681
0 0.39786 0.115071 0.0142415 0.0381474
0 0.153244 0.102536 0.0137779 0.0374182
0 0.331894 0.0936 0.0123604 0.0368527
0 0.705873 0.0616943 0.0143891 0.0412522
0 0.445162 0.0378554 0.0117474 0.0326606
0 0.339549 0.0222612 0.0117509 0.0339957
