0 0.825231 0.624554 0.0377268 0.113752
0 0.56213 0.562068 0.0359004 0.103912
0 0.907423 0.46935 0.0283453 0.121138
0 0.703582 0.508399 0.0425503 0.120736
0 0.693354 0.704362 0.0404541 0.152141
0 0.872257 0.604768 0.040086 0.135611
0 0.736914 0.897124 0.0552893 0.16265
0 0.401369 0.717808 0.0381373 0.127462
0 0.358881 0.622699 0.0345847 0.130655
0 0.799254 0.427012 0.0394695 0.108777
0 0.356551 0.379242 0.0235522 0.0855931
0 0.784915 0.748662 0.0339613 0.138224
0 0.38449 0.402975 0.025337 0.0925806
0 0.238283 0.517068 0.0316462 0.117138
0 0.494427 0.591072 0.0327816 0.136197
0 0.294156 0.567747 0.0306009 0.11239
0 0.628564 0.511437 0.0335207 0.113528
0 0.945783 0.617082 0.0338707 0.124143
0 0.956366 0.477044 0.0308158 0.12027
0 0.661083 0.491779 0.0317965 0.113262
0 0.0927726 0.517081 0.0342345 0.116763
0 0.716629 0.349554 0.0317739 0.0958865
0 0.191216 0.781838 0.0537606 0.200041
0 0.440996 0.327548 0.0266903 0.0783372
0 0.495282 0.856499 0.0420948 0.164069
0 0.847045 0.39427 0.0307301 0.0970814
0 0.144572 0.579503 0.0463935 0.139677
0 0.947684 0.751075 0.0421799 0.125673
0 0.262284 0.384379 0.0255456 0.0973346
0 0.475006 0.442577 0.0255474 0.0783017
0 0.981739 0.84815 0.0338337 0.14141
0 0.575797 0.372107 0.0276268 0.104148
0 0.909531 0.154151 0.017133 0.0532772
0 0.0225286 0.649761 0.0449175 0.132952
0 0.751559 0.367331 0.0263537 0.0820891
0 0.64795 0.266875 0.0261591 0.0815025
0 0.505251 0.268237 0.023545 0.0796239
0 0.279681 0.282693 0.0208583 0.0786303
0 0.445149 0.261802 0.0246533 0.0693283
0 0.862334 0.202526 0.022424 0.0752535
0 0.540304 0.400754 0.0242239 0.093407
0 0.345451 0.243797 0.0204211 0.0769965
0 0.384027 0.270988 0.0210152 0.0708186
0 0.795182 0.281361 0.0227255 0.0650491
0 0.988955 0.389131 0.0220891 0.0948149
0 0.534101 0.809273 0.0413726 0.139081
0 0.166989 0.333382 0.0255808 0.0749361
0 0.208408 0.251886 0.019728 0.067671
0 0.469471 0.230485 0.0246586 0.0844073
0 0.243559 0.183213 0.0181723 0.056696
0 0.697337 0.252996 0.0239107 0.0794525
0 0.30185 0.185489 0.0184753 0.0556757
0 0.403759 0.150881 0.0182877 0.0604689
0 0.727254 0.137905 0.0160429 0.0442289
0 0.758862 0.17124 0.0173143 0.056274
0 0.901836 0.289864 0.0230453 0.0664094
0 0.109954 0.199454 0.0172605 0.0574179
0 0.0794283 0.148145 0.0186835 0.0613654
0 0.425151 0.155804 0.0186943 0.0630345
0 0.325717 0.151481 0.0205869 0.0637606
0 0.609782 0.219898 0.0186133 0.0715463
0 0.17033 0.193539 0.0195802 0.0530961
0 0.776555 0.125395 0.0140948 0.0512587
0 0.364199 0.164989 0.0195172 0.061221
0 0.735057 0.25761 0.0186552 0.062214
0 0.176084 0.269623 0.0217955 0.0585532
0 0.70194 0.164861 0.0183463 0.0567361
0 0.556518 0.217518 0.0216914 0.0781708
0 0.352508 0.110846 0.0149189 0.0457688
0 0.284822 0.184858 0.0151985 0.0543685
0 0.654786 0.197164 0.0163735 0.0531697
0 0.939076 0.186068 0.0201128 0.0656194
0 0.384977 0.155854 0.0173844 0.0579975
0 0.327335 0.242788 0.0171636 0.0673553
0 0.221922 0.132287 0.0168122 0.0522832
0 0.596856 0.333969 0.0187907 0.0665406
0 0.729279 0.0324962 0.011824 0.0410568
0 0.704834 0.104041 0.0138972 0.0446501
0 0.377035 0.0994361 0.0151894 0.042836
0 0.0149 0.813467 0.0294536 0.177565
0 0.668054 0.166766 0.0157444 0.0566307
0 0.241616 0.129037 0.0169802 0.0464105
0 0.635653 0.192521 0.0197767 0.0648985
0 0.134298 0.156473 0.013472 0.0511818
0 0.979135 0.321525 0.0255831 0.0768661
0 0.0426077 0.359823 0.0359009 0.103414
0 0.530652 0.149719 0.0182672 0.0596254
0 0.0922398 0.0936042 0.0144474 0.044908
0 0.908018 0.0959376 0.0143322 0.0430179
0 0.88956 0.0794521 0.0140824 0.0429193
0 0.260933 0.0991677 0.0174528 0.0477828
0 0.0999383 0.328672 0.022135 0.0752735
0 0.31482 0.0984476 0.0132837 0.0420629
0 0.535057 0.0424111 0.0107977 0.0358481
0 0.454889 0.0706956 0.0156105 0.0417175
0 0.752897 0.0786176 0.0120098 0.0363871
0 0.481348 0.132138 0.0170219 0.0513032
0 0.191465 0.130196 0.0143538 0.0512238
0 0.592931 0.136813 0.0146308 0.0491707
0 0.292143 0.103028 0.0130789 0.0445712
0 0.740289 0.0588819 0.0118729 0.0408563
0 0.953912 0.143591 0.0171045 0.0508023
0 0.306715 0.0524001 0.0133968 0.0401132
0 0.585129 0.244467 0.0218071 0.0632538
0 0.824788 0.132443 0.0144463 0.0457073
0 0.526176 0.230666 0.019907 0.069508
0 0.785196 0.0469978 0.0125617 0.0383006
0 0.772338 0.0762186 0.0125131 0.0379783
0 0.818716 0.18656 0.0197138 0.0592261
0 0.214348 0.0887712 0.0144456 0.0429609
0 0.547956 0.0438254 0.0124988 0.0365441
0 0.00926664 0.202183 0.0184951 0.068217
0 0.638185 0.0823698 0.0152042 0.0448503
0 0.67125 0.0506269 0.0146603 0.0456902
0 0.717373 0.263516 0.0160152 0.0559198
0 0.447943 0.0291466 0.0113047 0.0375607
0 0.690918 0.0282882 0.0129538 0.0382112
0 0.489189 0.0439451 0.0147134 0.0404286
0 0.57008 0.0862758 0.0135552 0.0408996
0 0.769895 0.243174 0.0216175 0.0683041
0 0.393112 0.0770041 0.0127461 0.0378638
0 0.419687 0.0474768 0.014792 0.043726
0 0.14314 0.901737 0.0548723 0.196527
0 0.711739 0.045578 0.0124926 0.0357484
0 0.522677 0.0786527 0.0124885 0.038999
0 0.0772691 0.0924649 0.0149238 0.0441868
0 0.839296 0.154354 0.0151838 0.045887
0 0.594749 0.0863859 0.0124506 0.0342557
0 0.94384 0.248962 0.0207207 0.0597706
0 0.618533 0.114428 0.01397 0.0449916
0 0.445117 0.165155 0.0188049 0.055659
0 0.646528 0.118476 0.0130116 0.0459081
0 0.430732 0.108473 0.0132357 0.0407473
0 0.496414 0.130111 0.0169215 0.0501123
0 0.983984 0.262581 0.0196434 0.0586522
0 0.511505 0.0599877 0.0120394 0.0420644
0 0.359995 0.0562103 0.0119735 0.0379135
0 0.0735709 0.280545 0.0243409 0.0721764
0 0.11942 0.121759 0.0181632 0.0598188
0 0.182567 0.061135 0.0140658 0.0388759
0 0.994431 0.189876 0.0111236 0.0521161
0 0.0212155 0.554188 0.0385777 0.0656625
0 0.459751 0.133544 0.0164601 0.0574558
0 0.325747 0.0417076 0.0123062 0.0413912
0 0.577645 0.0379361 0.0118439 0.0338885
0 0.0255191 0.0960743 0.0157892 0.0472292
0 0.245764 0.044285 0.0132029 0.0361219
