0 0.801217 0.658718 0.0418116 0.152658
0 0.408278 0.575429 0.0388867 0.122763
0 0.671881 0.692444 0.0392989 0.133089
0 0.839036 0.879264 0.0575855 0.162104
0 0.904788 0.847336 0.0488502 0.1566
0 0.723537 0.458889 0.0368431 0.10527
0 0.88775 0.595763 0.0362706 0.130678
0 0.644093 0.889056 0.0429903 0.150328
0 0.455702 0.77271 0.0380327 0.147249
0 0.262156 0.338087 0.0285847 0.0872229
0 0.429181 0.942103 0.0491036 0.110672
0 0.753111 0.929117 0.0572342 0.141767
0 0.68028 0.311366 0.0229025 0.0885204
0 0.250797 0.535273 0.0349196 0.113716
0 0.111916 0.372554 0.0260487 0.0844252
0 0.483953 0.226162 0.0189169 0.0595253
0 0.869635 0.402525 0.0337406 0.108884
0 0.192792 0.377864 0.0262194 0.0753016
0 0.650075 0.469824 0.0302287 0.110508
0 0.111269 0.556107 0.0321056 0.13402
0 0.558974 0.334948 0.0265041 0.0838587
0 0.501362 0.421752 0.0269323 0.0969132
0 0.577083 0.57227 0.0398889 0.121993
0 0.37834 0.459685 0.0290302 0.116936
0 0.765517 0.289648 0.025806 0.0779701
0 0.574928 0.754127 0.0378926 0.12142
0 0.490045 0.295678 0.0242653 0.0761194
0 0.930125 0.772047 0.0296088 0.114232
0 0.589874 0.428502 0.0252184 0.0931783
0 0.444857 0.196159 0.0205182 0.0646668
0 0.715531 0.295777 0.0204901 0.0707493
0 0.679438 0.137512 0.015533 0.0513832
0 0.15884 0.194825 0.0167236 0.0547231
0 0.572828 0.0848035 0.0143446 0.0500511
0 0.471153 0.0950921 0.0171866 0.0524418
0 0.347635 0.249816 0.0218989 0.0733223
0 0.111445 0.20456 0.0195529 0.0579199
0 0.195184 0.18297 0.018938 0.068712
0 0.552377 0.135301 0.0156728 0.0484794
0 0.62104 0.962401 0.0442646 0.0751988
0 0.987612 0.442113 0.0247757 0.0778282
0 0.890443 0.738266 0.0392239 0.108101
0 0.311795 0.220715 0.0245889 0.0714647
0 0.503985 0.17508 0.0201666 0.0640862
0 0.616735 0.156424 0.018541 0.0625877
0 0.829926 0.28504 0.0185135 0.0624851
0 0.770201 0.14499 0.0153633 0.0484925
0 0.117024 0.100714 0.013553 0.0453389
0 0.179062 0.136253 0.0126147 0.0494804
0 0.775675 0.223435 0.022616 0.063365
0 0.733463 0.116979 0.0154737 0.0496688
0 0.70547 0.152313 0.0156155 0.0489547
0 0.270083 0.18851 0.019718 0.0656368
0 0.873926 0.306861 0.0220638 0.0669828
0 0.146969 0.130806 0.0146202 0.0461703
0 0.339111 0.184805 0.0166531 0.0515958
0 0.593999 0.151534 0.0196951 0.058902
0 0.942042 0.142998 0.012795 0.0454833
0 0.164114 0.0864383 0.0145216 0.0430685
0 0.368989 0.256188 0.0197086 0.0707383
0 0.787181 0.300063 0.0169676 0.066738
0 0.218565 0.19479 0.0170747 0.0527365
0 0.201784 0.086981 0.0150322 0.0523779
0 0.799588 0.127222 0.0142339 0.045639
0 0.0326838 0.0855702 0.011476 0.0401441
0 0.656172 0.142298 0.0164624 0.0529487
0 0.679061 0.069703 0.0167421 0.0440899
0 0.308558 0.158608 0.0164293 0.0465513
0 0.320271 0.103894 0.0155564 0.0470273
0 0.980189 0.151106 0.0155017 0.0504968
0 0.840976 0.0897219 0.0124569 0.0380494
0 0.285406 0.0871152 0.0137617 0.0472887
0 0.0864881 0.0884026 0.0126173 0.0401309
0 0.00728832 0.173638 0.0145766 0.0544174
0 0.586281 0.0805525 0.0127647 0.0469596
0 0.0419858 0.234945 0.0190099 0.0443297
0 0.41805 0.164726 0.0195617 0.0605612
0 0.131767 0.0894041 0.0157706 0.0440607
0 0.372028 0.0894122 0.0124054 0.044945
0 0.0401967 0.129597 0.0115745 0.0394398
0 0.6089 0.0452877 0.0141014 0.0425387
0 0.0801477 0.0450038 0.0162514 0.0393211
0 0.807447 0.291224 0.0228077 0.0743542
0 0.347634 0.0800261 0.0136838 0.0470282
0 0.630906 0.0707908 0.0132031 0.0391736
0 0.909935 0.332888 0.0190765 0.0553346
0 0.827512 0.0667288 0.0122959 0.0343628
0 0.100905 0.0823183 0.0130967 0.0478382
0 0.652094 0.0771094 0.0157366 0.0426972
0 0.182406 0.0544037 0.0151736 0.0432919
0 0.706216 0.0723706 0.0126516 0.0411971
0 0.893322 0.137271 0.0164505 0.0519327
0 0.890705 0.0796203 0.0133537 0.0432163
0 0.728591 0.0266895 0.0104653 0.0331492
0 0.416045 0.090976 0.0158989 0.0513139
0 0.0530207 0.0819539 0.0127474 0.0413331
0 0.449455 0.105931 0.0158774 0.0480002
0 0.22584 0.0334782 0.0130377 0.0430193
0 0.354177 0.173239 0.0169766 0.0494157
0 0.925614 0.161678 0.0155352 0.0452435
0 0.518625 0.0639628 0.0115942 0.0333203
0 0.995352 0.204456 0.0092962 0.0527476
0 0.539611 0.0637701 0.0118048 0.0349916
0 0.0417498 0.174982 0.0134985 0.0371444
0 0.636673 0.124846 0.0132557 0.0467983
0 0.549256 0.0853281 0.0138672 0.0395857
0 0.689673 0.0320505 0.012787 0.0358164
0 0.92937 0.124684 0.0143438 0.0388741
0 0.057714 0.139247 0.0110269 0.032232
0 0.382788 0.0968033 0.0135237 0.0426288
0 0.269972 0.0915126 0.0139711 0.0457732
0 0.619566 0.0850807 0.0116493 0.0384207
0 0.396922 0.161032 0.0152754 0.0494472
0 0.754384 0.132813 0.0136905 0.0475209
0 0.4364 0.0915844 0.0152557 0.0499109
0 0.40323 0.118605 0.0151165 0.0424228
