0 0.332218 0.805973 0.0509357 0.192731
0 0.0384749 0.494941 0.0380769 0.110908
0 0.637878 0.894374 0.0451992 0.176387
0 0.921333 0.367396 0.0282193 0.0982367
0 0.872821 0.432933 0.0362179 0.103114
0 0.200895 0.642731 0.0414816 0.136511
0 0.88739 0.814732 0.0505512 0.181408
0 0.712674 0.633869 0.0457878 0.138805
0 0.444762 0.412211 0.0297865 0.0922999
0 0.139835 0.606939 0.0393711 0.136854
0 0.514036 0.396641 0.0296121 0.104551
0 0.755661 0.397645 0.0254612 0.0800058
0 0.935778 0.592332 0.0385536 0.12071
0 0.10857 0.484634 0.0359036 0.1065
0 0.61241 0.529239 0.0319794 0.0917189
0 0.558166 0.519345 0.0321055 0.123131
0 0.960799 0.288438 0.0249926 0.0783664
0 0.823088 0.421906 0.0293277 0.115539
0 0.669066 0.374801 0.034012 0.0989751
0 0.561155 0.390572 0.0254413 0.0938378
0 0.509383 0.316116 0.0277164 0.0748988
0 0.248068 0.40739 0.0256147 0.0958411
0 0.154014 0.417201 0.028056 0.0969157
0 0.341203 0.345346 0.034561 0.102802
0 0.748281 0.532472 0.0306296 0.104277
0 0.319386 0.196008 0.0220163 0.06972
0 0.208602 0.284907 0.0270133 0.0752575
0 0.14136 0.283422 0.026217 0.0725109
0 0.770722 0.204943 0.0198703 0.0638109
0 0.862731 0.298587 0.024028 0.0782611
0 0.565424 0.199612 0.0224723 0.0705576
0 0.98362 0.739576 0.0327591 0.180194
0 0.392898 0.232229 0.0192061 0.0625149
0 0.0826733 0.39356 0.0298078 0.103196
0 0.0549378 0.229541 0.019431 0.0634522
0 0.301135 0.320634 0.0284683 0.0883926
0 0.113384 0.277129 0.0220265 0.0775711
0 0.0297595 0.361034 0.0272498 0.0738657
0 0.988103 0.312831 0.023513 0.0850125
0 0.793565 0.180736 0.0180884 0.0610416
0 0.371401 0.0926833 0.0154447 0.0506163
0 0.801703 0.265869 0.0232283 0.0649798
0 0.244608 0.132733 0.0150387 0.0528935
0 0.980107 0.205402 0.0189554 0.0634231
0 0.923463 0.23994 0.020787 0.0605767
0 0.735862 0.218486 0.0214525 0.0732175
0 0.684369 0.12213 0.0148922 0.0512384
0 0.223068 0.157956 0.0159017 0.0521432
0 0.708294 0.265214 0.0265411 0.0761808
0 0.20849 0.100507 0.0151013 0.0448872
0 0.5132 0.187575 0.0221742 0.0703581
0 0.119924 0.133597 0.0155138 0.0534694
0 0.843307 0.0540231 0.0122837 0.0420019
0 0.659419 0.202735 0.0224801 0.0674427
0 0.588035 0.423942 0.0292696 0.090602
0 0.543103 0.118086 0.0152664 0.0495309
0 0.395677 0.0547677 0.0143932 0.0443163
0 0.0465662 0.304822 0.0260378 0.0774807
0 0.426481 0.169428 0.0166519 0.0583482
0 0.440198 0.231411 0.0207193 0.0647364
0 0.469834 0.0992264 0.0162604 0.0567268
0 0.370373 0.173344 0.0188559 0.0652987
0 0.841414 0.240022 0.0201555 0.060813
0 0.798489 0.341768 0.0261034 0.0814786
0 0.33529 0.137669 0.0172964 0.0590782
0 0.202973 0.397258 0.0237643 0.0735427
0 0.153191 0.172894 0.0184633 0.0648714
0 0.863685 0.138145 0.0145908 0.0468501
0 0.281544 0.114964 0.0165303 0.0541857
0 0.809928 0.0822841 0.013567 0.0392631
0 0.689458 0.0773707 0.0137696 0.0415393
0 0.895675 0.145191 0.0162735 0.0520011
0 0.547391 0.330219 0.024584 0.0841275
0 0.85196 0.181465 0.0168944 0.0569272
0 0.524775 0.121535 0.0143047 0.0512556
0 0.772934 0.10548 0.0137157 0.0425986
0 0.101329 0.0867107 0.0146137 0.0501763
0 0.412662 0.129434 0.0153107 0.0534596
0 0.663521 0.100857 0.0140566 0.0479809
0 0.0338539 0.0984176 0.0124954 0.0408262
0 0.675555 0.300829 0.0242662 0.0543294
0 0.0329191 0.229234 0.0182362 0.0638547
0 0.726834 0.168401 0.0190128 0.0561971
0 0.355384 0.0416997 0.0133632 0.0414976
0 0.441037 0.167791 0.0154085 0.0518739
0 0.620272 0.207189 0.0196371 0.0542732
0 0.0469259 0.040167 0.0105746 0.0328781
0 0.727078 0.028802 0.0119721 0.0406602
0 0.0108936 0.0848664 0.0130994 0.0414571
0 0.919355 0.0767846 0.012801 0.0380478
0 0.719414 0.0654677 0.0121902 0.0380693
0 0.278283 0.0167828 0.0127005 0.0335655
0 0.19891 0.171613 0.0166603 0.043562
0 0.163767 0.128357 0.0140345 0.0479822
0 0.651532 0.0882512 0.012363 0.0439581
0 0.331698 0.0596123 0.0164261 0.0439959
0 0.93942 0.102926 0.0128509 0.0398112
0 0.638516 0.374705 0.0254107 0.0840354
0 0.872305 0.0479268 0.012348 0.0361222
0 0.790991 0.0805065 0.0139448 0.0405716
0 0.755039 0.260847 0.0203877 0.0652538
0 0.425963 0.0554249 0.0140094 0.0377795
0 0.00382862 0.26835 0.00750036 0.0901346
0 0.51473 0.0753331 0.0147869 0.0430759
0 0.848229 0.397583 0.0223947 0.083108
0 0.486836 0.235431 0.0209444 0.0601151
0 0.583095 0.0519633 0.0133001 0.037272
0 0.633942 0.0652881 0.0124132 0.0389884
0 0.115562 0.0478824 0.0153514 0.0432271
0 0.892614 0.0907607 0.0139629 0.0374187
0 0.0331689 0.216168 0.0179799 0.0672413
0 0.822479 0.222498 0.0180174 0.0682709
0 0.925719 0.145178 0.0147171 0.0472719
0 0.876522 0.139673 0.0125321 0.043284
0 0.706977 0.129574 0.0136453 0.0492595
0 0.169456 0.0977328 0.0166459 0.0412091
0 0.234978 0.102286 0.0149627 0.0389869
0 0.23609 0.0601421 0.013959 0.0386807
0 0.840625 0.145502 0.0152302 0.0499329
0 0.188778 0.222189 0.0212652 0.0672693
