0 0.385295 0.859454 0.0577283 0.198159
0 0.955693 0.842198 0.0488337 0.151086
0 0.195747 0.750709 0.0382775 0.137419
0 0.950581 0.643725 0.0381178 0.13883
0 0.828664 0.397963 0.029994 0.0934985
0 0.724582 0.861771 0.0516235 0.177691
0 0.462639 0.941363 0.0589318 0.117275
0 0.446257 0.426983 0.0290495 0.105373
0 0.954368 0.403923 0.0318131 0.106208
0 0.842803 0.903722 0.0468328 0.160059
0 0.537399 0.485969 0.0338753 0.099099
0 0.229067 0.517569 0.0350559 0.115698
0 0.882138 0.413091 0.0336216 0.0988837
0 0.677752 0.540195 0.0307264 0.0929919
0 0.0843442 0.859206 0.0508364 0.166825
0 0.618487 0.381174 0.02808 0.0896127
0 0.481726 0.389796 0.029405 0.0977613
0 0.0970352 0.512082 0.0302623 0.11841
0 0.0908097 0.360185 0.026738 0.106227
0 0.66558 0.285081 0.0257452 0.0757101
0 0.0502581 0.387543 0.0279712 0.0973553
0 0.607059 0.512289 0.0330543 0.118025
0 0.650666 0.47813 0.028695 0.0881482
0 0.814137 0.519194 0.0276383 0.066011
0 0.542974 0.251719 0.0218117 0.0720187
0 0.565018 0.462535 0.0280951 0.095641
0 0.784606 0.374829 0.0234917 0.0777247
0 0.264684 0.256485 0.0229622 0.0827981
0 0.380194 0.22601 0.023723 0.0764206
0 0.0214967 0.377053 0.0269672 0.0910301
0 0.602521 0.261997 0.0212025 0.0717366
0 0.117456 0.804691 0.0323684 0.122854
0 0.228468 0.15495 0.0173416 0.0539214
0 0.767809 0.313254 0.02183 0.074009
0 0.609777 0.200113 0.0190201 0.0584277
0 0.972255 0.0899195 0.0129627 0.0425936
0 0.730736 0.19668 0.0189155 0.0585683
0 0.822063 0.588804 0.0336588 0.1072
0 0.171522 0.219561 0.0205419 0.0718145
0 0.195257 0.184545 0.0181212 0.0584888
0 0.443263 0.196469 0.020766 0.0649875
0 0.663222 0.165518 0.0187594 0.0607184
0 0.345222 0.117925 0.0165375 0.0575772
0 0.531303 0.151306 0.0175872 0.0546152
0 0.619529 0.12054 0.0156855 0.0467639
0 0.752284 0.179615 0.0172991 0.0633269
0 0.570621 0.14084 0.0168262 0.05448
0 0.702045 0.188746 0.0156872 0.0557426
0 0.0767673 0.145235 0.0200003 0.055562
0 0.593331 0.165932 0.0151242 0.0530121
0 0.317462 0.0861325 0.0154103 0.0483833
0 0.910581 0.0911976 0.0122768 0.0430082
0 0.420298 0.152649 0.0181778 0.0597024
0 0.217312 0.0995955 0.0133745 0.0466159
0 0.749399 0.327985 0.0201933 0.0619852
0 0.124793 0.122841 0.0157564 0.0552524
0 0.901546 0.136442 0.0129254 0.0439563
0 0.81452 0.18686 0.0165379 0.0663179
0 0.486935 0.141919 0.0180861 0.0567797
0 0.142433 0.15574 0.0160735 0.0602487
0 0.177643 0.129072 0.0142704 0.0536571
0 0.202979 0.0549248 0.0121172 0.0411135
0 0.639127 0.114267 0.0177615 0.0564968
0 0.88613 0.10675 0.0121594 0.0381562
0 0.428275 0.0875692 0.0129283 0.0429181
0 0.0462607 0.0551973 0.0145526 0.0386002
0 0.616741 0.0524926 0.0108755 0.0368579
0 0.291393 0.0807126 0.0143712 0.0432145
0 0.850784 0.118628 0.0168825 0.0475698
0 0.552851 0.133639 0.0166176 0.0548462
0 0.26109 0.156954 0.0219206 0.0665423
0 0.2275 0.0567244 0.0133634 0.0469349
0 0.778945 0.182645 0.0171594 0.0580856
0 0.936709 0.107194 0.0180447 0.0563984
0 0.759332 0.439918 0.0342737 0.105388
0 0.183706 0.0874776 0.0132117 0.0395754
0 0.889063 0.155615 0.0117164 0.0424142
0 0.273491 0.10322 0.0134643 0.0455681
0 0.168506 0.0412742 0.0124192 0.0404347
0 0.766592 0.152205 0.0142516 0.0594546
0 0.795737 0.0779994 0.0124547 0.0354214
0 0.0353343 0.644307 0.0391215 0.118317
0 0.267248 0.0453499 0.0131011 0.0416124
0 0.690949 0.155265 0.0157055 0.0487197
0 0.0162308 0.168694 0.015935 0.0528306
0 0.8901 0.051286 0.0121734 0.0355798
0 0.993329 0.434454 0.0133415 0.0736062
0 0.683056 0.101061 0.0137028 0.0406621
0 0.0354748 0.151369 0.0170413 0.0511093
0 0.409802 0.100325 0.012503 0.0361823
0 0.0119048 0.0520326 0.012767 0.0416085
0 0.457792 0.0726335 0.0116382 0.0357714
0 0.470764 0.145383 0.0137172 0.0468835
0 0.654092 0.0993888 0.0123533 0.0497937
0 0.986467 0.353213 0.0264336 0.0811137
0 0.12801 0.577044 0.0385757 0.126803
0 0.754955 0.0926226 0.013871 0.0415144
0 0.777301 0.114376 0.0156305 0.0446811
0 0.06955 0.088045 0.0139737 0.0393169
0 0.744212 0.0601917 0.0117487 0.0341347
0 0.0181587 0.10207 0.0146173 0.0425483
0 0.830966 0.0898368 0.0115513 0.0369451
0 0.539137 0.975398 0.0606042 0.049203
0 0.251844 0.0726689 0.0127963 0.0409286
0 0.819173 0.0931317 0.0104492 0.0334755
0 0.734472 0.151858 0.0162826 0.0419428
0 0.38612 0.167771 0.020642 0.0463121
0 0.482807 0.0850179 0.0127332 0.0373395
0 0.284548 0.0363986 0.0120808 0.0343816
0 0.855661 0.246684 0.0217128 0.0672918
0 0.184166 0.480703 0.0315903 0.0890916
0 0.987679 0.285015 0.0246429 0.0715757
0 0.343844 0.0539009 0.0121222 0.0369671
0 0.104815 0.0858557 0.0140826 0.0437781
0 0.542302 0.109802 0.0127327 0.0421431
0 0.105873 0.0798056 0.0138532 0.0389974
0 0.167423 0.090967 0.0118925 0.0395076
