0 0.56957 0.890286 0.0448815 0.150589
0 0.725884 0.620206 0.0373187 0.128274
0 0.582062 0.564948 0.0341505 0.104264
0 0.510031 0.591386 0.0355457 0.131821
0 0.200029 0.380858 0.0274537 0.100957
0 0.806614 0.431909 0.0265126 0.0942313
0 0.194832 0.521369 0.0356606 0.112966
0 0.153371 0.532757 0.0339043 0.112758
0 0.359102 0.358772 0.0259728 0.0939149
0 0.26569 0.413241 0.0268017 0.0931443
0 0.671212 0.475546 0.0310904 0.119945
0 0.423871 0.314548 0.0252915 0.0804098
0 0.698963 0.336317 0.0269448 0.0805177
0 0.329022 0.194519 0.0218495 0.0633786
0 0.530822 0.160072 0.0197062 0.054413
0 0.599884 0.295759 0.0245247 0.0714293
0 0.644074 0.194604 0.0214661 0.0638891
0 0.416544 0.179572 0.0182586 0.0637603
0 0.248127 0.159982 0.0152107 0.0513893
0 0.742833 0.172277 0.020979 0.0593757
0 0.7294 0.283254 0.0215381 0.0689635
0 0.518719 0.222873 0.0216583 0.0667596
0 0.77111 0.188346 0.016283 0.060266
0 0.78769 0.201859 0.0191459 0.0662254
0 0.657381 0.287623 0.0219194 0.0673561
0 0.82547 0.186258 0.0163972 0.0544551
0 0.27365 0.143492 0.0192938 0.0560171
0 0.888181 0.311805 0.0238629 0.0705855
0 0.926033 0.285733 0.0212955 0.0694423
0 0.0135917 0.25355 0.0226553 0.0780656
0 0.871925 0.237519 0.0162869 0.0591258
0 0.646969 0.0940584 0.016753 0.0599065
0 0.709618 0.151097 0.0164284 0.0550102
0 0.586584 0.118576 0.0173267 0.0484245
0 0.976173 0.292307 0.0236609 0.0761491
0 0.362707 0.964603 0.0690528 0.0707945
0 0.121394 0.115161 0.0132763 0.0424625
0 0.0358966 0.161221 0.0164816 0.0555834
0 0.0760782 0.150269 0.0176045 0.0498693
0 0.488098 0.124212 0.0156956 0.0542346
0 0.768471 0.346591 0.0238352 0.0803604
0 0.141465 0.0905263 0.0131166 0.0448562
0 0.687638 0.183967 0.0161527 0.0611408
0 0.909185 0.125135 0.014288 0.0435062
0 0.989083 0.119019 0.0169917 0.0500004
0 0.185276 0.162112 0.0143755 0.0464441
0 0.865897 0.112101 0.0148783 0.0479974
0 0.450794 0.132713 0.017896 0.0587105
0 0.27566 0.344605 0.0256629 0.0709991
0 0.568876 0.0562879 0.0137381 0.0458385
0 0.157839 0.182573 0.0150336 0.0502942
0 0.844224 0.097052 0.0150608 0.0484646
0 0.236529 0.113056 0.013732 0.0456428
0 0.426458 0.112824 0.0155166 0.0525846
0 0.868693 0.173155 0.0158863 0.0516164
0 0.246202 0.061298 0.0117645 0.036433
0 0.319298 0.0699388 0.0156631 0.0486988
0 0.344158 0.268485 0.0231019 0.070631
0 0.470292 0.07647 0.0148139 0.042389
0 0.206715 0.0841448 0.0137895 0.044734
0 0.549214 0.0543682 0.0125754 0.0432031
0 0.285649 0.0545242 0.0122664 0.0375145
0 0.174193 0.10313 0.0129839 0.0433668
0 0.260943 0.110204 0.013648 0.0431474
0 0.71078 0.102341 0.014046 0.0420674
0 0.698809 0.0273991 0.0129059 0.0419022
0 0.129397 0.054113 0.010555 0.0392196
0 0.730095 0.0696277 0.0133689 0.0404752
0 0.992581 0.324477 0.0148379 0.0735091
0 0.406163 0.102945 0.014681 0.0493233
0 0.582622 0.0717918 0.0140382 0.0397785
0 0.89063 0.0734065 0.0132153 0.0394402
0 0.160966 0.0501952 0.0136508 0.0423855
0 0.385075 0.161208 0.0135056 0.0471844
0 0.380771 0.133036 0.0137022 0.0460769
0 0.226993 0.0476183 0.0122993 0.0382494
0 0.078832 0.0992785 0.0123903 0.0373159
0 0.72871 0.029346 0.0116757 0.0358983
0 0.03622 0.0867647 0.0117032 0.0389358
0 0.580093 0.166487 0.0171063 0.0565926
0 0.0955541 0.0462284 0.0123593 0.0375912
0 0.0613828 0.0632337 0.0122235 0.0403691
0 0.780157 0.0704816 0.0135109 0.0352219
0 0.0782024 0.0324617 0.0108258 0.0299418
0 0.759312 0.0968136 0.0123375 0.040145
0 0.675707 0.070696 0.0139967 0.0396384
0 0.0827257 0.0629484 0.0120708 0.0324276
0 0.611703 0.0739488 0.0135206 0.0419311
0 0.813751 0.0437335 0.0115577 0.0343661
0 0.273259 0.0884134 0.0138675 0.0389283
0 0.0910374 0.135028 0.0126317 0.0405905
0 0.636757 0.0230766 0.0119702 0.0362759
0 0.117382 0.05749 0.0114737 0.0387517
0 0.823499 0.0720205 0.0131866 0.0404639
0 0.467123 0.276646 0.0269667 0.090886
0 0.0198342 0.0936705 0.0160199 0.0450779
0 0.106711 0.113827 0.0144207 0.0409458
0 0.74328 0.105036 0.0126806 0.0415412
0 0.905837 0.0521747 0.010997 0.0313071
0 0.197357 0.101428 0.0117067 0.0388696
0 0.868774 0.0645027 0.0131891 0.0373708
0 0.197237 0.061711 0.01072 0.0326496
