0 0.555556 0.568421 0.028542 0.084211
0 0.303772 0.286842 0.020387 0.052632
0 0.537717 0.388158 0.019368 0.065789
0 0.748216 0.231579 0.014271 0.052632
0 0.170744 0.446053 0.021407 0.060526
0 0.356779 0.196053 0.016310 0.044737
0 0.163099 0.348684 0.016310 0.055263
0 0.301223 0.472368 0.023445 0.071053
0 0.550968 0.457895 0.021407 0.063158
0 0.380224 0.223684 0.018349 0.052632
0 0.445973 0.326316 0.017329 0.063158
0 0.653415 0.280263 0.016310 0.055263
0 0.709480 0.307895 0.020387 0.052632
0 0.330785 0.185526 0.015291 0.044737
0 0.781855 0.306579 0.022426 0.060526
0 0.254332 0.376316 0.015291 0.057895
0 0.406728 0.314474 0.018349 0.060526
0 0.118247 0.375000 0.016310 0.055263
0 0.332314 0.255263 0.016310 0.047368
0 0.611621 0.390789 0.020387 0.060526
0 0.063201 0.442105 0.020387 0.052632
0 0.785933 0.134211 0.014271 0.047368
0 0.772171 0.384211 0.021407 0.068421
0 0.350663 0.440789 0.020387 0.060526
0 0.349643 0.330263 0.018349 0.055263
0 0.232416 0.264474 0.016310 0.055263
0 0.310398 0.231579 0.017329 0.047368
0 0.455148 0.267105 0.019368 0.055263
0 0.717635 0.105263 0.014271 0.042105
0 0.299694 0.344737 0.016310 0.057895
0 0.545362 0.322368 0.018349 0.060526
0 0.617737 0.273684 0.018349 0.052632
0 0.866463 0.113158 0.016310 0.042105
0 0.026504 0.281579 0.016310 0.047368
0 0.963812 0.157895 0.015291 0.042105
0 0.591743 0.272368 0.017329 0.055263
0 0.690622 0.113158 0.015291 0.042105
0 0.495413 0.280263 0.018349 0.055263
0 0.059123 0.152632 0.014271 0.047368
0 0.412334 0.425000 0.021407 0.065789
0 0.477574 0.278947 0.017329 0.057895
0 0.470948 0.367105 0.018349 0.065789
0 0.700815 0.388158 0.019368 0.065789
0 0.928644 0.501316 0.024465 0.055263
0 0.212538 0.278947 0.017329 0.057895
0 0.105505 0.065789 0.011213 0.031579
0 0.567788 0.257895 0.016310 0.047368
0 0.842508 0.021053 0.013252 0.036842
0 0.343527 0.280263 0.016310 0.044737
0 0.404689 0.176316 0.014271 0.047368
0 0.244648 0.339474 0.016310 0.052632
0 0.707951 0.063158 0.011213 0.036842
0 0.224771 0.160526 0.017329 0.052632
0 0.818043 0.077632 0.013252 0.044737
0 0.204893 0.042105 0.010194 0.031579
0 0.380734 0.121053 0.013252 0.047368
0 0.195719 0.071053 0.012232 0.036842
0 0.612640 0.135526 0.016310 0.050000
0 0.641692 0.253947 0.013252 0.044737
0 0.090214 0.069737 0.011213 0.034211
0 0.573394 0.047368 0.013252 0.036842
0 0.024465 0.227632 0.014271 0.044737
0 0.369521 0.063158 0.011213 0.031579
0 0.222222 0.497368 0.022426 0.057895
0 0.148828 0.159211 0.014271 0.039474
0 0.959225 0.005263 0.012232 0.005263
0 0.143221 0.125000 0.013252 0.034211
0 0.232926 0.031579 0.011213 0.036842
0 0.270133 0.038158 0.010194 0.034211
0 0.354740 0.021053 0.010194 0.031579
0 0.541284 0.140789 0.014271 0.039474
0 0.036188 0.140789 0.013252 0.044737
0 0.627931 0.089474 0.012232 0.036842
0 0.603976 0.053947 0.015291 0.044737
0 0.420489 0.151316 0.011213 0.039474
0 0.005097 0.290789 0.008155 0.050000
0 0.482161 0.065789 0.012232 0.042105
0 0.904179 0.003947 0.014271 0.002632
0 0.489806 0.160526 0.015291 0.042105
0 0.443935 0.172368 0.013252 0.039474
0 0.124363 0.067105 0.012232 0.039474
0 0.741590 0.046053 0.011213 0.039474
0 0.688583 0.017105 0.011213 0.028947
0 0.503568 0.015789 0.010194 0.026316
0 0.777268 0.015789 0.011213 0.026316
0 0.730887 0.018421 0.012232 0.031579
0 0.338430 0.055263 0.012232 0.036842
0 0.481651 0.028947 0.011213 0.031579
0 0.006116 0.198684 0.010194 0.044737
0 0.596840 0.182895 0.013252 0.044737
0 0.561162 0.107895 0.011213 0.036842
0 0.037207 0.603947 0.031600 0.076316
0 0.108053 0.571053 0.022426 0.063158
0 0.173802 0.642105 0.033639 0.089474
0 0.228848 0.696053 0.025484 0.081579
0 0.202854 0.922368 0.046891 0.107895
0 0.371050 0.623684 0.022426 0.063158
0 0.389908 0.709211 0.023445 0.071053
0 0.378186 0.453947 0.020387 0.065789
0 0.403670 0.544737 0.018349 0.057895
0 0.484709 0.722368 0.033639 0.076316
0 0.525994 0.711842 0.028542 0.081579
0 0.590724 0.767105 0.023445 0.081579
0 0.601937 0.369737 0.013252 0.055263
0 0.515800 0.300000 0.016310 0.047368
0 0.668705 0.525000 0.022426 0.071053
0 0.734455 0.394737 0.017329 0.063158
0 0.716616 0.415789 0.020387 0.052632
0 0.751784 0.455263 0.023445 0.063158
0 0.754842 0.577632 0.037717 0.102632
0 0.887360 0.052632 0.017329 0.047368
0 0.528542 0.027632 0.015291 0.034211
0 0.510703 0.098684 0.016310 0.039474
0 0.519878 0.053947 0.014271 0.044737
0 0.656983 0.023684 0.009174 0.042105
0 0.485219 0.377632 0.014271 0.050000
0 0.482161 0.334211 0.016310 0.052632
0 0.484709 0.455263 0.023445 0.063158
0 0.172783 0.167105 0.021407 0.050000
0 0.144241 0.196053 0.017329 0.050000
0 0.044852 0.114474 0.012232 0.039474
0 0.133028 0.051316 0.013252 0.044737
0 0.150866 0.030263 0.012232 0.034211
0 0.173293 0.021053 0.014271 0.031579
