0 0.537105 0.70585 0.0408903 0.127997
0 0.282051 0.74755 0.0508472 0.162653
0 0.230628 0.758861 0.0438652 0.148253
0 0.782549 0.888712 0.0497361 0.158181
0 0.941172 0.607089 0.0353023 0.136935
0 0.448627 0.421444 0.0308685 0.108182
0 0.122643 0.498541 0.0296536 0.108613
0 0.66653 0.684831 0.0378697 0.124621
0 0.770125 0.696648 0.0335438 0.132093
0 0.688611 0.443748 0.0317379 0.118878
0 0.352267 0.507423 0.0321664 0.113751
0 0.24715 0.516793 0.0349808 0.106487
0 0.44385 0.598894 0.0328032 0.103005
0 0.365973 0.376212 0.0266498 0.0901728
0 0.517711 0.391163 0.028636 0.101456
0 0.251725 0.36543 0.0243599 0.0797462
0 0.545407 0.502042 0.0316586 0.116513
0 0.838324 0.357328 0.0297506 0.0946983
0 0.6794 0.288698 0.0216602 0.0680578
0 0.41401 0.366959 0.0249408 0.088935
0 0.913398 0.421782 0.032052 0.090754
0 0.296726 0.304988 0.0270792 0.0891468
0 0.436725 0.705129 0.0369688 0.132649
0 0.518343 0.282782 0.0245041 0.0730941
0 0.428615 0.241062 0.0238659 0.0773575
0 0.394021 0.484054 0.0281329 0.113882
0 0.201726 0.312933 0.0248076 0.0701811
0 0.876148 0.281167 0.02288 0.0754576
0 0.239224 0.237066 0.0190402 0.0681042
0 0.171343 0.281432 0.0209556 0.0625035
0 0.913742 0.296582 0.0223079 0.0691938
0 0.984945 0.860566 0.0301088 0.146776
0 0.640417 0.354235 0.0262566 0.093416
0 0.741025 0.276997 0.0195823 0.0659374
0 0.687422 0.192121 0.0191126 0.0589204
0 0.728906 0.208799 0.0203691 0.071009
0 0.930139 0.207777 0.0183499 0.0674834
0 0.548434 0.23034 0.0209057 0.0674055
0 0.384836 0.315951 0.0238582 0.0840686
0 0.260222 0.441592 0.0253777 0.0835253
0 0.0380919 0.288543 0.022217 0.0819082
0 0.170207 0.119743 0.016673 0.0526825
0 0.21387 0.187299 0.019881 0.0666035
0 0.0833669 0.589315 0.0319876 0.121394
0 0.312482 0.229201 0.0211135 0.0586268
0 0.629737 0.192439 0.0202326 0.0582248
0 0.147953 0.222679 0.0169004 0.0647582
0 0.667391 0.130809 0.0132118 0.048993
0 0.767201 0.163003 0.0183716 0.0643013
0 0.0402526 0.466019 0.0292769 0.0907492
0 0.791108 0.264471 0.0211696 0.0593121
0 0.131661 0.192059 0.0152306 0.0582928
0 0.68213 0.141207 0.0158464 0.0461558
0 0.747404 0.185032 0.0170373 0.0565074
0 0.338868 0.209373 0.0205348 0.0696966
0 0.47456 0.204081 0.0184168 0.0576436
0 0.616023 0.299416 0.0207266 0.0706381
0 0.00737737 0.210097 0.0146499 0.0625796
0 0.132214 0.0714364 0.0126628 0.0447784
0 0.231735 0.162974 0.0174676 0.0553418
0 0.16859 0.211965 0.0224078 0.0608548
0 0.85349 0.249902 0.0224129 0.0696757
0 0.81373 0.217497 0.0193657 0.0675476
0 0.702029 0.136761 0.0167853 0.049563
0 0.333037 0.13648 0.018178 0.0569835
0 0.601111 0.236344 0.0187212 0.0687943
0 0.192921 0.148217 0.0164672 0.0510688
0 0.610915 0.120158 0.0170796 0.0547456
0 0.631938 0.120355 0.0184483 0.049599
0 0.541377 0.150484 0.0163105 0.0569691
0 0.151634 0.156926 0.0165111 0.0539203
0 0.490622 0.187584 0.0169035 0.0664443
0 0.240835 0.0954034 0.0144647 0.0454975
0 0.121079 0.15662 0.0134571 0.0445851
0 0.651579 0.146838 0.0151951 0.0512321
0 0.707314 0.343989 0.0278949 0.082383
0 0.30716 0.0940037 0.0156255 0.05014
0 0.407813 0.14472 0.0171827 0.0515073
0 0.840247 0.150073 0.014983 0.04948
0 0.989385 0.114886 0.0149183 0.0495821
0 0.282659 0.210547 0.0220653 0.0626828
0 0.0840891 0.226597 0.0180216 0.0687566
0 0.0661343 0.184005 0.0176561 0.0608879
0 0.73432 0.109001 0.0133767 0.0399895
0 0.666171 0.0842666 0.0142343 0.0424686
0 0.866312 0.123785 0.0140694 0.049455
0 0.916401 0.139686 0.0136524 0.0452113
0 0.381775 0.206275 0.0207652 0.0629969
0 0.718917 0.152761 0.0151065 0.0438035
0 0.112662 0.220584 0.0211746 0.0643962
0 0.904116 0.171554 0.0157562 0.0469741
0 0.27861 0.0880916 0.0141324 0.042596
0 0.590629 0.0641936 0.0119697 0.041703
0 0.0610979 0.0628122 0.0126942 0.0409012
0 0.571103 0.444703 0.0274267 0.0952335
0 0.401558 0.2016 0.0175967 0.0671021
0 0.82367 0.165484 0.0176029 0.0543749
0 0.450216 0.160392 0.0189958 0.0649334
0 0.429589 0.170425 0.0174337 0.0521421
0 0.181137 0.0650926 0.0131037 0.0351087
0 0.650215 0.208579 0.0153241 0.0522114
0 0.0783524 0.0745201 0.0112706 0.0344159
0 0.147503 0.111617 0.0148231 0.0419188
0 0.606581 0.181118 0.0173256 0.0512614
0 0.88412 0.0652303 0.0136602 0.0410542
0 0.0479753 0.564292 0.0366923 0.0975822
0 0.57922 0.21873 0.0174494 0.0572537
0 0.934036 0.154876 0.0145401 0.0436546
0 0.103092 0.0745096 0.0114582 0.0374772
0 0.25378 0.0666151 0.0135487 0.0404088
0 0.203732 0.0670819 0.0137517 0.0375922
0 0.033902 0.0412155 0.0118037 0.0392636
0 0.693824 0.0930889 0.0129673 0.0401677
0 0.561441 0.143889 0.0150981 0.0429314
0 0.906464 0.0737131 0.0131107 0.0403901
0 0.382538 0.0486517 0.013201 0.0370338
0 0.691157 0.0271321 0.0121884 0.0343276
0 0.864003 0.0619488 0.0127306 0.0376083
0 0.286609 0.212298 0.0206403 0.0620383
0 0.0439174 0.138106 0.0181928 0.0543156
0 0.279386 0.138658 0.0169631 0.0466522
0 0.805579 0.0633354 0.0118936 0.0337209
0 0.270625 0.172342 0.0152555 0.0427782
0 0.389769 0.0990147 0.0128118 0.0402072
0 0.349537 0.174672 0.0140094 0.0430278
0 0.215855 0.138805 0.0151891 0.0379879
0 0.330826 0.0418226 0.011309 0.0327334
0 0.766402 0.0709642 0.011569 0.0332355
0 0.357168 0.146055 0.0161896 0.0468362
0 0.593305 0.1218 0.0137043 0.0479068
0 0.66428 0.363475 0.0216267 0.0869975
0 0.681027 0.0893229 0.0129092 0.0399455
0 0.0431057 0.0906713 0.0139534 0.0355131
0 0.724152 0.0282618 0.0117061 0.0336321
0 0.361339 0.0863978 0.0120167 0.0361406
