0 0.488277 0.431579 0.026504 0.084211
0 0.195209 0.336842 0.017329 0.068421
0 0.297655 0.292105 0.018349 0.052632
0 0.132008 0.378947 0.021407 0.068421
0 0.888889 0.457895 0.026504 0.073684
0 0.418960 0.346053 0.018349 0.050000
0 0.395515 0.318421 0.020387 0.057895
0 0.578491 0.373684 0.021407 0.078947
0 0.293068 0.375000 0.019368 0.060526
0 0.740571 0.311842 0.017329 0.055263
0 0.313965 0.413158 0.020387 0.063158
0 0.188073 0.431579 0.023445 0.063158
0 0.455148 0.272368 0.017329 0.055263
0 0.936290 0.185526 0.015291 0.050000
0 0.128950 0.140789 0.013252 0.039474
0 0.808869 0.243421 0.015291 0.050000
0 0.915902 0.142105 0.015291 0.047368
0 0.687564 0.323684 0.021407 0.068421
0 0.017329 0.343421 0.018349 0.055263
0 0.415392 0.402632 0.021407 0.068421
0 0.906218 0.203947 0.016310 0.050000
0 0.593272 0.136842 0.012232 0.042105
0 0.718654 0.246053 0.016310 0.050000
0 0.259429 0.222368 0.015291 0.044737
0 0.688073 0.507895 0.022426 0.084211
0 0.877676 0.156579 0.018349 0.050000
0 0.773191 0.239474 0.015291 0.052632
0 0.612640 0.322368 0.020387 0.065789
0 0.380734 0.215789 0.015291 0.042105
0 0.050968 0.222368 0.014271 0.044737
0 0.341998 0.288158 0.017329 0.055263
0 0.551478 0.168421 0.014271 0.042105
0 0.426096 0.219737 0.014271 0.044737
0 0.794088 0.065789 0.012232 0.036842
0 0.642202 0.203947 0.016310 0.044737
0 0.044852 0.119737 0.012232 0.039474
0 0.483180 0.264474 0.016310 0.065789
0 0.119266 0.192105 0.012232 0.042105
0 0.494903 0.180263 0.015291 0.044737
0 0.569827 0.260526 0.014271 0.052632
0 0.541794 0.540789 0.031600 0.086842
0 0.790520 0.461842 0.031600 0.092105
0 0.511213 0.219737 0.015291 0.050000
0 0.618756 0.250000 0.014271 0.047368
0 0.535168 0.252632 0.018349 0.052632
0 0.233435 0.214474 0.016310 0.044737
0 0.690112 0.164474 0.016310 0.050000
0 0.644241 0.269737 0.016310 0.060526
0 0.539755 0.298684 0.015291 0.060526
0 0.607543 0.222368 0.016310 0.050000
0 0.450051 0.185526 0.015291 0.044737
0 0.415392 0.035526 0.011213 0.034211
0 0.968909 0.117105 0.015291 0.044737
0 0.982671 0.206579 0.016310 0.055263
0 0.180428 0.122368 0.014271 0.039474
0 0.665138 0.236842 0.017329 0.057895
0 0.630989 0.321053 0.014271 0.057895
0 0.066259 0.464474 0.022426 0.060526
0 0.613660 0.442105 0.028542 0.073684
0 0.841998 0.185526 0.014271 0.034211
0 0.792049 0.180263 0.014271 0.044737
0 0.356269 0.194737 0.015291 0.042105
0 0.285423 0.122368 0.012232 0.039474
0 0.308869 0.086842 0.010194 0.031579
0 0.237513 0.150000 0.014271 0.042105
0 0.010703 0.090789 0.011213 0.034211
0 0.379715 0.452632 0.021407 0.073684
0 0.411825 0.173684 0.014271 0.042105
0 0.465341 0.101316 0.013252 0.034211
0 0.709990 0.138158 0.011213 0.034211
0 0.280326 0.064474 0.012232 0.028947
0 0.168705 0.142105 0.011213 0.036842
0 0.617737 0.130263 0.012232 0.034211
0 0.500510 0.136842 0.012232 0.042105
0 0.329766 0.109211 0.011213 0.039474
0 0.571356 0.152632 0.011213 0.036842
0 0.752294 0.100000 0.012232 0.042105
0 0.600408 0.389474 0.022426 0.073684
0 0.986748 0.640789 0.024465 0.081579
0 0.744139 0.103947 0.012232 0.039474
0 0.316514 0.284211 0.015291 0.047368
0 0.321611 0.153947 0.013252 0.039474
0 0.328746 0.240789 0.017329 0.050000
0 0.154944 0.217105 0.016310 0.055263
0 0.072885 0.139474 0.011213 0.036842
0 0.651376 0.102632 0.012232 0.042105
0 0.579511 0.096053 0.013252 0.039474
0 0.099388 0.143421 0.013252 0.039474
0 0.855759 0.440789 0.017329 0.060526
0 0.895515 0.088158 0.011213 0.034211
0 0.692151 0.065789 0.010194 0.031579
0 0.290520 0.231579 0.014271 0.042105
0 0.522936 0.321053 0.018349 0.052632
0 0.472477 0.140789 0.013252 0.039474
0 0.118247 0.065789 0.012232 0.036842
0 0.703364 0.014474 0.010194 0.023684
0 0.345056 0.382895 0.021407 0.060526
0 0.774210 0.136842 0.013252 0.042105
0 0.283384 0.256579 0.014271 0.039474
0 0.995923 0.210526 0.008155 0.047368
0 0.086137 0.518421 0.023445 0.073684
0 0.152396 0.582895 0.029562 0.076316
0 0.130989 0.456579 0.021407 0.065789
0 0.272171 0.547368 0.026504 0.078947
0 0.237003 0.414474 0.027523 0.081579
0 0.084608 0.226316 0.014271 0.047368
0 0.186035 0.073684 0.017329 0.047368
0 0.087156 0.081579 0.011213 0.036842
0 0.183996 0.018421 0.013252 0.031579
0 0.248726 0.017105 0.014271 0.028947
0 0.454638 0.459211 0.024465 0.060526
0 0.603976 0.626316 0.029562 0.078947
0 0.714577 0.543421 0.030581 0.081579
0 0.915392 0.839474 0.028542 0.094737
0 0.941896 0.252632 0.024465 0.068421
0 0.163099 0.106579 0.010194 0.023684
0 0.204383 0.078947 0.015291 0.042105
0 0.224261 0.092105 0.014271 0.031579
0 0.263507 0.064474 0.011213 0.044737
0 0.357288 0.030263 0.017329 0.050000
0 0.380734 0.044737 0.013252 0.042105
0 0.435270 0.122368 0.016310 0.055263
0 0.446993 0.051316 0.011213 0.034211
0 0.461774 0.018421 0.014271 0.031579
0 0.517839 0.057895 0.014271 0.042105
0 0.542304 0.030263 0.012232 0.034211
0 0.561162 0.076316 0.013252 0.031579
0 0.477064 0.064474 0.014271 0.044737
0 0.557085 0.057895 0.013252 0.036842
0 0.599898 0.094737 0.017329 0.042105
0 0.673802 0.093421 0.012232 0.039474
0 0.669215 0.025000 0.013252 0.039474
0 0.760449 0.040789 0.014271 0.039474
0 0.748216 0.011842 0.014271 0.018421
0 0.835882 0.017105 0.012232 0.028947
0 0.858818 0.018421 0.013252 0.031579
0 0.873089 0.026316 0.013252 0.036842
0 0.897554 0.046053 0.011213 0.044737
0 0.931702 0.050000 0.014271 0.042105
0 0.587666 0.017105 0.013252 0.028947
0 0.959225 0.032895 0.014271 0.044737
