0 0.335882 0.590789 0.029562 0.092105
0 0.378695 0.421053 0.019368 0.063158
0 0.376656 0.563158 0.029562 0.078947
0 0.917941 0.248684 0.017329 0.050000
0 0.358818 0.340789 0.020387 0.060526
0 0.896534 0.160526 0.015291 0.047368
0 0.480122 0.359211 0.018349 0.060526
0 0.272171 0.386842 0.018349 0.063158
0 0.388379 0.360526 0.018349 0.057895
0 0.141182 0.468421 0.021407 0.078947
0 0.513761 0.405263 0.020387 0.068421
0 0.640163 0.373684 0.020387 0.063158
0 0.317533 0.390789 0.017329 0.060526
0 0.335372 0.510526 0.022426 0.063158
0 0.499490 0.280263 0.020387 0.060526
0 0.972987 0.609211 0.029562 0.081579
0 0.537207 0.338158 0.018349 0.060526
0 0.628440 0.260526 0.017329 0.057895
0 0.406728 0.231579 0.014271 0.047368
0 0.706932 0.164474 0.015291 0.044737
0 0.436799 0.360526 0.019368 0.057895
0 0.748216 0.377632 0.020387 0.060526
0 0.056065 0.225000 0.016310 0.055263
0 0.771662 0.273684 0.014271 0.052632
0 0.288991 0.521053 0.023445 0.063158
0 0.501529 0.197368 0.016310 0.052632
0 0.826198 0.335526 0.019368 0.060526
0 0.826707 0.435526 0.022426 0.065789
0 0.964322 0.236842 0.016310 0.052632
0 0.583588 0.446053 0.019368 0.071053
0 0.459735 0.271053 0.018349 0.052632
0 0.212029 0.348684 0.018349 0.055263
0 0.444954 0.215789 0.017329 0.052632
0 0.143221 0.294737 0.019368 0.057895
0 0.558614 0.043421 0.012232 0.039474
0 0.693170 0.226316 0.014271 0.047368
0 0.966871 0.152632 0.015291 0.047368
0 0.245158 0.155263 0.015291 0.047368
0 0.102956 0.271053 0.018349 0.052632
0 0.646279 0.668421 0.026504 0.100000
0 0.563710 0.509211 0.024465 0.076316
0 0.748726 0.263158 0.015291 0.052632
0 0.695719 0.671053 0.029562 0.078947
0 0.709480 0.092105 0.014271 0.047368
0 0.034149 0.247368 0.015291 0.052632
0 0.188073 0.427632 0.021407 0.065789
0 0.112640 0.538158 0.027523 0.071053
0 0.298165 0.282895 0.015291 0.050000
0 0.752294 0.452632 0.024465 0.078947
0 0.358818 0.276316 0.016310 0.047368
0 0.695719 0.386842 0.017329 0.063158
0 0.595311 0.240789 0.016310 0.055263
0 0.533639 0.186842 0.015291 0.042105
0 0.227319 0.443421 0.022426 0.076316
0 0.673293 0.248684 0.017329 0.055263
0 0.879205 0.135526 0.017329 0.044737
0 0.732926 0.272368 0.016310 0.055263
0 0.017329 0.444737 0.018349 0.063158
0 0.972987 0.056579 0.013252 0.044737
0 0.035678 0.313158 0.018349 0.063158
0 0.728338 0.211842 0.015291 0.050000
0 0.941896 0.153947 0.014271 0.044737
0 0.123344 0.339474 0.016310 0.052632
0 0.202854 0.139474 0.014271 0.047368
0 0.630989 0.203947 0.016310 0.044737
0 0.371560 0.130263 0.013252 0.039474
0 0.188073 0.360526 0.015291 0.052632
0 0.295617 0.086842 0.012232 0.042105
0 0.110092 0.163158 0.014271 0.047368
0 0.303262 0.336842 0.019368 0.057895
0 0.671254 0.117105 0.015291 0.044737
0 0.239551 0.339474 0.018349 0.052632
0 0.446993 0.442105 0.019368 0.073684
0 0.540265 0.130263 0.016310 0.044737
0 0.483180 0.221053 0.016310 0.047368
0 0.390928 0.088158 0.013252 0.039474
0 0.572375 0.197368 0.017329 0.047368
0 0.454128 0.125000 0.015291 0.039474
0 0.114169 0.117105 0.014271 0.039474
0 0.117227 0.065789 0.012232 0.036842
0 0.063710 0.146053 0.015291 0.050000
0 0.083588 0.094737 0.012232 0.036842
0 0.320082 0.090789 0.014271 0.039474
0 0.642712 0.146053 0.013252 0.039474
0 0.179918 0.092105 0.011213 0.031579
0 0.732416 0.047368 0.011213 0.031579
0 0.737003 0.144737 0.014271 0.042105
0 0.148318 0.193421 0.015291 0.044737
0 0.573394 0.063158 0.013252 0.036842
0 0.418960 0.138158 0.014271 0.039474
0 0.489297 0.092105 0.012232 0.042105
0 0.028542 0.156579 0.014271 0.044737
0 0.567788 0.152632 0.014271 0.036842
0 0.790520 0.232895 0.017329 0.044737
0 0.085117 0.347368 0.019368 0.057895
0 0.659021 0.227632 0.015291 0.044737
0 0.497961 0.352632 0.017329 0.057895
0 0.389399 0.646053 0.028542 0.081579
0 0.566259 0.700000 0.029562 0.100000
0 0.530071 0.007895 0.012232 0.010526
0 0.322630 0.238158 0.019368 0.055263
0 0.693170 0.161842 0.012232 0.039474
0 0.580020 0.121053 0.014271 0.042105
0 0.204383 0.307895 0.017329 0.042105
0 0.846075 0.025000 0.012232 0.034211
0 0.599898 0.164474 0.015291 0.039474
0 0.264016 0.236842 0.018349 0.057895
0 0.431193 0.142105 0.012232 0.036842
0 0.906728 0.025000 0.011213 0.034211
0 0.548420 0.493421 0.024465 0.071053
0 0.716616 0.139474 0.012232 0.036842
0 0.357288 0.207895 0.015291 0.052632
0 0.588685 0.060526 0.013252 0.036842
0 0.144750 0.059211 0.012232 0.039474
0 0.629969 0.115789 0.012232 0.036842
0 0.465341 0.561842 0.029562 0.081579
0 0.158512 0.061842 0.011213 0.034211
0 0.158512 0.164474 0.015291 0.044737
0 0.482671 0.188158 0.015291 0.039474
0 0.643731 0.028947 0.013252 0.042105
0 0.149337 0.109211 0.013252 0.039474
0 0.474516 0.038158 0.013252 0.039474
0 0.224261 0.050000 0.012232 0.036842
0 0.005607 0.378947 0.009174 0.068421
0 0.163099 0.105263 0.012232 0.042105
0 0.659531 0.130263 0.012232 0.044737
0 0.656473 0.190789 0.014271 0.039474
0 0.881244 0.018421 0.011213 0.031579
0 0.035678 0.123684 0.012232 0.042105
0 0.050968 0.136842 0.012232 0.042105
0 0.625892 0.731579 0.032620 0.084211
0 0.787971 0.681579 0.026504 0.084211
0 0.068807 0.789474 0.031600 0.089474
0 0.101427 0.614474 0.029562 0.081579
0 0.023955 0.597368 0.029562 0.089474
0 0.146279 0.627632 0.027523 0.092105
0 0.230887 0.528947 0.025484 0.078947
0 0.256881 0.515789 0.026504 0.068421
0 0.271662 0.610526 0.027523 0.084211
0 0.304281 0.750000 0.031600 0.100000
0 0.450051 0.701316 0.035678 0.086842
0 0.449541 0.544737 0.030581 0.089474
0 0.601427 0.863158 0.038736 0.094737
0 0.855250 0.636842 0.032620 0.094737
0 0.669725 0.677632 0.026504 0.081579
0 0.071356 0.201316 0.014271 0.050000
0 0.454638 0.025000 0.016310 0.034211
0 0.500510 0.060526 0.012232 0.031579
0 0.425586 0.098684 0.013252 0.028947
0 0.752803 0.046053 0.009174 0.028947
0 0.676351 0.023684 0.013252 0.042105
0 0.925586 0.031579 0.010194 0.047368
0 0.946483 0.017105 0.013252 0.028947
