0 0.418960 0.427632 0.016310 0.118421
0 0.284404 0.376316 0.018349 0.057895
0 0.502039 0.450000 0.023445 0.073684
0 0.261978 0.710526 0.028542 0.089474
0 0.348624 0.415789 0.022426 0.063158
0 0.515291 0.267105 0.017329 0.055263
0 0.805810 0.423684 0.021407 0.068421
0 0.505607 0.350000 0.016310 0.057895
0 0.102956 0.348684 0.018349 0.055263
0 0.149337 0.251316 0.021407 0.060526
0 0.655454 0.252632 0.018349 0.052632
0 0.406218 0.163158 0.015291 0.047368
0 0.173802 0.488158 0.021407 0.076316
0 0.254842 0.285526 0.016310 0.055263
0 0.862895 0.552632 0.025484 0.084211
0 0.479613 0.407895 0.015291 0.068421
0 0.707951 0.172368 0.015291 0.044737
0 0.479613 0.267105 0.017329 0.050000
0 0.770133 0.261842 0.017329 0.055263
0 0.961264 0.313158 0.018349 0.057895
0 0.632008 0.330263 0.018349 0.060526
0 0.615189 0.255263 0.015291 0.052632
0 0.079001 0.425000 0.019368 0.060526
0 0.337920 0.346053 0.019368 0.060526
0 0.940877 0.200000 0.016310 0.052632
0 0.216106 0.164474 0.016310 0.050000
0 0.685015 0.377632 0.020387 0.060526
0 0.355759 0.235526 0.022426 0.050000
0 0.910805 0.069737 0.015291 0.044737
0 0.456167 0.557895 0.025484 0.089474
0 0.485729 0.186842 0.017329 0.047368
0 0.135066 0.351316 0.017329 0.055263
0 0.084098 0.168421 0.013252 0.042105
0 0.716106 0.277632 0.017329 0.055263
0 0.032620 0.103947 0.012232 0.039474
0 0.455148 0.344737 0.015291 0.057895
0 0.110092 0.200000 0.014271 0.042105
0 0.536697 0.267105 0.017329 0.055263
0 0.391437 0.253947 0.014271 0.050000
0 0.831804 0.334211 0.018349 0.057895
0 0.062691 0.222368 0.017329 0.055263
0 0.358818 0.594737 0.022426 0.073684
0 0.310398 0.403947 0.019368 0.065789
0 0.311417 0.342105 0.017329 0.052632
0 0.189093 0.319737 0.015291 0.039474
0 0.290010 0.525000 0.023445 0.076316
0 0.569317 0.264474 0.017329 0.060526
0 0.977574 0.053947 0.012232 0.044737
0 0.558104 0.497368 0.027523 0.073684
0 0.767074 0.143421 0.015291 0.044737
0 0.458716 0.248684 0.016310 0.050000
0 0.363405 0.332895 0.015291 0.050000
0 0.668705 0.063158 0.012232 0.036842
0 0.869521 0.067105 0.014271 0.039474
0 0.615189 0.540789 0.029562 0.081579
0 0.056065 0.128947 0.012232 0.036842
0 0.593782 0.148684 0.017329 0.055263
0 0.503568 0.115789 0.014271 0.047368
0 0.324159 0.235526 0.016310 0.050000
0 0.485729 0.125000 0.013252 0.044737
0 0.791030 0.336842 0.018349 0.063158
0 0.532110 0.171053 0.014271 0.047368
0 0.725790 0.494737 0.022426 0.084211
0 0.143221 0.077632 0.013252 0.039474
0 0.425076 0.242105 0.016310 0.047368
0 0.382773 0.676316 0.027523 0.078947
0 0.685525 0.509211 0.033639 0.081579
0 0.044343 0.397368 0.025484 0.089474
0 0.630989 0.184211 0.016310 0.047368
0 0.725790 0.126316 0.014271 0.047368
0 0.006626 0.289474 0.011213 0.052632
0 0.150357 0.130263 0.013252 0.039474
0 0.985219 0.296053 0.015291 0.050000
0 0.552497 0.305263 0.018349 0.047368
0 0.269623 0.255263 0.015291 0.047368
0 0.328746 0.469737 0.019368 0.065789
0 0.375127 0.222368 0.014271 0.055263
0 0.390928 0.027632 0.013252 0.039474
0 0.411315 0.238158 0.013252 0.044737
0 0.626402 0.015789 0.011213 0.026316
0 0.302243 0.043421 0.011213 0.039474
0 0.015291 0.363158 0.018349 0.057895
0 0.454638 0.027632 0.012232 0.039474
0 0.870031 0.030263 0.013252 0.034211
0 0.748726 0.375000 0.019368 0.081579
0 0.697248 0.022368 0.012232 0.034211
0 0.103976 0.227632 0.014271 0.039474
0 0.308869 0.197368 0.016310 0.047368
0 0.469419 0.122368 0.013252 0.044737
0 0.050459 0.173684 0.017329 0.042105
0 0.641182 0.430263 0.030581 0.097368
0 0.676860 0.117105 0.016310 0.050000
0 0.111621 0.113158 0.013252 0.036842
0 0.284404 0.032895 0.010194 0.034211
0 0.417431 0.131579 0.013252 0.042105
0 0.544343 0.171053 0.014271 0.042105
0 0.118756 0.140789 0.013252 0.039474
0 0.494393 0.065789 0.014271 0.042105
0 0.041794 0.313158 0.022426 0.052632
0 0.207951 0.023684 0.012232 0.031579
0 0.543323 0.053947 0.012232 0.039474
0 0.580530 0.106579 0.017329 0.044737
0 0.162589 0.377632 0.015291 0.055263
0 0.373598 0.128947 0.015291 0.047368
0 0.561162 0.094737 0.013252 0.042105
0 0.270642 0.048684 0.013252 0.039474
0 0.411315 0.068421 0.011213 0.042105
0 0.661570 0.198684 0.014271 0.044737
0 0.591233 0.023684 0.012232 0.042105
0 0.615189 0.205263 0.015291 0.042105
0 0.449541 0.090789 0.014271 0.044737
0 0.437819 0.140789 0.013252 0.044737
0 0.496942 0.238158 0.015291 0.044737
0 0.359837 0.042105 0.012232 0.031579
0 0.494393 0.022368 0.010194 0.034211
0 0.220183 0.022368 0.012232 0.034211
0 0.592762 0.277632 0.015291 0.044737
0 0.317533 0.146053 0.015291 0.044737
0 0.841488 0.005263 0.013252 0.005263
0 0.160550 0.075000 0.013252 0.034211
0 0.815494 0.011842 0.010194 0.018421
0 0.024975 0.150000 0.013252 0.047368
0 0.691131 0.131579 0.014271 0.042105
0 0.419470 0.046053 0.011213 0.034211
0 0.529562 0.109211 0.013252 0.044737
0 0.833333 0.006579 0.011213 0.007895
0 0.617227 0.446053 0.023445 0.081579
0 0.994903 0.127632 0.010194 0.039474
0 0.301733 0.901316 0.034659 0.118421
0 0.518349 0.668421 0.037717 0.100000
0 0.524465 0.980263 0.043833 0.039474
0 0.668196 0.964474 0.049949 0.071053
0 0.753823 0.615789 0.031600 0.078947
0 0.817023 0.511842 0.027523 0.081579
0 0.682467 0.610526 0.039755 0.100000
0 0.619266 0.740789 0.025484 0.076316
0 0.725280 0.376316 0.025484 0.068421
0 0.767584 0.478947 0.024465 0.063158
0 0.770133 0.323684 0.013252 0.052632
0 0.094801 0.503947 0.026504 0.071053
0 0.123344 0.542105 0.026504 0.068421
0 0.195209 0.539474 0.023445 0.073684
0 0.239042 0.022368 0.011213 0.034211
0 0.256371 0.048684 0.011213 0.034211
0 0.192151 0.093421 0.017329 0.034211
