0 0.583078 0.407895 0.022426 0.073684
0 0.481651 0.447368 0.021407 0.073684
0 0.580020 0.280263 0.018349 0.065789
0 0.805301 0.311842 0.016310 0.050000
0 0.697757 0.430263 0.019368 0.060526
0 0.371050 0.442105 0.020387 0.068421
0 0.948012 0.040789 0.020387 0.050000
0 0.224261 0.432895 0.018349 0.065789
0 0.180428 0.406579 0.016310 0.055263
0 0.525484 0.388158 0.019368 0.065789
0 0.622834 0.238158 0.016310 0.050000
0 0.554027 0.375000 0.019368 0.065789
0 0.297146 0.402632 0.019368 0.057895
0 0.648828 0.440789 0.021407 0.076316
0 0.930173 0.348684 0.017329 0.055263
0 0.694190 0.227632 0.016310 0.050000
0 0.644750 0.201316 0.015291 0.050000
0 0.927115 0.226316 0.017329 0.052632
0 0.328746 0.394737 0.019368 0.063158
0 0.074924 0.471053 0.015291 0.057895
0 0.285933 0.543421 0.023445 0.076316
0 0.781855 0.185526 0.016310 0.050000
0 0.971967 0.261842 0.019368 0.055263
0 0.510703 0.281579 0.016310 0.052632
0 0.398573 0.481579 0.022426 0.073684
0 0.906218 0.088158 0.012232 0.044737
0 0.429664 0.447368 0.017329 0.063158
0 0.409276 0.411842 0.019368 0.065789
0 0.562181 0.636842 0.029562 0.089474
0 0.410805 0.315789 0.018349 0.057895
0 0.034659 0.334211 0.016310 0.052632
0 0.818552 0.165789 0.014271 0.052632
0 0.590724 0.138158 0.017329 0.050000
0 0.544343 0.059211 0.014271 0.039474
0 0.656473 0.361842 0.016310 0.065789
0 0.350153 0.542105 0.021407 0.068421
0 0.865443 0.130263 0.014271 0.039474
0 0.772171 0.063158 0.013252 0.042105
0 0.706422 0.303947 0.016310 0.050000
0 0.894495 0.167105 0.013252 0.044737
0 0.707441 0.184211 0.014271 0.052632
0 0.498471 0.340789 0.018349 0.060526
0 0.489806 0.521053 0.021407 0.068421
0 0.778797 0.393421 0.018349 0.065789
0 0.739042 0.250000 0.016310 0.052632
0 0.967890 0.175000 0.017329 0.044737
0 0.732926 0.180263 0.014271 0.050000
0 0.019368 0.186842 0.014271 0.047368
0 0.972987 0.063158 0.013252 0.042105
0 0.481142 0.209211 0.016310 0.044737
0 0.440367 0.251316 0.020387 0.060526
0 0.626402 0.139474 0.015291 0.047368
0 0.292559 0.477632 0.022426 0.065789
0 0.359327 0.257895 0.017329 0.052632
0 0.318552 0.297368 0.015291 0.057895
0 0.550459 0.250000 0.016310 0.052632
0 0.071356 0.152632 0.012232 0.042105
0 0.661570 0.193421 0.016310 0.055263
0 0.818043 0.282895 0.015291 0.055263
0 0.532620 0.198684 0.017329 0.050000
0 0.555046 0.181579 0.015291 0.042105
0 0.709480 0.115789 0.018349 0.052632
0 0.278287 0.397368 0.020387 0.057895
0 0.995413 0.092105 0.009174 0.047368
0 0.094801 0.096053 0.012232 0.039474
0 0.487258 0.700000 0.030581 0.100000
0 0.541794 0.140789 0.013252 0.039474
0 0.634047 0.310526 0.022426 0.057895
0 0.461264 0.310526 0.021407 0.063158
0 0.757900 0.311842 0.017329 0.055263
0 0.211009 0.157895 0.014271 0.036842
0 0.143731 0.078947 0.014271 0.042105
0 0.670744 0.086842 0.014271 0.042105
0 0.445973 0.118421 0.013252 0.042105
0 0.453619 0.502632 0.024465 0.078947
0 0.858818 0.023684 0.013252 0.042105
0 0.138634 0.406579 0.018349 0.055263
0 0.372579 0.218421 0.015291 0.047368
0 0.770133 0.292105 0.015291 0.057895
0 0.053007 0.105263 0.012232 0.036842
0 0.118756 0.481579 0.019368 0.057895
0 0.402141 0.264474 0.017329 0.050000
0 0.934251 0.123684 0.015291 0.042105
0 0.872579 0.096053 0.012232 0.034211
0 0.922018 0.097368 0.011213 0.036842
0 0.336391 0.218421 0.014271 0.047368
0 0.354230 0.409211 0.015291 0.060526
0 0.182977 0.065789 0.011213 0.031579
0 0.581040 0.075000 0.014271 0.044737
0 0.158512 0.038158 0.011213 0.039474
0 0.738022 0.135526 0.014271 0.039474
0 0.518349 0.035526 0.011213 0.028947
0 0.962283 0.105263 0.014271 0.042105
0 0.621305 0.028947 0.011213 0.036842
0 0.597859 0.021053 0.011213 0.036842
0 0.540775 0.319737 0.017329 0.055263
0 0.737003 0.067105 0.012232 0.039474
0 0.684506 0.080263 0.013252 0.044737
0 0.643731 0.159211 0.015291 0.039474
0 0.039755 0.172368 0.014271 0.044737
0 0.576962 0.547368 0.022426 0.073684
0 0.009684 0.580263 0.017329 0.086842
0 0.498471 0.110526 0.014271 0.042105
0 0.642712 0.010526 0.009174 0.015789
0 0.822630 0.015789 0.012232 0.026316
0 0.945464 0.098684 0.013252 0.044737
0 0.608053 0.053947 0.013252 0.039474
0 0.464322 0.036842 0.011213 0.036842
0 0.339450 0.057895 0.012232 0.036842
0 0.352701 0.102632 0.012232 0.042105
0 0.872579 0.010526 0.012232 0.015789
0 0.616718 0.309211 0.012232 0.060526
0 0.472987 0.122368 0.012232 0.039474
0 0.409276 0.160526 0.017329 0.052632
0 0.341998 0.189474 0.017329 0.047368
0 0.372069 0.102632 0.012232 0.036842
0 0.089195 0.669737 0.031600 0.081579
0 0.163099 0.626316 0.026504 0.084211
0 0.198777 0.657895 0.026504 0.089474
0 0.225790 0.682895 0.025484 0.086842
0 0.315494 0.567105 0.023445 0.071053
0 0.339959 0.657895 0.027523 0.068421
0 0.373598 0.602632 0.027523 0.078947
0 0.411315 0.530263 0.023445 0.071053
0 0.403160 0.728947 0.031600 0.084211
0 0.439348 0.635526 0.026504 0.076316
0 0.504077 0.900000 0.037717 0.084211
0 0.618247 0.744737 0.029562 0.100000
0 0.759429 0.735526 0.032620 0.097368
0 0.823649 0.721053 0.028542 0.084211
0 0.868502 0.734211 0.034659 0.094737
0 0.699796 0.552632 0.027523 0.073684
0 0.197757 0.018421 0.008155 0.031579
0 0.181957 0.017105 0.011213 0.028947
0 0.174312 0.077632 0.010194 0.034211
0 0.217635 0.014474 0.011213 0.023684
0 0.237513 0.011842 0.010194 0.018421
0 0.251274 0.027632 0.011213 0.028947
0 0.279307 0.013158 0.010194 0.021053
0 0.304791 0.036842 0.012232 0.031579
0 0.310907 0.006579 0.018349 0.007895
0 0.393476 0.018421 0.014271 0.031579
0 0.355759 0.051316 0.012232 0.028947
0 0.422528 0.017105 0.011213 0.028947
0 0.441896 0.364474 0.023445 0.060526
0 0.647299 0.052632 0.016310 0.042105
0 0.668705 0.031579 0.012232 0.036842
0 0.696738 0.032895 0.013252 0.039474
