0 0.608563 0.800000 0.048930 0.140000
0 0.198267 0.591250 0.043833 0.142500
0 0.965851 0.743750 0.045872 0.142500
0 0.745668 0.832500 0.043833 0.145000
0 0.109072 0.436250 0.032620 0.097500
0 0.269113 0.895000 0.059123 0.165000
0 0.835882 0.663750 0.038736 0.122500
0 0.253823 0.730000 0.046891 0.145000
0 0.303262 0.453750 0.027523 0.092500
0 0.049439 0.718750 0.043833 0.147500
0 0.773700 0.670000 0.040775 0.135000
0 0.393986 0.942500 0.051988 0.115000
0 0.583078 0.573750 0.032620 0.102500
0 0.544852 0.541250 0.031600 0.102500
0 0.507136 0.383750 0.025484 0.092500
0 0.915902 0.910000 0.043833 0.140000
0 0.248216 0.536250 0.033639 0.107500
0 0.668705 0.555000 0.032620 0.105000
0 0.464832 0.562500 0.034659 0.120000
0 0.818043 0.502500 0.035678 0.115000
0 0.455657 0.451250 0.026504 0.082500
0 0.367482 0.433750 0.029562 0.087500
0 0.319572 0.267500 0.025484 0.075000
0 0.679409 0.343750 0.023445 0.077500
0 0.138124 0.558750 0.051988 0.152500
0 0.929154 0.381250 0.025484 0.072500
0 0.018858 0.547500 0.033639 0.125000
0 0.431702 0.256250 0.019368 0.057500
0 0.776249 0.275000 0.019368 0.070000
0 0.265036 0.265000 0.026504 0.065000
0 0.515291 0.282500 0.021407 0.070000
0 0.728848 0.147500 0.016310 0.050000
0 0.610601 0.286250 0.022426 0.077500
0 0.645260 0.418750 0.028542 0.097500
0 0.967380 0.941250 0.055046 0.117500
0 0.728848 0.223750 0.016310 0.052500
0 0.981142 0.396250 0.021407 0.067500
0 0.670234 0.277500 0.023445 0.060000
0 0.432212 0.621250 0.042813 0.117500
0 0.410296 0.251250 0.019368 0.067500
0 0.668705 0.166250 0.016310 0.047500
0 0.560143 0.111250 0.015291 0.042500
0 0.709480 0.291250 0.022426 0.067500
0 0.515800 0.137500 0.014271 0.045000
0 0.803772 0.950000 0.054027 0.095000
0 0.648828 0.220000 0.017329 0.050000
0 0.603466 0.122500 0.012232 0.045000
0 0.940877 0.143750 0.018349 0.052500
0 0.414373 0.092500 0.013252 0.040000
0 0.444444 0.320000 0.022426 0.065000
0 0.808359 0.170000 0.020387 0.060000
0 0.379205 0.095000 0.014271 0.040000
0 0.209990 0.183750 0.016310 0.047500
0 0.085627 0.127500 0.012232 0.040000
0 0.657492 0.346250 0.022426 0.072500
0 0.202345 0.118750 0.015291 0.037500
0 0.012232 0.198750 0.018349 0.052500
0 0.125892 0.140000 0.013252 0.040000
0 0.665647 0.097500 0.012232 0.035000
0 0.340979 0.127500 0.015291 0.050000
0 0.160041 0.121250 0.014271 0.037500
0 0.290520 0.067500 0.012232 0.035000
0 0.834862 0.233750 0.024465 0.067500
0 0.695719 0.110000 0.011213 0.030000
0 0.914373 0.167500 0.016310 0.045000
0 0.311417 0.096250 0.013252 0.042500
0 0.399083 0.141250 0.015291 0.047500
0 0.195209 0.157500 0.013252 0.045000
0 0.897044 0.146250 0.014271 0.042500
0 0.359327 0.102500 0.013252 0.040000
0 0.748216 0.182500 0.014271 0.045000
0 0.043323 0.106250 0.015291 0.037500
0 0.574924 0.108750 0.014271 0.042500
0 0.485219 0.167500 0.018349 0.055000
0 0.467380 0.083750 0.013252 0.042500
0 0.993374 0.752500 0.013252 0.150000
0 0.872069 0.178750 0.015291 0.042500
0 0.080530 0.097500 0.012232 0.030000
0 0.117737 0.095000 0.013252 0.035000
0 0.437819 0.126250 0.015291 0.047500
0 0.900102 0.098750 0.014271 0.037500
0 0.855759 0.160000 0.013252 0.040000
0 0.767074 0.180000 0.013252 0.045000
0 0.761468 0.086250 0.012232 0.032500
0 0.502039 0.083750 0.013252 0.037500
0 0.541284 0.107500 0.012232 0.035000
0 0.778287 0.148750 0.013252 0.042500
0 0.844037 0.168750 0.014271 0.042500
0 0.548930 0.165000 0.013252 0.040000
0 0.327217 0.067500 0.014271 0.040000
0 0.440367 0.130000 0.016310 0.045000
0 0.144750 0.106250 0.012232 0.032500
0 0.453109 0.087500 0.013252 0.040000
0 0.551988 0.166250 0.015291 0.042500
0 0.217635 0.067500 0.011213 0.035000
0 0.787971 0.132500 0.012232 0.035000
0 0.334862 0.237500 0.017329 0.055000
0 0.099898 0.125000 0.012232 0.035000
0 0.090724 0.080000 0.010194 0.030000
0 0.253313 0.091250 0.011213 0.032500
0 0.357288 0.145000 0.011213 0.040000
0 0.241590 0.618750 0.036697 0.082500
0 0.755861 0.140000 0.013252 0.040000
0 0.697248 0.253750 0.018349 0.042500
0 0.756881 0.628750 0.035678 0.157500
