0 0.068298 0.407500 0.030581 0.090000
0 0.151376 0.462500 0.027523 0.105000
0 0.203364 0.348750 0.023445 0.082500
0 0.290520 0.485000 0.026504 0.095000
0 0.260958 0.365000 0.030581 0.090000
0 0.320591 0.442500 0.023445 0.085000
0 0.321101 0.378750 0.024465 0.057500
0 0.399592 0.532500 0.028542 0.080000
0 0.448522 0.523750 0.032620 0.112500
0 0.385831 0.428750 0.029562 0.077500
0 0.439348 0.340000 0.028542 0.075000
0 0.500510 0.428750 0.026504 0.077500
0 0.523445 0.348750 0.021407 0.067500
0 0.509684 0.285000 0.026504 0.075000
0 0.542304 0.306250 0.026504 0.077500
0 0.601937 0.407500 0.025484 0.085000
0 0.658002 0.487500 0.039755 0.115000
0 0.727829 0.427500 0.026504 0.090000
0 0.678899 0.452500 0.026504 0.085000
0 0.768603 0.451250 0.036697 0.112500
0 0.808869 0.430000 0.029562 0.105000
0 0.815494 0.585000 0.032620 0.110000
0 0.879205 0.645000 0.043833 0.115000
0 0.851682 0.427500 0.025484 0.090000
0 0.912844 0.432500 0.027523 0.095000
0 0.984709 0.532500 0.030581 0.135000
0 0.947503 0.463750 0.029562 0.097500
0 0.973496 0.425000 0.020387 0.065000
0 0.896024 0.252500 0.022426 0.065000
0 0.884302 0.380000 0.031600 0.095000
0 0.696738 0.346250 0.023445 0.072500
0 0.890928 0.135000 0.018349 0.050000
0 0.898573 0.097500 0.015291 0.040000
0 0.856269 0.131250 0.016310 0.037500
0 0.870540 0.105000 0.014271 0.050000
0 0.835372 0.102500 0.013252 0.045000
0 0.778797 0.106250 0.014271 0.037500
0 0.757900 0.102500 0.015291 0.050000
0 0.707441 0.092500 0.014271 0.035000
0 0.685015 0.081250 0.014271 0.037500
0 0.662589 0.228750 0.018349 0.057500
0 0.612640 0.210000 0.018349 0.055000
0 0.568807 0.191250 0.020387 0.067500
0 0.592762 0.155000 0.017329 0.045000
0 0.599898 0.106250 0.015291 0.037500
0 0.642712 0.113750 0.015291 0.037500
0 0.659021 0.152500 0.017329 0.050000
0 0.558614 0.122500 0.016310 0.040000
0 0.553007 0.086250 0.013252 0.037500
0 0.537207 0.068750 0.012232 0.037500
0 0.849134 0.878750 0.050968 0.152500
0 0.764526 0.760000 0.048930 0.125000
0 0.974006 0.881250 0.051988 0.177500
0 0.503568 0.146250 0.016310 0.067500
0 0.455657 0.132500 0.020387 0.055000
0 0.431702 0.170000 0.015291 0.045000
0 0.361366 0.182500 0.013252 0.045000
0 0.375637 0.198750 0.015291 0.052500
0 0.403160 0.293750 0.021407 0.057500
0 0.431702 0.277500 0.019368 0.050000
0 0.397554 0.081250 0.014271 0.032500
0 0.382773 0.086250 0.015291 0.042500
0 0.371050 0.123750 0.018349 0.047500
0 0.493374 0.131250 0.010194 0.042500
0 0.336391 0.156250 0.014271 0.047500
0 0.263507 0.172500 0.015291 0.050000
0 0.297655 0.141250 0.014271 0.047500
0 0.287971 0.115000 0.015291 0.050000
0 0.270642 0.130000 0.015291 0.040000
0 0.247197 0.190000 0.017329 0.045000
0 0.318043 0.138750 0.014271 0.047500
0 0.355759 0.112500 0.014271 0.040000
0 0.159021 0.180000 0.016310 0.055000
0 0.178389 0.171250 0.020387 0.052500
0 0.202854 0.185000 0.020387 0.050000
0 0.209480 0.141250 0.017329 0.042500
0 0.128440 0.161250 0.014271 0.052500
0 0.090724 0.177500 0.016310 0.050000
0 0.176860 0.127500 0.015291 0.040000
0 0.243629 0.115000 0.016310 0.040000
0 0.196738 0.077500 0.012232 0.035000
0 0.213048 0.088750 0.014271 0.032500
0 0.149337 0.143750 0.015291 0.047500
0 0.167176 0.067500 0.012232 0.035000
0 0.130479 0.062500 0.012232 0.030000
0 0.103976 0.131250 0.018349 0.047500
0 0.086646 0.140000 0.012232 0.030000
0 0.070846 0.122500 0.015291 0.045000
0 0.047910 0.122500 0.014271 0.045000
0 0.025994 0.131250 0.017329 0.057500
0 0.037717 0.962500 0.061162 0.075000
0 0.343017 0.963750 0.060143 0.072500
0 0.319062 0.898750 0.063201 0.092500
