0 0.261425 0.59351 0.0444215 0.143546
0 0.372144 0.403335 0.0274597 0.0851573
0 0.634802 0.569377 0.0367775 0.132577
0 0.527295 0.920188 0.0630892 0.159624
0 0.578046 0.492953 0.0340895 0.118635
0 0.10777 0.500404 0.0319154 0.11849
0 0.217438 0.519853 0.0367798 0.119705
0 0.454259 0.518514 0.0314073 0.117518
0 0.739481 0.346514 0.0277443 0.0851453
0 0.391649 0.590647 0.0362828 0.105696
0 0.323028 0.878914 0.0445805 0.156162
0 0.044176 0.574194 0.0327583 0.123832
0 0.293057 0.287022 0.0291595 0.0880028
0 0.416203 0.37529 0.0240702 0.0790769
0 0.241335 0.77811 0.0503552 0.152106
0 0.269944 0.194211 0.0200806 0.0662733
0 0.779416 0.456295 0.0349287 0.105461
0 0.658033 0.287546 0.0226227 0.0819839
0 0.89341 0.394214 0.0286892 0.100187
0 0.549262 0.299889 0.0244543 0.0881196
0 0.326498 0.216838 0.0200521 0.0753354
0 0.78001 0.291941 0.0225744 0.0718148
0 0.788599 0.370241 0.0302779 0.0756501
0 0.392645 0.266262 0.0210004 0.0680432
0 0.52668 0.19344 0.023031 0.0700715
0 0.341921 0.147544 0.0184289 0.0593374
0 0.477438 0.938801 0.057758 0.122397
0 0.813894 0.369766 0.0203247 0.0690741
0 0.867436 0.339606 0.0254118 0.0834576
0 0.856554 0.267363 0.0221893 0.0647675
0 0.0896887 0.237845 0.0209201 0.0746565
0 0.572976 0.273443 0.0201853 0.067947
0 0.382893 0.127728 0.0155753 0.0536528
0 0.905917 0.174567 0.0191063 0.057557
0 0.607325 0.138793 0.0173046 0.0522457
0 0.192803 0.123673 0.0150616 0.0497509
0 0.152067 0.206289 0.0230635 0.0616658
0 0.61766 0.202794 0.0187593 0.0642975
0 0.377181 0.0740098 0.0147468 0.0458483
0 0.00945392 0.693653 0.0184366 0.143526
0 0.562083 0.128618 0.0160368 0.0470466
0 0.0389573 0.251617 0.023993 0.0682147
0 0.44409 0.13691 0.0165055 0.0511988
0 0.141805 0.0551555 0.0148081 0.0484375
0 0.788671 0.193132 0.0175051 0.0646562
0 0.157921 0.278225 0.0220449 0.0693348
0 0.404025 0.167806 0.0178893 0.0554309
0 0.59264 0.110103 0.0133921 0.0420569
0 0.41506 0.0549532 0.0135733 0.0451763
0 0.0665349 0.933578 0.0792723 0.132165
0 0.837765 0.199321 0.0164341 0.0526171
0 0.415161 0.12282 0.0166868 0.0521237
0 0.565803 0.201184 0.023065 0.066367
0 0.856329 0.160384 0.0147454 0.0469462
0 0.48681 0.171633 0.0152701 0.0608428
0 0.254029 0.123055 0.0126713 0.0503209
0 0.500363 0.132975 0.0152594 0.0475392
0 0.0667108 0.105961 0.013339 0.0438191
0 0.713763 0.120808 0.0180731 0.0536433
0 0.215488 0.157328 0.0180037 0.0553579
0 0.270029 0.0997788 0.012473 0.0457941
0 0.150716 0.123641 0.0155542 0.053975
0 0.729745 0.0315608 0.0113612 0.0394978
0 0.294004 0.134333 0.0140523 0.0447971
0 0.233793 0.0444075 0.0133344 0.0395942
0 0.00687269 0.0983125 0.0137454 0.0489386
0 0.882907 0.241114 0.0193064 0.0628462
0 0.22789 0.131819 0.0137001 0.0478426
0 0.889132 0.483049 0.0268681 0.0815089
0 0.968917 0.176134 0.0155255 0.0565074
0 0.193916 0.0371224 0.0111927 0.039278
0 0.308581 0.0521174 0.0137729 0.0408434
0 0.115817 0.145262 0.0164505 0.0426528
0 0.671745 0.123917 0.0135858 0.0488323
0 0.840486 0.121613 0.0139663 0.0432112
0 0.3551 0.0946483 0.0145763 0.046431
0 0.685694 0.146845 0.0143584 0.0484455
0 0.281728 0.160635 0.0154466 0.0461584
0 0.93963 0.182302 0.0168159 0.0506819
0 0.485145 0.0918723 0.0132018 0.0444298
0 0.266912 0.886879 0.0615075 0.174033
0 0.891507 0.0836907 0.013559 0.0411157
0 0.231787 0.193478 0.0190268 0.0593753
0 0.443056 0.0525546 0.0119578 0.0351881
0 0.725904 0.206133 0.0168938 0.0547181
0 0.0745633 0.153716 0.0135106 0.0505873
0 0.240063 0.11879 0.0132689 0.0512212
0 0.803104 0.122383 0.0129984 0.0439101
0 0.451523 0.109174 0.01268 0.0385968
0 0.332752 0.107025 0.0139981 0.0410752
0 0.690956 0.0363591 0.0140721 0.0393833
0 0.368365 0.127773 0.0132138 0.045231
0 0.704451 0.220808 0.0214788 0.059245
0 0.837509 0.369995 0.0255856 0.088712
0 0.346823 0.981225 0.0695304 0.0375508
0 0.934535 0.107834 0.0145561 0.0417949
0 0.283595 0.105309 0.0128429 0.0428535
0 0.894618 0.130103 0.0138878 0.0430615
0 0.00607858 0.16373 0.0121572 0.0519251
0 0.528414 0.130841 0.0187332 0.0525907
0 0.491337 0.0479951 0.0110546 0.0344885
0 0.754076 0.0457434 0.0112715 0.0329533
0 0.50434 0.309255 0.024426 0.077255
0 0.521074 0.0518059 0.01085 0.0367498
0 0.617284 0.0976885 0.0147984 0.0446974
0 0.702824 0.168319 0.0161196 0.044087
0 0.21291 0.103787 0.0137454 0.0420099
0 0.955135 0.202547 0.0186163 0.0489381
0 0.258905 0.0474599 0.0115455 0.0358605
0 0.484624 0.364337 0.0222381 0.0764948
0 0.291576 0.0629209 0.0126376 0.0334227
0 0.847311 0.0720861 0.0125032 0.0383157
0 0.536829 0.0460018 0.012074 0.0356596
0 0.649637 0.0774693 0.0129692 0.0393581
0 0.592623 0.0379319 0.0153965 0.03869
0 0.323727 0.0700669 0.0128314 0.0393081
0 0.596957 0.0672763 0.0125799 0.0331925
0 0.247403 0.992375 0.0699232 0.01525
0 0.168955 0.109155 0.0131672 0.0406053
0 0.944998 0.141892 0.0177996 0.0427883
