0 0.167176 0.611250 0.038736 0.112500
0 0.327217 0.688750 0.053007 0.182500
0 0.385321 0.792500 0.053007 0.190000
0 0.024975 0.285000 0.023445 0.085000
0 0.109582 0.221250 0.017329 0.052500
0 0.182467 0.231250 0.020387 0.062500
0 0.303262 0.348750 0.025484 0.072500
0 0.364424 0.358750 0.019368 0.077500
0 0.483180 0.331250 0.024465 0.092500
0 0.577982 0.350000 0.032620 0.090000
0 0.075943 0.153750 0.017329 0.042500
0 0.139653 0.112500 0.018349 0.045000
0 0.113150 0.087500 0.012232 0.035000
0 0.060652 0.092500 0.011213 0.035000
0 0.031600 0.110000 0.010194 0.035000
0 0.206422 0.121250 0.017329 0.037500
0 0.230887 0.088750 0.013252 0.042500
0 0.253313 0.148750 0.015291 0.052500
0 0.285933 0.152500 0.015291 0.045000
0 0.287971 0.112500 0.015291 0.040000
0 0.325688 0.106250 0.015291 0.047500
0 0.298165 0.255000 0.017329 0.075000
0 0.311927 0.283750 0.020387 0.057500
0 0.373598 0.286250 0.023445 0.052500
0 0.356779 0.252500 0.018349 0.060000
0 0.343527 0.207500 0.016310 0.050000
0 0.384302 0.202500 0.018349 0.055000
0 0.362895 0.105000 0.014271 0.045000
0 0.407238 0.121250 0.015291 0.052500
0 0.460754 0.233750 0.020387 0.067500
0 0.447503 0.175000 0.014271 0.045000
0 0.429154 0.200000 0.018349 0.055000
0 0.539755 0.257500 0.019368 0.065000
0 0.496942 0.243750 0.019368 0.072500
0 0.464322 0.111250 0.015291 0.047500
0 0.512742 0.132500 0.014271 0.050000
0 0.645770 0.276250 0.023445 0.067500
0 0.573904 0.246250 0.022426 0.072500
0 0.597350 0.146250 0.016310 0.057500
0 0.557594 0.141250 0.016310 0.047500
0 0.723242 0.288750 0.019368 0.082500
0 0.704383 0.220000 0.014271 0.050000
0 0.767584 0.208750 0.016310 0.052500
0 0.654944 0.158750 0.017329 0.052500
0 0.640673 0.110000 0.017329 0.035000
0 0.692151 0.123750 0.014271 0.037500
0 0.734455 0.113750 0.011213 0.037500
0 0.892457 0.101250 0.013252 0.042500
0 0.911825 0.138750 0.013252 0.042500
0 0.962793 0.183750 0.019368 0.057500
0 0.992355 0.201250 0.015291 0.067500
