0 0.885473 0.847814 0.0553039 0.166402
0 0.949217 0.527378 0.0346286 0.105527
0 0.595053 0.473377 0.0308229 0.114483
0 0.846001 0.619454 0.0540159 0.145181
0 0.708276 0.737982 0.0542623 0.159985
0 0.430099 0.526289 0.034482 0.106158
0 0.766611 0.718697 0.0563734 0.158351
0 0.244882 0.911145 0.0537104 0.17771
0 0.767438 0.498344 0.0356749 0.109531
0 0.243055 0.531501 0.0352313 0.119431
0 0.527254 0.479701 0.0293632 0.110011
0 0.293287 0.60479 0.0370745 0.147811
0 0.682236 0.42897 0.0285032 0.101405
0 0.320218 0.792167 0.0439797 0.143379
0 0.182627 0.50391 0.0265113 0.0996713
0 0.637533 0.38742 0.025729 0.0806383
0 0.296324 0.393733 0.0267387 0.0947986
0 0.545924 0.375845 0.0299781 0.0938296
0 0.918521 0.421616 0.0301107 0.0917774
0 0.64863 0.488507 0.0267134 0.0985006
0 0.346065 0.213775 0.0208353 0.0648631
0 0.426919 0.93705 0.0614114 0.119063
0 0.376733 0.46472 0.0272707 0.0881136
0 0.763175 0.308079 0.022897 0.0792199
0 0.869964 0.377963 0.0274272 0.0937468
0 0.191902 0.155226 0.0138045 0.0455219
0 0.403538 0.453702 0.0239075 0.097903
0 0.715438 0.332343 0.0239632 0.0909257
0 0.240954 0.190173 0.0200782 0.0570259
0 0.740938 0.334284 0.0215926 0.0860753
0 0.672473 0.322087 0.0235861 0.0764506
0 0.696317 0.199777 0.0203359 0.0659018
0 0.807637 0.358723 0.0294766 0.093713
0 0.299222 0.136791 0.014523 0.0483986
0 0.492467 0.175484 0.0176885 0.0584966
0 0.630604 0.153318 0.0203217 0.0654744
0 0.416548 0.17523 0.0180138 0.06041
0 0.339677 0.322666 0.022726 0.0858681
0 0.344812 0.139401 0.016457 0.0515963
0 0.606214 0.129263 0.0171608 0.0452929
0 0.523904 0.221336 0.0197454 0.0654316
0 0.378964 0.377233 0.0257623 0.0724806
0 0.275235 0.166504 0.0161217 0.056925
0 0.209848 0.167523 0.015005 0.0488922
0 0.449659 0.1993 0.0204733 0.0693952
0 0.849592 0.24426 0.0213501 0.0700164
0 0.578083 0.21361 0.0177643 0.0562506
0 0.31184 0.930511 0.0469997 0.138977
0 0.310782 0.200005 0.0170913 0.0620882
0 0.776467 0.218161 0.0182682 0.0644423
0 0.770188 0.128151 0.0124865 0.042258
0 0.3698 0.238258 0.0183463 0.0640051
0 0.0441821 0.46142 0.0249713 0.0796867
0 0.717779 0.211412 0.0199688 0.0670215
0 0.404631 0.319124 0.0226052 0.0700453
0 0.0854695 0.217202 0.0201232 0.0743184
0 0.482378 0.283358 0.020266 0.0525891
0 0.675097 0.211973 0.0180166 0.0619852
0 0.3821 0.0870362 0.0165434 0.0558638
0 0.931119 0.148923 0.0168162 0.0497273
0 0.49458 0.108838 0.0154967 0.0456718
0 0.220511 0.137219 0.0148919 0.0391921
0 0.170685 0.226866 0.0194348 0.0587792
0 0.0685052 0.0991259 0.0137298 0.038677
0 0.468535 0.0906495 0.0162428 0.0510376
0 0.697682 0.375609 0.0225984 0.082038
0 0.986813 0.130903 0.0165472 0.0554753
0 0.159754 0.18068 0.0164787 0.0509278
0 0.191141 0.230446 0.0174439 0.0553503
0 0.255159 0.133225 0.0158624 0.057058
0 0.566045 0.133397 0.0161437 0.0471562
0 0.737962 0.155098 0.015208 0.0525457
0 0.941283 0.32674 0.0179777 0.0682874
0 0.819685 0.117819 0.0139756 0.0428066
0 0.571377 0.33286 0.0213315 0.0838495
0 0.900035 0.143623 0.0167299 0.0550251
0 0.230679 0.0384506 0.0116366 0.0371863
0 0.504926 0.36677 0.0210325 0.0829421
0 0.545439 0.111704 0.017389 0.049286
0 0.971249 0.435689 0.0273866 0.0834745
0 0.547786 0.302576 0.0179741 0.0580171
0 0.259391 0.0378312 0.0131849 0.0378645
0 0.773276 0.074777 0.0130936 0.0394735
0 0.103419 0.107788 0.013187 0.0464875
0 0.0072975 0.54436 0.0137345 0.114362
0 0.604143 0.242801 0.0181164 0.0638553
0 0.0294632 0.110472 0.0135947 0.0386966
0 0.0449829 0.0839671 0.0129708 0.0385919
0 0.80934 0.20588 0.0152946 0.0567792
0 0.361993 0.0466172 0.0158233 0.0480631
0 0.740824 0.255031 0.0211451 0.0715071
0 0.332647 0.1226 0.0134287 0.0474993
0 0.74474 0.507765 0.0180741 0.0821479
0 0.405192 0.0989442 0.014453 0.0421826
0 0.721792 0.139203 0.0135658 0.0483048
0 0.199204 0.109988 0.013475 0.0378826
0 0.074628 0.138573 0.0138234 0.0392905
0 0.681526 0.124445 0.0139048 0.0404374
0 0.0616151 0.0555073 0.013179 0.0403799
0 0.0209465 0.197643 0.0213235 0.0558011
0 0.276114 0.0574292 0.0140773 0.0414811
0 0.604693 0.06493 0.0136112 0.0448933
0 0.693318 0.111298 0.012279 0.0386244
0 0.634102 0.245503 0.0179249 0.0584208
0 0.615543 0.228858 0.0170526 0.0679255
0 0.243179 0.116223 0.0120659 0.0427305
0 0.285975 0.0953783 0.0132207 0.0395085
0 0.176873 0.0263065 0.0111604 0.0335062
0 0.530623 0.896289 0.077273 0.193859
0 0.13468 0.124586 0.0158686 0.0456707
0 0.0901455 0.0878941 0.0111856 0.0352848
0 0.157119 0.0983545 0.0131384 0.0414916
0 0.870614 0.042477 0.0113224 0.0361813
0 0.961265 0.162485 0.0147888 0.0519504
0 0.800626 0.140543 0.0122244 0.0380524
0 0.116978 0.0728534 0.0117379 0.0349225
0 0.73254 0.0404891 0.0106844 0.034759
0 0.695873 0.384636 0.0235006 0.0858633
0 0.443657 0.097538 0.0158653 0.0466094
0 0.00608734 0.139356 0.0111394 0.0563547
0 0.67781 0.0821241 0.0125038 0.03886
0 0.423119 0.0410339 0.0107161 0.0326714
0 0.589225 0.0460774 0.011296 0.0333933
0 0.00790737 0.082605 0.0154295 0.0432412
0 0.586344 0.122741 0.0131399 0.0442776
0 0.820499 0.0438099 0.0123459 0.0362281
0 0.648886 0.103163 0.0128433 0.0391928
0 0.0227345 0.0659105 0.0126335 0.0409156
0 0.24468 0.055891 0.0111017 0.0309983
0 0.469013 0.0459512 0.0107879 0.0316046
0 0.901191 0.0849149 0.0130036 0.0373515
0 0.23255 0.0944073 0.0122622 0.0400528
0 0.198698 0.0556153 0.0132834 0.0394936
0 0.176574 0.100161 0.0116288 0.0429071
0 0.792686 0.063795 0.0105114 0.0311072
0 0.877456 0.108573 0.014588 0.0464085
0 0.74223 0.1102 0.0138764 0.0381643
