0 0.651867 0.766544 0.0460975 0.140097
0 0.537699 0.60108 0.0415426 0.132448
0 0.874609 0.528653 0.0389648 0.132966
0 0.60953 0.506209 0.0420056 0.135907
0 0.281637 0.608281 0.0529912 0.146411
0 0.425258 0.623731 0.0496281 0.151392
0 0.406631 0.474116 0.0327138 0.105004
0 0.776603 0.588618 0.039457 0.134633
0 0.138081 0.548317 0.0305122 0.131399
0 0.218595 0.525913 0.0325593 0.115048
0 0.501319 0.920532 0.0684382 0.158935
0 0.739237 0.559508 0.0332136 0.113013
0 0.785094 0.364929 0.0293629 0.0918342
0 0.875292 0.337423 0.0273945 0.0952713
0 0.603722 0.385114 0.0314857 0.0890694
0 0.927368 0.494442 0.0342411 0.120041
0 0.253144 0.765889 0.0411475 0.148674
0 0.758925 0.935785 0.059549 0.128429
0 0.411168 0.333727 0.0230339 0.0781448
0 0.179772 0.218521 0.0170571 0.0626052
0 0.913357 0.29292 0.0209725 0.0747191
0 0.957716 0.673517 0.0343727 0.111609
0 0.278565 0.366193 0.0247726 0.0759663
0 0.311783 0.293673 0.0200154 0.0733797
0 0.64463 0.255002 0.0247071 0.0719206
0 0.168554 0.281272 0.0196987 0.0657798
0 0.717264 0.252412 0.0217094 0.0736407
0 0.527637 0.34885 0.023036 0.0920304
0 0.0669499 0.212568 0.0204535 0.0680868
0 0.359867 0.23326 0.0219856 0.071757
0 0.989294 0.354476 0.0214114 0.0966528
0 0.685129 0.393393 0.0246542 0.0884186
0 0.927376 0.733927 0.0494365 0.144657
0 0.421363 0.15947 0.0187861 0.061974
0 0.33723 0.228372 0.0189509 0.0661979
0 0.41137 0.967925 0.0617298 0.0641499
0 0.215928 0.203122 0.0197727 0.0575704
0 0.0871167 0.288954 0.021418 0.083104
0 0.682199 0.204777 0.0182951 0.0636458
0 0.968622 0.167904 0.0169241 0.0536068
0 0.0122608 0.23387 0.0230943 0.0745588
0 0.0656715 0.116446 0.015911 0.05602
0 0.273203 0.215239 0.0235445 0.0681408
0 0.189324 0.139461 0.0150428 0.0471952
0 0.533801 0.231401 0.0206044 0.0748094
0 0.300374 0.223033 0.0191025 0.0655506
0 0.120911 0.178618 0.0154183 0.0475547
0 0.26508 0.119242 0.0182784 0.0541357
0 0.707377 0.163535 0.0161564 0.055663
0 0.356087 0.121313 0.0149734 0.0491984
0 0.707591 0.392513 0.0245943 0.0849588
0 0.237392 0.129665 0.0168102 0.0541837
0 0.485837 0.139659 0.0206631 0.0614643
0 0.591751 0.109637 0.0128704 0.0431095
0 0.384214 0.113937 0.0173853 0.0496323
0 0.465618 0.123195 0.0176651 0.0546751
0 0.566482 0.211675 0.0174178 0.0614955
0 0.802185 0.107585 0.0157155 0.0498303
0 0.181132 0.0992868 0.0126031 0.0384159
0 0.482759 0.0699458 0.0157781 0.0439465
0 0.892151 0.122762 0.0150685 0.0439715
0 0.610892 0.188145 0.0210363 0.0573444
0 0.157311 0.160775 0.0133979 0.043431
0 0.0949517 0.0857597 0.0151064 0.0470613
0 0.994375 0.516532 0.0108488 0.115995
0 0.140444 0.0850112 0.0148215 0.046524
0 0.325868 0.0534052 0.0160084 0.0464262
0 0.058232 0.324145 0.03153 0.0988618
0 0.658546 0.0929841 0.0135761 0.0370585
0 0.00436457 0.101919 0.00872914 0.0547914
0 0.437893 0.109415 0.0153259 0.0523652
0 0.115936 0.0979903 0.0159806 0.0514022
0 0.745558 0.16204 0.0188696 0.0492133
0 0.934682 0.108605 0.014294 0.0408061
0 0.223436 0.0568726 0.0137085 0.0411488
0 0.656273 0.1442 0.0209553 0.0618771
0 0.410341 0.0835364 0.0134617 0.041116
0 0.0821849 0.0832021 0.0135335 0.0481364
0 0.00694414 0.540844 0.0137863 0.0981026
0 0.429426 0.0456132 0.0104931 0.0343133
0 0.174472 0.0392845 0.0125029 0.0389098
0 0.676189 0.155512 0.0143023 0.0434345
0 0.24738 0.0290273 0.0115132 0.036326
0 0.584986 0.07391 0.0131726 0.0429923
0 0.487651 0.357924 0.0251064 0.0966605
0 0.702405 0.120769 0.0129606 0.0361704
0 0.766813 0.131068 0.0147523 0.0407808
0 0.818039 0.11328 0.0135929 0.0465863
0 0.696034 0.0528015 0.0112042 0.0359404
0 0.156429 0.0365908 0.0123091 0.037464
0 0.636492 0.117022 0.0147712 0.0398063
0 0.636739 0.175691 0.0181348 0.0622439
0 0.192593 0.0646296 0.0143716 0.0441086
0 0.62638 0.0808231 0.0150767 0.0434993
0 0.543883 0.107025 0.0115729 0.0364567
0 0.633666 0.184722 0.0193822 0.0623886
0 0.552591 0.103844 0.0115845 0.037942
0 0.870029 0.0903566 0.0123527 0.0363662
0 0.783983 0.11956 0.0133154 0.0358317
0 0.714103 0.0963961 0.0127465 0.0442713
0 0.779396 0.039195 0.0117102 0.0292703
0 0.853966 0.0995905 0.0163679 0.0496236
0 0.400889 0.121061 0.0151596 0.0435047
0 0.349669 0.987343 0.0556974 0.0253137
0 0.139758 0.0281002 0.0110812 0.0331213
0 0.708049 0.0476278 0.0118809 0.0345436
0 0.556811 0.139231 0.0119004 0.0384612
0 0.535316 0.0609328 0.0114603 0.0376545
0 0.916308 0.127041 0.0149088 0.0408222
0 0.729305 0.0952382 0.0142131 0.0413055
0 0.243493 0.0908521 0.0145665 0.037768
0 0.792912 0.846623 0.0340884 0.152903
0 0.371396 0.0637926 0.0128016 0.0393976
0 0.509832 0.0858332 0.0147988 0.039301
0 0.307748 0.024334 0.0143198 0.0449812
0 0.357233 0.0651036 0.0138876 0.041197
0 0.933383 0.722267 0.0516575 0.162559
0 0.832296 0.108074 0.0132668 0.0408679
