0 0.573289 0.815379 0.0558823 0.149008
0 0.814701 0.703249 0.0463648 0.154387
0 0.710427 0.601802 0.0416122 0.147856
0 0.713316 0.881637 0.0523338 0.169485
0 0.518483 0.68367 0.0425875 0.142011
0 0.450877 0.546264 0.0344275 0.116845
0 0.195021 0.362652 0.0276406 0.100957
0 0.886843 0.801435 0.0467896 0.172179
0 0.627541 0.936987 0.05324 0.126025
0 0.77295 0.828801 0.0539617 0.180301
0 0.418739 0.494147 0.031179 0.10509
0 0.586759 0.577294 0.0379943 0.131431
0 0.123862 0.501422 0.0414976 0.13315
0 0.92214 0.576041 0.0387419 0.123987
0 0.669407 0.269168 0.0268025 0.0874608
0 0.636173 0.436414 0.0334773 0.111967
0 0.115588 0.929218 0.0596777 0.141563
0 0.665105 0.715065 0.0378565 0.157024
0 0.239593 0.468806 0.0323279 0.105378
0 0.202617 0.758169 0.0420239 0.152772
0 0.286607 0.480694 0.0318758 0.0993543
0 0.920153 0.747617 0.0367648 0.159067
0 0.52708 0.331666 0.025027 0.0844151
0 0.228897 0.625864 0.0323158 0.117835
0 0.708662 0.383915 0.0345381 0.100289
0 0.359554 0.443112 0.0298483 0.0848133
0 0.280382 0.353014 0.0255674 0.0903408
0 0.516576 0.461775 0.0281898 0.101031
0 0.55697 0.327086 0.0236223 0.078919
0 0.250631 0.931992 0.0518781 0.136016
0 0.978312 0.8101 0.042757 0.173673
0 0.841553 0.479978 0.0329943 0.131117
0 0.470015 0.326748 0.0294891 0.0928959
0 0.531984 0.193064 0.018239 0.0677677
0 0.341291 0.223797 0.0181139 0.0666472
0 0.897618 0.188496 0.015463 0.0495105
0 0.592766 0.717099 0.0351124 0.123328
0 0.347678 0.30754 0.0252244 0.0874831
0 0.113211 0.356754 0.024864 0.0870433
0 0.0833446 0.264602 0.0220578 0.0684551
0 0.246767 0.374354 0.03056 0.0973573
0 0.590037 0.455513 0.0270496 0.0987904
0 0.808588 0.452587 0.0328823 0.12664
0 0.325667 0.462177 0.0279254 0.085911
0 0.861387 0.251456 0.0233994 0.0645569
0 0.2063 0.188987 0.0192261 0.0680439
0 0.282214 0.224798 0.0220674 0.0653489
0 0.315631 0.253682 0.0213328 0.0723364
0 0.479414 0.200252 0.0231895 0.0750641
0 0.7511 0.497567 0.0316509 0.0925366
0 0.428819 0.246971 0.023145 0.0692983
0 0.920571 0.209349 0.0208369 0.0634843
0 0.462862 0.445415 0.0290298 0.0934127
0 0.818341 0.354037 0.0327232 0.0833577
0 0.173832 0.742278 0.0312985 0.141029
0 0.569836 0.150402 0.0180863 0.0593483
0 0.123882 0.238945 0.021079 0.0673272
0 0.735418 0.427333 0.0286461 0.106284
0 0.36254 0.220529 0.0173731 0.0690934
0 0.401123 0.241406 0.0208817 0.0698807
0 0.927926 0.294122 0.023674 0.0753333
0 0.962943 0.213077 0.0195488 0.0656609
0 0.0320846 0.215252 0.0199497 0.0677125
0 0.227458 0.295159 0.0219894 0.0741314
0 0.222698 0.122531 0.0126401 0.0434625
0 0.601781 0.305783 0.0240217 0.0760384
0 0.14617 0.23778 0.0183997 0.066183
0 0.192795 0.111539 0.0149049 0.0505201
0 0.508552 0.146988 0.0171763 0.0587539
0 0.116905 0.124671 0.0152164 0.0500329
0 0.369392 0.123371 0.016516 0.049125
0 0.548405 0.149057 0.0173693 0.0677254
0 0.989454 0.184511 0.0167948 0.0531893
0 0.605364 0.362678 0.0225404 0.0691795
0 0.273991 0.114955 0.018414 0.0567086
0 0.16482 0.11545 0.0174297 0.055628
0 0.0378929 0.11203 0.0182133 0.0526992
0 0.250313 0.205832 0.0183115 0.0763186
0 0.524843 0.587857 0.0319819 0.086933
0 0.691135 0.0274518 0.012274 0.0430978
0 0.72641 0.0304163 0.0134498 0.046652
0 0.531637 0.116853 0.0156499 0.0542037
0 0.188499 0.0496949 0.0149304 0.0479673
0 0.929629 0.139413 0.0140667 0.0455228
0 0.388167 0.108524 0.0151088 0.0499009
0 0.495775 0.106509 0.0134297 0.0421402
0 0.410035 0.155827 0.0154646 0.050375
0 0.352094 0.0617957 0.0126292 0.0394863
0 0.465905 0.0398643 0.0125696 0.0361573
0 0.412222 0.0711356 0.0153437 0.0450447
0 0.855867 0.0897233 0.0143013 0.0441659
0 0.248531 0.151478 0.018208 0.0499497
0 0.868126 0.0424521 0.0135743 0.0422735
0 0.554237 0.586143 0.0277657 0.133663
0 0.437603 0.132898 0.0149242 0.0496162
0 0.0195546 0.123359 0.0150097 0.0490698
0 0.288805 0.105202 0.0140147 0.0517102
0 0.446654 0.0880686 0.0124624 0.0408298
0 0.685183 0.0969201 0.0152816 0.0457037
0 0.162656 0.507473 0.0353704 0.120947
0 0.388245 0.0402857 0.015349 0.0434364
0 0.444656 0.029245 0.0118673 0.0341167
0 0.369792 0.0514447 0.0137806 0.0374153
0 0.507511 0.0840666 0.0124149 0.0441218
0 0.845737 0.0570511 0.0133802 0.040904
0 0.903951 0.0390798 0.0112755 0.0383456
0 0.459121 0.142057 0.0183159 0.0575892
0 0.139184 0.093228 0.014397 0.0483761
0 0.203811 0.0900642 0.0113737 0.0410831
0 0.492453 0.0647951 0.0118628 0.0351127
0 0.0939197 0.0520095 0.0141424 0.0400104
0 0.154434 0.0869698 0.012628 0.0413696
0 0.0485125 0.0567003 0.0137411 0.0396699
0 0.903264 0.254705 0.0165295 0.0547165
0 0.249929 0.109329 0.0155479 0.0382661
0 0.0534457 0.238536 0.0221065 0.0659369
0 0.0202365 0.0761639 0.013427 0.0408966
0 0.476836 0.0957939 0.0140317 0.043534
0 0.779214 0.409746 0.02768 0.0892311
0 0.526805 0.0694613 0.0115475 0.0323897
0 0.331031 0.109516 0.0157182 0.0450609
0 0.249543 0.0366133 0.0131938 0.0412689
0 0.431565 0.0628422 0.0154696 0.0416216
0 0.772008 0.0730905 0.0147757 0.0419294
0 0.317194 0.0598418 0.0115962 0.0333843
0 0.821787 0.0670758 0.0129577 0.0369941
0 0.228702 0.260787 0.0224274 0.0780758
0 0.164495 0.0282125 0.0111959 0.0332811
0 0.322565 0.560551 0.0323225 0.115951
0 0.648854 0.0327077 0.0110998 0.0407055
0 0.79704 0.965531 0.0574745 0.068939
0 0.336942 0.0716643 0.013935 0.0401916
0 0.557231 0.0517344 0.0140866 0.0369553
0 0.378281 0.227825 0.0178893 0.0694285
0 0.322298 0.142415 0.0175005 0.0527554
0 0.0667009 0.587621 0.0507526 0.144346
0 0.308392 0.0487613 0.0122263 0.0376887
0 0.271562 0.0648602 0.012765 0.0345352
0 0.627919 0.0538913 0.0123883 0.0329132
0 0.00608638 0.0864794 0.0121728 0.0494859
