0 0.397044 0.700000 0.027523 0.089474
0 0.641182 0.525000 0.026504 0.071053
0 0.965851 0.459211 0.021407 0.076316
0 0.703364 0.294737 0.016310 0.052632
0 0.754842 0.455263 0.025484 0.078947
0 0.915392 0.456579 0.026504 0.076316
0 0.105505 0.384211 0.017329 0.057895
0 0.476555 0.465789 0.021407 0.068421
0 0.760958 0.290789 0.017329 0.044737
0 0.695719 0.507895 0.023445 0.068421
0 0.167176 0.328947 0.018349 0.057895
0 0.158512 0.472368 0.021407 0.071053
0 0.110601 0.486842 0.027523 0.073684
0 0.416412 0.263158 0.017329 0.052632
0 0.878186 0.377632 0.021407 0.060526
0 0.424057 0.364474 0.020387 0.060526
0 0.918451 0.373684 0.020387 0.057895
0 0.587156 0.448684 0.022426 0.071053
0 0.035168 0.348684 0.017329 0.055263
0 0.529562 0.422368 0.021407 0.065789
0 0.362895 0.257895 0.018349 0.063158
0 0.600408 0.322368 0.016310 0.055263
0 0.414883 0.565789 0.024465 0.078947
0 0.653925 0.246053 0.015291 0.044737
0 0.444954 0.232895 0.015291 0.050000
0 0.387360 0.496053 0.024465 0.065789
0 0.306830 0.250000 0.018349 0.052632
0 0.504077 0.256579 0.015291 0.050000
0 0.922528 0.136842 0.014271 0.052632
0 0.633537 0.190789 0.015291 0.050000
0 0.519368 0.376316 0.019368 0.057895
0 0.461774 0.388158 0.016310 0.060526
0 0.061672 0.261842 0.015291 0.050000
0 0.038736 0.540789 0.026504 0.076316
0 0.856779 0.148684 0.015291 0.044737
0 0.140673 0.198684 0.014271 0.044737
0 0.379715 0.101316 0.017329 0.050000
0 0.649847 0.305263 0.017329 0.047368
0 0.393986 0.242105 0.021407 0.052632
0 0.121305 0.142105 0.014271 0.042105
0 0.598369 0.163158 0.016310 0.047368
0 0.488787 0.185526 0.015291 0.050000
0 0.251274 0.189474 0.017329 0.052632
0 0.463812 0.106579 0.014271 0.039474
0 0.054536 0.128947 0.013252 0.042105
0 0.505607 0.105263 0.012232 0.042105
0 0.360856 0.376316 0.026504 0.084211
0 0.409276 0.031579 0.013252 0.042105
0 0.956677 0.057895 0.013252 0.036842
0 0.279307 0.173684 0.016310 0.052632
0 0.602956 0.035526 0.013252 0.039474
0 0.236493 0.540789 0.026504 0.081579
0 0.333333 0.446053 0.026504 0.065789
0 0.036188 0.203947 0.015291 0.050000
0 0.206932 0.076316 0.014271 0.036842
0 0.337920 0.189474 0.017329 0.047368
0 0.729358 0.063158 0.013252 0.031579
0 0.414883 0.198684 0.014271 0.039474
0 0.095821 0.169737 0.014271 0.044737
0 0.364424 0.032895 0.013252 0.034211
0 0.659021 0.123684 0.017329 0.042105
0 0.656983 0.072368 0.011213 0.034211
0 0.345056 0.680263 0.027523 0.092105
0 0.703364 0.125000 0.012232 0.034211
0 0.686035 0.043421 0.012232 0.039474
0 0.726809 0.098684 0.014271 0.039474
0 0.164628 0.115789 0.013252 0.042105
0 0.426606 0.103947 0.015291 0.044737
0 0.128440 0.057895 0.012232 0.031579
0 0.547401 0.167105 0.014271 0.039474
0 0.799694 0.107895 0.013252 0.042105
0 0.936290 0.080263 0.013252 0.039474
0 0.660041 0.034211 0.013252 0.042105
0 0.016310 0.167105 0.012232 0.044737
0 0.318552 0.163158 0.015291 0.042105
0 0.516820 0.213158 0.016310 0.042105
0 0.688073 0.205263 0.014271 0.042105
0 0.555046 0.119737 0.013252 0.044737
0 0.494903 0.063158 0.011213 0.036842
0 0.992864 0.101316 0.012232 0.044737
0 0.407238 0.160526 0.013252 0.042105
0 0.526504 0.106579 0.013252 0.039474
0 0.577472 0.098684 0.013252 0.044737
0 0.468909 0.173684 0.014271 0.042105
0 0.032620 0.292105 0.014271 0.042105
0 0.614679 0.014474 0.010194 0.023684
0 0.006626 0.151316 0.011213 0.044737
0 0.403670 0.113158 0.014271 0.036842
0 0.759939 0.114474 0.015291 0.044737
0 0.901121 0.073684 0.012232 0.036842
0 0.648828 0.023684 0.011213 0.036842
0 0.696738 0.152632 0.013252 0.036842
0 0.446993 0.189474 0.013252 0.036842
0 0.072885 0.075000 0.011213 0.034211
0 0.481651 0.034211 0.011213 0.036842
0 0.878186 0.096053 0.013252 0.039474
0 0.357798 0.156579 0.018349 0.050000
0 0.041794 0.147368 0.012232 0.042105
0 0.334862 0.085526 0.015291 0.039474
0 0.673802 0.169737 0.014271 0.044737
0 0.726300 0.168421 0.013252 0.042105
0 0.589704 0.102632 0.013252 0.042105
0 0.445973 0.106579 0.013252 0.039474
0 0.193680 0.134211 0.012232 0.042105
0 0.570846 0.047368 0.012232 0.036842
0 0.902650 0.130263 0.013252 0.039474
0 0.895005 0.152632 0.012232 0.036842
0 0.192151 0.476316 0.021407 0.057895
0 0.254842 0.460526 0.022426 0.068421
0 0.323140 0.482895 0.018349 0.060526
0 0.318552 0.521053 0.017329 0.078947
0 0.008665 0.236842 0.015291 0.057895
0 0.016820 0.222368 0.017329 0.055263
0 0.080530 0.102632 0.014271 0.042105
0 0.148828 0.061842 0.012232 0.044737
0 0.069827 0.209211 0.013252 0.055263
0 0.169725 0.071053 0.013252 0.042105
0 0.178899 0.019737 0.009174 0.034211
0 0.202345 0.022368 0.013252 0.039474
0 0.237003 0.046053 0.011213 0.034211
0 0.251784 0.069737 0.016310 0.034211
0 0.248216 0.035526 0.015291 0.028947
0 0.299694 0.032895 0.010194 0.039474
0 0.281346 0.032895 0.014271 0.028947
0 0.306320 0.014474 0.013252 0.023684
0 0.584098 0.298684 0.018349 0.065789
0 0.580530 0.171053 0.015291 0.042105
0 0.521407 0.189474 0.015291 0.057895
0 0.652396 0.448684 0.018349 0.060526
0 0.751784 0.118421 0.013252 0.042105
0 0.635576 0.121053 0.017329 0.047368
0 0.721713 0.309211 0.018349 0.055263
0 0.546381 0.076316 0.012232 0.036842
