0 0.110092 0.678750 0.046891 0.142500
0 0.226809 0.888750 0.058104 0.202500
0 0.201325 0.677500 0.041794 0.110000
0 0.284404 0.518750 0.038736 0.132500
0 0.326707 0.595000 0.031600 0.120000
0 0.379205 0.488750 0.032620 0.102500
0 0.480632 0.652500 0.033639 0.105000
0 0.063201 0.248750 0.018349 0.062500
0 0.599898 0.665000 0.041794 0.095000
0 0.602446 0.586250 0.034659 0.067500
0 0.283384 0.326250 0.026504 0.082500
0 0.414883 0.397500 0.028542 0.080000
0 0.386340 0.396250 0.022426 0.077500
0 0.005607 0.132500 0.009174 0.050000
0 0.023445 0.157500 0.012232 0.045000
0 0.047910 0.122500 0.012232 0.040000
0 0.079511 0.072500 0.012232 0.040000
0 0.070336 0.187500 0.016310 0.045000
0 0.091233 0.145000 0.015291 0.040000
0 0.121814 0.150000 0.013252 0.050000
0 0.113660 0.241250 0.019368 0.057500
0 0.164118 0.226250 0.018349 0.057500
0 0.169725 0.310000 0.021407 0.070000
0 0.192661 0.245000 0.022426 0.070000
0 0.245158 0.307500 0.025484 0.075000
0 0.124873 0.111250 0.011213 0.032500
0 0.122324 0.083750 0.012232 0.027500
0 0.141182 0.078750 0.011213 0.037500
0 0.170744 0.132500 0.013252 0.040000
0 0.189093 0.123750 0.013252 0.042500
0 0.168196 0.080000 0.014271 0.040000
0 0.224771 0.130000 0.015291 0.040000
0 0.243119 0.135000 0.017329 0.050000
0 0.240571 0.085000 0.012232 0.035000
0 0.254842 0.096250 0.012232 0.037500
0 0.278287 0.086250 0.012232 0.042500
0 0.276249 0.205000 0.018349 0.055000
0 0.256881 0.213750 0.016310 0.052500
0 0.300714 0.168750 0.016310 0.052500
0 0.335882 0.235000 0.023445 0.060000
0 0.349134 0.366250 0.023445 0.067500
0 0.395515 0.247500 0.020387 0.065000
0 0.465851 0.268750 0.022426 0.067500
0 0.478593 0.421250 0.021407 0.072500
0 0.505097 0.283750 0.019368 0.067500
0 0.356269 0.111250 0.013252 0.037500
0 0.324669 0.127500 0.013252 0.035000
0 0.550968 0.387500 0.023445 0.065000
0 0.600917 0.480000 0.027523 0.090000
0 0.392457 0.136250 0.012232 0.042500
0 0.411315 0.137500 0.015291 0.045000
0 0.419980 0.202500 0.020387 0.060000
0 0.458716 0.182500 0.016310 0.055000
0 0.306830 0.302500 0.022426 0.070000
0 0.384811 0.095000 0.013252 0.030000
0 0.467380 0.097500 0.015291 0.045000
0 0.514781 0.195000 0.020387 0.060000
0 0.483180 0.155000 0.014271 0.040000
0 0.536697 0.163750 0.015291 0.042500
0 0.508155 0.135000 0.013252 0.040000
0 0.601937 0.230000 0.015291 0.050000
0 0.582569 0.272500 0.019368 0.055000
0 0.564730 0.138750 0.012232 0.037500
0 0.495923 0.090000 0.011213 0.030000
0 0.402141 0.085000 0.011213 0.040000
0 0.320082 0.068750 0.012232 0.032500
0 0.332824 0.100000 0.013252 0.030000
0 0.519878 0.131250 0.010194 0.037500
0 0.606524 0.081250 0.010194 0.032500
0 0.636595 0.188750 0.019368 0.052500
0 0.675331 0.211250 0.015291 0.047500
0 0.638634 0.387500 0.027523 0.075000
0 0.664628 0.522500 0.026504 0.095000
0 0.675331 0.433750 0.025484 0.077500
0 0.691131 0.520000 0.022426 0.085000
0 0.722732 0.153750 0.012232 0.052500
0 0.631498 0.142500 0.013252 0.035000
0 0.790010 0.491250 0.036697 0.112500
0 0.729867 0.618750 0.032620 0.092500
0 0.767584 0.643750 0.030581 0.092500
0 0.783384 0.367500 0.025484 0.085000
0 0.787462 0.248750 0.017329 0.057500
0 0.697757 0.090000 0.017329 0.040000
0 0.664628 0.167500 0.012232 0.040000
0 0.852192 0.490000 0.034659 0.115000
0 0.817533 0.430000 0.026504 0.100000
0 0.910296 0.507500 0.030581 0.105000
0 0.845056 0.371250 0.022426 0.067500
0 0.817533 0.118750 0.012232 0.037500
0 0.737003 0.147500 0.012232 0.040000
0 0.774210 0.111250 0.013252 0.037500
0 0.906218 0.328750 0.020387 0.067500
0 0.961264 0.525000 0.034659 0.110000
0 0.932722 0.382500 0.020387 0.080000
0 0.935270 0.311250 0.019368 0.052500
0 0.887360 0.163750 0.013252 0.042500
0 0.843527 0.113750 0.011213 0.032500
0 0.826198 0.151250 0.015291 0.042500
0 0.835882 0.240000 0.018349 0.045000
0 0.865953 0.118750 0.015291 0.037500
0 0.890418 0.101250 0.013252 0.037500
0 0.918960 0.167500 0.013252 0.035000
0 0.977064 0.208750 0.017329 0.042500
0 0.981142 0.151250 0.013252 0.042500
0 0.585117 0.217500 0.018349 0.050000
0 0.955657 0.655000 0.045872 0.120000
0 0.923547 0.927500 0.053007 0.120000
