0 0.014271 0.395000 0.026504 0.100000
0 0.114169 0.388750 0.030581 0.107500
0 0.299694 0.543750 0.034659 0.107500
0 0.271662 0.313750 0.023445 0.072500
0 0.329256 0.288750 0.026504 0.077500
0 0.354740 0.461250 0.030581 0.097500
0 0.393476 0.287500 0.024465 0.085000
0 0.027523 0.150000 0.016310 0.050000
0 0.060143 0.163750 0.020387 0.047500
0 0.077472 0.121250 0.014271 0.042500
0 0.094292 0.117500 0.015291 0.055000
0 0.122324 0.128750 0.014271 0.042500
0 0.129969 0.195000 0.021407 0.060000
0 0.147299 0.162500 0.019368 0.055000
0 0.180428 0.177500 0.020387 0.050000
0 0.154944 0.115000 0.014271 0.045000
0 0.230377 0.157500 0.018349 0.050000
0 0.253823 0.155000 0.014271 0.055000
0 0.313456 0.173750 0.021407 0.057500
0 0.284404 0.108750 0.018349 0.052500
0 0.270133 0.091250 0.016310 0.047500
0 0.188583 0.132500 0.018349 0.045000
0 0.167686 0.095000 0.011213 0.040000
0 0.234964 0.083750 0.015291 0.042500
0 0.340469 0.117500 0.018349 0.045000
0 0.362895 0.097500 0.018349 0.045000
0 0.395515 0.188750 0.018349 0.047500
0 0.424567 0.141250 0.015291 0.047500
0 0.450561 0.200000 0.020387 0.070000
0 0.497452 0.286250 0.026504 0.072500
0 0.499490 0.431250 0.034659 0.092500
0 0.549949 0.531250 0.033639 0.082500
0 0.541284 0.403750 0.030581 0.087500
0 0.573394 0.400000 0.029562 0.085000
0 0.613150 0.442500 0.029562 0.095000
0 0.557594 0.273750 0.024465 0.062500
0 0.530071 0.228750 0.026504 0.062500
0 0.488787 0.213750 0.023445 0.057500
0 0.467890 0.127500 0.014271 0.035000
0 0.385831 0.093750 0.015291 0.042500
0 0.400102 0.091250 0.015291 0.047500
0 0.430683 0.101250 0.015291 0.037500
0 0.442406 0.112500 0.014271 0.050000
0 0.668705 0.538750 0.034659 0.107500
0 0.676351 0.870000 0.049949 0.185000
0 0.604995 0.261250 0.025484 0.057500
0 0.533129 0.165000 0.016310 0.055000
0 0.513252 0.111250 0.017329 0.042500
0 0.560652 0.116250 0.014271 0.037500
0 0.564220 0.216250 0.021407 0.057500
0 0.574414 0.168750 0.019368 0.047500
0 0.621305 0.181250 0.019368 0.072500
0 0.659531 0.341250 0.032620 0.087500
0 0.648318 0.257500 0.038736 0.070000
0 0.692661 0.307500 0.027523 0.065000
0 0.703874 0.406250 0.027523 0.082500
0 0.737003 0.403750 0.036697 0.097500
0 0.762997 0.530000 0.043833 0.095000
0 0.793578 0.693750 0.056065 0.142500
0 0.751274 0.613750 0.048930 0.117500
0 0.813965 0.881250 0.043833 0.172500
0 0.843527 0.738750 0.041794 0.152500
0 0.833333 0.567500 0.033639 0.105000
0 0.882773 0.591250 0.040775 0.127500
0 0.797655 0.393750 0.029562 0.077500
0 0.766565 0.335000 0.028542 0.090000
0 0.838430 0.438750 0.029562 0.102500
0 0.840469 0.303750 0.025484 0.082500
0 0.898573 0.432500 0.027523 0.100000
0 0.693680 0.178750 0.013252 0.047500
0 0.650866 0.130000 0.017329 0.050000
0 0.754332 0.138750 0.016310 0.042500
0 0.670744 0.106250 0.014271 0.042500
0 0.951070 0.436250 0.032620 0.097500
0 0.982671 0.587500 0.034659 0.105000
0 0.973496 0.246250 0.022426 0.072500
0 0.735984 0.240000 0.022426 0.065000
0 0.764526 0.262500 0.022426 0.055000
0 0.712029 0.115000 0.017329 0.045000
0 0.921509 0.142500 0.020387 0.055000
0 0.813456 0.143750 0.022426 0.047500
0 0.801733 0.215000 0.019368 0.065000
0 0.583588 0.097500 0.015291 0.040000
