0 0.037207 0.661842 0.027523 0.076316
0 0.340979 0.701316 0.029562 0.086842
0 0.862895 0.756579 0.027523 0.081579
0 0.383282 0.322368 0.018349 0.060526
0 0.468909 0.385526 0.022426 0.071053
0 0.822120 0.353947 0.017329 0.065789
0 0.628440 0.318421 0.019368 0.063158
0 0.653415 0.268421 0.016310 0.047368
0 0.545872 0.132895 0.017329 0.050000
0 0.972987 0.227632 0.017329 0.055263
0 0.638124 0.453947 0.020387 0.055263
0 0.153925 0.172368 0.014271 0.050000
0 0.091233 0.425000 0.021407 0.060526
0 0.333333 0.231579 0.022426 0.057895
0 0.090724 0.610526 0.032620 0.084211
0 0.041284 0.322368 0.017329 0.055263
0 0.700306 0.428947 0.020387 0.063158
0 0.283894 0.377632 0.019368 0.055263
0 0.503568 0.239474 0.016310 0.052632
0 0.744139 0.190789 0.016310 0.044737
0 0.013761 0.260526 0.015291 0.047368
0 0.253313 0.472368 0.021407 0.071053
0 0.244648 0.347368 0.016310 0.052632
0 0.122834 0.363158 0.017329 0.057895
0 0.349134 0.289474 0.015291 0.047368
0 0.054536 0.243421 0.013252 0.050000
0 0.890418 0.126316 0.013252 0.042105
0 0.150866 0.425000 0.018349 0.065789
0 0.760449 0.521053 0.024465 0.078947
0 0.774210 0.142105 0.017329 0.047368
0 0.900102 0.223684 0.016310 0.057895
0 0.581040 0.300000 0.016310 0.057895
0 0.173293 0.272368 0.016310 0.055263
0 0.477574 0.278947 0.017329 0.052632
0 0.035168 0.200000 0.013252 0.042105
0 0.705403 0.297368 0.014271 0.052632
0 0.455148 0.238158 0.019368 0.050000
0 0.213558 0.168421 0.015291 0.047368
0 0.788481 0.267105 0.015291 0.044737
0 0.791539 0.036842 0.011213 0.036842
0 0.935270 0.155263 0.015291 0.047368
0 0.570336 0.231579 0.013252 0.047368
0 0.110092 0.260526 0.014271 0.047368
0 0.120795 0.189474 0.015291 0.047368
0 0.422018 0.303947 0.018349 0.055263
0 0.814985 0.161842 0.015291 0.044737
0 0.533129 0.269737 0.016310 0.060526
0 0.287971 0.314474 0.021407 0.050000
0 0.226809 0.432895 0.021407 0.060526
0 0.861876 0.236842 0.015291 0.047368
0 0.924567 0.215789 0.016310 0.052632
0 0.321101 0.155263 0.018349 0.052632
0 0.257900 0.273684 0.020387 0.063158
0 0.395515 0.209211 0.018349 0.060526
0 0.918451 0.105263 0.014271 0.042105
0 0.602446 0.684211 0.034659 0.094737
0 0.093782 0.197368 0.014271 0.052632
0 0.362895 0.190789 0.016310 0.050000
0 0.388379 0.396053 0.020387 0.071053
0 0.212538 0.331579 0.017329 0.063158
0 0.067278 0.196053 0.014271 0.044737
0 0.570336 0.077632 0.013252 0.044737
0 0.186035 0.082895 0.015291 0.039474
0 0.563201 0.301316 0.021407 0.071053
0 0.355759 0.356579 0.016310 0.060526
0 0.669725 0.182895 0.016310 0.050000
0 0.594801 0.146053 0.017329 0.050000
0 0.628440 0.168421 0.017329 0.042105
0 0.415902 0.122368 0.014271 0.044737
0 0.725280 0.447368 0.019368 0.063158
0 0.485729 0.350000 0.017329 0.063158
0 0.715087 0.039474 0.011213 0.036842
0 0.763507 0.623684 0.028542 0.100000
0 0.444444 0.156579 0.016310 0.050000
0 0.933741 0.077632 0.012232 0.039474
0 0.283894 0.105263 0.015291 0.052632
0 0.362895 0.240789 0.016310 0.044737
0 0.080530 0.197368 0.012232 0.047368
0 0.467380 0.564474 0.027523 0.092105
0 0.317023 0.039474 0.010194 0.036842
0 0.875127 0.181579 0.015291 0.042105
0 0.493374 0.039474 0.012232 0.036842
0 0.510703 0.160526 0.014271 0.047368
0 0.480122 0.044737 0.012232 0.036842
0 0.850153 0.134211 0.014271 0.042105
0 0.151886 0.052632 0.012232 0.036842
0 0.444954 0.023684 0.013252 0.036842
0 0.556575 0.076316 0.012232 0.042105
0 0.380224 0.172368 0.016310 0.050000
0 0.494903 0.117105 0.013252 0.044737
0 0.031600 0.275000 0.018349 0.044737
0 0.023955 0.175000 0.013252 0.039474
0 0.994903 0.047368 0.010194 0.042105
0 0.267584 0.046053 0.013252 0.039474
0 0.635066 0.115789 0.014271 0.042105
0 0.585627 0.055263 0.011213 0.036842
0 0.853721 0.185526 0.013252 0.044737
0 0.522936 0.026316 0.012232 0.042105
0 0.477574 0.134211 0.017329 0.042105
0 0.730887 0.097368 0.014271 0.042105
0 0.976045 0.185526 0.015291 0.039474
0 0.554536 0.194737 0.016310 0.052632
0 0.132518 0.075000 0.014271 0.034211
0 0.427115 0.032895 0.012232 0.039474
0 0.556065 0.214474 0.015291 0.050000
0 0.596840 0.077632 0.013252 0.039474
0 0.657492 0.109211 0.014271 0.039474
0 0.509174 0.014474 0.011213 0.023684
0 0.538226 0.038158 0.012232 0.039474
0 0.466361 0.292105 0.015291 0.052632
0 0.088685 0.371053 0.018349 0.042105
0 0.404689 0.314474 0.016310 0.060526
0 0.523445 0.188158 0.013252 0.044737
0 0.949541 0.069737 0.013252 0.039474
0 0.017329 0.736842 0.026504 0.078947
0 0.692661 0.106579 0.011213 0.039474
0 0.348624 0.034211 0.012232 0.036842
0 0.407747 0.026316 0.012232 0.036842
0 0.209990 0.263158 0.018349 0.052632
0 0.956677 0.135526 0.011213 0.039474
0 0.369521 0.128947 0.015291 0.042105
0 0.835372 0.036842 0.009174 0.031579
0 0.656983 0.056579 0.013252 0.039474
0 0.117737 0.489474 0.023445 0.073684
0 0.170234 0.510526 0.020387 0.057895
0 0.425586 0.505263 0.029562 0.089474
0 0.434251 0.669737 0.034659 0.086842
0 0.483180 0.461842 0.026504 0.076316
0 0.556065 0.801316 0.029562 0.092105
0 0.616718 0.800000 0.028542 0.100000
0 0.672273 0.844737 0.027523 0.105263
0 0.816004 0.914474 0.041794 0.118421
0 0.634047 0.517105 0.020387 0.060526
0 0.672273 0.569737 0.027523 0.060526
0 0.627931 0.246053 0.020387 0.055263
