0 0.872579 0.696250 0.038736 0.112500
0 0.451070 0.663750 0.037717 0.122500
0 0.222222 0.820000 0.050968 0.170000
0 0.937309 0.572500 0.035678 0.115000
0 0.772681 0.597500 0.034659 0.110000
0 0.870540 0.927500 0.053007 0.145000
0 0.533639 0.776250 0.041794 0.152500
0 0.705403 0.853750 0.040775 0.132500
0 0.076962 0.542500 0.041794 0.130000
0 0.797146 0.745000 0.036697 0.120000
0 0.407238 0.692500 0.039755 0.140000
0 0.144241 0.601250 0.039755 0.142500
0 0.588175 0.531250 0.026504 0.092500
0 0.626911 0.492500 0.032620 0.100000
0 0.677880 0.390000 0.030581 0.080000
0 0.125382 0.492500 0.034659 0.100000
0 0.745158 0.435000 0.028542 0.105000
0 0.609072 0.707500 0.037717 0.145000
0 0.529562 0.423750 0.027523 0.077500
0 0.730887 0.612500 0.038736 0.135000
0 0.500000 0.590000 0.029562 0.100000
0 0.677370 0.492500 0.031600 0.095000
0 0.385321 0.482500 0.030581 0.105000
0 0.020387 0.800000 0.038736 0.160000
0 0.900102 0.435000 0.028542 0.095000
0 0.564220 0.372500 0.025484 0.090000
0 0.144750 0.228750 0.018349 0.052500
0 0.392966 0.567500 0.033639 0.085000
0 0.212538 0.536250 0.039755 0.122500
0 0.917941 0.362500 0.023445 0.075000
0 0.462793 0.511250 0.030581 0.087500
0 0.712538 0.303750 0.026504 0.072500
0 0.705403 0.963750 0.059123 0.072500
0 0.269113 0.901250 0.057085 0.157500
0 0.500510 0.182500 0.018349 0.060000
0 0.251274 0.238750 0.017329 0.057500
0 0.093272 0.305000 0.021407 0.080000
0 0.262487 0.581250 0.031600 0.107500
0 0.288481 0.257500 0.022426 0.070000
0 0.179918 0.168750 0.015291 0.042500
0 0.779817 0.390000 0.026504 0.075000
0 0.362385 0.421250 0.023445 0.087500
0 0.950561 0.301250 0.021407 0.062500
0 0.015800 0.561250 0.029562 0.132500
0 0.967380 0.553750 0.032620 0.117500
0 0.968909 0.452500 0.031600 0.095000
0 0.904689 0.173750 0.019368 0.057500
0 0.850663 0.345000 0.023445 0.075000
0 0.694699 0.176250 0.015291 0.047500
0 0.397554 0.307500 0.022426 0.075000
0 0.339450 0.270000 0.018349 0.065000
0 0.494393 0.257500 0.020387 0.065000
0 0.185015 0.327500 0.023445 0.080000
0 0.252803 0.743750 0.036697 0.112500
0 0.209480 0.113750 0.015291 0.047500
0 0.871050 0.238750 0.019368 0.057500
0 0.535678 0.238750 0.017329 0.057500
0 0.031091 0.161250 0.015291 0.047500
0 0.455148 0.167500 0.017329 0.050000
0 0.665647 0.222500 0.020387 0.055000
0 0.242610 0.651250 0.038736 0.102500
0 0.312436 0.210000 0.019368 0.060000
0 0.450051 0.388750 0.023445 0.082500
0 0.294088 0.133750 0.015291 0.047500
0 0.107034 0.206250 0.020387 0.057500
0 0.145260 0.181250 0.017329 0.047500
0 0.563710 0.187500 0.018349 0.050000
0 0.540775 0.098750 0.013252 0.042500
0 0.335372 0.206250 0.016310 0.052500
0 0.059633 0.141250 0.015291 0.052500
0 0.250255 0.173750 0.015291 0.047500
0 0.312946 0.153750 0.016310 0.042500
0 0.212029 0.210000 0.018349 0.055000
0 0.607034 0.105000 0.015291 0.040000
0 0.614679 0.170000 0.014271 0.045000
0 0.936290 0.166250 0.015291 0.047500
0 0.267074 0.152500 0.014271 0.045000
0 0.127421 0.073750 0.014271 0.042500
0 0.964832 0.176250 0.015291 0.042500
0 0.843017 0.253750 0.020387 0.052500
0 0.586646 0.252500 0.021407 0.070000
0 0.456677 0.110000 0.014271 0.050000
0 0.694699 0.105000 0.015291 0.040000
0 0.718145 0.116250 0.013252 0.037500
0 0.653925 0.443750 0.023445 0.077500
0 0.651886 0.102500 0.017329 0.045000
0 0.823140 0.220000 0.019368 0.060000
0 0.474516 0.112500 0.015291 0.045000
0 0.071356 0.147500 0.014271 0.045000
0 0.893986 0.265000 0.018349 0.060000
0 0.273191 0.088750 0.012232 0.037500
0 0.591233 0.192500 0.022426 0.055000
0 0.619266 0.337500 0.021407 0.065000
0 0.735984 0.267500 0.020387 0.065000
0 0.161060 0.180000 0.014271 0.045000
0 0.646279 0.148750 0.014271 0.042500
0 0.437309 0.225000 0.016310 0.055000
0 0.537717 0.167500 0.015291 0.050000
0 0.741590 0.078750 0.013252 0.037500
0 0.132008 0.162500 0.015291 0.050000
0 0.638124 0.287500 0.020387 0.065000
0 0.335372 0.151250 0.014271 0.047500
0 0.990826 0.177500 0.014271 0.045000
0 0.026504 0.443750 0.028542 0.087500
0 0.133028 0.115000 0.013252 0.035000
0 0.398063 0.110000 0.013252 0.045000
0 0.363405 0.196250 0.019368 0.052500
0 0.682977 0.182500 0.014271 0.045000
0 0.377676 0.116250 0.013252 0.042500
0 0.979103 0.827500 0.041794 0.175000
0 0.218654 0.161250 0.013252 0.042500
0 0.808869 0.475000 0.023445 0.085000
0 0.018349 0.210000 0.016310 0.055000
0 0.498981 0.135000 0.015291 0.040000
0 0.410296 0.105000 0.011213 0.040000
0 0.674312 0.140000 0.013252 0.045000
0 0.372069 0.231250 0.016310 0.057500
0 0.172273 0.126250 0.012232 0.037500
0 0.321101 0.272500 0.016310 0.050000
0 0.137615 0.432500 0.028542 0.065000
0 0.011213 0.166250 0.016310 0.047500
0 0.396024 0.242500 0.021407 0.055000
0 0.835372 0.113750 0.013252 0.037500
0 0.885831 0.080000 0.014271 0.045000
0 0.377676 0.377500 0.021407 0.065000
0 0.924567 0.111250 0.014271 0.047500
0 0.886850 0.140000 0.014271 0.040000
0 0.278797 0.138750 0.013252 0.042500
0 0.798165 0.178750 0.014271 0.047500
0 0.204383 0.266250 0.019368 0.072500
0 0.846585 0.127500 0.013252 0.035000
0 0.832314 0.320000 0.019368 0.065000
0 0.830785 0.867500 0.046891 0.160000
0 0.566769 0.137500 0.016310 0.040000
0 0.553007 0.153750 0.013252 0.047500
0 0.564730 0.246250 0.016310 0.057500
0 0.100917 0.151250 0.014271 0.042500
0 0.802752 0.110000 0.011213 0.030000
0 0.773191 0.160000 0.013252 0.040000
0 0.411315 0.200000 0.017329 0.050000
0 0.265036 0.345000 0.018349 0.060000
0 0.438838 0.135000 0.013252 0.040000
0 0.779307 0.112500 0.011213 0.040000
0 0.830785 0.083750 0.012232 0.032500
0 0.807849 0.073750 0.013252 0.037500
0 0.364424 0.100000 0.013252 0.040000
0 0.141182 0.443750 0.029562 0.077500
0 0.250765 0.120000 0.014271 0.045000
0 0.804791 0.145000 0.015291 0.040000
0 0.771152 0.983750 0.033639 0.032500
0 0.768094 0.110000 0.013252 0.040000
0 0.901121 0.122500 0.014271 0.040000
0 0.250255 0.111250 0.015291 0.042500
0 0.264526 0.278750 0.017329 0.057500
0 0.354230 0.145000 0.015291 0.045000
0 0.600408 0.148750 0.016310 0.042500
0 0.247197 0.035000 0.009174 0.030000
0 0.237513 0.148750 0.014271 0.042500
0 0.612640 0.271250 0.020387 0.062500
0 0.435270 0.137500 0.014271 0.040000
0 0.367992 0.975000 0.059123 0.050000
0 0.253823 0.402500 0.032620 0.105000
0 0.300204 0.097500 0.013252 0.035000
0 0.440367 0.286250 0.028542 0.082500
0 0.613150 0.608750 0.031600 0.087500
0 0.579511 0.122500 0.015291 0.060000
0 0.832824 0.426250 0.026504 0.072500
