0 0.103976 0.806250 0.048930 0.157500
0 0.161060 0.543750 0.042813 0.142500
0 0.218654 0.731250 0.045872 0.147500
0 0.250765 0.605000 0.044852 0.145000
0 0.339959 0.945000 0.056065 0.110000
0 0.392966 0.953750 0.062181 0.092500
0 0.692661 0.957500 0.068298 0.085000
0 0.052497 0.217500 0.017329 0.055000
0 0.013252 0.178750 0.018349 0.057500
0 0.025994 0.136250 0.017329 0.057500
0 0.062181 0.105000 0.012232 0.040000
0 0.083588 0.128750 0.014271 0.047500
0 0.098879 0.108750 0.012232 0.042500
0 0.114679 0.102500 0.017329 0.045000
0 0.136086 0.117500 0.015291 0.040000
0 0.131498 0.146250 0.012232 0.042500
0 0.143221 0.243750 0.019368 0.067500
0 0.183486 0.116250 0.012232 0.042500
0 0.167176 0.233750 0.020387 0.052500
0 0.221713 0.280000 0.021407 0.060000
0 0.193170 0.211250 0.017329 0.052500
0 0.201835 0.158750 0.016310 0.047500
0 0.206932 0.113750 0.018349 0.047500
0 0.241081 0.208750 0.021407 0.067500
0 0.277268 0.231250 0.020387 0.057500
0 0.300714 0.291250 0.022426 0.062500
0 0.331295 0.250000 0.022426 0.070000
0 0.275229 0.102500 0.016310 0.045000
0 0.260958 0.080000 0.012232 0.030000
0 0.367482 0.307500 0.023445 0.065000
0 0.297146 0.105000 0.013252 0.040000
0 0.229867 0.103750 0.011213 0.032500
0 0.336901 0.098750 0.013252 0.042500
0 0.322630 0.137500 0.017329 0.040000
0 0.425586 0.346250 0.021407 0.067500
0 0.486748 0.363750 0.025484 0.072500
0 0.482161 0.287500 0.018349 0.050000
0 0.374618 0.132500 0.015291 0.045000
0 0.358308 0.100000 0.015291 0.035000
0 0.393986 0.138750 0.015291 0.047500
0 0.434760 0.197500 0.019368 0.055000
0 0.427625 0.121250 0.013252 0.037500
0 0.413863 0.120000 0.016310 0.040000
0 0.442406 0.143750 0.014271 0.052500
0 0.476045 0.197500 0.022426 0.055000
0 0.496942 0.197500 0.019368 0.060000
0 0.473496 0.142500 0.019368 0.045000
0 0.540775 0.450000 0.025484 0.085000
0 0.616208 0.425000 0.027523 0.100000
0 0.553007 0.168750 0.017329 0.052500
0 0.550459 0.081250 0.016310 0.042500
0 0.589704 0.237500 0.023445 0.075000
0 0.594801 0.162500 0.015291 0.055000
0 0.625382 0.187500 0.017329 0.045000
0 0.613660 0.143750 0.014271 0.047500
0 0.637615 0.122500 0.013252 0.045000
0 0.649847 0.250000 0.025484 0.065000
0 0.675331 0.197500 0.015291 0.045000
0 0.689093 0.160000 0.016310 0.050000
0 0.708970 0.162500 0.019368 0.050000
0 0.747706 0.100000 0.015291 0.035000
0 0.755352 0.196250 0.016310 0.042500
0 0.765545 0.317500 0.020387 0.065000
0 0.795617 0.397500 0.033639 0.100000
0 0.874108 0.401250 0.023445 0.072500
0 0.839959 0.277500 0.022426 0.070000
0 0.802752 0.186250 0.015291 0.052500
0 0.895005 0.290000 0.022426 0.070000
0 0.860856 0.125000 0.013252 0.045000
0 0.841998 0.162500 0.012232 0.035000
0 0.875127 0.143750 0.017329 0.037500
0 0.888379 0.100000 0.011213 0.035000
0 0.943935 0.165000 0.016310 0.050000
0 0.973496 0.296250 0.022426 0.072500
0 0.984200 0.210000 0.015291 0.055000
0 0.990826 0.303750 0.016310 0.072500
0 0.988277 0.397500 0.023445 0.070000
0 0.963812 0.715000 0.041794 0.135000
