0 0.620436 0.61628 0.0432176 0.119033
0 0.938106 0.740056 0.0446589 0.136055
0 0.807982 0.618355 0.0378356 0.132752
0 0.542624 0.470726 0.032496 0.116338
0 0.266876 0.761014 0.0420075 0.160246
0 0.368626 0.497681 0.0308512 0.118783
0 0.616017 0.493879 0.0364385 0.105504
0 0.848156 0.324981 0.0319815 0.0949337
0 0.226138 0.75884 0.0441937 0.146747
0 0.283781 0.450461 0.035331 0.103891
0 0.891978 0.334459 0.0297937 0.104494
0 0.324384 0.436079 0.0277352 0.100694
0 0.815774 0.457392 0.0372622 0.104528
0 0.752268 0.417697 0.0370806 0.114204
0 0.121525 0.399981 0.033868 0.106292
0 0.0579331 0.444212 0.0354689 0.110935
0 0.253235 0.377025 0.0304235 0.0870307
0 0.164503 0.397962 0.031488 0.111045
0 0.493711 0.256005 0.0261644 0.0816282
0 0.446853 0.251245 0.0267589 0.074907
0 0.159495 0.528071 0.0372344 0.127155
0 0.431824 0.428369 0.0311882 0.104028
0 0.448124 0.366452 0.0258554 0.0948721
0 0.245745 0.527493 0.0356267 0.129427
0 0.976982 0.417743 0.0379753 0.106692
0 0.53227 0.303418 0.0228768 0.0820186
0 0.398397 0.44669 0.0274249 0.110189
0 0.232161 0.201562 0.0227626 0.0672899
0 0.847537 0.448287 0.0258968 0.0901282
0 0.480483 0.590299 0.0341944 0.0944848
0 0.798815 0.395611 0.0307364 0.0989347
0 0.270256 0.156473 0.0208089 0.0645919
0 0.031877 0.641338 0.0491918 0.130898
0 0.599025 0.394392 0.0267266 0.0706185
0 0.279918 0.258684 0.0212611 0.0717043
0 0.98962 0.57324 0.0207348 0.115277
0 0.600405 0.273266 0.024683 0.0829391
0 0.188016 0.280748 0.0222217 0.0733647
0 0.916679 0.203339 0.0206333 0.0682592
0 0.0904639 0.36176 0.0283555 0.097104
0 0.952691 0.245906 0.0200352 0.0724689
0 0.975742 0.321209 0.0252235 0.0743521
0 0.763852 0.190074 0.0185743 0.0608766
0 0.803344 0.282689 0.0226849 0.0813497
0 0.234047 0.137804 0.0179149 0.0534562
0 0.0468459 0.546345 0.0351235 0.116112
0 0.990271 0.713148 0.0188095 0.151349
0 0.51395 0.222761 0.0175834 0.0617535
0 0.0536623 0.22299 0.0208487 0.0661492
0 0.20091 0.20349 0.0189571 0.0640071
0 0.648834 0.256879 0.0197649 0.0691608
0 0.408878 0.306015 0.0276032 0.0783587
0 0.162543 0.201884 0.0211243 0.0590113
0 0.921885 0.102467 0.0169699 0.0488265
0 0.933492 0.642846 0.045829 0.096725
0 0.380535 0.264297 0.0264866 0.0831467
0 0.552634 0.122358 0.0171101 0.0483636
0 0.942315 0.547965 0.0341072 0.108413
0 0.246232 0.0686267 0.0135885 0.0394201
0 0.716404 0.111054 0.0152361 0.0438553
0 0.846015 0.146925 0.0164703 0.052601
0 0.982088 0.258122 0.0218498 0.0640675
0 0.934615 0.336513 0.0233788 0.0790283
0 0.974051 0.14403 0.0162113 0.0595095
0 0.723529 0.369433 0.0267216 0.0728023
0 0.989814 0.151125 0.0189819 0.0623007
0 0.568658 0.0542009 0.0119146 0.0360349
0 0.215258 0.0804046 0.0144045 0.0417199
0 0.11177 0.185019 0.0185949 0.0600524
0 0.292875 0.0538581 0.0141496 0.0424787
0 0.101466 0.0810472 0.0158092 0.0468492
0 0.875878 0.244973 0.0196472 0.0673461
0 0.649875 0.461964 0.0272603 0.0878877
0 0.763945 0.269921 0.0235106 0.0752825
0 0.879515 0.0892989 0.0141916 0.0473582
0 0.586784 0.0632136 0.0131794 0.0447054
0 0.88906 0.0463912 0.012999 0.0411982
0 0.0804183 0.0859875 0.0134067 0.0399555
0 0.0680772 0.111409 0.0137096 0.0418272
0 0.036659 0.156646 0.0164241 0.0527234
0 0.0235617 0.0727802 0.0126805 0.0342175
0 0.750405 0.132327 0.014341 0.0451997
0 0.268479 0.0396256 0.0138489 0.0416499
0 0.901821 0.0750031 0.0118138 0.0354353
0 0.610703 0.229464 0.0196361 0.0570105
0 0.602079 0.0897022 0.0131878 0.0351708
0 0.579156 0.211863 0.0193743 0.0665392
0 0.844599 0.0930273 0.0134636 0.04037
0 0.60711 0.0534542 0.0142422 0.0370465
0 0.0927383 0.231977 0.0171838 0.0578352
0 0.0046418 0.0534821 0.00909531 0.0395945
0 0.154195 0.158635 0.0148272 0.0416302
0 0.470642 0.502559 0.0289608 0.0790005
