0 0.374334 0.560488 0.0366704 0.134704
0 0.828797 0.811539 0.0448517 0.141367
0 0.696308 0.684958 0.0428416 0.16649
0 0.210428 0.518548 0.0348629 0.117131
0 0.904479 0.646324 0.0373852 0.135742
0 0.538911 0.645517 0.0354138 0.129079
0 0.751749 0.907892 0.0461783 0.170197
0 0.222995 0.764592 0.0560068 0.155384
0 0.762882 0.696295 0.0363753 0.123729
0 0.709724 0.376083 0.029688 0.0990521
0 0.365053 0.390305 0.0263653 0.0924445
0 0.320153 0.651166 0.0415562 0.145096
0 0.754557 0.563415 0.0358782 0.118999
0 0.638632 0.60165 0.0429075 0.158369
0 0.306172 0.408038 0.0265611 0.0972205
0 0.531549 0.431818 0.028455 0.0991331
0 0.234716 0.373203 0.0310437 0.0938276
0 0.813527 0.56457 0.0364769 0.126175
0 0.461281 0.393972 0.0277624 0.0829672
0 0.478106 0.326602 0.0252679 0.0803511
0 0.768993 0.443486 0.0314865 0.113083
0 0.830359 0.681962 0.0425974 0.117887
0 0.671809 0.428041 0.0321785 0.11027
0 0.483186 0.257171 0.0234326 0.0619579
0 0.592736 0.290574 0.0260471 0.086855
0 0.981885 0.461947 0.0227012 0.0922025
0 0.518453 0.24191 0.0206112 0.070172
0 0.133529 0.210082 0.0182628 0.0694525
0 0.92862 0.44827 0.026057 0.0932468
0 0.567914 0.446637 0.0315218 0.108048
0 0.403231 0.539746 0.0256994 0.116997
0 0.367435 0.305289 0.0212342 0.0660376
0 0.108921 0.291591 0.0223252 0.0806381
0 0.0492971 0.355247 0.0277187 0.101019
0 0.334341 0.151167 0.0174197 0.0613564
0 0.576746 0.352312 0.0282671 0.0874391
0 0.853703 0.361946 0.0254046 0.0822069
0 0.682586 0.186178 0.019675 0.0590905
0 0.372273 0.161328 0.0168214 0.0593551
0 0.85541 0.228752 0.0212927 0.0707597
0 0.215736 0.227169 0.0201484 0.0693708
0 0.691375 0.25281 0.0226934 0.0715888
0 0.288001 0.346177 0.0220438 0.0766921
0 0.264178 0.293103 0.0224174 0.0801885
0 0.45574 0.27791 0.0242598 0.0676863
0 0.31231 0.155755 0.0162854 0.0562073
0 0.464225 0.576457 0.0376853 0.120045
0 0.90848 0.348017 0.0242333 0.0784077
0 0.989078 0.840258 0.0217645 0.158058
0 0.13735 0.13321 0.0162567 0.0517072
0 0.796912 0.328885 0.0208187 0.0612911
0 0.36238 0.24395 0.0179917 0.0544302
0 0.773864 0.339051 0.0248214 0.0771011
0 0.477368 0.131903 0.0163742 0.0525261
0 0.764789 0.272723 0.0229168 0.0608302
0 0.623961 0.30682 0.0238135 0.0729076
0 0.448366 0.20209 0.0198841 0.0633654
0 0.426687 0.756599 0.0490271 0.206145
0 0.741034 0.224344 0.0181822 0.0659272
0 0.657893 0.306051 0.0242451 0.0714332
0 0.736437 0.147754 0.0161673 0.0550395
0 0.829697 0.120653 0.0175453 0.0518839
0 0.198994 0.214102 0.0149414 0.0571718
0 0.0665735 0.243754 0.0236665 0.0657404
0 0.148136 0.187523 0.0154472 0.0588568
0 0.478772 0.683975 0.0346975 0.107774
0 0.169222 0.100842 0.0121845 0.0429418
0 0.310702 0.100137 0.0151778 0.0445411
0 0.971654 0.332884 0.0277287 0.0868592
0 0.420557 0.225808 0.0213537 0.0620252
0 0.353634 0.180652 0.0169845 0.058128
0 0.0908333 0.206337 0.0179313 0.0621231
0 0.894384 0.130397 0.0145751 0.0465568
0 0.707635 0.0914323 0.0148941 0.0521244
0 0.361087 0.105406 0.0142009 0.0406319
0 0.575994 0.0694963 0.0176427 0.0472078
0 0.274699 0.185205 0.0183422 0.0589679
0 0.110825 0.132972 0.0182206 0.0555892
0 0.313734 0.237511 0.0193948 0.0700662
0 0.145887 0.0851897 0.013792 0.0447437
0 0.806893 0.20472 0.0163662 0.0543605
0 0.975761 0.193209 0.0204022 0.0578039
0 0.278408 0.0837803 0.0133821 0.047051
0 0.729403 0.0349595 0.0134848 0.0376417
0 0.663328 0.178825 0.0171865 0.0579085
0 0.19516 0.125125 0.0143735 0.046034
0 0.0349646 0.562073 0.041523 0.137575
0 0.00684568 0.331856 0.0136914 0.0756637
0 0.530824 0.120913 0.0148616 0.0538564
0 0.630299 0.233675 0.0213845 0.0739619
0 0.234998 0.0815034 0.0139827 0.0428426
0 0.584586 0.160886 0.0151354 0.0461733
0 0.559042 0.0773768 0.0160579 0.0464211
0 0.418895 0.110939 0.0137129 0.0434383
0 0.328966 0.261112 0.0182202 0.0638175
0 0.00702311 0.472266 0.013794 0.0859012
0 0.552642 0.15217 0.0173367 0.0570149
0 0.237121 0.134424 0.0140341 0.0447131
0 0.259024 0.0783726 0.0124069 0.0380348
0 0.260298 0.16583 0.0180762 0.0697307
0 0.866329 0.0937209 0.0135433 0.0383942
0 0.775554 0.138559 0.0166351 0.049491
0 0.616878 0.158278 0.0176481 0.0579001
0 0.398036 0.171141 0.0180516 0.0589954
0 0.745126 0.0740423 0.0128937 0.0419929
0 0.0969808 0.103257 0.0152837 0.0464124
0 0.500844 0.097027 0.0138796 0.0444255
0 0.679441 0.0530514 0.0136024 0.0405656
0 0.69107 0.0442099 0.0142628 0.0407335
0 0.391819 0.0666888 0.0138633 0.0425924
0 0.753976 0.119403 0.0127361 0.0374195
0 0.581931 0.116396 0.0154669 0.0431003
0 0.388113 0.118471 0.0134039 0.0406214
0 0.118608 0.084789 0.0114097 0.0391326
0 0.583246 0.960274 0.0446068 0.0794517
0 0.808963 0.0579188 0.0128411 0.0383482
0 0.906967 0.050334 0.0132038 0.0400756
0 0.832114 0.21851 0.0170372 0.0533076
0 0.920175 0.118965 0.0142811 0.0452793
0 0.0632661 0.151993 0.014017 0.046059
0 0.369109 0.77079 0.0748923 0.183283
0 0.764468 0.0757597 0.0118591 0.0393907
0 0.468709 0.0356662 0.0115624 0.0354318
0 0.019816 0.0932782 0.0142209 0.0440428
0 0.33013 0.094428 0.0117426 0.0337534
0 0.789853 0.209742 0.0168973 0.0552754
0 0.456042 0.120718 0.0141057 0.0499752
0 0.146826 0.284752 0.018228 0.0591999
0 0.596686 0.167774 0.0142494 0.0452636
0 0.205838 0.0902457 0.0127258 0.0400282
0 0.499721 0.686843 0.0303968 0.103674
0 0.00668676 0.0760871 0.011421 0.041106
0 0.12895 0.0733086 0.0121561 0.0404484
0 0.218291 0.0826287 0.0111375 0.0368791
0 0.270076 0.0346178 0.0119104 0.0371391
0 0.577196 0.201461 0.0174629 0.0521922
0 0.492531 0.0641228 0.0130808 0.0375019
0 0.361757 0.0594919 0.0126986 0.040583
0 0.676145 0.104177 0.0146101 0.0455979
0 0.773371 0.209164 0.0189642 0.0539624
0 0.657572 0.0637898 0.0110558 0.0342657
0 0.629892 0.220241 0.020431 0.072973
0 0.632714 0.0831596 0.0147958 0.0377696
0 0.373926 0.0635119 0.012749 0.0405181
0 0.55077 0.225317 0.0185638 0.0650094
0 0.502801 0.0516221 0.0108789 0.0323718
0 0.338584 0.0332545 0.0122973 0.0414156
0 0.152637 0.365426 0.0237814 0.0814926
0 0.439245 0.145834 0.0160794 0.0509451
0 0.628279 0.123008 0.0135888 0.0487331
0 0.565252 0.175915 0.0172651 0.045963
0 0.629839 0.973645 0.0518578 0.0527096
0 0.0712801 0.107287 0.0131502 0.0350083
0 0.701772 0.207932 0.0202497 0.0519884
0 0.29566 0.0827273 0.0125475 0.0384517
0 0.459307 0.0721155 0.0138561 0.0375555
0 0.949889 0.263155 0.0212007 0.0666709
0 0.170812 0.0588146 0.0121336 0.0311541
0 0.637408 0.142436 0.0151358 0.0504077
