0 0.079511 0.538750 0.036697 0.097500
0 0.028542 0.408750 0.026504 0.092500
0 0.089704 0.443750 0.034659 0.077500
0 0.048420 0.332500 0.023445 0.070000
0 0.263507 0.643750 0.049949 0.162500
0 0.234964 0.426250 0.031600 0.102500
0 0.333333 0.492500 0.034659 0.100000
0 0.384302 0.521250 0.030581 0.107500
0 0.398063 0.433750 0.033639 0.112500
0 0.476555 0.522500 0.037717 0.120000
0 0.542813 0.582500 0.041794 0.130000
0 0.553517 0.488750 0.036697 0.112500
0 0.590724 0.681250 0.043833 0.117500
0 0.662080 0.693750 0.035678 0.142500
0 0.662080 0.566250 0.041794 0.107500
0 0.595821 0.450000 0.027523 0.090000
0 0.336391 0.347500 0.024465 0.075000
0 0.294088 0.317500 0.025484 0.085000
0 0.207951 0.275000 0.024465 0.070000
0 0.159531 0.243750 0.019368 0.062500
0 0.396534 0.311250 0.030581 0.077500
0 0.476555 0.303750 0.023445 0.077500
0 0.572885 0.263750 0.020387 0.067500
0 0.723751 0.570000 0.042813 0.130000
0 0.813456 0.797500 0.055046 0.170000
0 0.884811 0.556250 0.042813 0.117500
0 0.803772 0.681250 0.037717 0.082500
0 0.785933 0.500000 0.032620 0.115000
0 0.676351 0.353750 0.031600 0.107500
0 0.951580 0.613750 0.047910 0.137500
0 0.111621 0.291250 0.019368 0.052500
0 0.105505 0.201250 0.019368 0.057500
0 0.265036 0.226250 0.022426 0.062500
0 0.012232 0.312500 0.022426 0.095000
0 0.035168 0.198750 0.021407 0.067500
0 0.134557 0.165000 0.018349 0.040000
0 0.163609 0.191250 0.017329 0.047500
0 0.180938 0.155000 0.015291 0.045000
0 0.138634 0.107500 0.016310 0.040000
0 0.110601 0.082500 0.013252 0.035000
0 0.051478 0.137500 0.015291 0.045000
0 0.065749 0.087500 0.015291 0.045000
0 0.326707 0.225000 0.023445 0.075000
0 0.355759 0.231250 0.022426 0.062500
0 0.200306 0.093750 0.017329 0.037500
0 0.234964 0.100000 0.013252 0.030000
0 0.282365 0.148750 0.018349 0.047500
0 0.304281 0.187500 0.019368 0.065000
0 0.328236 0.166250 0.018349 0.052500
0 0.383282 0.226250 0.020387 0.052500
0 0.449541 0.183750 0.014271 0.057500
0 0.472987 0.136250 0.018349 0.057500
0 0.533129 0.230000 0.018349 0.055000
0 0.494903 0.171250 0.015291 0.052500
0 0.509174 0.212500 0.015291 0.055000
0 0.522426 0.160000 0.015291 0.050000
0 0.608563 0.117500 0.016310 0.050000
0 0.636086 0.241250 0.018349 0.062500
0 0.007645 0.148750 0.013252 0.057500
0 0.037717 0.143750 0.014271 0.037500
0 0.087666 0.100000 0.018349 0.040000
0 0.250765 0.196250 0.016310 0.042500
0 0.210499 0.143750 0.017329 0.047500
0 0.178899 0.078750 0.013252 0.032500
0 0.256371 0.138750 0.015291 0.042500
0 0.313456 0.096250 0.011213 0.032500
0 0.278797 0.092500 0.015291 0.040000
0 0.363405 0.078750 0.013252 0.037500
0 0.268094 0.070000 0.012232 0.040000
0 0.381753 0.100000 0.015291 0.040000
0 0.350663 0.157500 0.022426 0.065000
0 0.295617 0.093750 0.014271 0.037500
0 0.305810 0.072500 0.012232 0.035000
0 0.415902 0.146250 0.018349 0.047500
0 0.423547 0.105000 0.017329 0.035000
0 0.436290 0.127500 0.016310 0.045000
0 0.429664 0.066250 0.011213 0.032500
0 0.487258 0.073750 0.016310 0.047500
0 0.457696 0.082500 0.016310 0.045000
0 0.403670 0.188750 0.014271 0.042500
0 0.433741 0.207500 0.015291 0.045000
0 0.524465 0.121250 0.017329 0.042500
0 0.515291 0.083750 0.015291 0.047500
0 0.555046 0.198750 0.017329 0.057500
0 0.577472 0.165000 0.017329 0.050000
0 0.595821 0.181250 0.015291 0.042500
0 0.612130 0.220000 0.017329 0.055000
0 0.630479 0.172500 0.017329 0.060000
0 0.664118 0.260000 0.021407 0.065000
0 0.668705 0.145000 0.014271 0.045000
0 0.644750 0.058750 0.013252 0.032500
0 0.686035 0.077500 0.012232 0.035000
0 0.711519 0.116250 0.014271 0.047500
0 0.688073 0.250000 0.018349 0.065000
0 0.698777 0.167500 0.017329 0.050000
0 0.713048 0.217500 0.017329 0.050000
0 0.732416 0.271250 0.021407 0.067500
0 0.707951 0.372500 0.023445 0.085000
0 0.728338 0.453750 0.031600 0.092500
0 0.774720 0.342500 0.026504 0.075000
0 0.815494 0.380000 0.026504 0.090000
0 0.894495 0.358750 0.033639 0.102500
0 0.771152 0.251250 0.025484 0.067500
0 0.757900 0.142500 0.017329 0.055000
0 0.721203 0.168750 0.019368 0.052500
0 0.785423 0.178750 0.021407 0.047500
0 0.809888 0.188750 0.015291 0.047500
0 0.829256 0.227500 0.019368 0.070000
0 0.844037 0.148750 0.016310 0.052500
0 0.815494 0.106250 0.014271 0.042500
0 0.878695 0.146250 0.016310 0.047500
0 0.893476 0.103750 0.017329 0.042500
0 0.899592 0.236250 0.019368 0.067500
0 0.903670 0.151250 0.011213 0.037500
0 0.936799 0.135000 0.016310 0.045000
0 0.968400 0.476250 0.026504 0.102500
0 0.942915 0.400000 0.028542 0.095000
0 0.983690 0.381250 0.024465 0.092500
0 0.968909 0.141250 0.017329 0.047500
0 0.835372 0.102500 0.013252 0.035000
0 0.853211 0.376250 0.024465 0.062500
