0 0.223528 0.518078 0.0346762 0.123192
0 0.928849 0.407259 0.0280912 0.106498
0 0.724084 0.706039 0.0427294 0.144506
0 0.444009 0.464941 0.0278072 0.0884725
0 0.873754 0.523885 0.0389679 0.126876
0 0.505488 0.299932 0.0270102 0.0842482
0 0.343674 0.788914 0.0507301 0.180365
0 0.593418 0.379578 0.0303582 0.100162
0 0.537708 0.345218 0.0274626 0.0894915
0 0.83946 0.627477 0.0412955 0.136703
0 0.457026 0.361271 0.0223797 0.081868
0 0.64179 0.477329 0.0290626 0.0935147
0 0.743062 0.468731 0.035173 0.101501
0 0.95922 0.4154 0.0290241 0.10669
0 0.365396 0.255299 0.0257091 0.081245
0 0.86656 0.241607 0.021862 0.0778252
0 0.882511 0.354389 0.0261948 0.0860706
0 0.31684 0.252486 0.0244514 0.0791675
0 0.946587 0.317713 0.0219032 0.0738053
0 0.0400656 0.526244 0.0353533 0.137887
0 0.637569 0.375121 0.0263432 0.0898354
0 0.727465 0.315381 0.0216344 0.0643155
0 0.300788 0.330155 0.0216272 0.0850421
0 0.212343 0.745661 0.0490804 0.146719
0 0.0506587 0.372508 0.0259746 0.0883312
0 0.857971 0.442701 0.030674 0.0786191
0 0.801624 0.295199 0.0198198 0.0716005
0 0.828811 0.353881 0.0251675 0.0901861
0 0.258729 0.291569 0.0217338 0.0888684
0 0.141028 0.513562 0.0300533 0.111014
0 0.137275 0.391707 0.0228874 0.0833894
0 0.0465063 0.261692 0.0268497 0.0748823
0 0.614941 0.207576 0.0157711 0.0620012
0 0.464815 0.196064 0.017722 0.0625842
0 0.94407 0.250813 0.0219082 0.0619858
0 0.647659 0.28162 0.0212315 0.076793
0 0.684788 0.347702 0.0266733 0.0835508
0 0.374412 0.370014 0.0269361 0.0954008
0 0.424994 0.296455 0.0213738 0.0772609
0 0.101818 0.270562 0.0226226 0.0731715
0 0.602346 0.745391 0.0384058 0.155749
0 0.200524 0.290107 0.0209385 0.0728834
0 0.0845519 0.188809 0.0207235 0.0658753
0 0.239224 0.161576 0.0194257 0.0570113
0 0.381926 0.958771 0.0464395 0.0824583
0 0.364496 0.175927 0.0183362 0.0621665
0 0.733476 0.174428 0.0186401 0.0668147
0 0.534388 0.204667 0.0198224 0.0633766
0 0.274004 0.179151 0.0198436 0.0557972
0 0.171981 0.287114 0.0207079 0.0733184
0 0.714267 0.202596 0.017866 0.0635345
0 0.636543 0.23317 0.0180748 0.0636328
0 0.216125 0.207031 0.018529 0.0526082
0 0.575705 0.20541 0.0224283 0.0818776
0 0.777823 0.242271 0.0193276 0.0664131
0 0.433963 0.208535 0.0277997 0.071964
0 0.691023 0.173308 0.0150408 0.0484683
0 0.276618 0.261165 0.021025 0.0767557
0 0.844321 0.119905 0.0156097 0.049784
0 0.792193 0.150955 0.0188576 0.0593224
0 0.309997 0.133238 0.0175989 0.0527172
0 0.817919 0.268704 0.0205562 0.0644649
0 0.120232 0.190631 0.0190327 0.0642611
0 0.14667 0.168393 0.0187155 0.0544356
0 0.0623606 0.130172 0.0177318 0.0588797
0 0.140015 0.284745 0.0266784 0.0758651
0 0.989461 0.14433 0.0182552 0.054736
0 0.411048 0.126333 0.0176391 0.0555936
0 0.0978085 0.420733 0.0285218 0.0922234
0 0.378905 0.117526 0.0164892 0.0533624
0 0.5075 0.144987 0.0166771 0.0574603
0 0.189375 0.142124 0.0167978 0.0487738
0 0.208129 0.147225 0.0178917 0.0527592
0 0.287853 0.0955951 0.0171386 0.0522437
0 0.726636 0.382758 0.0282039 0.0710274
0 0.82965 0.10296 0.0142994 0.0473296
0 0.622047 0.0901172 0.0125347 0.0454152
0 0.543896 0.107999 0.0169298 0.055703
0 0.799266 0.0887985 0.0142539 0.0426935
0 0.087874 0.0973555 0.0155339 0.044829
0 0.896306 0.101783 0.0151472 0.0486035
0 0.662744 0.24482 0.0180428 0.0586431
0 0.143451 0.0900511 0.014106 0.0483865
0 0.222897 0.122529 0.0162892 0.0547945
0 0.661615 0.194253 0.020101 0.0594351
0 0.599803 0.117428 0.0154633 0.045596
0 0.92118 0.09301 0.0153386 0.0475883
0 0.179342 0.0393771 0.0121921 0.0342064
0 0.0968364 0.0273853 0.011437 0.0335525
0 0.75816 0.113411 0.0130868 0.0418784
0 0.77792 0.12104 0.0126847 0.0452095
0 0.470987 0.0859676 0.0152361 0.0454057
0 0.683328 0.127416 0.0147489 0.0429246
0 0.173539 0.0813307 0.0129899 0.0429749
0 0.443175 0.104177 0.0153318 0.050307
0 0.497548 0.224001 0.0227854 0.060373
0 0.0297822 0.0487831 0.0139292 0.0386768
0 0.583291 0.0310057 0.011067 0.0371802
0 0.0308609 0.433547 0.0200016 0.0533319
0 0.52116 0.14903 0.0133191 0.0481771
0 0.711843 0.0871464 0.0135818 0.0437578
0 0.622366 0.152862 0.0160181 0.0430444
0 0.439179 0.0447912 0.0125742 0.0407298
0 0.578479 0.106982 0.0143101 0.0482242
0 0.934274 0.106665 0.0140085 0.0424616
0 0.321871 0.102502 0.0154576 0.0459391
0 0.494513 0.0727744 0.0148004 0.0428149
0 0.622963 0.026738 0.0121881 0.0461784
0 0.371151 0.072618 0.0143395 0.0454432
0 0.567768 0.0829047 0.0129411 0.0400416
0 0.686508 0.44608 0.024314 0.0737899
0 0.209999 0.0742553 0.0138638 0.0454271
0 0.0664174 0.085353 0.0133549 0.0343867
0 0.645992 0.18053 0.0151739 0.051827
0 0.252645 0.0800949 0.0145963 0.0409832
0 0.729542 0.0796639 0.0147516 0.0397581
0 0.59359 0.211106 0.0151571 0.0650091
0 0.269703 0.0736462 0.0127441 0.0432842
0 0.129268 0.0908976 0.0139014 0.0475429
0 0.221059 0.652064 0.0515977 0.0851293
0 0.118687 0.0680346 0.0122056 0.0345336
0 0.455414 0.0925797 0.0124287 0.0427755
0 0.427832 0.0864037 0.013559 0.0435935
0 0.24531 0.117728 0.0136687 0.0385555
0 0.695572 0.0978514 0.0135716 0.0459701
0 0.862955 0.0832575 0.0142284 0.0393014
0 0.657359 0.120964 0.0141345 0.0461025
0 0.0362923 0.134107 0.0146495 0.0429234
0 0.311221 0.0502884 0.0138719 0.0405431
0 0.894967 0.050716 0.013565 0.0358172
0 0.512796 0.0956857 0.0157208 0.0379556
0 0.644256 0.136216 0.0138119 0.0416078
0 0.809831 0.130479 0.0141724 0.0485611
