0 0.151376 0.805000 0.051988 0.160000
0 0.213558 0.741250 0.041794 0.157500
0 0.254332 0.611250 0.029562 0.112500
0 0.221203 0.578750 0.028542 0.112500
0 0.543323 0.538750 0.046891 0.122500
0 0.035168 0.313750 0.021407 0.067500
0 0.076962 0.242500 0.019368 0.060000
0 0.109072 0.227500 0.022426 0.065000
0 0.136086 0.237500 0.025484 0.075000
0 0.102446 0.160000 0.017329 0.055000
0 0.012742 0.233750 0.019368 0.062500
0 0.160550 0.231250 0.017329 0.062500
0 0.198777 0.356250 0.028542 0.072500
0 0.228848 0.301250 0.023445 0.052500
0 0.201835 0.188750 0.014271 0.037500
0 0.169215 0.177500 0.014271 0.050000
0 0.110601 0.056250 0.013252 0.037500
0 0.182977 0.066250 0.013252 0.032500
0 0.218145 0.075000 0.010194 0.035000
0 0.225790 0.178750 0.013252 0.042500
0 0.245158 0.095000 0.011213 0.030000
0 0.257900 0.090000 0.010194 0.035000
0 0.055556 0.011250 0.007136 0.017500
0 0.030071 0.013750 0.007136 0.022500
0 0.013761 0.013750 0.007136 0.022500
0 0.076962 0.018750 0.007136 0.022500
0 0.245158 0.352500 0.027523 0.065000
0 0.295617 0.353750 0.022426 0.072500
0 0.271152 0.301250 0.020387 0.067500
0 0.270642 0.196250 0.015291 0.052500
0 0.287971 0.221250 0.017329 0.062500
0 0.275229 0.142500 0.012232 0.045000
0 0.287462 0.140000 0.012232 0.045000
0 0.357798 0.465000 0.030581 0.090000
0 0.363405 0.392500 0.021407 0.060000
0 0.393986 0.442500 0.023445 0.065000
0 0.354740 0.291250 0.018349 0.062500
0 0.339959 0.281250 0.017329 0.062500
0 0.332314 0.191250 0.018349 0.042500
0 0.318043 0.127500 0.016310 0.045000
0 0.297146 0.091250 0.011213 0.037500
0 0.349134 0.130000 0.013252 0.050000
0 0.375127 0.200000 0.018349 0.050000
0 0.399083 0.162500 0.013252 0.045000
0 0.463303 0.375000 0.023445 0.075000
0 0.426606 0.325000 0.023445 0.065000
0 0.445973 0.260000 0.019368 0.075000
0 0.466871 0.205000 0.020387 0.065000
0 0.448522 0.193750 0.016310 0.047500
0 0.434760 0.140000 0.015291 0.045000
0 0.413354 0.207500 0.019368 0.065000
0 0.363405 0.107500 0.011213 0.025000
0 0.391947 0.120000 0.015291 0.030000
0 0.409276 0.101250 0.013252 0.037500
0 0.319572 0.057500 0.007136 0.025000
0 0.498471 0.348750 0.022426 0.067500
0 0.512232 0.292500 0.019368 0.055000
0 0.497452 0.203750 0.022426 0.062500
0 0.452090 0.145000 0.015291 0.040000
0 0.577472 0.301250 0.025484 0.077500
0 0.545872 0.211250 0.017329 0.062500
0 0.536188 0.191250 0.012232 0.047500
0 0.502548 0.130000 0.014271 0.040000
0 0.473496 0.122500 0.015291 0.045000
0 0.440877 0.108750 0.013252 0.032500
0 0.424567 0.088750 0.013252 0.037500
0 0.592253 0.128750 0.014271 0.037500
0 0.638634 0.337500 0.025484 0.080000
0 0.554536 0.387500 0.024465 0.080000
0 0.610601 0.362500 0.022426 0.060000
0 0.597350 0.288750 0.022426 0.072500
0 0.645770 0.243750 0.023445 0.062500
0 0.656473 0.136250 0.014271 0.032500
0 0.674312 0.131250 0.015291 0.047500
0 0.540265 0.141250 0.014271 0.042500
0 0.553007 0.168750 0.013252 0.037500
0 0.459735 0.100000 0.012232 0.035000
0 0.703874 0.132500 0.015291 0.045000
0 0.748216 0.128750 0.014271 0.032500
0 0.697757 0.453750 0.027523 0.082500
0 0.689093 0.292500 0.018349 0.060000
0 0.695209 0.198750 0.018349 0.052500
0 0.740061 0.346250 0.028542 0.057500
0 0.750255 0.280000 0.018349 0.065000
0 0.786442 0.137500 0.023445 0.065000
0 0.792049 0.312500 0.026504 0.065000
0 0.801733 0.438750 0.025484 0.072500
0 0.759429 0.488750 0.034659 0.102500
0 0.733435 0.576250 0.033639 0.122500
0 0.795617 0.561250 0.033639 0.107500
0 0.835372 0.463750 0.035678 0.097500
0 0.826707 0.366250 0.028542 0.077500
0 0.826707 0.208750 0.018349 0.047500
0 0.850663 0.171250 0.017329 0.052500
0 0.878695 0.086250 0.012232 0.037500
0 0.891947 0.100000 0.012232 0.035000
0 0.895005 0.213750 0.020387 0.047500
0 0.882773 0.427500 0.024465 0.085000
0 0.886850 0.340000 0.024465 0.065000
0 0.843527 0.262500 0.027523 0.060000
0 0.875637 0.293750 0.024465 0.047500
0 0.907747 0.613750 0.033639 0.097500
0 0.941896 0.455000 0.028542 0.095000
0 0.941896 0.275000 0.016310 0.065000
0 0.968400 0.320000 0.022426 0.065000
0 0.963303 0.203750 0.012232 0.052500
0 0.972477 0.142500 0.014271 0.040000
0 0.980122 0.212500 0.015291 0.055000
0 0.916922 0.135000 0.015291 0.045000
0 0.741081 0.740000 0.040775 0.145000
0 0.836391 0.898750 0.043833 0.167500
0 0.775739 0.945000 0.063201 0.110000
0 0.682977 0.952500 0.067278 0.095000
0 0.911315 0.733750 0.044852 0.157500
0 0.988277 0.681250 0.023445 0.122500
0 0.987258 0.578750 0.025484 0.072500
0 0.198777 0.271250 0.022426 0.067500
0 0.636595 0.092500 0.011213 0.035000
0 0.656983 0.060000 0.011213 0.025000
0 0.515800 0.062500 0.012232 0.035000
0 0.402650 0.017500 0.010194 0.025000
0 0.381244 0.013750 0.006116 0.017500
0 0.366463 0.011250 0.011213 0.017500
0 0.344546 0.008750 0.010194 0.012500
