0 0.245158 0.711250 0.043833 0.177500
0 0.092253 0.885000 0.056065 0.155000
0 0.318043 0.786250 0.057085 0.182500
0 0.254332 0.450000 0.033639 0.085000
0 0.357798 0.423750 0.038736 0.107500
0 0.484200 0.465000 0.032620 0.075000
0 0.570846 0.530000 0.046891 0.120000
0 0.952090 0.826250 0.042813 0.157500
0 0.079001 0.148750 0.015291 0.047500
0 0.094801 0.093750 0.012232 0.027500
0 0.113660 0.100000 0.011213 0.025000
0 0.163099 0.096250 0.014271 0.037500
0 0.214577 0.086250 0.011213 0.032500
0 0.237003 0.191250 0.015291 0.047500
0 0.273700 0.200000 0.019368 0.050000
0 0.292049 0.121250 0.013252 0.047500
0 0.317023 0.126250 0.012232 0.032500
0 0.313456 0.093750 0.013252 0.032500
0 0.345056 0.141250 0.015291 0.047500
0 0.382263 0.165000 0.014271 0.040000
0 0.378186 0.103750 0.012232 0.042500
0 0.413354 0.106250 0.011213 0.037500
0 0.458206 0.441250 0.025484 0.087500
0 0.494903 0.331250 0.023445 0.072500
0 0.494903 0.423750 0.027523 0.067500
0 0.484709 0.135000 0.013252 0.040000
0 0.432212 0.116250 0.010194 0.032500
0 0.573394 0.153750 0.013252 0.047500
0 0.556575 0.252500 0.016310 0.050000
0 0.600917 0.313750 0.019368 0.067500
0 0.680938 0.315000 0.026504 0.070000
0 0.592762 0.141250 0.013252 0.042500
0 0.681957 0.103750 0.012232 0.032500
0 0.696228 0.093750 0.012232 0.037500
0 0.741590 0.290000 0.017329 0.070000
0 0.768603 0.121250 0.012232 0.027500
0 0.821611 0.331250 0.020387 0.067500
0 0.871050 0.245000 0.015291 0.050000
0 0.913863 0.218750 0.019368 0.052500
0 0.901121 0.167500 0.016310 0.050000
0 0.889908 0.101250 0.014271 0.037500
0 0.960245 0.306250 0.016310 0.052500
0 0.905199 0.131250 0.014271 0.037500
0 0.993884 0.210000 0.012232 0.050000
0 0.422528 0.966250 0.058104 0.067500
