0 0.066769 0.407500 0.031600 0.105000
0 0.143221 0.478750 0.033639 0.122500
0 0.012232 0.286250 0.022426 0.077500
0 0.036188 0.305000 0.021407 0.070000
0 0.072885 0.318750 0.031600 0.087500
0 0.096840 0.270000 0.020387 0.080000
0 0.060143 0.235000 0.020387 0.065000
0 0.039755 0.158750 0.016310 0.052500
0 0.008155 0.192500 0.014271 0.070000
0 0.090724 0.157500 0.016310 0.060000
0 0.079511 0.115000 0.016310 0.055000
0 0.164118 0.341250 0.024465 0.087500
0 0.220693 0.413750 0.027523 0.107500
0 0.194699 0.328750 0.026504 0.072500
0 0.207951 0.238750 0.020387 0.067500
0 0.172783 0.242500 0.023445 0.075000
0 0.112640 0.263750 0.017329 0.067500
0 0.124873 0.210000 0.017329 0.070000
0 0.135576 0.138750 0.014271 0.042500
0 0.125892 0.162500 0.013252 0.030000
0 0.115189 0.137500 0.018349 0.040000
0 0.161570 0.182500 0.015291 0.055000
0 0.164118 0.142500 0.014271 0.035000
0 0.191641 0.113750 0.020387 0.047500
0 0.217635 0.171250 0.017329 0.047500
0 0.222222 0.120000 0.016310 0.055000
0 0.237003 0.333750 0.021407 0.067500
0 0.235474 0.272500 0.020387 0.055000
0 0.292049 0.437500 0.029562 0.100000
0 0.370031 0.432500 0.030581 0.095000
0 0.292559 0.343750 0.024465 0.072500
0 0.276758 0.297500 0.021407 0.075000
0 0.299694 0.286250 0.020387 0.072500
0 0.274720 0.198750 0.019368 0.062500
0 0.256881 0.192500 0.016310 0.060000
0 0.336391 0.365000 0.022426 0.095000
0 0.354230 0.405000 0.021407 0.080000
0 0.329766 0.278750 0.019368 0.077500
0 0.374108 0.301250 0.020387 0.077500
0 0.346585 0.296250 0.020387 0.072500
0 0.337920 0.160000 0.019368 0.055000
0 0.302243 0.126250 0.015291 0.052500
0 0.272171 0.132500 0.018349 0.055000
0 0.336901 0.116250 0.015291 0.042500
0 0.318043 0.086250 0.014271 0.047500
0 0.427115 0.382500 0.024465 0.090000
0 0.502039 0.467500 0.033639 0.110000
0 0.516310 0.348750 0.029562 0.077500
0 0.616718 0.488750 0.030581 0.087500
0 0.568298 0.348750 0.027523 0.072500
0 0.485729 0.318750 0.025484 0.082500
0 0.432722 0.317500 0.027523 0.075000
0 0.401631 0.203750 0.020387 0.057500
0 0.385831 0.178750 0.013252 0.057500
0 0.364424 0.121250 0.013252 0.057500
0 0.401121 0.131250 0.011213 0.057500
0 0.421509 0.142500 0.017329 0.050000
0 0.445973 0.183750 0.017329 0.052500
0 0.491335 0.215000 0.024465 0.065000
0 0.468909 0.186250 0.016310 0.047500
0 0.413354 0.088750 0.013252 0.032500
0 0.461264 0.101250 0.015291 0.047500
0 0.519368 0.173750 0.017329 0.062500
0 0.539246 0.226250 0.018349 0.072500
0 0.527013 0.286250 0.022426 0.062500
0 0.567788 0.242500 0.020387 0.070000
0 0.607034 0.276250 0.023445 0.077500
0 0.639144 0.373750 0.028542 0.092500
0 0.570846 0.520000 0.024465 0.085000
0 0.703874 0.462500 0.033639 0.095000
0 0.783384 0.620000 0.039755 0.135000
0 0.782365 0.483750 0.031600 0.097500
0 0.741081 0.435000 0.030581 0.100000
0 0.709990 0.297500 0.029562 0.075000
0 0.591233 0.197500 0.014271 0.045000
0 0.641692 0.188750 0.017329 0.057500
0 0.642712 0.277500 0.021407 0.070000
0 0.665138 0.285000 0.021407 0.060000
0 0.663609 0.213750 0.018349 0.057500
0 0.685015 0.207500 0.020387 0.090000
0 0.537207 0.116250 0.014271 0.037500
0 0.571865 0.113750 0.014271 0.047500
0 0.598879 0.123750 0.015291 0.042500
0 0.634047 0.131250 0.014271 0.047500
0 0.656983 0.127500 0.013252 0.050000
0 0.697248 0.095000 0.012232 0.040000
0 0.710499 0.100000 0.012232 0.040000
0 0.745158 0.273750 0.020387 0.067500
0 0.789501 0.208750 0.021407 0.067500
0 0.796636 0.390000 0.025484 0.095000
0 0.892457 0.375000 0.027523 0.090000
0 0.879715 0.101250 0.014271 0.047500
0 0.818043 0.288750 0.019368 0.067500
0 0.829766 0.251250 0.016310 0.062500
0 0.844037 0.187500 0.016310 0.055000
0 0.857288 0.303750 0.020387 0.067500
0 0.878695 0.320000 0.018349 0.065000
0 0.888379 0.258750 0.019368 0.057500
0 0.910805 0.312500 0.015291 0.065000
0 0.924567 0.606250 0.034659 0.117500
0 0.979613 0.395000 0.024465 0.070000
0 0.966361 0.320000 0.024465 0.070000
0 0.964832 0.257500 0.017329 0.055000
0 0.927115 0.227500 0.019368 0.065000
0 0.972987 0.156250 0.017329 0.047500
0 0.946993 0.196250 0.018349 0.067500
0 0.786442 0.100000 0.015291 0.035000
0 0.826707 0.101250 0.010194 0.032500
0 0.730887 0.907500 0.053007 0.165000
0 0.851682 0.836250 0.037717 0.122500
0 0.887360 0.770000 0.039755 0.135000
0 0.819572 0.951250 0.046891 0.097500
0 0.987768 0.911250 0.024465 0.127500
