0 0.134047 0.498750 0.035678 0.112500
0 0.231906 0.618750 0.037717 0.112500
0 0.266055 0.696250 0.057085 0.187500
0 0.355250 0.805000 0.054027 0.185000
0 0.433231 0.965000 0.055046 0.070000
0 0.163099 0.280000 0.022426 0.060000
0 0.255861 0.273750 0.026504 0.062500
0 0.326707 0.323750 0.033639 0.082500
0 0.450051 0.347500 0.021407 0.065000
0 0.496432 0.326250 0.028542 0.062500
0 0.565749 0.281250 0.026504 0.067500
0 0.952090 0.757500 0.055046 0.145000
0 0.077982 0.147500 0.015291 0.045000
0 0.066769 0.120000 0.015291 0.040000
0 0.105505 0.132500 0.015291 0.050000
0 0.112130 0.072500 0.012232 0.040000
0 0.130479 0.122500 0.014271 0.045000
0 0.160550 0.130000 0.013252 0.045000
0 0.173802 0.167500 0.015291 0.050000
0 0.171254 0.076250 0.012232 0.042500
0 0.204893 0.088750 0.014271 0.047500
0 0.242100 0.088750 0.015291 0.037500
0 0.295617 0.151250 0.016310 0.057500
0 0.270642 0.108750 0.013252 0.037500
0 0.341998 0.093750 0.013252 0.037500
0 0.399083 0.071250 0.013252 0.037500
0 0.422018 0.052500 0.010194 0.035000
0 0.454638 0.116250 0.016310 0.037500
0 0.465341 0.182500 0.015291 0.040000
0 0.484709 0.178750 0.017329 0.047500
0 0.511213 0.141250 0.011213 0.032500
0 0.488787 0.107500 0.015291 0.035000
0 0.487768 0.143750 0.013252 0.032500
0 0.528033 0.147500 0.014271 0.045000
0 0.549949 0.157500 0.013252 0.035000
0 0.612130 0.157500 0.013252 0.050000
0 0.662080 0.201250 0.015291 0.047500
0 0.699286 0.218750 0.016310 0.052500
0 0.711009 0.160000 0.013252 0.045000
0 0.688583 0.083750 0.015291 0.032500
0 0.751274 0.257500 0.016310 0.050000
0 0.794088 0.231250 0.016310 0.047500
0 0.870540 0.136250 0.014271 0.042500
0 0.836901 0.477500 0.026504 0.085000
0 0.951070 0.432500 0.026504 0.085000
0 0.913354 0.168750 0.016310 0.047500
0 0.857288 0.101250 0.012232 0.042500
0 0.893986 0.095000 0.014271 0.035000
0 0.936799 0.225000 0.020387 0.050000
0 0.976045 0.233750 0.017329 0.072500
