0 0.773953 0.638177 0.0411896 0.125826
0 0.837599 0.913765 0.0566324 0.17247
0 0.63059 0.631324 0.0486593 0.140608
0 0.219638 0.770648 0.0461378 0.167647
0 0.478417 0.339641 0.0257282 0.089044
0 0.547011 0.644564 0.0346435 0.120254
0 0.410991 0.395877 0.0291489 0.103972
0 0.580428 0.433729 0.0372909 0.114438
0 0.126372 0.399505 0.0315236 0.0992943
0 0.707982 0.194769 0.0197111 0.0635763
0 0.621537 0.512224 0.0365159 0.0863753
0 0.894571 0.323475 0.0220791 0.0731235
0 0.444217 0.525649 0.0393435 0.109336
0 0.233157 0.344171 0.0265616 0.0886723
0 0.329532 0.326685 0.020717 0.0928531
0 0.643864 0.342338 0.0211688 0.0719705
0 0.103697 0.578006 0.0389242 0.130475
0 0.391499 0.316658 0.0208696 0.075367
0 0.682161 0.251997 0.0210126 0.0673163
0 0.211477 0.518667 0.0363144 0.102605
0 0.822852 0.363283 0.027064 0.0939926
0 0.159822 0.230302 0.0171147 0.0680532
0 0.729629 0.521043 0.0254765 0.104217
0 0.562725 0.295252 0.0256554 0.0885867
0 0.983673 0.266031 0.0225166 0.0761738
0 0.477612 0.243564 0.0188514 0.0658555
0 0.612467 0.252762 0.0202135 0.0666863
0 0.308758 0.299522 0.0174581 0.0723778
0 0.637252 0.415347 0.0227726 0.0753818
0 0.953978 0.316916 0.0254135 0.0895961
0 0.0275002 0.346513 0.0257865 0.0992036
0 0.739349 0.182061 0.0172286 0.0532869
0 0.727962 0.123528 0.0132072 0.0488734
0 0.186302 0.264283 0.0189808 0.0648048
0 0.198688 0.336633 0.0217696 0.0839108
0 0.325974 0.182197 0.0185805 0.0591144
0 0.858123 0.257596 0.018518 0.0572033
0 0.940895 0.443382 0.0235466 0.0862552
0 0.431925 0.157339 0.0150576 0.0525359
0 0.458481 0.186971 0.0168785 0.0595105
0 0.778389 0.290888 0.0242222 0.075914
0 0.351251 0.281794 0.0196571 0.0817628
0 0.570309 0.219224 0.0165873 0.0587718
0 0.903044 0.150396 0.0147116 0.0562223
0 0.734326 0.299425 0.0225523 0.0824583
0 0.146884 0.13758 0.0166539 0.0500403
0 0.180595 0.152029 0.0167584 0.0486565
0 0.661908 0.165994 0.0148822 0.0529413
0 0.41826 0.316737 0.0240679 0.0670356
0 0.593527 0.124826 0.0173779 0.0502067
0 0.22341 0.145715 0.0149013 0.0474616
0 0.283079 0.275661 0.0189752 0.0575788
0 0.26169 0.200905 0.0200479 0.0714633
0 0.622296 0.199307 0.016674 0.0569667
0 0.781094 0.227518 0.0195852 0.0585847
0 0.524681 0.210738 0.0245041 0.0660155
0 0.728344 0.0329308 0.0113545 0.041969
0 0.382468 0.101483 0.0151535 0.0508762
0 0.757122 0.446379 0.025579 0.0770038
0 0.565928 0.140692 0.0174703 0.0530482
0 0.415162 0.102729 0.0152746 0.0514994
0 0.494918 0.138657 0.0175146 0.0499162
0 0.859748 0.181007 0.0169958 0.0500693
0 0.0837345 0.112343 0.0150219 0.0456028
0 0.254837 0.140934 0.0129058 0.042803
0 0.307458 0.112184 0.0141532 0.0439132
0 0.148549 0.0840067 0.0143924 0.0444205
0 0.0478444 0.152533 0.016873 0.058358
0 0.402148 0.182359 0.0208946 0.0778255
0 0.0788443 0.315572 0.0270297 0.075603
0 0.0256738 0.162172 0.0239833 0.0627921
0 0.44941 0.0354754 0.015012 0.0465674
0 0.935142 0.21631 0.0188396 0.0578721
0 0.128151 0.319447 0.0183547 0.0543043
0 0.644112 0.122045 0.0149368 0.0510583
0 0.768663 0.108572 0.014377 0.0412289
0 0.916606 0.102102 0.0140398 0.0415017
0 0.283797 0.0685248 0.0123303 0.0408178
0 0.029736 0.0827163 0.01429 0.0408264
0 0.108447 0.306235 0.0215247 0.0835188
0 0.36584 0.107685 0.0131639 0.046097
0 0.345832 0.0954171 0.0146847 0.0417211
0 0.610482 0.05575 0.0130503 0.0421538
0 0.393328 0.0654352 0.0157599 0.0483336
0 0.791209 0.171967 0.0150981 0.0488535
0 0.326721 0.0573573 0.0121467 0.039706
0 0.265722 0.111098 0.0126646 0.0410302
0 0.635287 0.21366 0.0144268 0.0588984
0 0.40894 0.0620568 0.0136303 0.0402637
0 0.279704 0.166455 0.0139535 0.0447783
0 0.866384 0.146477 0.0157958 0.0434922
0 0.541835 0.109796 0.0164553 0.0468326
0 0.364557 0.0689491 0.0137631 0.0381427
0 0.745398 0.0834254 0.0127914 0.0353149
0 0.828819 0.108875 0.0146984 0.0391247
0 0.25563 0.0627461 0.0120725 0.0361844
0 0.132241 0.0636135 0.0133809 0.0410248
0 0.0584796 0.0673957 0.0116061 0.0314896
0 0.0471972 0.302781 0.0216283 0.0858289
0 0.16939 0.0591325 0.0147935 0.0435881
0 0.472592 0.0754236 0.012855 0.0401304
0 0.467222 0.131293 0.0128184 0.0487809
0 0.511126 0.108214 0.013513 0.0412363
0 0.228066 0.0679096 0.0123082 0.0409518
0 0.122757 0.0333738 0.0104635 0.0362549
0 0.427026 0.0734993 0.0124712 0.0396401
0 0.81475 0.0922452 0.0113789 0.0357656
0 0.194926 0.0970724 0.0128625 0.0400993
0 0.799463 0.126119 0.0135047 0.0445133
0 0.679869 0.0538595 0.0117184 0.0350181
0 0.904901 0.0949874 0.0114876 0.0397001
0 0.517794 0.0326465 0.0143671 0.0454011
0 0.00611045 0.343009 0.010801 0.0863146
0 0.450456 0.128608 0.0142971 0.0524449
0 0.399596 0.25321 0.0159343 0.0540141
0 0.685915 0.0978481 0.0115997 0.0404545
0 0.21716 0.0724322 0.0104635 0.0361161
0 0.753789 0.0614258 0.0127819 0.0347692
0 0.895641 0.0887132 0.0128772 0.0387044
0 0.0738645 0.0571753 0.0116896 0.0334843
0 0.236926 0.0944302 0.0127355 0.0409917
0 0.742309 0.123663 0.0128723 0.0430852
0 0.0253631 0.63833 0.0497574 0.142625
