0 0.055046 0.822500 0.057085 0.180000
0 0.121814 0.853750 0.060143 0.162500
0 0.281855 0.455000 0.029562 0.095000
0 0.128950 0.581250 0.039755 0.127500
0 0.102956 0.362500 0.022426 0.085000
0 0.039246 0.121250 0.015291 0.052500
0 0.044343 0.086250 0.013252 0.037500
0 0.085627 0.092500 0.012232 0.045000
0 0.099388 0.146250 0.011213 0.047500
0 0.114169 0.167500 0.014271 0.045000
0 0.121814 0.105000 0.013252 0.040000
0 0.149847 0.218750 0.014271 0.057500
0 0.180938 0.260000 0.019368 0.060000
0 0.226300 0.271250 0.018349 0.067500
0 0.256371 0.432500 0.023445 0.085000
0 0.277778 0.326250 0.021407 0.072500
0 0.302752 0.237500 0.020387 0.070000
0 0.351172 0.502500 0.025484 0.090000
0 0.365443 0.383750 0.025484 0.092500
0 0.182467 0.202500 0.020387 0.050000
0 0.179409 0.157500 0.012232 0.035000
0 0.189602 0.151250 0.010194 0.032500
0 0.153415 0.126250 0.013252 0.042500
0 0.170744 0.131250 0.013252 0.042500
0 0.239551 0.158750 0.016310 0.042500
0 0.224771 0.121250 0.015291 0.047500
0 0.440367 0.566250 0.030581 0.107500
0 0.378695 0.270000 0.019368 0.070000
0 0.364424 0.215000 0.013252 0.045000
0 0.294088 0.133750 0.011213 0.042500
0 0.303772 0.135000 0.010194 0.035000
0 0.256371 0.126250 0.013252 0.042500
0 0.267074 0.068750 0.016310 0.032500
0 0.215596 0.083750 0.013252 0.032500
0 0.436290 0.286250 0.022426 0.067500
0 0.451580 0.486250 0.026504 0.082500
0 0.549439 0.442500 0.030581 0.085000
0 0.497961 0.657500 0.039755 0.125000
0 0.588175 0.528750 0.034659 0.112500
0 0.573904 0.402500 0.026504 0.080000
0 0.712029 0.508750 0.027523 0.112500
0 0.772171 0.541250 0.031600 0.112500
0 0.680938 0.390000 0.026504 0.100000
0 0.622324 0.277500 0.017329 0.060000
0 0.686035 0.273750 0.018349 0.067500
0 0.653925 0.233750 0.017329 0.047500
0 0.630989 0.165000 0.012232 0.050000
0 0.594801 0.148750 0.013252 0.047500
0 0.498981 0.173750 0.011213 0.042500
0 0.456677 0.198750 0.018349 0.057500
0 0.502548 0.271250 0.016310 0.062500
0 0.701835 0.163750 0.013252 0.057500
0 0.666667 0.122500 0.012232 0.045000
0 0.761468 0.347500 0.024465 0.080000
0 0.858818 0.508750 0.031600 0.112500
0 0.797655 0.325000 0.025484 0.075000
0 0.751784 0.282500 0.017329 0.050000
0 0.733945 0.151250 0.014271 0.052500
0 0.713048 0.091250 0.011213 0.042500
0 0.558104 0.155000 0.013252 0.045000
0 0.868502 0.627500 0.042813 0.115000
0 0.882773 0.816250 0.040775 0.147500
0 0.928644 0.692500 0.032620 0.100000
0 0.930173 0.580000 0.033639 0.105000
0 0.917431 0.477500 0.026504 0.090000
0 0.835372 0.323750 0.021407 0.057500
0 0.773191 0.138750 0.011213 0.037500
0 0.826707 0.152500 0.016310 0.045000
0 0.874108 0.127500 0.011213 0.040000
0 0.895005 0.102500 0.016310 0.040000
0 0.922528 0.165000 0.018349 0.050000
0 0.909276 0.211250 0.018349 0.047500
0 0.895005 0.387500 0.030581 0.080000
0 0.947503 0.207500 0.019368 0.055000
0 0.974516 0.180000 0.014271 0.055000
0 0.939348 0.386250 0.021407 0.067500
0 0.993374 0.427500 0.013252 0.065000
0 0.985219 0.335000 0.021407 0.075000
0 0.987258 0.256250 0.021407 0.062500
0 0.960754 0.310000 0.021407 0.070000
0 0.930173 0.808750 0.049949 0.127500
0 0.845566 0.113750 0.011213 0.032500
0 0.563710 0.066250 0.012232 0.037500
0 0.539246 0.057500 0.010194 0.035000
0 0.484200 0.103750 0.012232 0.047500
0 0.441896 0.140000 0.013252 0.045000
0 0.425076 0.136250 0.012232 0.042500
0 0.413863 0.098750 0.012232 0.032500
0 0.396024 0.091250 0.013252 0.042500
0 0.367992 0.087500 0.012232 0.045000
0 0.377166 0.135000 0.016310 0.045000
0 0.336901 0.135000 0.013252 0.045000
0 0.023955 0.120000 0.013252 0.040000
0 0.177880 0.068750 0.011213 0.032500
0 0.682977 0.961250 0.055046 0.077500
