0 0.065749 0.617500 0.041794 0.125000
0 0.123853 0.697500 0.056065 0.180000
0 0.194699 0.696250 0.053007 0.172500
0 0.440877 0.570000 0.049949 0.120000
0 0.325688 0.418750 0.033639 0.082500
0 0.230887 0.330000 0.023445 0.070000
0 0.564220 0.690000 0.035678 0.115000
0 0.649847 0.793750 0.051988 0.132500
0 0.910805 0.691250 0.041794 0.162500
0 0.980632 0.688750 0.038736 0.177500
0 0.975025 0.516250 0.029562 0.097500
0 0.771152 0.530000 0.037717 0.120000
0 0.573394 0.528750 0.031600 0.112500
0 0.483690 0.635000 0.025484 0.105000
0 0.523445 0.405000 0.025484 0.090000
0 0.021407 0.138750 0.014271 0.052500
0 0.060143 0.082500 0.010194 0.030000
0 0.074924 0.102500 0.009174 0.035000
0 0.108053 0.117500 0.014271 0.035000
0 0.005607 0.120000 0.009174 0.045000
0 0.175331 0.075000 0.014271 0.035000
0 0.215596 0.085000 0.013252 0.035000
0 0.185015 0.245000 0.017329 0.055000
0 0.251274 0.272500 0.017329 0.070000
0 0.315494 0.318750 0.023445 0.072500
0 0.349134 0.261250 0.019368 0.057500
0 0.297655 0.265000 0.018349 0.050000
0 0.265545 0.218750 0.015291 0.042500
0 0.297655 0.126250 0.014271 0.052500
0 0.319062 0.187500 0.018349 0.050000
0 0.248726 0.091250 0.014271 0.032500
0 0.268603 0.096250 0.013252 0.032500
0 0.355250 0.140000 0.013252 0.045000
0 0.329256 0.080000 0.014271 0.045000
0 0.228848 0.080000 0.009174 0.035000
0 0.136086 0.067500 0.009174 0.030000
0 0.382263 0.113750 0.012232 0.037500
0 0.354740 0.092500 0.014271 0.035000
0 0.422018 0.243750 0.016310 0.052500
0 0.423038 0.196250 0.018349 0.042500
0 0.458206 0.193750 0.015291 0.047500
0 0.423547 0.098750 0.015291 0.042500
0 0.384302 0.075000 0.010194 0.035000
0 0.460245 0.097500 0.011213 0.035000
0 0.490826 0.213750 0.015291 0.052500
0 0.457696 0.290000 0.014271 0.045000
0 0.538736 0.265000 0.019368 0.060000
0 0.565749 0.296250 0.022426 0.067500
0 0.506626 0.103750 0.012232 0.032500
0 0.490826 0.090000 0.013252 0.035000
0 0.530071 0.092500 0.010194 0.035000
0 0.512232 0.168750 0.017329 0.042500
0 0.578491 0.233750 0.017329 0.052500
0 0.626911 0.236250 0.020387 0.057500
0 0.550459 0.140000 0.014271 0.040000
0 0.575943 0.133750 0.014271 0.042500
0 0.549439 0.212500 0.016310 0.045000
0 0.620795 0.177500 0.016310 0.045000
0 0.649847 0.116250 0.011213 0.032500
0 0.595311 0.131250 0.016310 0.047500
0 0.654944 0.156250 0.013252 0.042500
0 0.675841 0.235000 0.016310 0.045000
0 0.697248 0.250000 0.018349 0.055000
0 0.669725 0.435000 0.020387 0.070000
0 0.708461 0.473750 0.036697 0.107500
0 0.620795 0.100000 0.012232 0.030000
0 0.677370 0.102500 0.015291 0.040000
0 0.726300 0.142500 0.015291 0.045000
0 0.751784 0.225000 0.015291 0.050000
0 0.769623 0.348750 0.026504 0.067500
0 0.790010 0.426250 0.030581 0.082500
0 0.691131 0.198750 0.016310 0.037500
0 0.762997 0.136250 0.015291 0.042500
0 0.780836 0.165000 0.016310 0.040000
0 0.808359 0.192500 0.014271 0.040000
0 0.797655 0.120000 0.013252 0.040000
0 0.817023 0.091250 0.011213 0.032500
0 0.842508 0.127500 0.013252 0.040000
0 0.859837 0.103750 0.013252 0.042500
0 0.860347 0.395000 0.026504 0.065000
0 0.921509 0.370000 0.024465 0.090000
0 0.896534 0.491250 0.025484 0.082500
0 0.960245 0.430000 0.022426 0.055000
0 0.970948 0.358750 0.031600 0.082500
0 0.716106 0.122500 0.015291 0.030000
0 0.686544 0.150000 0.011213 0.045000
0 0.872069 0.241250 0.017329 0.052500
0 0.881244 0.118750 0.011213 0.042500
0 0.892457 0.100000 0.011213 0.035000
0 0.962793 0.158750 0.013252 0.032500
