0 0.189093 0.876316 0.060143 0.194737
0 0.846585 0.921053 0.064220 0.147368
0 0.915902 0.644737 0.043833 0.105263
0 0.678899 0.655263 0.040775 0.142105
0 0.897044 0.811842 0.046891 0.113158
0 0.503058 0.506579 0.035678 0.118421
0 0.749745 0.552632 0.031600 0.105263
0 0.722222 0.828947 0.043833 0.126316
0 0.246687 0.840789 0.059123 0.197368
0 0.848624 0.713158 0.043833 0.163158
0 0.715087 0.646053 0.029562 0.118421
0 0.733435 0.421053 0.033639 0.105263
0 0.580530 0.680263 0.037717 0.118421
0 0.441386 0.901316 0.099898 0.192105
0 0.450051 0.602632 0.043833 0.142105
0 0.570846 0.522368 0.032620 0.102632
0 0.770642 0.860526 0.053007 0.131579
0 0.466871 0.339474 0.024465 0.078947
0 0.103466 0.727632 0.051988 0.134211
0 0.605505 0.323684 0.020387 0.073684
0 0.170744 0.475000 0.031600 0.107895
0 0.220183 0.486842 0.032620 0.105263
0 0.453109 0.482895 0.033639 0.092105
0 0.919980 0.480263 0.033639 0.123684
0 0.669215 0.290789 0.025484 0.071053
0 0.645260 0.275000 0.020387 0.076316
0 0.296636 0.518421 0.028542 0.078947
0 0.141182 0.434211 0.021407 0.084211
0 0.066259 0.531579 0.024465 0.078947
0 0.495923 0.338158 0.025484 0.086842
0 0.763507 0.385526 0.024465 0.081579
0 0.300714 0.271053 0.024465 0.068421
0 0.129460 0.853947 0.050968 0.160526
0 0.144750 0.690789 0.046891 0.150000
0 0.983690 0.528947 0.030581 0.100000
0 0.829766 0.336842 0.022426 0.063158
0 0.211009 0.402632 0.022426 0.057895
0 0.764526 0.960526 0.055046 0.078947
0 0.468400 0.264474 0.021407 0.065789
0 0.265036 0.336842 0.020387 0.063158
0 0.985729 0.405263 0.026504 0.094737
0 0.504077 0.713158 0.031600 0.121053
0 0.952090 0.519737 0.028542 0.092105
0 0.691641 0.380263 0.021407 0.076316
0 0.802243 0.484211 0.034659 0.121053
0 0.565749 0.944737 0.065240 0.110526
0 0.866463 0.556579 0.036697 0.107895
0 0.846075 0.264474 0.020387 0.071053
0 0.478593 0.436842 0.027523 0.084211
0 0.780326 0.739474 0.031600 0.121053
0 0.530581 0.309211 0.021407 0.065789
0 0.290010 0.355263 0.023445 0.089474
0 0.523955 0.425000 0.026504 0.092105
0 0.336901 0.432895 0.033639 0.102632
0 0.307339 0.925000 0.058104 0.150000
0 0.373089 0.511842 0.032620 0.076316
0 0.419470 0.309211 0.023445 0.076316
0 0.330785 0.321053 0.023445 0.073684
0 0.592253 0.418421 0.028542 0.078947
0 0.991335 0.685526 0.017329 0.097368
0 0.331804 0.234211 0.017329 0.052632
0 0.652905 0.353947 0.029562 0.081579
0 0.729358 0.214474 0.019368 0.055263
0 0.411315 0.492105 0.031600 0.068421
0 0.383792 0.292105 0.019368 0.068421
0 0.938328 0.347368 0.023445 0.078947
0 0.274720 0.217105 0.019368 0.055263
0 0.880734 0.330263 0.022426 0.065789
0 0.480632 0.209211 0.015291 0.055263
0 0.119776 0.252632 0.017329 0.057895
0 0.209990 0.289474 0.022426 0.068421
0 0.844037 0.448684 0.026504 0.102632
0 0.054536 0.271053 0.019368 0.063158
0 0.697248 0.305263 0.020387 0.063158
0 0.580530 0.218421 0.015291 0.047368
0 0.383282 0.131579 0.018349 0.057895
0 0.309378 0.182895 0.017329 0.055263
0 0.699796 0.211842 0.017329 0.065789
0 0.125892 0.564474 0.031600 0.071053
0 0.640163 0.427632 0.024465 0.076316
0 0.012742 0.781579 0.023445 0.136842
0 0.975025 0.640789 0.037717 0.107895
0 0.877166 0.185526 0.015291 0.055263
0 0.195719 0.053947 0.010194 0.028947
0 0.223751 0.152632 0.015291 0.047368
0 0.929154 0.806579 0.031600 0.128947
0 0.165138 0.381579 0.018349 0.063158
0 0.048420 0.877632 0.082569 0.176316
0 0.812946 0.209211 0.021407 0.065789
0 0.693680 0.155263 0.015291 0.052632
0 0.406218 0.378947 0.021407 0.073684
0 0.025484 0.405263 0.022426 0.084211
0 0.891437 0.173684 0.015291 0.047368
0 0.615698 0.189474 0.018349 0.057895
0 0.906728 0.153947 0.013252 0.039474
0 0.626911 0.280263 0.014271 0.071053
0 0.079511 0.090789 0.010194 0.034211
0 0.349643 0.269737 0.018349 0.055263
0 0.242610 0.206579 0.018349 0.060526
0 0.309888 0.414474 0.022426 0.076316
0 0.401631 0.226316 0.018349 0.047368
0 0.940367 0.731579 0.043833 0.094737
0 0.188583 0.122368 0.014271 0.044737
0 0.153925 0.240789 0.016310 0.055263
0 0.942915 0.090789 0.012232 0.044737
0 0.244648 0.635526 0.046891 0.171053
0 0.870031 0.425000 0.025484 0.081579
0 0.007136 0.210526 0.012232 0.057895
0 0.297655 0.102632 0.014271 0.047368
0 0.090724 0.513158 0.026504 0.078947
0 0.321101 0.118421 0.012232 0.047368
0 0.178899 0.331579 0.019368 0.063158
0 0.751784 0.305263 0.019368 0.063158
0 0.956677 0.436842 0.023445 0.068421
0 0.116718 0.076316 0.011213 0.036842
0 0.244648 0.438158 0.026504 0.107895
0 0.284404 0.090789 0.014271 0.044737
0 0.229358 0.051316 0.010194 0.034211
0 0.736493 0.164474 0.015291 0.044737
0 0.952599 0.297368 0.019368 0.073684
0 0.928135 0.175000 0.013252 0.044737
0 0.084098 0.135526 0.015291 0.044737
0 0.635066 0.175000 0.016310 0.055263
0 0.517839 0.193421 0.016310 0.055263
0 0.989806 0.863158 0.020387 0.163158
0 0.426606 0.165789 0.015291 0.057895
0 0.544852 0.275000 0.019368 0.055263
0 0.228338 0.103947 0.014271 0.039474
0 0.760449 0.119737 0.018349 0.050000
0 0.974516 0.298684 0.018349 0.071053
0 0.598369 0.134211 0.016310 0.047368
0 0.260958 0.173684 0.014271 0.042105
0 0.005607 0.655263 0.009174 0.126316
0 0.921509 0.123684 0.012232 0.036842
0 0.206932 0.044737 0.010194 0.031579
0 0.972987 0.086842 0.011213 0.031579
0 0.164628 0.135526 0.013252 0.044737
0 0.867482 0.492105 0.034659 0.047368
0 0.710499 0.107895 0.014271 0.042105
0 0.414373 0.734211 0.035678 0.100000
0 0.007645 0.444737 0.013252 0.068421
0 0.142712 0.034211 0.010194 0.031579
0 0.349643 0.140789 0.016310 0.050000
0 0.218145 0.042105 0.012232 0.042105
0 0.321101 0.036842 0.010194 0.031579
0 0.375127 0.664474 0.036697 0.128947
0 0.658512 0.092105 0.014271 0.042105
0 0.084608 0.185526 0.016310 0.055263
0 0.364424 0.135526 0.013252 0.044737
0 0.730377 0.085526 0.013252 0.039474
0 0.989806 0.278947 0.018349 0.063158
0 0.146789 0.163158 0.014271 0.047368
0 0.720693 0.256579 0.020387 0.055263
0 0.659531 0.446053 0.024465 0.086842
0 0.257900 0.106579 0.014271 0.039474
0 0.147299 0.351316 0.021407 0.060526
0 0.200815 0.198684 0.014271 0.044737
0 0.555046 0.103947 0.011213 0.039474
0 0.468400 0.163158 0.017329 0.052632
0 0.461264 0.096053 0.013252 0.044737
0 0.816004 0.109211 0.013252 0.044737
0 0.572375 0.159211 0.015291 0.055263
0 0.966871 0.910526 0.064220 0.115789
0 0.350663 0.925000 0.030581 0.150000
0 0.339959 0.834211 0.035678 0.100000
0 0.570846 0.778947 0.032620 0.105263
0 0.535678 0.907895 0.045872 0.110526
0 0.490316 0.796053 0.032620 0.144737
0 0.639653 0.814474 0.041794 0.160526
0 0.541284 0.592105 0.030581 0.110526
0 0.201325 0.656579 0.037717 0.102632
0 0.089195 0.619737 0.041794 0.123684
0 0.058614 0.385526 0.035678 0.081579
0 0.104485 0.336842 0.023445 0.073684
0 0.123344 0.207895 0.020387 0.052632
0 0.031600 0.209211 0.018349 0.060526
0 0.268094 0.411842 0.022426 0.076316
0 0.333333 0.640789 0.032620 0.128947
0 0.295107 0.627632 0.037717 0.139474
0 0.663609 0.169737 0.018349 0.071053
0 0.539755 0.159211 0.017329 0.076316
0 0.808359 0.334211 0.020387 0.068421
0 0.790520 0.348684 0.021407 0.081579
0 0.817023 0.413158 0.025484 0.073684
0 0.888379 0.630263 0.033639 0.139474
0 0.806320 0.630263 0.036697 0.144737
0 0.784404 0.635526 0.021407 0.107895
0 0.759939 0.686842 0.043833 0.142105
0 0.660550 0.561842 0.038736 0.092105
0 0.781855 0.269737 0.018349 0.060526
0 0.755352 0.235526 0.020387 0.055263
0 0.969929 0.910526 0.060143 0.178947
