0 0.448012 0.597368 0.035678 0.121053
0 0.101937 0.753947 0.038736 0.144737
0 0.923547 0.502632 0.032620 0.100000
0 0.405199 0.632895 0.041794 0.102632
0 0.170234 0.777632 0.044852 0.176316
0 0.897554 0.896053 0.047910 0.128947
0 0.220693 0.860526 0.062181 0.173684
0 0.586646 0.873684 0.054027 0.168421
0 0.201325 0.509211 0.035678 0.107895
0 0.350663 0.759211 0.050968 0.150000
0 0.895005 0.563158 0.034659 0.131579
0 0.360347 0.914474 0.058104 0.150000
0 0.317023 0.398684 0.020387 0.086842
0 0.545872 0.605263 0.027523 0.089474
0 0.293068 0.765789 0.058104 0.178947
0 0.515291 0.651316 0.033639 0.102632
0 0.232926 0.519737 0.027523 0.092105
0 0.057085 0.502632 0.028542 0.105263
0 0.637615 0.364474 0.023445 0.071053
0 0.731906 0.330263 0.022426 0.086842
0 0.809378 0.464474 0.030581 0.086842
0 0.870031 0.806579 0.039755 0.118421
0 0.607543 0.482895 0.032620 0.128947
0 0.081040 0.477632 0.023445 0.086842
0 0.662589 0.389474 0.022426 0.078947
0 0.858818 0.509211 0.027523 0.086842
0 0.379205 0.260526 0.020387 0.063158
0 0.677880 0.925000 0.050968 0.150000
0 0.771152 0.842105 0.043833 0.157895
0 0.435780 0.322368 0.025484 0.076316
0 0.540265 0.325000 0.022426 0.076316
0 0.579511 0.425000 0.027523 0.097368
0 0.947503 0.386842 0.025484 0.084211
0 0.727319 0.836842 0.043833 0.131579
0 0.634047 0.864474 0.036697 0.144737
0 0.202345 0.347368 0.021407 0.078947
0 0.347604 0.443421 0.028542 0.081579
0 0.516820 0.790789 0.048930 0.150000
0 0.525484 0.969737 0.058104 0.060526
0 0.715087 0.959211 0.054027 0.081579
0 0.586646 0.611842 0.039755 0.139474
0 0.775739 0.586842 0.036697 0.094737
0 0.268603 0.440789 0.025484 0.071053
0 0.776249 0.721053 0.037717 0.110526
0 0.429664 0.801316 0.043833 0.160526
0 0.714577 0.469737 0.026504 0.071053
0 0.424567 0.440789 0.027523 0.092105
0 0.419470 0.236842 0.019368 0.068421
0 0.102446 0.917105 0.056065 0.165789
0 0.686035 0.597368 0.034659 0.105263
0 0.483180 0.623684 0.036697 0.100000
0 0.675331 0.464474 0.031600 0.102632
0 0.609582 0.711842 0.036697 0.092105
0 0.783384 0.442105 0.023445 0.084211
0 0.981651 0.778947 0.036697 0.131579
0 0.607034 0.973684 0.047910 0.052632
0 0.575433 0.268421 0.021407 0.078947
0 0.271662 0.534211 0.033639 0.089474
0 0.733435 0.692105 0.031600 0.115789
0 0.870031 0.402632 0.025484 0.089474
0 0.224771 0.281579 0.025484 0.073684
0 0.060143 0.394737 0.020387 0.073684
0 0.309888 0.236842 0.022426 0.068421
0 0.485729 0.388158 0.023445 0.071053
0 0.796126 0.684211 0.028542 0.105263
0 0.379205 0.509211 0.034659 0.071053
0 0.487258 0.231579 0.024465 0.068421
0 0.826198 0.250000 0.015291 0.063158
0 0.692151 0.777632 0.044852 0.139474
0 0.215596 0.182895 0.019368 0.065789
0 0.480122 0.472368 0.030581 0.092105
0 0.143731 0.555263 0.034659 0.121053
0 0.711009 0.375000 0.023445 0.065789
0 0.158512 0.289474 0.021407 0.073684
0 0.362895 0.357895 0.020387 0.073684
0 0.385831 0.372368 0.027523 0.081579
0 0.129460 0.344737 0.018349 0.068421
0 0.661060 0.125000 0.013252 0.044737
0 0.450051 0.976316 0.056065 0.047368
0 0.123853 0.206579 0.021407 0.060526
0 0.657492 0.219737 0.016310 0.060526
0 0.569317 0.169737 0.017329 0.055263
0 0.803772 0.243421 0.017329 0.060526
0 0.461264 0.207895 0.021407 0.073684
0 0.440367 0.222368 0.018349 0.065789
0 0.226809 0.640789 0.035678 0.128947
0 0.882263 0.271053 0.021407 0.057895
0 0.056065 0.906579 0.038736 0.171053
0 0.788991 0.290789 0.022426 0.071053
0 0.521916 0.238158 0.022426 0.060526
0 0.477064 0.875000 0.089704 0.176316
0 0.292049 0.286842 0.019368 0.063158
0 0.589704 0.159211 0.013252 0.050000
0 0.263507 0.198684 0.017329 0.060526
0 0.810907 0.372368 0.023445 0.076316
0 0.542813 0.403947 0.027523 0.076316
0 0.516820 0.378947 0.020387 0.068421
0 0.369521 0.596053 0.035678 0.097368
0 0.921509 0.423684 0.028542 0.068421
0 0.937309 0.810526 0.031600 0.100000
0 0.872579 0.219737 0.016310 0.050000
0 0.109072 0.167105 0.016310 0.050000
0 0.971458 0.338158 0.020387 0.076316
0 0.767584 0.405263 0.028542 0.084211
0 0.505097 0.450000 0.021407 0.078947
0 0.807339 0.155263 0.016310 0.042105
0 0.987258 0.235526 0.019368 0.060526
0 0.240571 0.167105 0.016310 0.050000
0 0.614679 0.326316 0.024465 0.068421
0 0.889399 0.461842 0.021407 0.071053
0 0.126402 0.443421 0.028542 0.097368
0 0.964832 0.161842 0.019368 0.060526
0 0.357288 0.276316 0.021407 0.063158
0 0.680938 0.357895 0.018349 0.068421
0 0.031091 0.234211 0.017329 0.052632
0 0.337920 0.169737 0.017329 0.060526
0 0.517839 0.101316 0.016310 0.044737
0 0.194699 0.185526 0.020387 0.071053
0 0.562691 0.336842 0.018349 0.063158
0 0.928135 0.239474 0.019368 0.057895
0 0.782365 0.106579 0.011213 0.034211
0 0.344546 0.077632 0.012232 0.034211
0 0.234455 0.214474 0.018349 0.055263
0 0.718654 0.110526 0.012232 0.036842
0 0.172783 0.242105 0.017329 0.052632
0 0.647299 0.555263 0.024465 0.078947
0 0.774720 0.342105 0.022426 0.057895
0 0.645770 0.153947 0.013252 0.034211
0 0.022936 0.823684 0.043833 0.142105
0 0.078491 0.221053 0.016310 0.052632
0 0.814475 0.972368 0.046891 0.055263
0 0.629969 0.484211 0.014271 0.089474
0 0.172273 0.143421 0.014271 0.044737
0 0.867482 0.707895 0.040775 0.084211
0 0.299185 0.109211 0.013252 0.039474
0 0.604995 0.175000 0.017329 0.050000
0 0.301223 0.382895 0.017329 0.071053
0 0.090724 0.034211 0.008155 0.026316
0 0.356269 0.098684 0.011213 0.034211
0 0.775739 0.226316 0.016310 0.052632
0 0.254332 0.102632 0.013252 0.042105
0 0.709480 0.223684 0.016310 0.052632
0 0.544343 0.110526 0.014271 0.042105
0 0.107543 0.364474 0.021407 0.076316
0 0.282875 0.189474 0.017329 0.042105
0 0.278287 0.107895 0.016310 0.047368
0 0.673802 0.260526 0.016310 0.057895
0 0.041284 0.057895 0.009174 0.031579
0 0.849643 0.410526 0.015291 0.068421
0 0.416412 0.110526 0.015291 0.042105
0 0.008155 0.438158 0.014271 0.081579
0 0.967380 0.915789 0.053007 0.089474
0 0.550968 0.153947 0.015291 0.044737
0 0.885321 0.093421 0.011213 0.044737
0 0.516310 0.172368 0.015291 0.055263
0 0.182467 0.118421 0.014271 0.042105
0 0.826707 0.159211 0.014271 0.039474
0 0.016310 0.114474 0.012232 0.039474
0 0.443935 0.102632 0.011213 0.031579
0 0.492864 0.076316 0.011213 0.031579
0 0.675841 0.201316 0.014271 0.050000
0 0.307339 0.073684 0.011213 0.031579
0 0.745668 0.072368 0.009174 0.034211
0 0.007645 0.350000 0.013252 0.073684
0 0.283894 0.234211 0.019368 0.052632
0 0.612640 0.243421 0.016310 0.055263
0 0.385321 0.989474 0.059123 0.021053
0 0.831295 0.409211 0.023445 0.071053
0 0.368502 0.098684 0.013252 0.039474
0 0.865953 0.293421 0.017329 0.055263
0 0.912844 0.078947 0.015291 0.042105
0 0.330785 0.227632 0.017329 0.055263
0 0.887870 0.223684 0.016310 0.042105
0 0.991335 0.468421 0.017329 0.105263
0 0.734455 0.088158 0.011213 0.034211
0 0.628950 0.134211 0.014271 0.042105
0 0.865953 0.060526 0.013252 0.031579
0 0.743119 0.156579 0.014271 0.044737
0 0.715087 0.172368 0.013252 0.044737
0 0.172783 0.436842 0.027523 0.089474
0 0.729358 0.159211 0.013252 0.044737
0 0.854230 0.293421 0.018349 0.060526
0 0.951580 0.318421 0.019368 0.057895
0 0.632518 0.185526 0.013252 0.044737
0 0.835882 0.194737 0.014271 0.052632
0 0.707951 0.072368 0.011213 0.028947
0 0.187564 0.769737 0.022426 0.160526
0 0.845566 0.094737 0.011213 0.036842
0 0.120285 0.121053 0.014271 0.047368
0 0.098369 0.632895 0.039755 0.102632
0 0.576962 0.119737 0.012232 0.039474
0 0.316004 0.040789 0.008155 0.028947
0 0.182467 0.352632 0.018349 0.068421
0 0.077472 0.172368 0.020387 0.050000
0 0.039755 0.331579 0.020387 0.063158
0 0.941896 0.715789 0.046891 0.115789
0 0.353721 0.165789 0.014271 0.047368
0 0.590214 0.065789 0.010194 0.031579
0 0.384302 0.061842 0.010194 0.028947
0 0.643731 0.040789 0.009174 0.028947
0 0.744648 0.243421 0.017329 0.055263
0 0.642712 0.089474 0.011213 0.036842
0 0.317023 0.188158 0.016310 0.039474
0 0.780326 0.138158 0.013252 0.039474
0 0.994393 0.871053 0.011213 0.126316
0 0.169725 0.097368 0.011213 0.036842
0 0.311417 0.140789 0.013252 0.044737
0 0.917431 0.648684 0.028542 0.060526
0 0.158512 0.138158 0.011213 0.034211
0 0.794597 0.059211 0.009174 0.028947
0 0.320591 0.146053 0.013252 0.039474
0 0.810907 0.196053 0.017329 0.039474
0 0.619776 0.182895 0.014271 0.050000
0 0.034149 0.632895 0.049949 0.160526
0 0.216106 0.957895 0.061162 0.084211
0 0.323649 0.519737 0.037717 0.107895
0 0.242100 0.353947 0.023445 0.071053
0 0.222222 0.351316 0.020387 0.071053
0 0.222732 0.414474 0.027523 0.071053
0 0.384811 0.182895 0.019368 0.055263
0 0.482671 0.301316 0.023445 0.065789
0 0.464322 0.380263 0.021407 0.050000
0 0.722732 0.602632 0.032620 0.078947
0 0.064220 0.628947 0.022426 0.142105
0 0.145770 0.764474 0.044852 0.202632
0 0.229867 0.788158 0.056065 0.171053
0 0.413354 0.352632 0.023445 0.057895
0 0.335882 0.325000 0.023445 0.044737
0 0.822630 0.906579 0.063201 0.155263
0 0.856779 0.611842 0.045872 0.107895
0 0.712029 0.293421 0.031600 0.086842
0 0.969419 0.635526 0.036697 0.081579
0 0.981142 0.680263 0.037717 0.065789
0 0.016310 0.771053 0.024465 0.052632
0 0.021407 0.522368 0.038736 0.086842
0 0.264526 0.664474 0.031600 0.107895
0 0.537717 0.506579 0.033639 0.081579
0 0.554536 0.476316 0.026504 0.073684
0 0.266565 0.327632 0.021407 0.086842
0 0.133537 0.277632 0.028542 0.065789
0 0.083078 0.289474 0.019368 0.073684
0 0.082059 0.117105 0.015291 0.055263
