0 0.238022 0.851316 0.056065 0.165789
0 0.208970 0.569737 0.044852 0.160526
0 0.140673 0.890789 0.069317 0.186842
0 0.873598 0.864474 0.048930 0.171053
0 0.720183 0.839474 0.056065 0.173684
0 0.670744 0.747368 0.055046 0.152632
0 0.611621 0.572368 0.038736 0.113158
0 0.930683 0.406579 0.028542 0.097368
0 0.412844 0.526316 0.036697 0.110526
0 0.125382 0.472368 0.040775 0.139474
0 0.824159 0.676316 0.043833 0.142105
0 0.708970 0.542105 0.031600 0.110526
0 0.643731 0.268421 0.023445 0.073684
0 0.465851 0.726316 0.040775 0.147368
0 0.166157 0.463158 0.038736 0.136842
0 0.390928 0.673684 0.047910 0.131579
0 0.078491 0.773684 0.057085 0.200000
0 0.830785 0.257895 0.022426 0.063158
0 0.558614 0.468421 0.026504 0.078947
0 0.348624 0.790789 0.057085 0.150000
0 0.540265 0.368421 0.020387 0.084211
0 0.681448 0.327632 0.023445 0.076316
0 0.612130 0.371053 0.025484 0.084211
0 0.725790 0.711842 0.042813 0.076316
0 0.517839 0.703947 0.055046 0.176316
0 0.576962 0.430263 0.022426 0.076316
0 0.787971 0.511842 0.032620 0.097368
0 0.500000 0.450000 0.033639 0.100000
0 0.932212 0.569737 0.035678 0.092105
0 0.555046 0.556579 0.037717 0.092105
0 0.026504 0.607895 0.038736 0.131579
0 0.630989 0.930263 0.065240 0.139474
0 0.554536 0.869737 0.057085 0.197368
0 0.807849 0.850000 0.041794 0.152632
0 0.752803 0.442105 0.025484 0.084211
0 0.364424 0.385526 0.023445 0.081579
0 0.287971 0.730263 0.029562 0.134211
0 0.350153 0.575000 0.039755 0.128947
0 0.566769 0.189474 0.018349 0.057895
0 0.687054 0.405263 0.024465 0.089474
0 0.324159 0.459211 0.028542 0.097368
0 0.114169 0.325000 0.026504 0.097368
0 0.300204 0.564474 0.029562 0.097368
0 0.916412 0.653947 0.032620 0.086842
0 0.715596 0.332895 0.022426 0.071053
0 0.566259 0.386842 0.027523 0.078947
0 0.544343 0.227632 0.018349 0.055263
0 0.829766 0.340789 0.024465 0.076316
0 0.975025 0.597368 0.037717 0.121053
0 0.950051 0.856579 0.038736 0.155263
0 0.861876 0.282895 0.023445 0.071053
0 0.270133 0.336842 0.020387 0.073684
0 0.291539 0.250000 0.020387 0.063158
0 0.722222 0.225000 0.017329 0.060526
0 0.296636 0.477632 0.028542 0.086842
0 0.704383 0.252632 0.020387 0.057895
0 0.012742 0.680263 0.023445 0.134211
0 0.954128 0.448684 0.024465 0.081579
0 0.364424 0.927632 0.076453 0.139474
0 0.481651 0.373684 0.025484 0.073684
0 0.701325 0.965789 0.061162 0.068421
0 0.386340 0.396053 0.024465 0.076316
0 0.845566 0.506579 0.039755 0.128947
0 0.441896 0.357895 0.021407 0.073684
0 0.967380 0.272368 0.020387 0.065789
0 0.067278 0.200000 0.020387 0.057895
0 0.979613 0.418421 0.024465 0.073684
0 0.043323 0.427632 0.029562 0.102632
0 0.990316 0.694737 0.019368 0.147368
0 0.782875 0.427632 0.024465 0.076316
0 0.514271 0.243421 0.017329 0.060526
0 0.291539 0.163158 0.018349 0.057895
0 0.216106 0.130263 0.014271 0.044737
0 0.621305 0.134211 0.015291 0.047368
0 0.321101 0.153947 0.016310 0.055263
0 0.787971 0.698684 0.032620 0.107895
0 0.975535 0.494737 0.032620 0.073684
0 0.912334 0.525000 0.028542 0.113158
0 0.295617 0.339474 0.024465 0.089474
0 0.691131 0.165789 0.016310 0.052632
0 0.081549 0.123684 0.014271 0.052632
0 0.602956 0.298684 0.019368 0.055263
0 0.343017 0.263158 0.019368 0.063158
0 0.055556 0.268421 0.019368 0.068421
0 0.054027 0.923684 0.055046 0.152632
0 0.938328 0.244737 0.021407 0.057895
0 0.785933 0.221053 0.018349 0.052632
0 0.652396 0.389474 0.030581 0.084211
0 0.257900 0.526316 0.030581 0.105263
0 0.595821 0.778947 0.037717 0.136842
0 0.413354 0.931579 0.043833 0.136842
0 0.102446 0.132895 0.013252 0.039474
0 0.111111 0.614474 0.034659 0.128947
0 0.882263 0.232895 0.019368 0.060526
0 0.379205 0.197368 0.020387 0.063158
0 0.586137 0.348684 0.020387 0.071053
0 0.006626 0.488158 0.011213 0.118421
0 0.944954 0.136842 0.014271 0.047368
0 0.533129 0.144737 0.016310 0.052632
0 0.529052 0.244737 0.014271 0.057895
0 0.929664 0.092105 0.012232 0.036842
0 0.367482 0.168421 0.015291 0.052632
0 0.228338 0.325000 0.020387 0.060526
0 0.090214 0.318421 0.019368 0.084211
0 0.251274 0.526316 0.033639 0.110526
0 0.192661 0.165789 0.020387 0.063158
0 0.343017 0.084211 0.013252 0.036842
0 0.768603 0.359211 0.028542 0.081579
0 0.654944 0.539474 0.023445 0.084211
0 0.367992 0.476316 0.026504 0.068421
0 0.453109 0.173684 0.021407 0.057895
0 0.324669 0.293421 0.019368 0.060526
0 0.715087 0.122368 0.011213 0.034211
0 0.727829 0.157895 0.014271 0.047368
0 0.481142 0.909211 0.050968 0.071053
0 0.683996 0.131579 0.014271 0.042105
0 0.822120 0.128947 0.017329 0.047368
0 0.882263 0.473684 0.029562 0.084211
0 0.159021 0.621053 0.034659 0.052632
0 0.038226 0.251316 0.019368 0.065789
0 0.882263 0.134211 0.015291 0.042105
0 0.744648 0.357895 0.019368 0.073684
0 0.380734 0.298684 0.021407 0.065789
0 0.415902 0.417105 0.026504 0.081579
0 0.091233 0.230263 0.019368 0.050000
0 0.469929 0.292105 0.018349 0.068421
0 0.909276 0.211842 0.020387 0.060526
0 0.836391 0.186842 0.015291 0.052632
0 0.047910 0.351316 0.022426 0.065789
0 0.993374 0.115789 0.013252 0.042105
0 0.179918 0.126316 0.015291 0.036842
0 0.901631 0.106579 0.015291 0.039474
0 0.524465 0.305263 0.023445 0.057895
0 0.908257 0.055263 0.012232 0.031579
0 0.717635 0.647368 0.036697 0.089474
0 0.091743 0.109211 0.012232 0.039474
0 0.230887 0.123684 0.013252 0.042105
0 0.819062 0.180263 0.017329 0.060526
0 0.511723 0.115789 0.016310 0.047368
0 0.594801 0.136842 0.011213 0.042105
0 0.864934 0.103947 0.013252 0.039474
0 0.933231 0.056579 0.011213 0.028947
0 0.339450 0.165789 0.016310 0.042105
0 0.304281 0.040789 0.011213 0.028947
0 0.374108 0.122368 0.016310 0.039474
0 0.467890 0.130263 0.016310 0.050000
0 0.744139 0.244737 0.018349 0.057895
0 0.863405 0.406579 0.028542 0.081579
0 0.722222 0.431579 0.025484 0.078947
0 0.813456 0.076316 0.012232 0.036842
0 0.581549 0.140789 0.013252 0.039474
0 0.469929 0.438158 0.024465 0.071053
0 0.507136 0.190789 0.017329 0.055263
0 0.648828 0.148684 0.013252 0.044737
0 0.963303 0.093421 0.012232 0.039474
0 0.453619 0.309211 0.016310 0.055263
0 0.053007 0.040789 0.010194 0.028947
0 0.938838 0.746053 0.044852 0.102632
0 0.673802 0.223684 0.016310 0.052632
0 0.867482 0.143421 0.014271 0.044737
0 0.767074 0.209211 0.013252 0.055263
0 0.254332 0.194737 0.017329 0.052632
0 0.852192 0.127632 0.014271 0.044737
0 0.604995 0.150000 0.015291 0.047368
0 0.905199 0.302632 0.018349 0.068421
0 0.273191 0.102632 0.012232 0.036842
0 0.016310 0.121053 0.016310 0.042105
0 0.585117 0.565789 0.020387 0.094737
0 0.462793 0.080263 0.016310 0.044737
0 0.775229 0.159211 0.015291 0.050000
0 0.194699 0.117105 0.014271 0.034211
0 0.773191 0.355263 0.025484 0.078947
0 0.671254 0.103947 0.013252 0.034211
0 0.590724 0.060526 0.013252 0.031579
0 0.083588 0.068421 0.010194 0.031579
0 0.664628 0.169737 0.016310 0.055263
0 0.010194 0.061842 0.012232 0.034211
0 0.709480 0.075000 0.012232 0.034211
0 0.541284 0.030263 0.010194 0.028947
0 0.467890 0.525000 0.030581 0.113158
0 0.069827 0.334211 0.019368 0.068421
0 0.429154 0.098684 0.010194 0.034211
0 0.059123 0.067105 0.012232 0.034211
0 0.354230 0.059211 0.011213 0.034211
0 0.634557 0.493421 0.035678 0.118421
0 0.632008 0.171053 0.014271 0.042105
0 0.760958 0.102632 0.013252 0.042105
0 0.281346 0.085526 0.010194 0.034211
0 0.428135 0.269737 0.016310 0.055263
0 0.527013 0.105263 0.012232 0.036842
0 0.248216 0.131579 0.015291 0.047368
0 0.497452 0.285526 0.018349 0.065789
0 0.371050 0.072368 0.012232 0.039474
0 0.851682 0.185526 0.015291 0.055263
0 0.831295 0.038158 0.009174 0.028947
0 0.309378 0.088158 0.013252 0.039474
0 0.042304 0.068421 0.011213 0.031579
0 0.125382 0.251316 0.020387 0.065789
0 0.564730 0.117105 0.016310 0.039474
0 0.864934 0.065789 0.011213 0.026316
0 0.610601 0.071053 0.012232 0.036842
0 0.890928 0.402632 0.020387 0.063158
0 0.165138 0.169737 0.016310 0.044737
0 0.982671 0.210526 0.018349 0.052632
0 0.694699 0.088158 0.011213 0.034211
0 0.216616 0.068421 0.011213 0.031579
0 0.635576 0.214474 0.019368 0.044737
0 0.219164 0.409211 0.022426 0.071053
0 0.021407 0.057895 0.010194 0.026316
0 0.835372 0.101316 0.013252 0.039474
0 0.623344 0.084211 0.013252 0.036842
0 0.948522 0.075000 0.011213 0.034211
0 0.980122 0.878947 0.037717 0.100000
0 0.401631 0.063158 0.012232 0.036842
0 0.067788 0.115789 0.011213 0.042105
0 0.007136 0.217105 0.012232 0.055263
0 0.322630 0.977632 0.045872 0.044737
0 0.737513 0.319737 0.017329 0.060526
0 0.718654 0.072368 0.012232 0.034211
0 0.745668 0.235526 0.019368 0.060526
0 0.591233 0.192105 0.018349 0.052632
0 0.566259 0.065789 0.013252 0.036842
0 0.337411 0.717105 0.057085 0.118421
0 0.315494 0.650000 0.043833 0.078947
0 0.332824 0.617105 0.027523 0.092105
0 0.415392 0.642105 0.021407 0.121053
0 0.440877 0.603947 0.023445 0.092105
0 0.397554 0.789474 0.048930 0.121053
0 0.433741 0.788158 0.031600 0.118421
0 0.619266 0.973684 0.054027 0.052632
0 0.859837 0.965789 0.051988 0.068421
0 0.192661 0.807895 0.055046 0.173684
0 0.213048 0.715789 0.040775 0.131579
0 0.164118 0.726316 0.042813 0.136842
0 0.122324 0.740789 0.030581 0.086842
0 0.093782 0.476316 0.026504 0.089474
0 0.072885 0.410526 0.025484 0.073684
0 0.174312 0.378947 0.024465 0.078947
0 0.249235 0.289474 0.023445 0.057895
0 0.276758 0.278947 0.027523 0.052632
0 0.401631 0.257895 0.014271 0.047368
0 0.684506 0.646053 0.031600 0.092105
0 0.676351 0.592105 0.037717 0.094737
0 0.629969 0.668421 0.026504 0.110526
0 0.404179 0.147368 0.017329 0.052632
