0 0.711519 0.673684 0.036697 0.115789
0 0.679918 0.832895 0.050968 0.186842
0 0.751274 0.832895 0.042813 0.165789
0 0.046381 0.759211 0.070336 0.186842
0 0.878695 0.796053 0.050968 0.176316
0 0.132008 0.882895 0.070336 0.186842
0 0.056575 0.548684 0.041794 0.118421
0 0.789501 0.371053 0.033639 0.100000
0 0.515800 0.646053 0.040775 0.144737
0 0.742610 0.575000 0.033639 0.118421
0 0.133537 0.630263 0.034659 0.150000
0 0.910296 0.905263 0.055046 0.142105
0 0.898573 0.559211 0.039755 0.107895
0 0.419470 0.438158 0.027523 0.086842
0 0.585117 0.826316 0.055046 0.152632
0 0.928644 0.514474 0.028542 0.107895
0 0.895515 0.426316 0.031600 0.110526
0 0.581040 0.517105 0.030581 0.092105
0 0.710499 0.457895 0.032620 0.105263
0 0.118756 0.510526 0.039755 0.100000
0 0.216616 0.330263 0.023445 0.076316
0 0.907238 0.680263 0.038736 0.113158
0 0.390418 0.443421 0.026504 0.081579
0 0.464832 0.352632 0.032620 0.089474
0 0.727829 0.361842 0.030581 0.107895
0 0.257900 0.369737 0.022426 0.071053
0 0.257390 0.298684 0.021407 0.065789
0 0.836391 0.811842 0.043833 0.181579
0 0.818552 0.485526 0.032620 0.086842
0 0.987768 0.751316 0.024465 0.155263
0 0.269113 0.503947 0.032620 0.071053
0 0.620285 0.327632 0.025484 0.076316
0 0.390418 0.306579 0.022426 0.071053
0 0.698267 0.344737 0.024465 0.084211
0 0.551988 0.198684 0.019368 0.060526
0 0.508155 0.347368 0.023445 0.084211
0 0.322120 0.417105 0.022426 0.076316
0 0.298165 0.414474 0.023445 0.092105
0 0.237003 0.456579 0.025484 0.097368
0 0.584608 0.955263 0.060143 0.089474
0 0.204893 0.235526 0.020387 0.076316
0 0.055046 0.409211 0.030581 0.092105
0 0.902650 0.272368 0.019368 0.071053
0 0.369011 0.663158 0.032620 0.089474
0 0.813456 0.310526 0.022426 0.073684
0 0.638634 0.244737 0.021407 0.063158
0 0.571865 0.186842 0.016310 0.063158
0 0.556575 0.751316 0.036697 0.086842
0 0.675331 0.310526 0.021407 0.068421
0 0.442406 0.427632 0.022426 0.092105
0 0.094801 0.319737 0.022426 0.076316
0 0.923547 0.751316 0.038736 0.076316
0 0.511213 0.267105 0.021407 0.065789
0 0.630479 0.393421 0.025484 0.060526
0 0.215596 0.436842 0.019368 0.078947
0 0.624363 0.498684 0.027523 0.086842
0 0.010703 0.288158 0.019368 0.081579
0 0.598879 0.282895 0.019368 0.060526
0 0.451580 0.222368 0.020387 0.055263
0 0.478084 0.436842 0.028542 0.068421
0 0.562691 0.607895 0.034659 0.105263
0 0.640673 0.447368 0.029562 0.063158
0 0.626402 0.792105 0.033639 0.147368
0 0.364424 0.300000 0.023445 0.068421
0 0.750255 0.202632 0.018349 0.057895
0 0.642202 0.121053 0.016310 0.052632
0 0.347604 0.550000 0.026504 0.078947
0 0.041284 0.314474 0.021407 0.071053
0 0.564220 0.356579 0.025484 0.081579
0 0.439857 0.863158 0.070336 0.257895
0 0.478593 0.167105 0.017329 0.050000
0 0.271662 0.253947 0.019368 0.055263
0 0.469419 0.117105 0.015291 0.050000
0 0.677370 0.468421 0.033639 0.094737
0 0.338940 0.339474 0.019368 0.078947
0 0.354740 0.855263 0.069317 0.215789
0 0.252803 0.763158 0.046891 0.152632
0 0.241590 0.177632 0.020387 0.055263
0 0.823140 0.972368 0.056065 0.055263
0 0.264016 0.436842 0.026504 0.068421
0 0.939348 0.853947 0.031600 0.123684
0 0.287971 0.332895 0.023445 0.071053
0 0.706422 0.092105 0.010194 0.031579
0 0.611111 0.215789 0.017329 0.057895
0 0.555556 0.488158 0.022426 0.071053
0 0.453619 0.105263 0.014271 0.047368
0 0.672783 0.622368 0.038736 0.097368
0 0.545872 0.301316 0.021407 0.076316
0 0.849643 0.305263 0.019368 0.063158
0 0.930173 0.225000 0.017329 0.050000
0 0.153925 0.252632 0.018349 0.052632
0 0.715087 0.203947 0.017329 0.050000
0 0.406218 0.167105 0.017329 0.055263
0 0.888889 0.235526 0.018349 0.050000
0 0.299185 0.715789 0.031600 0.131579
0 0.662080 0.556579 0.039755 0.076316
0 0.991845 0.603947 0.016310 0.113158
0 0.797146 0.236842 0.022426 0.063158
0 0.109072 0.190789 0.016310 0.050000
0 0.064730 0.139474 0.017329 0.047368
0 0.431193 0.280263 0.022426 0.065789
0 0.820082 0.555263 0.031600 0.063158
0 0.745158 0.085526 0.014271 0.039474
0 0.081040 0.396053 0.019368 0.065789
0 0.317533 0.281579 0.019368 0.068421
0 0.154434 0.130263 0.013252 0.039474
0 0.439857 0.830263 0.068298 0.186842
0 0.354740 0.371053 0.018349 0.068421
0 0.967890 0.673684 0.035678 0.136842
0 0.021407 0.242105 0.018349 0.057895
0 0.976555 0.569737 0.024465 0.076316
0 0.852701 0.163158 0.015291 0.052632
0 0.508155 0.155263 0.015291 0.052632
0 0.171254 0.406579 0.020387 0.076316
0 0.717635 0.096053 0.010194 0.034211
0 0.182977 0.214474 0.019368 0.055263
0 0.231906 0.831579 0.084608 0.221053
0 0.435780 0.165789 0.015291 0.047368
0 0.514781 0.448684 0.022426 0.086842
0 0.677880 0.210526 0.018349 0.057895
0 0.947503 0.335526 0.019368 0.060526
0 0.365443 0.244737 0.019368 0.047368
0 0.863914 0.209211 0.015291 0.050000
0 0.065240 0.198684 0.016310 0.050000
0 0.154434 0.469737 0.029562 0.107895
0 0.015800 0.150000 0.017329 0.063158
0 0.381244 0.576316 0.028542 0.105263
0 0.768603 0.131579 0.014271 0.052632
0 0.163609 0.194737 0.015291 0.047368
0 0.045872 0.036842 0.010194 0.031579
0 0.502039 0.977632 0.064220 0.044737
0 0.278287 0.432895 0.016310 0.076316
0 0.661060 0.221053 0.015291 0.063158
0 0.240061 0.231579 0.019368 0.057895
0 0.826707 0.132895 0.014271 0.044737
0 0.637615 0.192105 0.017329 0.042105
0 0.992355 0.269737 0.015291 0.071053
0 0.559123 0.356579 0.027523 0.081579
0 0.338430 0.172368 0.014271 0.050000
0 0.469419 0.053947 0.011213 0.034211
0 0.730377 0.093421 0.011213 0.039474
0 0.535678 0.167105 0.017329 0.055263
0 0.207951 0.150000 0.016310 0.057895
0 0.730887 0.225000 0.016310 0.060526
0 0.779817 0.153947 0.014271 0.050000
0 0.912334 0.156579 0.014271 0.044737
0 0.116208 0.289474 0.020387 0.068421
0 0.660550 0.159211 0.016310 0.050000
0 0.354230 0.125000 0.015291 0.039474
0 0.129460 0.061842 0.012232 0.028947
0 0.943935 0.202632 0.016310 0.047368
0 0.469929 0.211842 0.016310 0.050000
0 0.859327 0.115789 0.012232 0.036842
0 0.380224 0.978947 0.057085 0.042105
0 0.454638 0.513158 0.028542 0.052632
0 0.238532 0.765789 0.075433 0.157895
0 0.013252 0.090789 0.014271 0.039474
0 0.875127 0.348684 0.023445 0.076316
0 0.167686 0.117105 0.013252 0.039474
0 0.969929 0.706579 0.037717 0.207895
0 0.166157 0.564474 0.026504 0.092105
0 0.157492 0.075000 0.011213 0.034211
0 0.304791 0.130263 0.016310 0.050000
0 0.806830 0.190789 0.017329 0.055263
0 0.617227 0.090789 0.011213 0.034211
0 0.042813 0.128947 0.016310 0.052632
0 0.825178 0.980263 0.066259 0.039474
0 0.986239 0.218421 0.019368 0.052632
0 0.332824 0.225000 0.015291 0.055263
0 0.910805 0.218421 0.015291 0.047368
0 0.328746 0.097368 0.013252 0.036842
0 0.127931 0.180263 0.013252 0.039474
0 0.020387 0.046053 0.012232 0.034211
0 0.179918 0.156579 0.015291 0.044737
0 0.864934 0.275000 0.017329 0.055263
0 0.140163 0.307895 0.021407 0.057895
0 0.989806 0.465789 0.020387 0.100000
0 0.009174 0.038158 0.010194 0.034211
0 0.105505 0.126316 0.015291 0.042105
0 0.779817 0.057895 0.010194 0.031579
0 0.953619 0.069737 0.011213 0.034211
0 0.200306 0.943421 0.062181 0.113158
0 0.284913 0.598684 0.037717 0.113158
0 0.308359 0.546053 0.025484 0.086842
0 0.218654 0.661842 0.058104 0.076316
0 0.176351 0.705263 0.038736 0.142105
0 0.103466 0.768421 0.045872 0.100000
0 0.094292 0.647368 0.045872 0.126316
0 0.489806 0.878947 0.041794 0.168421
0 0.533639 0.860526 0.027523 0.100000
0 0.617737 0.688158 0.036697 0.097368
0 0.358818 0.472368 0.032620 0.102632
0 0.219164 0.572368 0.028542 0.102632
0 0.198267 0.486842 0.023445 0.073684
0 0.177880 0.310526 0.027523 0.084211
0 0.746177 0.469737 0.030581 0.092105
0 0.714067 0.607895 0.043833 0.115789
0 0.817023 0.690789 0.049949 0.097368
0 0.816514 0.611842 0.042813 0.071053
0 0.850153 0.434211 0.038736 0.094737
0 0.962283 0.488158 0.034659 0.102632
0 0.762487 0.363158 0.024465 0.094737
0 0.785423 0.801316 0.039755 0.160526
