0 0.659021 0.585526 0.047910 0.128947
0 0.732416 0.846053 0.054027 0.181579
0 0.533129 0.700000 0.042813 0.184211
0 0.610601 0.723684 0.044852 0.136842
0 0.816004 0.878947 0.045872 0.173684
0 0.059633 0.435526 0.035678 0.113158
0 0.926096 0.573684 0.039755 0.110526
0 0.633537 0.935526 0.054027 0.123684
0 0.098879 0.472368 0.038736 0.134211
0 0.549949 0.500000 0.029562 0.105263
0 0.383792 0.559211 0.031600 0.107895
0 0.028542 0.802632 0.048930 0.184211
0 0.255352 0.569737 0.039755 0.134211
0 0.852192 0.475000 0.030581 0.102632
0 0.845056 0.343421 0.024465 0.081579
0 0.026504 0.488158 0.034659 0.107895
0 0.377676 0.814474 0.058104 0.202632
0 0.273700 0.715789 0.051988 0.110526
0 0.696738 0.388158 0.027523 0.107895
0 0.588175 0.577632 0.034659 0.113158
0 0.707441 0.734211 0.040775 0.131579
0 0.984200 0.759211 0.031600 0.144737
0 0.508155 0.456579 0.025484 0.097368
0 0.916412 0.727632 0.042813 0.150000
0 0.450561 0.738158 0.036697 0.139474
0 0.828236 0.253947 0.021407 0.071053
0 0.574414 0.409211 0.027523 0.097368
0 0.708461 0.275000 0.020387 0.076316
0 0.536188 0.369737 0.026504 0.086842
0 0.109582 0.792105 0.060143 0.184211
0 0.461264 0.448684 0.029562 0.071053
0 0.618247 0.415789 0.027523 0.084211
0 0.622324 0.327632 0.027523 0.076316
0 0.664628 0.298684 0.024465 0.076316
0 0.266055 0.363158 0.030581 0.089474
0 0.945464 0.455263 0.029562 0.094737
0 0.569317 0.271053 0.021407 0.068421
0 0.773700 0.732895 0.042813 0.171053
0 0.847604 0.239474 0.019368 0.073684
0 0.572375 0.938158 0.064220 0.118421
0 0.501529 0.373684 0.026504 0.068421
0 0.129969 0.578947 0.035678 0.100000
0 0.087156 0.335526 0.023445 0.086842
0 0.767584 0.500000 0.038736 0.094737
0 0.542813 0.240789 0.017329 0.065789
0 0.283894 0.903947 0.056065 0.181579
0 0.987258 0.586842 0.025484 0.115789
0 0.878695 0.303947 0.020387 0.071053
0 0.597350 0.496053 0.032620 0.065789
0 0.472987 0.307895 0.022426 0.073684
0 0.789501 0.371053 0.021407 0.078947
0 0.744648 0.621053 0.039755 0.110526
0 0.532620 0.930263 0.033639 0.118421
0 0.422018 0.402632 0.024465 0.073684
0 0.307339 0.486842 0.025484 0.089474
0 0.490316 0.293421 0.016310 0.065789
0 0.802243 0.451316 0.026504 0.092105
0 0.349643 0.346053 0.022426 0.071053
0 0.437309 0.940789 0.055046 0.076316
0 0.029562 0.376316 0.024465 0.078947
0 0.155454 0.407895 0.021407 0.084211
0 0.184506 0.188158 0.020387 0.065789
0 0.452599 0.601316 0.032620 0.102632
0 0.062181 0.259211 0.018349 0.065789
0 0.316514 0.259211 0.017329 0.050000
0 0.919470 0.139474 0.018349 0.057895
0 0.972477 0.334211 0.024465 0.073684
0 0.879715 0.425000 0.022426 0.081579
0 0.300714 0.331579 0.028542 0.078947
0 0.039246 0.250000 0.023445 0.073684
0 0.183486 0.113158 0.016310 0.047368
0 0.518349 0.568421 0.037717 0.078947
0 0.327217 0.569737 0.036697 0.097368
0 0.444954 0.184211 0.019368 0.063158
0 0.870031 0.230263 0.017329 0.055263
0 0.007136 0.534211 0.012232 0.105263
0 0.403670 0.213158 0.022426 0.068421
0 0.351172 0.219737 0.021407 0.065789
0 0.885321 0.125000 0.015291 0.050000
0 0.366972 0.186842 0.016310 0.052632
0 0.419470 0.669737 0.031600 0.102632
0 0.233435 0.239474 0.018349 0.063158
0 0.511213 0.215789 0.017329 0.052632
0 0.420489 0.273684 0.019368 0.063158
0 0.007645 0.419737 0.013252 0.086842
0 0.524975 0.257895 0.016310 0.063158
0 0.209480 0.389474 0.025484 0.089474
0 0.440877 0.272368 0.019368 0.060526
0 0.441896 0.123684 0.015291 0.047368
0 0.093272 0.234211 0.019368 0.063158
0 0.136595 0.165789 0.018349 0.068421
0 0.467380 0.175000 0.019368 0.065789
0 0.262997 0.153947 0.016310 0.050000
0 0.382773 0.976316 0.060143 0.047368
0 0.213558 0.122368 0.017329 0.055263
0 0.249235 0.290789 0.023445 0.065789
0 0.396534 0.415789 0.022426 0.084211
0 0.407747 0.101316 0.012232 0.039474
0 0.495413 0.132895 0.016310 0.050000
0 0.286442 0.546053 0.026504 0.107895
0 0.904689 0.090789 0.011213 0.034211
0 0.508155 0.163158 0.013252 0.047368
0 0.591233 0.248684 0.018349 0.055263
0 0.476045 0.115789 0.016310 0.047368
0 0.452090 0.313158 0.015291 0.063158
0 0.784404 0.259211 0.019368 0.071053
0 0.968400 0.268421 0.020387 0.063158
0 0.195719 0.452632 0.024465 0.089474
0 0.989806 0.081579 0.016310 0.047368
0 0.739551 0.369737 0.021407 0.065789
0 0.357288 0.421053 0.021407 0.073684
0 0.170744 0.071053 0.013252 0.036842
0 0.377166 0.415789 0.020387 0.073684
0 0.571865 0.088158 0.012232 0.039474
0 0.280836 0.300000 0.019368 0.063158
0 0.745158 0.122368 0.014271 0.044737
0 0.633537 0.211842 0.019368 0.071053
0 0.292049 0.078947 0.013252 0.042105
0 0.715087 0.539474 0.033639 0.084211
0 0.677370 0.113158 0.013252 0.042105
0 0.959735 0.118421 0.015291 0.042105
0 0.925586 0.403947 0.022426 0.086842
0 0.747706 0.217105 0.019368 0.055263
0 0.191131 0.913158 0.066259 0.163158
0 0.879205 0.182895 0.015291 0.050000
0 0.937819 0.138158 0.014271 0.055263
0 0.288481 0.143421 0.014271 0.050000
0 0.262487 0.234211 0.019368 0.068421
0 0.381753 0.123684 0.015291 0.036842
0 0.608563 0.073684 0.012232 0.036842
0 0.318043 0.189474 0.016310 0.057895
0 0.043833 0.143421 0.014271 0.044737
0 0.695209 0.086842 0.014271 0.036842
0 0.235984 0.131579 0.015291 0.047368
0 0.212538 0.528947 0.039755 0.121053
0 0.839959 0.435526 0.022426 0.071053
0 0.944954 0.078947 0.014271 0.042105
0 0.881244 0.525000 0.035678 0.092105
0 0.925076 0.230263 0.019368 0.050000
0 0.918960 0.286842 0.019368 0.068421
0 0.391947 0.163158 0.017329 0.047368
0 0.304791 0.146053 0.018349 0.060526
0 0.735474 0.977632 0.056065 0.044737
0 0.947503 0.340789 0.019368 0.071053
0 0.248726 0.281579 0.024465 0.068421
0 0.586137 0.359211 0.024465 0.065789
0 0.776249 0.114474 0.015291 0.039474
0 0.944954 0.239474 0.018349 0.047368
0 0.120285 0.111842 0.012232 0.034211
0 0.041794 0.075000 0.012232 0.034211
0 0.422528 0.140789 0.015291 0.044737
0 0.532110 0.148684 0.016310 0.044737
0 0.634047 0.090789 0.012232 0.034211
0 0.666667 0.168421 0.016310 0.068421
0 0.724261 0.210526 0.019368 0.063158
0 0.418451 0.056579 0.011213 0.034211
0 0.582059 0.042105 0.012232 0.031579
0 0.200815 0.086842 0.014271 0.042105
0 0.760958 0.280263 0.021407 0.065789
0 0.200306 0.334211 0.023445 0.052632
0 0.157492 0.031579 0.013252 0.042105
0 0.977064 0.103947 0.013252 0.044737
0 0.553007 0.094737 0.013252 0.036842
0 0.614679 0.126316 0.014271 0.047368
0 0.450561 0.580263 0.032620 0.102632
0 0.905199 0.417105 0.022426 0.113158
0 0.773191 0.203947 0.015291 0.050000
0 0.379715 0.652632 0.025484 0.078947
0 0.993374 0.900000 0.013252 0.136842
0 0.064220 0.093421 0.012232 0.034211
0 0.546891 0.063158 0.011213 0.031579
0 0.904179 0.400000 0.022426 0.094737
0 0.064730 0.185526 0.015291 0.060526
0 0.006626 0.200000 0.011213 0.063158
0 0.492355 0.065789 0.012232 0.036842
0 0.056065 0.152632 0.014271 0.047368
0 0.594292 0.084211 0.014271 0.036842
0 0.404179 0.146053 0.015291 0.044737
0 0.853211 0.136842 0.014271 0.047368
0 0.982671 0.176316 0.016310 0.057895
0 0.554536 0.247368 0.012232 0.063158
0 0.671254 0.222368 0.017329 0.055263
0 0.667176 0.177632 0.017329 0.060526
0 0.344546 0.172368 0.018349 0.044737
0 0.532620 0.073684 0.011213 0.036842
0 0.503058 0.097368 0.011213 0.042105
0 0.159021 0.327632 0.018349 0.055263
0 0.531091 0.994737 0.044852 0.010526
0 0.520387 0.118421 0.013252 0.047368
0 0.240571 0.078947 0.012232 0.036842
0 0.005097 0.071053 0.008155 0.036842
0 0.076453 0.157895 0.014271 0.047368
0 0.458206 0.060526 0.011213 0.031579
0 0.261978 0.831579 0.038736 0.136842
0 0.216106 0.764474 0.050968 0.160526
0 0.210499 0.853947 0.039755 0.097368
0 0.314475 0.868421 0.033639 0.173684
0 0.346075 0.688158 0.035678 0.123684
0 0.489297 0.919737 0.046891 0.160526
0 0.601937 0.838158 0.043833 0.107895
0 0.656983 0.832895 0.029562 0.081579
0 0.565749 0.727632 0.038736 0.150000
0 0.910805 0.875000 0.051988 0.150000
0 0.134047 0.957895 0.049949 0.084211
0 0.057594 0.680263 0.041794 0.118421
0 0.076962 0.638158 0.027523 0.113158
0 0.018858 0.663158 0.035678 0.142105
0 0.106014 0.319737 0.018349 0.086842
0 0.132008 0.321053 0.029562 0.078947
0 0.151886 0.273684 0.024465 0.063158
0 0.132008 0.217105 0.017329 0.044737
0 0.107034 0.188158 0.020387 0.044737
0 0.056065 0.340789 0.030581 0.071053
0 0.220183 0.200000 0.016310 0.063158
0 0.337920 0.400000 0.021407 0.068421
0 0.388379 0.305263 0.024465 0.047368
0 0.660041 0.478947 0.029562 0.094737
0 0.598369 0.198684 0.016310 0.060526
0 0.970438 0.647368 0.024465 0.073684
0 0.800714 0.698684 0.023445 0.155263
0 0.660550 0.401316 0.028542 0.097368
0 0.563710 0.211842 0.020387 0.060526
0 0.258919 0.443421 0.034659 0.055263
0 0.295617 0.407895 0.028542 0.068421
0 0.243119 0.363158 0.017329 0.084211
0 0.221713 0.331579 0.021407 0.068421
0 0.140673 0.459211 0.032620 0.086842
0 0.188073 0.640789 0.045872 0.102632
