0 0.320082 0.773684 0.050968 0.157895
0 0.766565 0.478947 0.036697 0.121053
0 0.153925 0.625000 0.042813 0.128947
0 0.716106 0.823684 0.045872 0.152632
0 0.751274 0.669737 0.044852 0.144737
0 0.481651 0.726316 0.045872 0.194737
0 0.654944 0.496053 0.031600 0.107895
0 0.163609 0.875000 0.056065 0.176316
0 0.036697 0.468421 0.032620 0.126316
0 0.929154 0.780263 0.047910 0.171053
0 0.408257 0.446053 0.035678 0.118421
0 0.555046 0.632895 0.045872 0.113158
0 0.849134 0.896053 0.053007 0.155263
0 0.888379 0.711842 0.039755 0.144737
0 0.534149 0.475000 0.030581 0.097368
0 0.929154 0.631579 0.043833 0.105263
0 0.972987 0.875000 0.049949 0.139474
0 0.926096 0.482895 0.033639 0.097368
0 0.786952 0.701316 0.036697 0.123684
0 0.611111 0.611842 0.033639 0.107895
0 0.075943 0.886842 0.074414 0.194737
0 0.020897 0.815789 0.039755 0.157895
0 0.623853 0.934211 0.046891 0.126316
0 0.106014 0.723684 0.036697 0.126316
0 0.678899 0.406579 0.030581 0.081579
0 0.792049 0.336842 0.026504 0.094737
0 0.269623 0.786842 0.045872 0.210526
0 0.503568 0.542105 0.032620 0.110526
0 0.266565 0.434211 0.031600 0.110526
0 0.374618 0.403947 0.027523 0.092105
0 0.326198 0.393421 0.028542 0.097368
0 0.694190 0.546053 0.036697 0.113158
0 0.819572 0.684211 0.034659 0.126316
0 0.824669 0.444737 0.034659 0.089474
0 0.649847 0.400000 0.027523 0.078947
0 0.789501 0.938158 0.056065 0.123684
0 0.611111 0.750000 0.045872 0.163158
0 0.941386 0.256579 0.019368 0.065789
0 0.288991 0.288158 0.019368 0.071053
0 0.125382 0.417105 0.028542 0.102632
0 0.154944 0.347368 0.024465 0.089474
0 0.575433 0.327632 0.025484 0.081579
0 0.752294 0.313158 0.026504 0.089474
0 0.688073 0.757895 0.036697 0.136842
0 0.648318 0.822368 0.053007 0.139474
0 0.620795 0.527632 0.036697 0.076316
0 0.036697 0.365789 0.024465 0.078947
0 0.719164 0.413158 0.027523 0.078947
0 0.710499 0.481579 0.028542 0.073684
0 0.182467 0.332895 0.024465 0.071053
0 0.329256 0.536842 0.028542 0.105263
0 0.851172 0.518421 0.038736 0.105263
0 0.193170 0.728947 0.035678 0.115789
0 0.492864 0.936842 0.084608 0.126316
0 0.565240 0.427632 0.027523 0.097368
0 0.855250 0.257895 0.018349 0.063158
0 0.642712 0.307895 0.029562 0.089474
0 0.809888 0.240789 0.021407 0.076316
0 0.233945 0.742105 0.031600 0.142105
0 0.439857 0.346053 0.023445 0.081579
0 0.618247 0.271053 0.021407 0.068421
0 0.553517 0.209211 0.018349 0.060526
0 0.302243 0.232895 0.023445 0.065789
0 0.670744 0.623684 0.034659 0.121053
0 0.558104 0.275000 0.023445 0.065789
0 0.209990 0.488158 0.030581 0.086842
0 0.467380 0.467105 0.029562 0.081579
0 0.495923 0.397368 0.025484 0.089474
0 0.602956 0.205263 0.017329 0.057895
0 0.193680 0.422368 0.028542 0.081579
0 0.691131 0.310526 0.018349 0.073684
0 0.448012 0.432895 0.023445 0.081579
0 0.451070 0.242105 0.019368 0.057895
0 0.295617 0.597368 0.046891 0.115789
0 0.889908 0.302632 0.024465 0.084211
0 0.403160 0.703947 0.047910 0.239474
0 0.227319 0.318421 0.020387 0.073684
0 0.842508 0.176316 0.015291 0.052632
0 0.266565 0.265789 0.019368 0.063158
0 0.966871 0.560526 0.039755 0.115789
0 0.239042 0.238158 0.019368 0.060526
0 0.869011 0.368421 0.025484 0.078947
0 0.672273 0.910526 0.051988 0.126316
0 0.840469 0.593421 0.023445 0.102632
0 0.757900 0.913158 0.045872 0.142105
0 0.511723 0.281579 0.022426 0.068421
0 0.574924 0.521053 0.028542 0.100000
0 0.094292 0.277632 0.021407 0.071053
0 0.701325 0.232895 0.020387 0.044737
0 0.383792 0.217105 0.023445 0.060526
0 0.530071 0.134211 0.014271 0.036842
0 0.368502 0.277632 0.021407 0.071053
0 0.080530 0.225000 0.018349 0.060526
0 0.518858 0.414474 0.024465 0.081579
0 0.960754 0.221053 0.017329 0.057895
0 0.513252 0.672368 0.025484 0.128947
0 0.441896 0.127632 0.015291 0.044737
0 0.167686 0.234211 0.017329 0.063158
0 0.575433 0.214474 0.021407 0.065789
0 0.681448 0.106579 0.013252 0.044737
0 0.731906 0.221053 0.020387 0.063158
0 0.244648 0.075000 0.014271 0.044737
0 0.245158 0.981579 0.056065 0.036842
0 0.351682 0.207895 0.018349 0.052632
0 0.447503 0.650000 0.034659 0.115789
0 0.991845 0.371053 0.016310 0.078947
0 0.017329 0.386842 0.020387 0.078947
0 0.676351 0.235526 0.019368 0.050000
0 0.543323 0.160526 0.016310 0.047368
0 0.714577 0.121053 0.012232 0.036842
0 0.909276 0.273684 0.018349 0.057895
0 0.986239 0.732895 0.027523 0.165789
0 0.229358 0.084211 0.014271 0.042105
0 0.353211 0.157895 0.019368 0.047368
0 0.326198 0.153947 0.016310 0.055263
0 0.778287 0.094737 0.011213 0.036842
0 0.205912 0.167105 0.018349 0.050000
0 0.258919 0.098684 0.012232 0.044737
0 0.552497 0.751316 0.040775 0.144737
0 0.143731 0.234211 0.020387 0.057895
0 0.876147 0.490789 0.023445 0.107895
0 0.147808 0.115789 0.014271 0.047368
0 0.283894 0.103947 0.013252 0.044737
0 0.706932 0.290789 0.021407 0.065789
0 0.946993 0.067105 0.012232 0.034211
0 0.883282 0.142105 0.013252 0.047368
0 0.084608 0.140789 0.014271 0.055263
0 0.206932 0.222368 0.018349 0.055263
0 0.887870 0.469737 0.022426 0.102632
0 0.646789 0.101316 0.015291 0.050000
0 0.064220 0.707895 0.048930 0.126316
0 0.199286 0.575000 0.037717 0.118421
0 0.482161 0.197368 0.018349 0.057895
0 0.322630 0.925000 0.043833 0.150000
0 0.025994 0.267105 0.023445 0.071053
0 0.741081 0.115789 0.012232 0.036842
0 0.264016 0.165789 0.022426 0.078947
0 0.620795 0.192105 0.016310 0.052632
0 0.817023 0.346053 0.021407 0.092105
0 0.350153 0.930263 0.096840 0.139474
0 0.983690 0.482895 0.030581 0.092105
0 0.630989 0.138158 0.014271 0.050000
0 0.931702 0.078947 0.012232 0.036842
0 0.670744 0.078947 0.012232 0.042105
0 0.562181 0.161842 0.017329 0.044737
0 0.925076 0.415789 0.031600 0.052632
0 0.828236 0.168421 0.013252 0.047368
0 0.599388 0.411842 0.026504 0.076316
0 0.267584 0.085526 0.011213 0.039474
0 0.500510 0.248684 0.018349 0.065789
0 0.097859 0.144737 0.012232 0.042105
0 0.035168 0.096053 0.013252 0.039474
0 0.768094 0.256579 0.023445 0.071053
0 0.178389 0.188158 0.014271 0.050000
0 0.134557 0.123684 0.014271 0.047368
0 0.875127 0.244737 0.019368 0.057895
0 0.502548 0.235526 0.020387 0.060526
0 0.899592 0.175000 0.019368 0.055263
0 0.465341 0.150000 0.015291 0.042105
0 0.730377 0.131579 0.013252 0.036842
0 0.230887 0.450000 0.025484 0.110526
0 0.428135 0.235526 0.016310 0.055263
0 0.819572 0.125000 0.012232 0.039474
0 0.418451 0.057895 0.011213 0.031579
0 0.282875 0.186842 0.017329 0.057895
0 0.798165 0.109211 0.012232 0.039474
0 0.106014 0.110526 0.012232 0.036842
0 0.544343 0.084211 0.012232 0.036842
0 0.897044 0.223684 0.020387 0.052632
0 0.993374 0.188158 0.013252 0.044737
0 0.818552 0.155263 0.012232 0.047368
0 0.116718 0.121053 0.013252 0.047368
0 0.632518 0.143421 0.015291 0.050000
0 0.005097 0.392105 0.008155 0.084211
0 0.120285 0.165789 0.014271 0.047368
0 0.145770 0.519737 0.034659 0.071053
0 0.769113 0.267105 0.021407 0.076316
0 0.782875 0.152632 0.016310 0.047368
0 0.333843 0.668421 0.047910 0.121053
0 0.093272 0.489474 0.033639 0.110526
0 0.066259 0.602632 0.038736 0.115789
0 0.096330 0.596053 0.023445 0.097368
0 0.021916 0.627632 0.035678 0.150000
0 0.056065 0.267105 0.024465 0.097368
0 0.098369 0.230263 0.017329 0.044737
0 0.874108 0.913158 0.037717 0.157895
0 0.912844 0.944737 0.043833 0.110526
0 0.962283 0.938158 0.057085 0.123684
0 0.600917 0.310526 0.025484 0.073684
0 0.400102 0.323684 0.023445 0.084211
0 0.351172 0.390789 0.025484 0.107895
0 0.567788 0.907895 0.048930 0.121053
0 0.436799 0.781579 0.035678 0.094737
0 0.370031 0.546053 0.030581 0.107895
0 0.291030 0.355263 0.031600 0.078947
0 0.268094 0.351316 0.026504 0.060526
0 0.408257 0.234211 0.017329 0.052632
0 0.911315 0.376316 0.026504 0.094737
0 0.671764 0.306579 0.020387 0.076316
0 0.544343 0.343421 0.024465 0.076316
