0 0.698267 0.636842 0.040775 0.136842
0 0.539755 0.675000 0.045872 0.160526
0 0.896534 0.855263 0.041794 0.173684
0 0.195719 0.792105 0.046891 0.168421
0 0.796126 0.869737 0.044852 0.186842
0 0.705403 0.911842 0.050968 0.134211
0 0.579511 0.928947 0.058104 0.142105
0 0.655454 0.651316 0.042813 0.128947
0 0.606014 0.621053 0.054027 0.157895
0 0.432722 0.636842 0.041794 0.157895
0 0.120285 0.778947 0.046891 0.147368
0 0.880734 0.563158 0.030581 0.115789
0 0.633537 0.409211 0.033639 0.097368
0 0.443425 0.332895 0.024465 0.081579
0 0.329766 0.730263 0.051988 0.150000
0 0.093272 0.600000 0.043833 0.126316
0 0.483180 0.326316 0.024465 0.073684
0 0.166667 0.459211 0.031600 0.102632
0 0.404179 0.893421 0.056065 0.144737
0 0.730887 0.338158 0.024465 0.081579
0 0.241590 0.475000 0.032620 0.128947
0 0.832314 0.430263 0.033639 0.092105
0 0.919980 0.467105 0.031600 0.086842
0 0.333843 0.880263 0.033639 0.144737
0 0.016820 0.817105 0.031600 0.123684
0 0.955148 0.536842 0.038736 0.126316
0 0.707441 0.492105 0.026504 0.094737
0 0.150357 0.660526 0.039755 0.142105
0 0.466871 0.242105 0.020387 0.073684
0 0.042813 0.651316 0.046891 0.123684
0 0.672273 0.396053 0.025484 0.097368
0 0.211519 0.368421 0.023445 0.073684
0 0.893986 0.417105 0.030581 0.097368
0 0.168196 0.328947 0.020387 0.073684
0 0.309888 0.509211 0.026504 0.076316
0 0.088685 0.488158 0.034659 0.102632
0 0.604485 0.411842 0.022426 0.086842
0 0.037207 0.431579 0.027523 0.094737
0 0.395515 0.305263 0.022426 0.078947
0 0.643731 0.789474 0.041794 0.131579
0 0.525484 0.263158 0.021407 0.073684
0 0.196228 0.300000 0.021407 0.068421
0 0.590724 0.336842 0.025484 0.078947
0 0.200815 0.559211 0.028542 0.086842
0 0.988277 0.619737 0.023445 0.107895
0 0.308869 0.335526 0.022426 0.071053
0 0.770642 0.610526 0.042813 0.152632
0 0.850663 0.552632 0.029562 0.078947
0 0.208970 0.460526 0.028542 0.078947
0 0.652396 0.298684 0.022426 0.065789
0 0.426606 0.247368 0.021407 0.068421
0 0.555556 0.397368 0.024465 0.068421
0 0.266565 0.767105 0.041794 0.081579
0 0.507136 0.565789 0.039755 0.115789
0 0.372579 0.194737 0.021407 0.063158
0 0.959735 0.314474 0.021407 0.076316
0 0.971458 0.889474 0.055046 0.152632
0 0.140673 0.347368 0.024465 0.063158
0 0.480122 0.417105 0.030581 0.097368
0 0.406218 0.481579 0.025484 0.078947
0 0.568298 0.176316 0.019368 0.052632
0 0.915902 0.348684 0.023445 0.076316
0 0.085627 0.228947 0.020387 0.063158
0 0.503058 0.251316 0.019368 0.060526
0 0.570846 0.228947 0.020387 0.063158
0 0.381244 0.438158 0.024465 0.081579
0 0.760958 0.286842 0.019368 0.063158
0 0.536697 0.526316 0.027523 0.100000
0 0.537207 0.813158 0.057085 0.105263
0 0.464832 0.521053 0.034659 0.110526
0 0.782875 0.380263 0.026504 0.076316
0 0.047910 0.311842 0.028542 0.081579
0 0.217125 0.175000 0.016310 0.050000
0 0.352192 0.347368 0.025484 0.078947
0 0.335372 0.138158 0.016310 0.050000
0 0.176860 0.203947 0.019368 0.050000
0 0.549439 0.247368 0.020387 0.063158
0 0.449032 0.828947 0.031600 0.184211
0 0.154434 0.201316 0.017329 0.060526
0 0.965851 0.213158 0.019368 0.063158
0 0.059633 0.467105 0.021407 0.076316
0 0.413354 0.400000 0.029562 0.094737
0 0.698777 0.313158 0.019368 0.057895
0 0.839450 0.275000 0.019368 0.065789
0 0.493884 0.127632 0.015291 0.050000
0 0.066769 0.272368 0.017329 0.055263
0 0.552497 0.457895 0.024465 0.073684
0 0.058104 0.564474 0.028542 0.092105
0 0.357288 0.490789 0.031600 0.102632
0 0.197248 0.186842 0.019368 0.057895
0 0.095821 0.390789 0.020387 0.065789
0 0.986748 0.403947 0.026504 0.092105
0 0.605505 0.157895 0.014271 0.047368
0 0.256881 0.235526 0.020387 0.071053
0 0.771662 0.176316 0.016310 0.057895
0 0.239551 0.313158 0.020387 0.063158
0 0.011213 0.485526 0.020387 0.071053
0 0.007136 0.394737 0.012232 0.084211
0 0.556575 0.098684 0.014271 0.044737
0 0.639653 0.232895 0.019368 0.071053
0 0.729358 0.747368 0.039755 0.136842
0 0.345566 0.532895 0.028542 0.092105
0 0.703874 0.167105 0.017329 0.050000
0 0.801223 0.253947 0.020387 0.055263
0 0.348114 0.665789 0.035678 0.131579
0 0.467380 0.190789 0.019368 0.044737
0 0.357798 0.134211 0.016310 0.042105
0 0.119776 0.278947 0.021407 0.068421
0 0.649847 0.563158 0.031600 0.078947
0 0.477574 0.111842 0.015291 0.044737
0 0.850663 0.106579 0.013252 0.039474
0 0.511723 0.402632 0.020387 0.084211
0 0.300714 0.106579 0.016310 0.050000
0 0.839450 0.139474 0.019368 0.052632
0 0.641182 0.940789 0.057085 0.113158
0 0.873089 0.336842 0.025484 0.078947
0 0.993374 0.196053 0.013252 0.044737
0 0.569317 0.328947 0.019368 0.068421
0 0.273700 0.331579 0.029562 0.078947
0 0.991335 0.489474 0.017329 0.100000
0 0.327217 0.230263 0.020387 0.050000
0 0.330275 0.981579 0.071356 0.036842
0 0.107543 0.342105 0.017329 0.057895
0 0.335372 0.089474 0.014271 0.042105
0 0.212538 0.230263 0.019368 0.055263
0 0.414883 0.331579 0.022426 0.057895
0 0.870031 0.103947 0.015291 0.044737
0 0.785423 0.313158 0.021407 0.057895
0 0.387360 0.138158 0.018349 0.055263
0 0.940877 0.421053 0.022426 0.084211
0 0.690112 0.123684 0.014271 0.047368
0 0.661060 0.236842 0.019368 0.063158
0 0.534659 0.380263 0.019368 0.076316
0 0.522936 0.085526 0.012232 0.039474
0 0.758410 0.134211 0.014271 0.042105
0 0.308359 0.201316 0.017329 0.055263
0 0.540265 0.098684 0.014271 0.039474
0 0.542304 0.169737 0.016310 0.050000
0 0.710499 0.406579 0.028542 0.065789
0 0.756881 0.363158 0.023445 0.078947
0 0.742100 0.264474 0.016310 0.055263
0 0.859327 0.418421 0.024465 0.078947
0 0.915902 0.109211 0.013252 0.039474
0 0.670234 0.089474 0.013252 0.042105
0 0.473496 0.986842 0.058104 0.026316
0 0.725790 0.476316 0.018349 0.089474
0 0.767584 0.098684 0.014271 0.039474
0 0.488787 0.194737 0.019368 0.052632
0 0.920489 0.269737 0.018349 0.060526
0 0.981651 0.321053 0.020387 0.063158
0 0.512232 0.351316 0.019368 0.060526
0 0.282875 0.123684 0.015291 0.042105
0 0.880224 0.196053 0.017329 0.044737
0 0.795617 0.610526 0.021407 0.126316
0 0.349643 0.161842 0.016310 0.050000
0 0.904179 0.110526 0.012232 0.036842
0 0.088175 0.339474 0.019368 0.068421
0 0.811417 0.117105 0.016310 0.044737
0 0.654434 0.171053 0.016310 0.047368
0 0.674822 0.175000 0.016310 0.044737
0 0.465851 0.148684 0.016310 0.044737
0 0.127931 0.113158 0.015291 0.047368
0 0.429154 0.157895 0.016310 0.052632
0 0.120795 0.164474 0.015291 0.050000
0 0.651886 0.097368 0.013252 0.042105
0 0.638124 0.102632 0.012232 0.036842
0 0.686544 0.981579 0.066259 0.036842
0 0.749745 0.184211 0.015291 0.047368
0 0.935780 0.090789 0.014271 0.034211
0 0.008665 0.255263 0.015291 0.073684
0 0.582059 0.271053 0.018349 0.052632
0 0.263507 0.175000 0.015291 0.044737
0 0.035168 0.250000 0.015291 0.052632
0 0.316004 0.159211 0.016310 0.044737
0 0.616718 0.286842 0.020387 0.052632
0 0.951070 0.153947 0.018349 0.055263
0 0.353721 0.071053 0.012232 0.036842
0 0.901121 0.296053 0.018349 0.055263
0 0.441386 0.092105 0.014271 0.042105
0 0.716106 0.082895 0.015291 0.039474
0 0.829256 0.225000 0.019368 0.044737
0 0.408257 0.119737 0.013252 0.044737
0 0.309888 0.057895 0.010194 0.036842
0 0.083588 0.336842 0.024465 0.078947
0 0.952090 0.676316 0.038736 0.115789
0 0.808359 0.311842 0.016310 0.055263
0 0.277268 0.160526 0.014271 0.042105
0 0.593272 0.109211 0.014271 0.044737
0 0.248216 0.184211 0.015291 0.047368
0 0.817533 0.073684 0.012232 0.031579
0 0.233435 0.157895 0.016310 0.057895
0 0.420489 0.061842 0.011213 0.034211
0 0.993884 0.293421 0.012232 0.055263
0 0.995923 0.759211 0.008155 0.102632
0 0.328746 0.289474 0.021407 0.068421
0 0.120795 0.076316 0.013252 0.036842
0 0.206932 0.134211 0.012232 0.036842
0 0.100917 0.065789 0.014271 0.036842
0 0.242100 0.097368 0.013252 0.042105
0 0.090214 0.171053 0.015291 0.036842
0 0.433741 0.471053 0.025484 0.073684
0 0.516310 0.126316 0.013252 0.042105
0 0.017329 0.198684 0.020387 0.044737
0 0.169215 0.164474 0.018349 0.044737
0 0.006626 0.064474 0.011213 0.034211
0 0.785423 0.136842 0.013252 0.042105
0 0.422528 0.122368 0.015291 0.044737
0 0.615698 0.143421 0.014271 0.044737
0 0.307339 0.613158 0.027523 0.100000
0 0.213048 0.702632 0.028542 0.121053
0 0.241081 0.676316 0.031600 0.136842
0 0.190112 0.631579 0.033639 0.084211
0 0.275739 0.906579 0.058104 0.181579
0 0.849134 0.942105 0.063201 0.115789
0 0.844037 0.836842 0.042813 0.110526
0 0.855250 0.776316 0.036697 0.073684
0 0.856269 0.696053 0.028542 0.065789
0 0.887870 0.697368 0.030581 0.110526
0 0.819572 0.721053 0.038736 0.100000
0 0.780836 0.813158 0.053007 0.184211
0 0.686035 0.780263 0.040775 0.113158
0 0.558104 0.589474 0.029562 0.084211
0 0.570336 0.531579 0.031600 0.068421
0 0.580020 0.444737 0.026504 0.063158
0 0.479103 0.705263 0.036697 0.126316
0 0.509174 0.926316 0.058104 0.147368
0 0.395515 0.644737 0.034659 0.115789
0 0.360856 0.601316 0.022426 0.097368
0 0.276249 0.522368 0.034659 0.097368
0 0.343017 0.413158 0.031600 0.068421
0 0.133028 0.252632 0.019368 0.078947
0 0.929154 0.857895 0.029562 0.131579
