0 0.769623 0.759211 0.055046 0.171053
0 0.481651 0.636842 0.051988 0.152632
0 0.365443 0.748684 0.056065 0.181579
0 0.849643 0.590789 0.037717 0.128947
0 0.397044 0.597368 0.051988 0.131579
0 0.719674 0.764474 0.032620 0.144737
0 0.685525 0.701316 0.041794 0.144737
0 0.148318 0.744737 0.041794 0.142105
0 0.957187 0.835526 0.048930 0.150000
0 0.680428 0.890789 0.045872 0.139474
0 0.433741 0.815789 0.056065 0.205263
0 0.411825 0.485526 0.034659 0.107895
0 0.889399 0.605263 0.033639 0.115789
0 0.926606 0.492105 0.028542 0.110526
0 0.740571 0.957895 0.054027 0.084211
0 0.641182 0.456579 0.030581 0.092105
0 0.801223 0.942105 0.044852 0.115789
0 0.109072 0.794737 0.044852 0.126316
0 0.650357 0.294737 0.020387 0.073684
0 0.974516 0.428947 0.032620 0.110526
0 0.169725 0.589474 0.037717 0.131579
0 0.686544 0.505263 0.031600 0.110526
0 0.616718 0.569737 0.040775 0.118421
0 0.112130 0.634211 0.036697 0.126316
0 0.035168 0.621053 0.043833 0.126316
0 0.842508 0.410526 0.023445 0.084211
0 0.443935 0.465789 0.023445 0.089474
0 0.757900 0.428947 0.029562 0.089474
0 0.899592 0.801316 0.043833 0.092105
0 0.677880 0.306579 0.024465 0.076316
0 0.951070 0.669737 0.040775 0.144737
0 0.605505 0.301316 0.020387 0.076316
0 0.571356 0.478947 0.025484 0.078947
0 0.093272 0.223684 0.019368 0.057895
0 0.471458 0.506579 0.033639 0.081579
0 0.818552 0.218421 0.018349 0.057895
0 0.584098 0.315789 0.022426 0.073684
0 0.721713 0.528947 0.040775 0.121053
0 0.233435 0.436842 0.032620 0.115789
0 0.505097 0.473684 0.029562 0.094737
0 0.536697 0.638158 0.041794 0.113158
0 0.856269 0.234211 0.018349 0.057895
0 0.528033 0.382895 0.028542 0.081579
0 0.568298 0.577632 0.037717 0.128947
0 0.883792 0.507895 0.034659 0.100000
0 0.633028 0.663158 0.036697 0.110526
0 0.266565 0.288158 0.023445 0.065789
0 0.336391 0.451316 0.026504 0.081579
0 0.819572 0.784211 0.034659 0.131579
0 0.096840 0.469737 0.030581 0.113158
0 0.866972 0.442105 0.027523 0.084211
0 0.719674 0.350000 0.026504 0.068421
0 0.285933 0.485526 0.031600 0.086842
0 0.473496 0.335526 0.023445 0.081579
0 0.861876 0.756579 0.039755 0.144737
0 0.383792 0.368421 0.027523 0.084211
0 0.596330 0.386842 0.024465 0.089474
0 0.073904 0.275000 0.021407 0.065789
0 0.527523 0.301316 0.021407 0.060526
0 0.017329 0.738158 0.032620 0.107895
0 0.068298 0.468421 0.024465 0.084211
0 0.537717 0.219737 0.017329 0.065789
0 0.132008 0.546053 0.031600 0.102632
0 0.152905 0.371053 0.024465 0.073684
0 0.299185 0.905263 0.076453 0.189474
0 0.808359 0.450000 0.024465 0.078947
0 0.578491 0.911842 0.062181 0.176316
0 0.769623 0.286842 0.022426 0.073684
0 0.262997 0.425000 0.022426 0.076316
0 0.556065 0.735526 0.043833 0.144737
0 0.508665 0.894737 0.067278 0.084211
0 0.202854 0.280263 0.020387 0.065789
0 0.428644 0.288158 0.023445 0.076316
0 0.515291 0.227632 0.019368 0.055263
0 0.670234 0.157895 0.015291 0.042105
0 0.570336 0.153947 0.015291 0.044737
0 0.333843 0.301316 0.021407 0.071053
0 0.639653 0.378947 0.027523 0.068421
0 0.985729 0.168421 0.016310 0.052632
0 0.321611 0.381579 0.023445 0.068421
0 0.538736 0.481579 0.031600 0.094737
0 0.132518 0.443421 0.028542 0.081579
0 0.121305 0.302632 0.018349 0.063158
0 0.770133 0.352632 0.019368 0.063158
0 0.528033 0.161842 0.016310 0.050000
0 0.280326 0.165789 0.014271 0.042105
0 0.961264 0.217105 0.018349 0.055263
0 0.822630 0.293421 0.020387 0.065789
0 0.924057 0.284211 0.023445 0.068421
0 0.958206 0.573684 0.030581 0.084211
0 0.356269 0.435526 0.019368 0.071053
0 0.297146 0.610526 0.021407 0.089474
0 0.020387 0.376316 0.026504 0.100000
0 0.419470 0.146053 0.015291 0.055263
0 0.825178 0.131579 0.015291 0.052632
0 0.790520 0.384211 0.029562 0.078947
0 0.283384 0.234211 0.020387 0.057895
0 0.294597 0.285526 0.018349 0.055263
0 0.873598 0.219737 0.016310 0.055263
0 0.767074 0.218421 0.021407 0.052632
0 0.355759 0.347368 0.024465 0.073684
0 0.734964 0.110526 0.012232 0.036842
0 0.858818 0.119737 0.015291 0.044737
0 0.992355 0.867105 0.013252 0.107895
0 0.356269 0.123684 0.015291 0.052632
0 0.228848 0.188158 0.017329 0.055263
0 0.695719 0.089474 0.011213 0.036842
0 0.575433 0.211842 0.017329 0.060526
0 0.915392 0.227632 0.018349 0.050000
0 0.946483 0.073684 0.013252 0.036842
0 0.475025 0.168421 0.016310 0.063158
0 0.196228 0.496053 0.029562 0.071053
0 0.678899 0.034211 0.010194 0.031579
0 0.653925 0.153947 0.013252 0.039474
0 0.076962 0.351316 0.023445 0.071053
0 0.169725 0.247368 0.019368 0.057895
0 0.988277 0.567105 0.023445 0.081579
0 0.590214 0.765789 0.032620 0.121053
0 0.502548 0.293421 0.022426 0.071053
0 0.203874 0.898684 0.034659 0.107895
0 0.968400 0.119737 0.014271 0.050000
0 0.584098 0.143421 0.014271 0.050000
0 0.681957 0.101316 0.012232 0.034211
0 0.454638 0.173684 0.016310 0.052632
0 0.882263 0.317105 0.021407 0.060526
0 0.205403 0.178947 0.017329 0.052632
0 0.883282 0.111842 0.013252 0.039474
0 0.622324 0.236842 0.017329 0.052632
0 0.482671 0.123684 0.013252 0.042105
0 0.428135 0.214474 0.018349 0.060526
0 0.791030 0.305263 0.022426 0.063158
0 0.056575 0.853947 0.074414 0.192105
0 0.382263 0.452632 0.022426 0.078947
0 0.733945 0.178947 0.016310 0.057895
0 0.867992 0.168421 0.013252 0.047368
0 0.443935 0.222368 0.017329 0.055263
0 0.854230 0.168421 0.014271 0.052632
0 0.718654 0.161842 0.014271 0.055263
0 0.358308 0.528947 0.033639 0.094737
0 0.803772 0.186842 0.015291 0.052632
0 0.196738 0.226316 0.022426 0.052632
0 0.807849 0.140789 0.015291 0.039474
0 0.556575 0.300000 0.018349 0.063158
0 0.280836 0.377632 0.023445 0.071053
0 0.341998 0.034211 0.011213 0.031579
0 0.759939 0.126316 0.013252 0.047368
0 0.407238 0.261842 0.019368 0.060526
0 0.611621 0.188158 0.016310 0.044737
0 0.689093 0.131579 0.012232 0.042105
0 0.315494 0.152632 0.019368 0.047368
0 0.005607 0.235526 0.009174 0.055263
0 0.357798 0.178947 0.018349 0.052632
0 0.442915 0.072368 0.011213 0.028947
0 0.224771 0.668421 0.058104 0.173684
0 0.374108 0.977632 0.061162 0.044737
0 0.719164 0.117105 0.011213 0.034211
0 0.096330 0.168421 0.017329 0.042105
0 0.391947 0.136842 0.015291 0.057895
0 0.245668 0.150000 0.018349 0.057895
0 0.893986 0.100000 0.012232 0.036842
0 0.597350 0.119737 0.012232 0.039474
0 0.597859 0.163158 0.015291 0.047368
0 0.547401 0.121053 0.012232 0.042105
0 0.039246 0.168421 0.013252 0.047368
0 0.009684 0.852632 0.017329 0.136842
0 0.477574 0.089474 0.011213 0.036842
0 0.042304 0.122368 0.013252 0.034211
0 0.405199 0.359211 0.019368 0.065789
0 0.379205 0.026316 0.010194 0.031579
0 0.112130 0.393421 0.022426 0.065789
0 0.243119 0.302632 0.017329 0.063158
0 0.270133 0.600000 0.036697 0.136842
0 0.150866 0.160526 0.014271 0.042105
0 0.065240 0.135526 0.012232 0.034211
0 0.021407 0.255263 0.020387 0.057895
0 0.207441 0.130263 0.013252 0.034211
0 0.590724 0.073684 0.011213 0.031579
0 0.685525 0.186842 0.013252 0.042105
0 0.196228 0.136842 0.013252 0.042105
0 0.404689 0.126316 0.012232 0.057895
0 0.796126 0.102632 0.010194 0.031579
0 0.609072 0.986842 0.049949 0.026316
0 0.659531 0.106579 0.012232 0.034211
0 0.054536 0.206579 0.015291 0.050000
0 0.204893 0.089474 0.010194 0.031579
0 0.839959 0.064474 0.010194 0.034211
0 0.939857 0.223684 0.016310 0.052632
0 0.660550 0.393421 0.018349 0.076316
0 0.658512 0.127632 0.012232 0.034211
0 0.405199 0.063158 0.011213 0.031579
0 0.890418 0.202632 0.015291 0.052632
0 0.993884 0.447368 0.010194 0.084211
0 0.354230 0.056579 0.011213 0.028947
0 0.635576 0.134211 0.015291 0.042105
0 0.068298 0.175000 0.014271 0.039474
0 0.295617 0.184211 0.016310 0.047368
0 0.891437 0.064474 0.011213 0.028947
0 0.844546 0.139474 0.013252 0.047368
0 0.460754 0.105263 0.014271 0.042105
0 0.302243 0.134211 0.015291 0.047368
0 0.159531 0.442105 0.021407 0.073684
0 0.106014 0.130263 0.014271 0.044737
0 0.719674 0.239474 0.016310 0.052632
0 0.381244 0.138158 0.014271 0.055263
0 0.129969 0.155263 0.015291 0.047368
0 0.218145 0.071053 0.010194 0.031579
0 0.857798 0.306579 0.019368 0.071053
0 0.054027 0.330263 0.014271 0.050000
0 0.121814 0.084211 0.013252 0.036842
0 0.331804 0.113158 0.015291 0.052632
0 0.485219 0.255263 0.018349 0.057895
0 0.286442 0.738158 0.040775 0.128947
0 0.326707 0.807895 0.037717 0.110526
0 0.264016 0.810526 0.055046 0.163158
0 0.046891 0.709211 0.030581 0.076316
0 0.064220 0.700000 0.020387 0.094737
0 0.045362 0.417105 0.033639 0.113158
0 0.148828 0.255263 0.016310 0.042105
0 0.124363 0.264474 0.024465 0.060526
0 0.185015 0.360526 0.023445 0.057895
0 0.186035 0.451316 0.029562 0.086842
0 0.496432 0.955263 0.034659 0.089474
0 0.444954 0.984211 0.064220 0.031579
0 0.614169 0.863158 0.039755 0.152632
0 0.625382 0.739474 0.041794 0.094737
0 0.720183 0.627632 0.031600 0.092105
0 0.643221 0.546053 0.034659 0.123684
0 0.608563 0.500000 0.030581 0.073684
0 0.782365 0.509211 0.027523 0.081579
0 0.820591 0.551316 0.036697 0.128947
0 0.742610 0.332895 0.025484 0.092105
0 0.703364 0.296053 0.020387 0.086842
0 0.690112 0.393421 0.030581 0.113158
0 0.141692 0.930263 0.069317 0.139474
0 0.392966 0.214474 0.019368 0.081579
0 0.371050 0.276316 0.024465 0.057895
0 0.429664 0.382895 0.027523 0.086842
0 0.453619 0.319737 0.016310 0.076316
