0 0.500510 0.700000 0.044852 0.126316
0 0.898063 0.796053 0.050968 0.192105
0 0.587666 0.678947 0.041794 0.126316
0 0.875127 0.594737 0.037717 0.115789
0 0.197248 0.698684 0.043833 0.176316
0 0.963812 0.681579 0.035678 0.147368
0 0.516820 0.836842 0.044852 0.157895
0 0.820591 0.715789 0.048930 0.142105
0 0.555556 0.563158 0.034659 0.121053
0 0.193680 0.875000 0.053007 0.150000
0 0.601427 0.535526 0.028542 0.113158
0 0.619266 0.853947 0.054027 0.150000
0 0.361366 0.748684 0.045872 0.144737
0 0.492864 0.443421 0.027523 0.081579
0 0.713048 0.626316 0.047910 0.110526
0 0.652396 0.472368 0.030581 0.092105
0 0.791539 0.526316 0.033639 0.105263
0 0.783894 0.668421 0.036697 0.173684
0 0.417941 0.593421 0.034659 0.118421
0 0.520387 0.509211 0.029562 0.107895
0 0.323649 0.532895 0.035678 0.113158
0 0.746177 0.789474 0.044852 0.152632
0 0.253313 0.814474 0.060143 0.150000
0 0.310398 0.635526 0.031600 0.092105
0 0.628950 0.664474 0.038736 0.113158
0 0.738532 0.307895 0.023445 0.084211
0 0.681957 0.865789 0.046891 0.184211
0 0.517329 0.273684 0.021407 0.068421
0 0.634557 0.561842 0.035678 0.086842
0 0.455148 0.582895 0.039755 0.107895
0 0.609582 0.381579 0.026504 0.094737
0 0.709480 0.405263 0.028542 0.094737
0 0.707951 0.313158 0.023445 0.078947
0 0.818043 0.519737 0.021407 0.097368
0 0.379715 0.667105 0.047910 0.134211
0 0.176860 0.382895 0.023445 0.081579
0 0.680428 0.385526 0.025484 0.076316
0 0.244648 0.646053 0.030581 0.107895
0 0.683486 0.494737 0.029562 0.089474
0 0.162080 0.513158 0.040775 0.173684
0 0.760958 0.939474 0.056065 0.121053
0 0.316004 0.901316 0.077472 0.192105
0 0.305301 0.401316 0.029562 0.092105
0 0.067788 0.346053 0.025484 0.081579
0 0.858308 0.953947 0.055046 0.092105
0 0.971967 0.525000 0.035678 0.092105
0 0.564730 0.264474 0.022426 0.060526
0 0.790520 0.314474 0.021407 0.076316
0 0.337411 0.377632 0.026504 0.081579
0 0.737513 0.490789 0.027523 0.102632
0 0.060143 0.676316 0.042813 0.115789
0 0.847095 0.406579 0.022426 0.065789
0 0.027013 0.400000 0.027523 0.078947
0 0.441386 0.357895 0.022426 0.084211
0 0.156983 0.286842 0.024465 0.068421
0 0.611621 0.277632 0.020387 0.065789
0 0.635576 0.280263 0.023445 0.076316
0 0.582569 0.452632 0.031600 0.100000
0 0.479103 0.863158 0.040775 0.147368
0 0.978084 0.905263 0.043833 0.121053
0 0.432212 0.305263 0.022426 0.068421
0 0.299185 0.228947 0.021407 0.068421
0 0.831295 0.315789 0.019368 0.073684
0 0.381753 0.227632 0.019368 0.060526
0 0.121814 0.918421 0.060143 0.136842
0 0.117737 0.781579 0.033639 0.168421
0 0.813965 0.363158 0.025484 0.089474
0 0.909786 0.364474 0.031600 0.081579
0 0.400102 0.376316 0.025484 0.068421
0 0.416412 0.911842 0.078491 0.176316
0 0.061672 0.809211 0.051988 0.155263
0 0.344546 0.306579 0.020387 0.060526
0 0.753823 0.264474 0.021407 0.076316
0 0.662080 0.306579 0.033639 0.092105
0 0.555046 0.178947 0.017329 0.057895
0 0.763507 0.455263 0.026504 0.094737
0 0.043833 0.238158 0.018349 0.065789
0 0.421509 0.238158 0.019368 0.060526
0 0.245158 0.206579 0.017329 0.060526
0 0.637615 0.790789 0.043833 0.123684
0 0.464832 0.377632 0.026504 0.065789
0 0.551988 0.421053 0.027523 0.078947
0 0.948522 0.244737 0.019368 0.057895
0 0.951070 0.377632 0.020387 0.065789
0 0.538736 0.959211 0.058104 0.081579
0 0.822120 0.225000 0.019368 0.065789
0 0.667686 0.600000 0.032620 0.110526
0 0.489806 0.277632 0.021407 0.065789
0 0.364424 0.430263 0.023445 0.086842
0 0.961264 0.863158 0.046891 0.152632
0 0.928644 0.475000 0.034659 0.123684
0 0.065240 0.246053 0.020387 0.055263
0 0.284404 0.415789 0.020387 0.084211
0 0.464832 0.117105 0.012232 0.044737
0 0.806830 0.910526 0.047910 0.178947
0 0.518349 0.340789 0.021407 0.065789
0 0.183486 0.215789 0.016310 0.057895
0 0.474006 0.251316 0.016310 0.060526
0 0.869011 0.526316 0.031600 0.073684
0 0.596330 0.190789 0.016310 0.055263
0 0.796126 0.442105 0.028542 0.073684
0 0.575433 0.831579 0.045872 0.147368
0 0.201325 0.275000 0.019368 0.071053
0 0.912844 0.173684 0.015291 0.047368
0 0.300204 0.327632 0.023445 0.055263
0 0.239042 0.530263 0.031600 0.107895
0 0.736493 0.201316 0.017329 0.050000
0 0.683996 0.089474 0.012232 0.036842
0 0.881753 0.061842 0.012232 0.039474
0 0.040265 0.338158 0.021407 0.071053
0 0.380734 0.452632 0.017329 0.068421
0 0.827727 0.147368 0.014271 0.042105
0 0.014781 0.802632 0.027523 0.142105
0 0.222732 0.210526 0.017329 0.052632
0 0.448522 0.151316 0.014271 0.050000
0 0.927115 0.205263 0.017329 0.047368
0 0.101937 0.250000 0.014271 0.052632
0 0.229867 0.444737 0.027523 0.073684
0 0.185015 0.144737 0.015291 0.047368
0 0.352701 0.110526 0.014271 0.047368
0 0.863914 0.151316 0.015291 0.044737
0 0.660041 0.147368 0.015291 0.047368
0 0.528033 0.134211 0.016310 0.047368
0 0.713048 0.843421 0.029562 0.150000
0 0.767584 0.138158 0.012232 0.044737
0 0.863914 0.284211 0.017329 0.057895
0 0.067278 0.492105 0.024465 0.089474
0 0.137615 0.230263 0.020387 0.055263
0 0.097350 0.527632 0.033639 0.086842
0 0.305301 0.173684 0.015291 0.047368
0 0.027523 0.265789 0.016310 0.057895
0 0.708970 0.709211 0.039755 0.081579
0 0.838430 0.242105 0.017329 0.052632
0 0.745668 0.102632 0.013252 0.036842
0 0.897044 0.181579 0.014271 0.047368
0 0.596330 0.102632 0.012232 0.036842
0 0.216616 0.142105 0.013252 0.052632
0 0.747706 0.142105 0.013252 0.042105
0 0.368502 0.990789 0.062181 0.018421
0 0.701325 0.175000 0.016310 0.050000
0 0.464832 0.064474 0.010194 0.039474
0 0.116208 0.373684 0.022426 0.068421
0 0.457696 0.234211 0.018349 0.052632
0 0.275739 0.210526 0.015291 0.052632
0 0.265545 0.260526 0.019368 0.052632
0 0.540265 0.192105 0.014271 0.052632
0 0.729358 0.110526 0.013252 0.042105
0 0.050459 0.577632 0.037717 0.071053
0 0.785933 0.157895 0.016310 0.052632
0 0.934251 0.165789 0.015291 0.047368
0 0.372069 0.335526 0.018349 0.060526
0 0.094801 0.114474 0.014271 0.039474
0 0.372069 0.175000 0.018349 0.050000
0 0.206932 0.115789 0.012232 0.036842
0 0.127931 0.188158 0.017329 0.050000
0 0.575433 0.135526 0.015291 0.050000
0 0.628950 0.032895 0.008155 0.028947
0 0.865443 0.061842 0.010194 0.028947
0 0.819062 0.125000 0.013252 0.039474
0 0.355759 0.069737 0.010194 0.028947
0 0.718654 0.172368 0.016310 0.044737
0 0.094292 0.155263 0.013252 0.042105
0 0.505607 0.159211 0.016310 0.044737
0 0.609582 0.211842 0.016310 0.050000
0 0.905199 0.125000 0.014271 0.050000
0 0.170744 0.150000 0.013252 0.047368
0 0.797146 0.046053 0.010194 0.034211
0 0.485729 0.123684 0.013252 0.042105
0 0.954128 0.155263 0.016310 0.047368
0 0.373089 0.089474 0.012232 0.036842
0 0.094292 0.218421 0.017329 0.052632
0 0.419470 0.109211 0.011213 0.034211
0 0.334353 0.101316 0.010194 0.034211
0 0.182467 0.302632 0.018349 0.052632
0 0.993884 0.339474 0.012232 0.068421
0 0.203364 0.402632 0.025484 0.078947
0 0.619266 0.138158 0.015291 0.050000
0 0.700306 0.539474 0.032620 0.068421
0 0.593272 0.144737 0.016310 0.042105
0 0.890928 0.264474 0.018349 0.055263
0 0.758410 0.143421 0.012232 0.039474
0 0.205912 0.203947 0.016310 0.055263
0 0.169215 0.135526 0.014271 0.050000
0 0.290010 0.139474 0.017329 0.052632
0 0.884302 0.340789 0.019368 0.065789
0 0.851682 0.207895 0.019368 0.052632
0 0.281346 0.311842 0.016310 0.055263
0 0.365443 0.060526 0.011213 0.026316
0 0.277778 0.067105 0.011213 0.034211
0 0.330275 0.059211 0.010194 0.028947
0 0.203364 0.157895 0.015291 0.047368
0 0.712029 0.819737 0.035678 0.123684
0 0.118247 0.136842 0.014271 0.047368
0 0.449032 0.197368 0.015291 0.052632
0 0.016310 0.172368 0.014271 0.039474
0 0.780326 0.043421 0.011213 0.028947
0 0.993884 0.100000 0.010194 0.031579
0 0.817533 0.071053 0.010194 0.031579
0 0.093782 0.034211 0.010194 0.026316
0 0.979103 0.290789 0.019368 0.065789
0 0.116718 0.073684 0.009174 0.031579
0 0.984200 0.227632 0.015291 0.050000
0 0.785423 0.082895 0.011213 0.034211
0 0.092253 0.636842 0.033639 0.110526
0 0.095821 0.801316 0.034659 0.128947
0 0.453619 0.927632 0.048930 0.144737
0 0.453109 0.697368 0.045872 0.115789
0 0.429664 0.821053 0.058104 0.100000
0 0.467890 0.430263 0.028542 0.086842
0 0.526504 0.189474 0.017329 0.057895
0 0.415392 0.181579 0.023445 0.057895
0 0.340469 0.232895 0.016310 0.060526
0 0.341488 0.184211 0.020387 0.042105
0 0.319572 0.264474 0.023445 0.060526
0 0.248216 0.307895 0.021407 0.078947
0 0.226300 0.271053 0.020387 0.068421
0 0.885321 0.455263 0.025484 0.105263
0 0.916922 0.594737 0.041794 0.084211
0 0.742100 0.394737 0.032620 0.057895
0 0.664118 0.207895 0.017329 0.042105
0 0.791539 0.215789 0.017329 0.052632
0 0.808869 0.168421 0.015291 0.036842
