0 0.240571 0.621053 0.042813 0.142105
0 0.028033 0.756579 0.043833 0.165789
0 0.106014 0.856579 0.048930 0.139474
0 0.265036 0.782895 0.053007 0.144737
0 0.433741 0.836842 0.037717 0.136842
0 0.747706 0.401316 0.033639 0.097368
0 0.189602 0.700000 0.042813 0.147368
0 0.773191 0.603947 0.041794 0.123684
0 0.720693 0.896053 0.050968 0.134211
0 0.777778 0.739474 0.050968 0.131579
0 0.290010 0.698684 0.041794 0.144737
0 0.823649 0.907895 0.057085 0.168421
0 0.894495 0.539474 0.033639 0.115789
0 0.681957 0.501316 0.026504 0.107895
0 0.930683 0.535526 0.038736 0.150000
0 0.348114 0.772368 0.045872 0.134211
0 0.096330 0.526316 0.031600 0.115789
0 0.517329 0.477632 0.029562 0.097368
0 0.693170 0.628947 0.038736 0.136842
0 0.530581 0.822368 0.043833 0.123684
0 0.493374 0.931579 0.048930 0.094737
0 0.202854 0.447368 0.034659 0.121053
0 0.384302 0.732895 0.034659 0.128947
0 0.643221 0.414474 0.030581 0.076316
0 0.341998 0.580263 0.031600 0.102632
0 0.389908 0.551316 0.021407 0.071053
0 0.548930 0.678947 0.037717 0.121053
0 0.982161 0.538158 0.035678 0.086842
0 0.858308 0.614474 0.030581 0.102632
0 0.832314 0.768421 0.043833 0.121053
0 0.535168 0.344737 0.024465 0.073684
0 0.671764 0.727632 0.036697 0.097368
0 0.051478 0.411842 0.025484 0.081579
0 0.543833 0.428947 0.025484 0.089474
0 0.321611 0.290789 0.021407 0.065789
0 0.960754 0.906579 0.056065 0.113158
0 0.917431 0.318421 0.026504 0.078947
0 0.171254 0.885526 0.059123 0.160526
0 0.955657 0.421053 0.027523 0.089474
0 0.325688 0.955263 0.049949 0.089474
0 0.471967 0.652632 0.038736 0.115789
0 0.753313 0.297368 0.020387 0.063158
0 0.157492 0.546053 0.039755 0.086842
0 0.487258 0.242105 0.020387 0.063158
0 0.815494 0.250000 0.018349 0.063158
0 0.608053 0.956579 0.058104 0.086842
0 0.655454 0.242105 0.016310 0.057895
0 0.672273 0.310526 0.023445 0.073684
0 0.343527 0.334211 0.030581 0.073684
0 0.366463 0.496053 0.035678 0.107895
0 0.219674 0.402632 0.023445 0.100000
0 0.513252 0.264474 0.021407 0.071053
0 0.982671 0.651316 0.032620 0.134211
0 0.105505 0.732895 0.051988 0.123684
0 0.706932 0.371053 0.023445 0.084211
0 0.343527 0.418421 0.026504 0.084211
0 0.157492 0.471053 0.025484 0.057895
0 0.718654 0.321053 0.020387 0.063158
0 0.090724 0.303947 0.020387 0.071053
0 0.983690 0.809211 0.032620 0.176316
0 0.789501 0.344737 0.027523 0.078947
0 0.490316 0.480263 0.020387 0.076316
0 0.133028 0.331579 0.027523 0.073684
0 0.471458 0.377632 0.031600 0.102632
0 0.683996 0.859211 0.040775 0.139474
0 0.391437 0.280263 0.022426 0.065789
0 0.373598 0.175000 0.017329 0.060526
0 0.694190 0.285526 0.022426 0.071053
0 0.626911 0.293421 0.020387 0.060526
0 0.434760 0.556579 0.031600 0.092105
0 0.619266 0.372368 0.023445 0.071053
0 0.346585 0.182895 0.018349 0.055263
0 0.272681 0.471053 0.029562 0.110526
0 0.692661 0.192105 0.017329 0.052632
0 0.685015 0.375000 0.022426 0.076316
0 0.032110 0.251316 0.019368 0.055263
0 0.807339 0.422368 0.026504 0.092105
0 0.567278 0.357895 0.023445 0.078947
0 0.450051 0.272368 0.021407 0.071053
0 0.146279 0.156579 0.015291 0.050000
0 0.316514 0.390789 0.021407 0.065789
0 0.605505 0.446053 0.022426 0.060526
0 0.383282 0.639474 0.040775 0.068421
0 0.291539 0.264474 0.020387 0.065789
0 0.269113 0.261842 0.020387 0.060526
0 0.604485 0.105263 0.012232 0.036842
0 0.566259 0.759211 0.037717 0.092105
0 0.851682 0.451316 0.031600 0.097368
0 0.385831 0.361842 0.019368 0.065789
0 0.876147 0.382895 0.023445 0.076316
0 0.779817 0.946053 0.036697 0.107895
0 0.985219 0.340789 0.025484 0.081579
0 0.076453 0.194737 0.014271 0.052632
0 0.961774 0.215789 0.017329 0.057895
0 0.020897 0.436842 0.029562 0.100000
0 0.345566 0.264474 0.020387 0.055263
0 0.602956 0.218421 0.017329 0.063158
0 0.006626 0.161842 0.011213 0.050000
0 0.255861 0.142105 0.014271 0.047368
0 0.764016 0.165789 0.013252 0.052632
0 0.575943 0.498684 0.026504 0.060526
0 0.395005 0.102632 0.013252 0.042105
0 0.556575 0.118421 0.012232 0.042105
0 0.055556 0.510526 0.039755 0.094737
0 0.820082 0.194737 0.017329 0.047368
0 0.127421 0.623684 0.036697 0.094737
0 0.423038 0.488158 0.028542 0.071053
0 0.171254 0.085526 0.012232 0.034211
0 0.279307 0.601316 0.034659 0.076316
0 0.132008 0.155263 0.015291 0.047368
0 0.345056 0.132895 0.017329 0.044737
0 0.540775 0.118421 0.015291 0.042105
0 0.883792 0.948684 0.053007 0.102632
0 0.840979 0.297368 0.022426 0.063158
0 0.295107 0.161842 0.015291 0.050000
0 0.404179 0.213158 0.017329 0.052632
0 0.914883 0.202632 0.015291 0.047368
0 0.490826 0.713158 0.041794 0.121053
0 0.154434 0.201316 0.017329 0.050000
0 0.136595 0.255263 0.016310 0.057895
0 0.615189 0.535526 0.027523 0.102632
0 0.446993 0.951316 0.058104 0.097368
0 0.008665 0.222368 0.015291 0.055263
0 0.892457 0.456579 0.029562 0.060526
0 0.217635 0.128947 0.015291 0.052632
0 0.431193 0.161842 0.016310 0.050000
0 0.856779 0.077632 0.015291 0.044737
0 0.405199 0.381579 0.021407 0.063158
0 0.373089 0.126316 0.016310 0.042105
0 0.790010 0.136842 0.014271 0.042105
0 0.106014 0.103947 0.010194 0.034211
0 0.569827 0.276316 0.018349 0.063158
0 0.813965 0.655263 0.033639 0.110526
0 0.687564 0.153947 0.015291 0.044737
0 0.320082 0.113158 0.014271 0.042105
0 0.189602 0.092105 0.012232 0.036842
0 0.110601 0.182895 0.015291 0.050000
0 0.809888 0.115789 0.011213 0.036842
0 0.879715 0.114474 0.016310 0.050000
0 0.480632 0.065789 0.011213 0.031579
0 0.865443 0.259211 0.014271 0.060526
0 0.955148 0.172368 0.016310 0.044737
0 0.382773 0.097368 0.013252 0.036842
0 0.592762 0.078947 0.011213 0.036842
0 0.656983 0.072368 0.011213 0.034211
0 0.793578 0.268421 0.021407 0.052632
0 0.178899 0.196053 0.017329 0.055263
0 0.733435 0.115789 0.013252 0.036842
0 0.543833 0.225000 0.019368 0.055263
0 0.041794 0.052632 0.010194 0.031579
0 0.744648 0.225000 0.021407 0.044737
0 0.627931 0.134211 0.014271 0.047368
0 0.579001 0.082895 0.010194 0.034211
0 0.215087 0.085526 0.012232 0.034211
0 0.038736 0.144737 0.014271 0.042105
0 0.017329 0.111842 0.014271 0.039474
0 0.758919 0.509211 0.027523 0.092105
0 0.495923 0.175000 0.017329 0.050000
0 0.122324 0.111842 0.014271 0.044737
0 0.646279 0.088158 0.014271 0.039474
0 0.157492 0.039474 0.009174 0.026316
0 0.708461 0.118421 0.014271 0.042105
0 0.514271 0.382895 0.023445 0.060526
0 0.354740 0.038158 0.010194 0.028947
0 0.853211 0.272368 0.016310 0.060526
0 0.776758 0.184211 0.014271 0.047368
0 0.898573 0.214474 0.015291 0.060526
0 0.587156 0.264474 0.018349 0.060526
0 0.051478 0.252632 0.017329 0.052632
0 0.608053 0.065789 0.011213 0.031579
0 0.969419 0.172368 0.012232 0.039474
0 0.064220 0.325000 0.022426 0.071053
0 0.135066 0.105263 0.011213 0.042105
0 0.444954 0.180263 0.015291 0.050000
0 0.575943 0.200000 0.018349 0.057895
0 0.679409 0.107895 0.015291 0.042105
0 0.104485 0.225000 0.017329 0.044737
0 0.869011 0.188158 0.015291 0.050000
0 0.852192 0.417105 0.028542 0.092105
0 0.429664 0.097368 0.011213 0.036842
0 0.119776 0.059211 0.009174 0.023684
0 0.006116 0.318421 0.010194 0.078947
0 0.502548 0.130263 0.014271 0.039474
0 0.281346 0.110526 0.014271 0.042105
0 0.165647 0.161842 0.017329 0.050000
0 0.005607 0.122368 0.009174 0.034211
0 0.751274 0.167105 0.012232 0.050000
0 0.585117 0.390789 0.018349 0.065789
0 0.057594 0.151316 0.013252 0.050000
0 0.019878 0.152632 0.013252 0.042105
0 0.246177 0.123684 0.011213 0.042105
0 0.508155 0.060526 0.011213 0.031579
0 0.126402 0.203947 0.014271 0.044737
0 0.768094 0.059211 0.011213 0.028947
0 0.421509 0.477632 0.027523 0.086842
0 0.434251 0.401316 0.020387 0.060526
0 0.954128 0.071053 0.010194 0.031579
0 0.988277 0.182895 0.017329 0.050000
0 0.603466 0.317105 0.024465 0.071053
0 0.617737 0.230263 0.014271 0.055263
0 0.549949 0.226316 0.017329 0.052632
0 0.259939 0.081579 0.014271 0.042105
0 0.650866 0.165789 0.015291 0.042105
0 0.071356 0.119737 0.010194 0.039474
0 0.897554 0.200000 0.017329 0.063158
0 0.144750 0.042105 0.010194 0.031579
0 0.684506 0.071053 0.011213 0.031579
0 0.545872 0.939474 0.039755 0.121053
0 0.626402 0.727632 0.043833 0.144737
0 0.597350 0.810526 0.053007 0.084211
0 0.635066 0.868421 0.040775 0.084211
0 0.343527 0.913158 0.048930 0.147368
0 0.371050 0.901316 0.040775 0.155263
0 0.222732 0.940789 0.062181 0.118421
0 0.079511 0.960526 0.050968 0.078947
0 0.083078 0.419737 0.029562 0.076316
0 0.102956 0.415789 0.026504 0.078947
0 0.099388 0.356579 0.025484 0.044737
0 0.234964 0.201316 0.025484 0.113158
0 0.267074 0.338158 0.022426 0.071053
0 0.573904 0.588158 0.032620 0.102632
0 0.733435 0.635526 0.033639 0.128947
0 0.824159 0.563158 0.025484 0.078947
0 0.498981 0.332895 0.027523 0.092105
0 0.479103 0.161842 0.014271 0.060526
