0 0.307849 0.750000 0.046891 0.131579
0 0.814475 0.686842 0.046891 0.147368
0 0.713558 0.584211 0.040775 0.126316
0 0.559633 0.821053 0.055046 0.147368
0 0.892457 0.605263 0.043833 0.110526
0 0.711009 0.805263 0.060143 0.168421
0 0.641182 0.653947 0.042813 0.144737
0 0.922528 0.761842 0.042813 0.144737
0 0.822630 0.906579 0.044852 0.160526
0 0.134047 0.259211 0.023445 0.060526
0 0.318552 0.923684 0.045872 0.152632
0 0.630479 0.873684 0.051988 0.126316
0 0.500000 0.792105 0.039755 0.136842
0 0.058614 0.563158 0.041794 0.115789
0 0.357288 0.710526 0.039755 0.126316
0 0.773700 0.781579 0.053007 0.115789
0 0.758410 0.526316 0.030581 0.094737
0 0.139653 0.347368 0.030581 0.110526
0 0.740571 0.710526 0.037717 0.110526
0 0.906728 0.493421 0.027523 0.097368
0 0.493884 0.428947 0.031600 0.100000
0 0.076962 0.465789 0.035678 0.115789
0 0.857798 0.660526 0.035678 0.100000
0 0.213558 0.893421 0.060143 0.128947
0 0.402141 0.560526 0.037717 0.110526
0 0.425076 0.819737 0.055046 0.128947
0 0.744648 0.390789 0.021407 0.086842
0 0.566259 0.421053 0.027523 0.100000
0 0.680428 0.642105 0.025484 0.094737
0 0.520387 0.953947 0.056065 0.092105
0 0.670234 0.340789 0.023445 0.065789
0 0.542813 0.510526 0.029562 0.094737
0 0.256371 0.384211 0.025484 0.089474
0 0.602446 0.385526 0.026504 0.076316
0 0.722732 0.456579 0.030581 0.086842
0 0.470438 0.263158 0.023445 0.068421
0 0.260449 0.655263 0.039755 0.147368
0 0.805810 0.446053 0.035678 0.092105
0 0.618247 0.463158 0.035678 0.100000
0 0.198777 0.351316 0.026504 0.081579
0 0.895515 0.886842 0.043833 0.152632
0 0.692151 0.526316 0.028542 0.089474
0 0.036697 0.486842 0.040775 0.110526
0 0.650357 0.419737 0.026504 0.097368
0 0.368502 0.381579 0.025484 0.094737
0 0.865443 0.525000 0.032620 0.092105
0 0.673802 0.428947 0.024465 0.084211
0 0.461774 0.448684 0.026504 0.086842
0 0.858818 0.435526 0.027523 0.076316
0 0.169215 0.459211 0.030581 0.086842
0 0.334353 0.415789 0.030581 0.068421
0 0.498471 0.614474 0.038736 0.097368
0 0.712029 0.278947 0.019368 0.073684
0 0.515291 0.317105 0.027523 0.071053
0 0.866972 0.947368 0.049949 0.100000
0 0.981651 0.500000 0.034659 0.105263
0 0.458206 0.961842 0.064220 0.076316
0 0.161060 0.244737 0.020387 0.073684
0 0.622324 0.244737 0.017329 0.063158
0 0.086137 0.368421 0.027523 0.094737
0 0.282875 0.269737 0.021407 0.065789
0 0.729358 0.231579 0.019368 0.057895
0 0.397554 0.209211 0.018349 0.065789
0 0.944954 0.288158 0.018349 0.060526
0 0.276758 0.209211 0.019368 0.055263
0 0.488277 0.331579 0.024465 0.078947
0 0.395515 0.743421 0.036697 0.107895
0 0.432722 0.334211 0.023445 0.068421
0 0.768094 0.256579 0.019368 0.065789
0 0.568298 0.261842 0.019368 0.065789
0 0.538736 0.189474 0.017329 0.057895
0 0.617737 0.321053 0.022426 0.063158
0 0.391437 0.282895 0.020387 0.071053
0 0.770133 0.393421 0.029562 0.107895
0 0.564730 0.342105 0.024465 0.063158
0 0.457187 0.782895 0.035678 0.113158
0 0.079001 0.723684 0.045872 0.078947
0 0.365953 0.959211 0.044852 0.081579
0 0.081040 0.177632 0.015291 0.050000
0 0.652905 0.264474 0.019368 0.065789
0 0.883792 0.148684 0.014271 0.044737
0 0.521407 0.393421 0.027523 0.086842
0 0.790520 0.238158 0.019368 0.055263
0 0.757390 0.094737 0.014271 0.042105
0 0.961264 0.253947 0.018349 0.055263
0 0.416922 0.197368 0.018349 0.068421
0 0.020897 0.105263 0.015291 0.042105
0 0.369521 0.247368 0.017329 0.057895
0 0.814985 0.322368 0.019368 0.060526
0 0.859327 0.313158 0.018349 0.068421
0 0.130989 0.152632 0.017329 0.052632
0 0.911825 0.328947 0.021407 0.063158
0 0.700306 0.168421 0.018349 0.063158
0 0.816514 0.201316 0.018349 0.065789
0 0.700306 0.411842 0.026504 0.081579
0 0.379715 0.210526 0.017329 0.057895
0 0.940367 0.371053 0.021407 0.073684
0 0.114679 0.103947 0.013252 0.039474
0 0.758919 0.168421 0.015291 0.047368
0 0.258919 0.164474 0.014271 0.055263
0 0.216616 0.328947 0.017329 0.073684
0 0.455148 0.215789 0.019368 0.063158
0 0.279817 0.371053 0.021407 0.068421
0 0.107543 0.065789 0.013252 0.031579
0 0.742610 0.176316 0.015291 0.052632
0 0.839959 0.305263 0.018349 0.063158
0 0.644241 0.164474 0.016310 0.050000
0 0.178899 0.682895 0.033639 0.134211
0 0.328236 0.235526 0.018349 0.060526
0 0.390418 0.382895 0.022426 0.076316
0 0.086646 0.128947 0.016310 0.052632
0 0.666667 0.061842 0.012232 0.034211
0 0.041284 0.285526 0.019368 0.060526
0 0.824159 0.117105 0.013252 0.044737
0 0.640163 0.963158 0.050968 0.073684
0 0.312436 0.289474 0.021407 0.063158
0 0.653925 0.200000 0.017329 0.047368
0 0.204383 0.107895 0.011213 0.036842
0 0.919470 0.678947 0.034659 0.042105
0 0.349643 0.278947 0.022426 0.063158
0 0.919470 0.111842 0.014271 0.039474
0 0.204383 0.071053 0.011213 0.031579
0 0.247197 0.232895 0.019368 0.055263
0 0.994393 0.239474 0.011213 0.057895
0 0.644750 0.123684 0.015291 0.042105
0 0.422528 0.644737 0.037717 0.121053
0 0.898573 0.090789 0.013252 0.039474
0 0.779307 0.101316 0.013252 0.039474
0 0.036188 0.230263 0.017329 0.055263
0 0.222732 0.114474 0.015291 0.050000
0 0.494903 0.210526 0.015291 0.057895
0 0.490826 0.696053 0.035678 0.086842
0 0.981651 0.173684 0.014271 0.052632
0 0.839450 0.196053 0.015291 0.044737
0 0.155454 0.088158 0.011213 0.034211
0 0.596840 0.977632 0.058104 0.044737
0 0.994903 0.171053 0.010194 0.047368
0 0.107034 0.180263 0.016310 0.055263
0 0.171764 0.863158 0.037717 0.136842
0 0.586646 0.267105 0.021407 0.060526
0 0.663609 0.140789 0.014271 0.050000
0 0.303772 0.239474 0.018349 0.047368
0 0.350663 0.553947 0.026504 0.097368
0 0.005607 0.660526 0.009174 0.136842
0 0.542813 0.102632 0.013252 0.036842
0 0.751274 0.918421 0.069317 0.152632
0 0.828236 0.055263 0.013252 0.031579
0 0.921509 0.251316 0.018349 0.055263
0 0.956677 0.184211 0.013252 0.047368
0 0.487768 0.532895 0.033639 0.081579
0 0.347604 0.318421 0.018349 0.057895
0 0.770642 0.218421 0.018349 0.052632
0 0.217125 0.036842 0.010194 0.031579
0 0.724771 0.347368 0.022426 0.073684
0 0.974006 0.642105 0.039755 0.121053
0 0.773191 0.981579 0.066259 0.036842
0 0.005607 0.406579 0.009174 0.102632
0 0.227829 0.192105 0.015291 0.047368
0 0.191641 0.261842 0.018349 0.055263
0 0.196738 0.138158 0.014271 0.044737
0 0.652396 0.059211 0.012232 0.034211
0 0.768094 0.972368 0.068298 0.055263
0 0.518349 0.085526 0.011213 0.034211
0 0.129969 0.067105 0.013252 0.034211
0 0.065749 0.067105 0.013252 0.034211
0 0.522426 0.181579 0.015291 0.057895
0 0.767584 0.060526 0.012232 0.031579
0 0.328236 0.117105 0.012232 0.039474
0 0.481142 0.217105 0.016310 0.055263
0 0.592253 0.196053 0.016310 0.055263
0 0.057594 0.168421 0.015291 0.052632
0 0.242610 0.150000 0.014271 0.047368
0 0.259939 0.281579 0.020387 0.068421
0 0.035168 0.096053 0.011213 0.039474
0 0.067278 0.131579 0.016310 0.047368
0 0.222732 0.072368 0.011213 0.028947
0 0.346585 0.126316 0.016310 0.047368
0 0.066259 0.210526 0.016310 0.052632
0 0.557085 0.128947 0.013252 0.042105
0 0.840979 0.118421 0.012232 0.036842
0 0.411315 0.653947 0.041794 0.107895
0 0.944444 0.110526 0.013252 0.042105
0 0.164118 0.063158 0.012232 0.036842
0 0.235984 0.336842 0.019368 0.068421
0 0.094801 0.030263 0.010194 0.028947
0 0.980122 0.227632 0.017329 0.055263
0 0.869011 0.207895 0.015291 0.047368
0 0.540775 0.044737 0.011213 0.036842
0 0.860856 0.076316 0.011213 0.031579
0 0.943935 0.227632 0.018349 0.060526
0 0.291030 0.165789 0.015291 0.047368
0 0.495923 0.098684 0.013252 0.034211
0 0.857288 0.184211 0.014271 0.047368
0 0.091233 0.273684 0.019368 0.052632
0 0.411315 0.950000 0.035678 0.100000
0 0.252803 0.493421 0.030581 0.107895
0 0.291539 0.494737 0.026504 0.100000
0 0.559633 0.628947 0.038736 0.105263
0 0.574924 0.602632 0.024465 0.100000
0 0.038226 0.688158 0.033639 0.118421
0 0.048420 0.919737 0.066259 0.160526
0 0.070846 0.826316 0.039755 0.131579
0 0.094801 0.823684 0.038736 0.168421
0 0.139144 0.538158 0.029562 0.097368
0 0.108053 0.548684 0.032620 0.086842
0 0.066769 0.289474 0.021407 0.068421
0 0.309378 0.632895 0.045872 0.092105
0 0.664628 0.851316 0.036697 0.113158
0 0.615698 0.776316 0.040775 0.126316
0 0.846585 0.803947 0.041794 0.118421
0 0.877676 0.738158 0.042813 0.118421
0 0.400612 0.126316 0.016310 0.052632
0 0.326198 0.509211 0.034659 0.102632
0 0.193170 0.200000 0.025484 0.073684
