0 0.901121 0.618421 0.036697 0.126316
0 0.558104 0.661842 0.045872 0.107895
0 0.584098 0.898684 0.044852 0.176316
0 0.089195 0.825000 0.062181 0.171053
0 0.631498 0.363158 0.023445 0.089474
0 0.784404 0.571053 0.033639 0.126316
0 0.669725 0.625000 0.040775 0.155263
0 0.871050 0.756579 0.058104 0.150000
0 0.955148 0.593421 0.038736 0.107895
0 0.800204 0.773684 0.063201 0.157895
0 0.427625 0.598684 0.033639 0.128947
0 0.385321 0.622368 0.036697 0.128947
0 0.766055 0.425000 0.029562 0.097368
0 0.479103 0.527632 0.044852 0.139474
0 0.216616 0.438158 0.027523 0.097368
0 0.975535 0.893421 0.048930 0.144737
0 0.849134 0.606579 0.042813 0.113158
0 0.313456 0.732895 0.041794 0.155263
0 0.508155 0.625000 0.031600 0.134211
0 0.856269 0.509211 0.038736 0.107895
0 0.745668 0.580263 0.033639 0.113158
0 0.599388 0.298684 0.022426 0.086842
0 0.024975 0.807895 0.047910 0.152632
0 0.897554 0.488158 0.021407 0.086842
0 0.739042 0.814474 0.042813 0.123684
0 0.130989 0.430263 0.029562 0.097368
0 0.806320 0.365789 0.030581 0.100000
0 0.110092 0.538158 0.036697 0.118421
0 0.566259 0.398684 0.025484 0.092105
0 0.229358 0.318421 0.022426 0.078947
0 0.588685 0.596053 0.031600 0.113158
0 0.598369 0.506579 0.026504 0.092105
0 0.499490 0.436842 0.028542 0.089474
0 0.237513 0.565789 0.032620 0.110526
0 0.669215 0.314474 0.023445 0.076316
0 0.768603 0.942105 0.065240 0.115789
0 0.210499 0.685526 0.031600 0.113158
0 0.291539 0.409211 0.030581 0.092105
0 0.537207 0.489474 0.024465 0.089474
0 0.107543 0.714474 0.060143 0.134211
0 0.218654 0.256579 0.019368 0.060526
0 0.920999 0.488158 0.025484 0.097368
0 0.456677 0.775000 0.038736 0.118421
0 0.723751 0.659211 0.030581 0.113158
0 0.688583 0.809211 0.047910 0.139474
0 0.520387 0.331579 0.023445 0.078947
0 0.282365 0.547368 0.028542 0.121053
0 0.474516 0.878947 0.035678 0.136842
0 0.631498 0.472368 0.023445 0.092105
0 0.954638 0.252632 0.021407 0.063158
0 0.093272 0.155263 0.015291 0.047368
0 0.558104 0.542105 0.031600 0.115789
0 0.096840 0.330263 0.020387 0.055263
0 0.906218 0.357895 0.024465 0.073684
0 0.689093 0.501316 0.028542 0.097368
0 0.258410 0.236842 0.025484 0.068421
0 0.550968 0.807895 0.039755 0.126316
0 0.550968 0.335526 0.023445 0.065789
0 0.261978 0.301316 0.018349 0.065789
0 0.329256 0.503947 0.036697 0.128947
0 0.065240 0.238158 0.020387 0.055263
0 0.636595 0.619737 0.023445 0.134211
0 0.716616 0.363158 0.022426 0.089474
0 0.507136 0.253947 0.021407 0.060526
0 0.885321 0.330263 0.019368 0.065789
0 0.079511 0.142105 0.012232 0.042105
0 0.322120 0.227632 0.018349 0.065789
0 0.341488 0.172368 0.018349 0.055263
0 0.992864 0.492105 0.014271 0.110526
0 0.177370 0.303947 0.020387 0.060526
0 0.740571 0.217105 0.015291 0.060526
0 0.697248 0.406579 0.028542 0.076316
0 0.266565 0.405263 0.021407 0.073684
0 0.843527 0.230263 0.019368 0.065789
0 0.121305 0.309211 0.022426 0.076316
0 0.622834 0.223684 0.020387 0.063158
0 0.816514 0.096053 0.016310 0.050000
0 0.130479 0.200000 0.018349 0.052632
0 0.105505 0.121053 0.015291 0.042105
0 0.533129 0.097368 0.014271 0.042105
0 0.171254 0.155263 0.016310 0.047368
0 0.280326 0.228947 0.016310 0.063158
0 0.316514 0.140789 0.013252 0.039474
0 0.162080 0.200000 0.018349 0.063158
0 0.144750 0.300000 0.018349 0.057895
0 0.920489 0.284211 0.020387 0.068421
0 0.991335 0.271053 0.017329 0.057895
0 0.464322 0.434211 0.025484 0.068421
0 0.183996 0.198684 0.019368 0.065789
0 0.816514 0.563158 0.030581 0.110526
0 0.620285 0.126316 0.013252 0.047368
0 0.180938 0.107895 0.013252 0.042105
0 0.343527 0.238158 0.018349 0.060526
0 0.417431 0.497368 0.023445 0.084211
0 0.590724 0.090789 0.011213 0.039474
0 0.754332 0.355263 0.024465 0.078947
0 0.297146 0.185526 0.015291 0.044737
0 0.655454 0.219737 0.018349 0.060526
0 0.534659 0.211842 0.017329 0.055263
0 0.925586 0.218421 0.020387 0.052632
0 0.673802 0.196053 0.018349 0.060526
0 0.320591 0.067105 0.011213 0.034211
0 0.530071 0.159211 0.016310 0.050000
0 0.476555 0.265789 0.019368 0.057895
0 0.592762 0.201316 0.017329 0.055263
0 0.461774 0.185526 0.016310 0.060526
0 0.093272 0.606579 0.037717 0.076316
0 0.326707 0.163158 0.015291 0.052632
0 0.535678 0.972368 0.070336 0.055263
0 0.156983 0.150000 0.012232 0.042105
0 0.023955 0.257895 0.017329 0.063158
0 0.058614 0.305263 0.021407 0.063158
0 0.834353 0.132895 0.015291 0.050000
0 0.640163 0.193421 0.016310 0.060526
0 0.238022 0.126316 0.015291 0.047368
0 0.073394 0.376316 0.024465 0.078947
0 0.281855 0.313158 0.021407 0.068421
0 0.260958 0.175000 0.014271 0.050000
0 0.879205 0.207895 0.015291 0.057895
0 0.142202 0.127632 0.013252 0.044737
0 0.038226 0.200000 0.015291 0.047368
0 0.444954 0.215789 0.017329 0.057895
0 0.901631 0.230263 0.017329 0.050000
0 0.798165 0.294737 0.020387 0.057895
0 0.794088 0.105263 0.016310 0.047368
0 0.757900 0.210526 0.013252 0.052632
0 0.796126 0.052632 0.012232 0.031579
0 0.449541 0.397368 0.020387 0.084211
0 0.065240 0.094737 0.012232 0.036842
0 0.456677 0.996053 0.050968 0.007895
0 0.653415 0.392105 0.018349 0.068421
0 0.306830 0.071053 0.012232 0.036842
0 0.786442 0.490789 0.027523 0.060526
0 0.794088 0.181579 0.016310 0.052632
0 0.081040 0.082895 0.013252 0.039474
0 0.562181 0.143421 0.015291 0.050000
0 0.771152 0.114474 0.013252 0.039474
0 0.427625 0.218421 0.021407 0.057895
0 0.553517 0.100000 0.014271 0.036842
0 0.700306 0.655263 0.022426 0.110526
0 0.309888 0.293421 0.020387 0.055263
0 0.073904 0.189474 0.015291 0.047368
0 0.247197 0.413158 0.019368 0.068421
0 0.222222 0.069737 0.010194 0.034211
0 0.315494 0.547368 0.037717 0.115789
0 0.758919 0.073684 0.011213 0.031579
0 0.298675 0.244737 0.022426 0.057895
0 0.739042 0.139474 0.014271 0.042105
0 0.507136 0.161842 0.015291 0.050000
0 0.251274 0.084211 0.013252 0.036842
0 0.577982 0.238158 0.018349 0.050000
0 0.845566 0.053947 0.011213 0.034211
0 0.927625 0.107895 0.012232 0.036842
0 0.591743 0.151316 0.015291 0.039474
0 0.389399 0.292105 0.024465 0.078947
0 0.452599 0.118421 0.014271 0.052632
0 0.443425 0.157895 0.016310 0.047368
0 0.902650 0.180263 0.015291 0.044737
0 0.036188 0.986842 0.060143 0.026316
0 0.576453 0.152632 0.013252 0.042105
0 0.013252 0.523684 0.024465 0.136842
0 0.201835 0.076316 0.012232 0.036842
0 0.849134 0.126316 0.012232 0.047368
0 0.386850 0.421053 0.029562 0.084211
0 0.457696 0.990789 0.053007 0.018421
0 0.334862 0.105263 0.015291 0.042105
0 0.477064 0.700000 0.030581 0.105263
0 0.223751 0.139474 0.013252 0.042105
0 0.904179 0.065789 0.010194 0.036842
0 0.454638 0.309211 0.020387 0.060526
0 0.704893 0.292105 0.019368 0.057895
0 0.992864 0.503947 0.012232 0.118421
0 0.977574 0.193421 0.014271 0.044737
0 0.288991 0.118421 0.015291 0.052632
0 0.670234 0.131579 0.015291 0.057895
0 0.655963 0.151316 0.015291 0.060526
0 0.843527 0.359211 0.021407 0.060526
0 0.960245 0.102632 0.010194 0.036842
0 0.768603 0.060526 0.010194 0.026316
0 0.357288 0.126316 0.015291 0.036842
0 0.558104 0.057895 0.011213 0.031579
0 0.865443 0.127632 0.014271 0.044737
0 0.514781 0.068421 0.010194 0.031579
0 0.290010 0.072368 0.011213 0.028947
0 0.695209 0.192105 0.014271 0.052632
0 0.360347 0.167105 0.017329 0.050000
0 0.436799 0.161842 0.015291 0.050000
0 0.410296 0.252632 0.019368 0.052632
0 0.455657 0.371053 0.024465 0.073684
0 0.826198 0.051316 0.011213 0.034211
0 0.713558 0.135526 0.014271 0.039474
0 0.942406 0.432895 0.023445 0.076316
0 0.203874 0.123684 0.018349 0.047368
0 0.848114 0.090789 0.012232 0.034211
0 0.752803 0.142105 0.015291 0.042105
0 0.490826 0.103947 0.013252 0.039474
0 0.274210 0.053947 0.012232 0.034211
0 0.504077 0.052632 0.011213 0.036842
0 0.893986 0.131579 0.012232 0.042105
0 0.275739 0.176316 0.013252 0.042105
0 0.994903 0.200000 0.010194 0.047368
0 0.617737 0.072368 0.010194 0.028947
0 0.122834 0.119737 0.013252 0.044737
0 0.723751 0.457895 0.028542 0.084211
0 0.886850 0.909211 0.048930 0.144737
0 0.607543 0.060526 0.010194 0.031579
0 0.168196 0.092105 0.012232 0.036842
0 0.392457 0.864474 0.053007 0.134211
0 0.114679 0.967105 0.058104 0.065789
0 0.195719 0.813158 0.055046 0.173684
0 0.180938 0.656579 0.041794 0.150000
0 0.147808 0.638158 0.032620 0.107895
0 0.025994 0.718421 0.045872 0.126316
0 0.268603 0.828947 0.058104 0.184211
0 0.330785 0.939474 0.058104 0.121053
0 0.374618 0.955263 0.058104 0.089474
0 0.235984 0.678947 0.025484 0.105263
0 0.407238 0.810526 0.041794 0.100000
0 0.550968 0.946053 0.045872 0.097368
0 0.628440 0.803947 0.047910 0.150000
0 0.594801 0.731579 0.049949 0.126316
0 0.719164 0.922368 0.043833 0.155263
0 0.828236 0.932895 0.051988 0.134211
0 0.917431 0.964474 0.050968 0.071053
0 0.039246 0.389474 0.035678 0.110526
0 0.369521 0.552632 0.031600 0.110526
0 0.392966 0.514474 0.025484 0.081579
0 0.389908 0.176316 0.027523 0.084211
0 0.944954 0.839474 0.048930 0.152632
0 0.753313 0.280263 0.030581 0.081579
