0 0.797146 0.731579 0.061162 0.168421
0 0.671254 0.905263 0.054027 0.173684
0 0.289501 0.625000 0.036697 0.113158
0 0.405199 0.900000 0.060143 0.189474
0 0.912844 0.782895 0.051988 0.165789
0 0.939348 0.896053 0.054027 0.144737
0 0.267074 0.461842 0.028542 0.102632
0 0.170744 0.513158 0.037717 0.115789
0 0.759939 0.859211 0.054027 0.160526
0 0.400612 0.707895 0.048930 0.142105
0 0.505097 0.496053 0.029562 0.102632
0 0.971458 0.681579 0.042813 0.136842
0 0.933741 0.464474 0.036697 0.128947
0 0.738532 0.692105 0.039755 0.131579
0 0.223751 0.501316 0.035678 0.097368
0 0.520897 0.261842 0.022426 0.076316
0 0.558104 0.538158 0.035678 0.123684
0 0.468909 0.713158 0.036697 0.126316
0 0.762487 0.360526 0.030581 0.105263
0 0.320082 0.413158 0.028542 0.089474
0 0.982671 0.878947 0.034659 0.157895
0 0.388379 0.317105 0.020387 0.076316
0 0.618756 0.417105 0.026504 0.092105
0 0.925586 0.652632 0.042813 0.152632
0 0.206422 0.755263 0.049949 0.168421
0 0.329256 0.625000 0.038736 0.118421
0 0.246177 0.664474 0.045872 0.160526
0 0.702854 0.578947 0.037717 0.121053
0 0.328746 0.511842 0.031600 0.097368
0 0.686035 0.328947 0.026504 0.078947
0 0.391947 0.213158 0.019368 0.063158
0 0.323140 0.293421 0.020387 0.065789
0 0.648828 0.415789 0.025484 0.078947
0 0.816514 0.198684 0.018349 0.055263
0 0.246687 0.856579 0.071356 0.176316
0 0.110601 0.563158 0.035678 0.110526
0 0.849643 0.725000 0.043833 0.123684
0 0.252294 0.331579 0.021407 0.073684
0 0.508665 0.813158 0.030581 0.121053
0 0.456677 0.943421 0.046891 0.113158
0 0.981651 0.263158 0.026504 0.084211
0 0.801223 0.385526 0.032620 0.097368
0 0.178389 0.389474 0.024465 0.084211
0 0.542304 0.368421 0.026504 0.094737
0 0.654434 0.350000 0.022426 0.068421
0 0.860347 0.422368 0.036697 0.086842
0 0.734455 0.343421 0.023445 0.076316
0 0.356269 0.221053 0.019368 0.063158
0 0.986239 0.443421 0.027523 0.097368
0 0.432212 0.188158 0.018349 0.060526
0 0.321101 0.885526 0.073394 0.228947
0 0.212538 0.257895 0.021407 0.068421
0 0.598369 0.306579 0.024465 0.086842
0 0.154434 0.898684 0.051988 0.171053
0 0.876147 0.272368 0.019368 0.071053
0 0.355250 0.331579 0.021407 0.073684
0 0.561672 0.202632 0.018349 0.057895
0 0.897044 0.317105 0.020387 0.076316
0 0.286952 0.205263 0.019368 0.063158
0 0.606524 0.207895 0.018349 0.057895
0 0.173802 0.314474 0.021407 0.060526
0 0.830275 0.296053 0.019368 0.071053
0 0.282365 0.371053 0.024465 0.063158
0 0.561162 0.910526 0.056065 0.100000
0 0.133537 0.292105 0.028542 0.089474
0 0.480632 0.365789 0.031600 0.094737
0 0.645770 0.263158 0.021407 0.073684
0 0.529562 0.368421 0.023445 0.089474
0 0.810398 0.298684 0.022426 0.076316
0 0.022936 0.600000 0.041794 0.136842
0 0.737003 0.219737 0.022426 0.060526
0 0.888889 0.203947 0.020387 0.065789
0 0.911825 0.113158 0.017329 0.052632
0 0.640163 0.117105 0.016310 0.050000
0 0.498981 0.236842 0.017329 0.057895
0 0.390418 0.139474 0.016310 0.052632
0 0.025994 0.315789 0.021407 0.068421
0 0.833333 0.647368 0.045872 0.110526
0 0.789501 0.106579 0.015291 0.050000
0 0.457187 0.339474 0.019368 0.068421
0 0.951070 0.231579 0.018349 0.068421
0 0.156983 0.202632 0.016310 0.052632
0 0.010703 0.921053 0.019368 0.157895
0 0.306830 0.100000 0.014271 0.042105
0 0.330275 0.106579 0.014271 0.044737
0 0.437309 0.636842 0.036697 0.121053
0 0.847604 0.088158 0.013252 0.044737
0 0.544852 0.614474 0.029562 0.081579
0 0.528542 0.090789 0.013252 0.039474
0 0.058104 0.128947 0.014271 0.047368
0 0.093782 0.443421 0.020387 0.071053
0 0.202854 0.352632 0.020387 0.068421
0 0.946993 0.023684 0.014271 0.042105
0 0.054027 0.842105 0.050968 0.184211
0 0.189602 0.231579 0.018349 0.063158
0 0.335372 0.044737 0.010194 0.036842
0 0.408767 0.157895 0.018349 0.063158
0 0.664628 0.509211 0.040775 0.071053
0 0.707441 0.214474 0.022426 0.055263
0 0.329766 0.200000 0.017329 0.052632
0 0.882263 0.100000 0.013252 0.047368
0 0.115698 0.206579 0.017329 0.055263
0 0.294088 0.306579 0.019368 0.055263
0 0.660550 0.106579 0.012232 0.039474
0 0.942915 0.103947 0.014271 0.039474
0 0.963303 0.347368 0.024465 0.078947
0 0.544343 0.225000 0.018349 0.060526
0 0.703874 0.044737 0.011213 0.036842
0 0.706932 0.265789 0.023445 0.057895
0 0.095311 0.286842 0.021407 0.068421
0 0.229867 0.075000 0.013252 0.039474
0 0.797655 0.217105 0.017329 0.060526
0 0.783894 0.517105 0.038736 0.123684
0 0.572375 0.285526 0.025484 0.076316
0 0.734964 0.157895 0.018349 0.052632
0 0.841488 0.177632 0.015291 0.050000
0 0.017839 0.069737 0.009174 0.028947
0 0.964832 0.085526 0.013252 0.039474
0 0.091233 0.118421 0.013252 0.047368
0 0.901631 0.076316 0.013252 0.036842
0 0.283894 0.077632 0.013252 0.039474
0 0.948012 0.068421 0.014271 0.031579
0 0.732926 0.040789 0.008155 0.028947
0 0.250765 0.086842 0.016310 0.052632
0 0.929154 0.086842 0.015291 0.047368
0 0.566769 0.973684 0.065240 0.052632
0 0.590214 0.215789 0.018349 0.063158
0 0.280836 0.153947 0.015291 0.039474
0 0.667176 0.201316 0.015291 0.050000
0 0.685015 0.231579 0.020387 0.052632
0 0.483180 0.230263 0.018349 0.055263
0 0.476555 0.292105 0.023445 0.052632
0 0.908257 0.225000 0.018349 0.055263
0 0.086137 0.360526 0.023445 0.063158
0 0.629969 0.310526 0.018349 0.068421
0 0.912844 0.344737 0.021407 0.073684
0 0.346585 0.042105 0.012232 0.036842
0 0.084098 0.077632 0.011213 0.034211
0 0.626911 0.196053 0.020387 0.071053
0 0.546381 0.786842 0.061162 0.121053
0 0.816004 0.093421 0.013252 0.039474
0 0.320591 0.114474 0.011213 0.039474
0 0.947503 0.231579 0.019368 0.068421
0 0.036188 0.169737 0.015291 0.044737
0 0.103976 0.167105 0.016310 0.050000
0 0.353721 0.111842 0.014271 0.044737
0 0.028033 0.121053 0.013252 0.042105
0 0.201835 0.123684 0.014271 0.047368
0 0.589704 0.084211 0.013252 0.047368
0 0.464832 0.501316 0.036697 0.065789
0 0.007645 0.073684 0.009174 0.031579
0 0.470438 0.034211 0.011213 0.031579
0 0.906218 0.019737 0.012232 0.034211
0 0.366972 0.046053 0.012232 0.034211
0 0.988277 0.556579 0.023445 0.102632
0 0.658512 0.153947 0.016310 0.044737
0 0.424057 0.356579 0.022426 0.071053
0 0.531091 0.042105 0.010194 0.026316
0 0.725790 0.443421 0.044852 0.123684
0 0.410805 0.468421 0.028542 0.073684
0 0.379715 0.043421 0.011213 0.034211
0 0.365953 0.436842 0.018349 0.100000
0 0.054027 0.340789 0.018349 0.060526
0 0.259429 0.228947 0.017329 0.052632
0 0.290520 0.842105 0.040775 0.157895
0 0.408257 0.171053 0.017329 0.063158
0 0.640673 0.642105 0.019368 0.094737
0 0.572885 0.080263 0.014271 0.044737
0 0.467890 0.101316 0.012232 0.044737
0 0.683996 0.140789 0.014271 0.039474
0 0.028542 0.057895 0.010194 0.026316
0 0.316004 0.057895 0.010194 0.036842
0 0.474006 0.361842 0.030581 0.086842
0 0.653925 0.189474 0.017329 0.052632
0 0.128440 0.106579 0.012232 0.034211
0 0.641182 0.035526 0.010194 0.028947
0 0.301733 0.172368 0.016310 0.044737
0 0.970948 0.206579 0.019368 0.055263
0 0.383792 0.434211 0.027523 0.094737
0 0.217125 0.028947 0.010194 0.031579
0 0.520387 0.677632 0.043833 0.102632
0 0.443425 0.406579 0.026504 0.076316
0 0.231906 0.043421 0.011213 0.028947
0 0.484200 0.192105 0.018349 0.047368
0 0.454128 0.109211 0.015291 0.050000
0 0.005607 0.151316 0.009174 0.044737
0 0.441386 0.327632 0.018349 0.071053
0 0.159531 0.064474 0.011213 0.034211
0 0.084098 0.223684 0.017329 0.052632
0 0.111111 0.702632 0.046891 0.147368
0 0.155963 0.639474 0.028542 0.121053
0 0.197757 0.626316 0.036697 0.110526
0 0.105505 0.871053 0.043833 0.147368
0 0.062691 0.490789 0.023445 0.107895
0 0.086646 0.531579 0.026504 0.110526
0 0.168196 0.256579 0.014271 0.034211
0 0.155454 0.425000 0.027523 0.055263
0 0.122324 0.459211 0.032620 0.092105
0 0.323140 0.715789 0.048930 0.126316
0 0.369521 0.581579 0.033639 0.126316
0 0.386340 0.531579 0.028542 0.084211
0 0.464832 0.455263 0.034659 0.094737
0 0.366463 0.782895 0.031600 0.118421
0 0.460245 0.842105 0.043833 0.063158
0 0.486239 0.928947 0.038736 0.142105
0 0.661060 0.728947 0.037717 0.084211
0 0.789501 0.960526 0.051988 0.078947
0 0.594801 0.552632 0.037717 0.089474
0 0.700815 0.460526 0.027523 0.089474
0 0.830785 0.525000 0.036697 0.081579
0 0.858308 0.517105 0.030581 0.076316
0 0.893986 0.617105 0.022426 0.097368
0 0.795107 0.613158 0.040775 0.078947
0 0.819572 0.463158 0.032620 0.063158
0 0.842508 0.361842 0.035678 0.076316
0 0.875637 0.339474 0.024465 0.068421
0 0.507645 0.173684 0.020387 0.042105
0 0.453109 0.239474 0.021407 0.042105
0 0.482161 0.571053 0.034659 0.115789
0 0.878695 0.810526 0.024465 0.131579
