0 0.363405 0.573684 0.033639 0.115789
0 0.332314 0.468421 0.030581 0.094737
0 0.348114 0.748684 0.049949 0.171053
0 0.924567 0.571053 0.040775 0.136842
0 0.677880 0.764474 0.038736 0.128947
0 0.126911 0.880263 0.080530 0.197368
0 0.633028 0.710526 0.048930 0.147368
0 0.577472 0.515789 0.033639 0.110526
0 0.274720 0.750000 0.049949 0.152632
0 0.690112 0.539474 0.034659 0.121053
0 0.782875 0.597368 0.032620 0.110526
0 0.763507 0.501316 0.030581 0.102632
0 0.344546 0.338158 0.022426 0.081579
0 0.516820 0.597368 0.038736 0.142105
0 0.030581 0.875000 0.059123 0.192105
0 0.213048 0.755263 0.044852 0.126316
0 0.383792 0.439474 0.029562 0.110526
0 0.724261 0.515789 0.029562 0.105263
0 0.820082 0.509211 0.029562 0.097368
0 0.843017 0.927632 0.063201 0.086842
0 0.491845 0.703947 0.031600 0.123684
0 0.899592 0.932895 0.047910 0.113158
0 0.470438 0.565789 0.031600 0.089474
0 0.280836 0.484211 0.031600 0.094737
0 0.860856 0.705263 0.041794 0.142105
0 0.647808 0.419737 0.027523 0.092105
0 0.710499 0.382895 0.028542 0.086842
0 0.411315 0.422368 0.025484 0.107895
0 0.462793 0.901316 0.063201 0.181579
0 0.310907 0.406579 0.028542 0.081579
0 0.929154 0.428947 0.031600 0.078947
0 0.194190 0.918421 0.051988 0.157895
0 0.115698 0.376316 0.021407 0.073684
0 0.290010 0.346053 0.025484 0.081579
0 0.265545 0.423684 0.025484 0.078947
0 0.380734 0.334211 0.023445 0.073684
0 0.439857 0.446053 0.023445 0.086842
0 0.016310 0.381579 0.028542 0.094737
0 0.146789 0.522368 0.028542 0.097368
0 0.598879 0.753947 0.021407 0.102632
0 0.071865 0.423684 0.031600 0.094737
0 0.185015 0.414474 0.031600 0.097368
0 0.891947 0.594737 0.022426 0.110526
0 0.984200 0.818421 0.031600 0.157895
0 0.897044 0.385526 0.024465 0.092105
0 0.629969 0.565789 0.030581 0.078947
0 0.177880 0.272368 0.019368 0.065789
0 0.117227 0.293421 0.020387 0.065789
0 0.131498 0.185526 0.018349 0.060526
0 0.517839 0.280263 0.020387 0.065789
0 0.789501 0.488158 0.021407 0.097368
0 0.623344 0.390789 0.023445 0.076316
0 0.989806 0.500000 0.020387 0.115789
0 0.824669 0.281579 0.022426 0.068421
0 0.536697 0.347368 0.021407 0.073684
0 0.259429 0.121053 0.017329 0.047368
0 0.389908 0.710526 0.041794 0.136842
0 0.707951 0.234211 0.019368 0.063158
0 0.940877 0.792105 0.024465 0.115789
0 0.568298 0.431579 0.029562 0.073684
0 0.652396 0.134211 0.018349 0.052632
0 0.466871 0.477632 0.026504 0.071053
0 0.581040 0.284211 0.026504 0.063158
0 0.644750 0.194737 0.017329 0.063158
0 0.559123 0.165789 0.015291 0.052632
0 0.159021 0.198684 0.018349 0.065789
0 0.588685 0.348684 0.015291 0.076316
0 0.975535 0.290789 0.020387 0.065789
0 0.572375 0.364474 0.021407 0.065789
0 0.850663 0.313158 0.023445 0.068421
0 0.666157 0.981579 0.060143 0.036842
0 0.448012 0.694737 0.054027 0.126316
0 0.501529 0.411842 0.022426 0.076316
0 0.717635 0.775000 0.030581 0.123684
0 0.687564 0.914474 0.047910 0.139474
0 0.616718 0.297368 0.020387 0.063158
0 0.089704 0.673684 0.028542 0.115789
0 0.837411 0.463158 0.023445 0.100000
0 0.493884 0.332895 0.023445 0.065789
0 0.011213 0.313158 0.020387 0.073684
0 0.956677 0.386842 0.023445 0.094737
0 0.267584 0.305263 0.023445 0.063158
0 0.652396 0.502632 0.024465 0.073684
0 0.211519 0.330263 0.021407 0.071053
0 0.682467 0.430263 0.031600 0.086842
0 0.065240 0.198684 0.018349 0.055263
0 0.210499 0.655263 0.049949 0.094737
0 0.799694 0.275000 0.019368 0.065789
0 0.173293 0.143421 0.016310 0.050000
0 0.346075 0.257895 0.019368 0.063158
0 0.571865 0.760526 0.034659 0.115789
0 0.058614 0.635526 0.037717 0.134211
0 0.295107 0.622368 0.039755 0.144737
0 0.890928 0.846053 0.036697 0.076316
0 0.253823 0.367105 0.024465 0.065789
0 0.506626 0.234211 0.018349 0.052632
0 0.533639 0.514474 0.029562 0.107895
0 0.469419 0.410526 0.025484 0.073684
0 0.407747 0.234211 0.020387 0.063158
0 0.507645 0.171053 0.016310 0.057895
0 0.313965 0.942105 0.040775 0.115789
0 0.839959 0.981579 0.059123 0.036842
0 0.960245 0.094737 0.012232 0.047368
0 0.974516 0.219737 0.018349 0.060526
0 0.754842 0.353947 0.023445 0.076316
0 0.406728 0.105263 0.012232 0.042105
0 0.528542 0.500000 0.025484 0.094737
0 0.886340 0.801316 0.039755 0.107895
0 0.645770 0.093421 0.013252 0.039474
0 0.240061 0.252632 0.017329 0.063158
0 0.896024 0.135526 0.014271 0.050000
0 0.732416 0.269737 0.019368 0.050000
0 0.298675 0.161842 0.018349 0.055263
0 0.482161 0.214474 0.016310 0.055263
0 0.856269 0.188158 0.016310 0.055263
0 0.445464 0.580263 0.020387 0.071053
0 0.437309 0.242105 0.018349 0.057895
0 0.405199 0.568421 0.039755 0.100000
0 0.088175 0.547368 0.029562 0.115789
0 0.779307 0.210526 0.017329 0.052632
0 0.230887 0.611842 0.035678 0.134211
0 0.334862 0.177632 0.015291 0.060526
0 0.716106 0.089474 0.011213 0.042105
0 0.731906 0.214474 0.018349 0.055263
0 0.994393 0.297368 0.011213 0.068421
0 0.753823 0.797368 0.047910 0.142105
0 0.679409 0.207895 0.021407 0.047368
0 0.474516 0.142105 0.019368 0.057895
0 0.847095 0.126316 0.016310 0.052632
0 0.322630 0.181579 0.015291 0.057895
0 0.146789 0.134211 0.014271 0.042105
0 0.694190 0.101316 0.012232 0.034211
0 0.786442 0.123684 0.017329 0.052632
0 0.735474 0.398684 0.021407 0.071053
0 0.659021 0.600000 0.031600 0.084211
0 0.868502 0.069737 0.012232 0.034211
0 0.225790 0.601316 0.045872 0.139474
0 0.749235 0.694737 0.044852 0.068421
0 0.195719 0.184211 0.018349 0.052632
0 0.093782 0.318421 0.018349 0.068421
0 0.665647 0.350000 0.020387 0.063158
0 0.429664 0.172368 0.017329 0.050000
0 0.880224 0.073684 0.013252 0.042105
0 0.328236 0.096053 0.016310 0.044737
0 0.656983 0.290789 0.021407 0.055263
0 0.593782 0.242105 0.017329 0.047368
0 0.218145 0.098684 0.012232 0.034211
0 0.828746 0.156579 0.014271 0.044737
0 0.870540 0.268421 0.020387 0.063158
0 0.931193 0.068421 0.011213 0.036842
0 0.391947 0.117105 0.017329 0.055263
0 0.116718 0.202632 0.015291 0.047368
0 0.471967 0.146053 0.018349 0.060526
0 0.626911 0.238158 0.016310 0.050000
0 0.182977 0.053947 0.011213 0.028947
0 0.840979 0.960526 0.061162 0.078947
0 0.677370 0.664474 0.035678 0.076316
0 0.448522 0.184211 0.014271 0.052632
0 0.910805 0.100000 0.015291 0.042105
0 0.122834 0.127632 0.013252 0.039474
0 0.247706 0.984211 0.061162 0.031579
0 0.469419 0.275000 0.017329 0.055263
0 0.946483 0.101316 0.013252 0.034211
0 0.056575 0.142105 0.019368 0.052632
0 0.556065 0.071053 0.011213 0.036842
0 0.426096 0.101316 0.012232 0.044737
0 0.106524 0.127632 0.015291 0.044737
0 0.102956 0.196053 0.014271 0.050000
0 0.954128 0.664474 0.034659 0.102632
0 0.034149 0.222368 0.017329 0.060526
0 0.237003 0.872368 0.045872 0.139474
0 0.573394 0.140789 0.015291 0.050000
0 0.664118 0.098684 0.013252 0.034211
0 0.614169 0.198684 0.015291 0.044737
0 0.250765 0.580263 0.022426 0.118421
0 0.308869 0.071053 0.012232 0.036842
0 0.882263 0.288158 0.017329 0.065789
0 0.680428 0.098684 0.011213 0.034211
0 0.449032 0.286842 0.017329 0.063158
0 0.943425 0.065789 0.011213 0.036842
0 0.609582 0.260526 0.018349 0.057895
0 0.731906 0.039474 0.010194 0.031579
0 0.115189 0.234211 0.016310 0.047368
0 0.614679 0.075000 0.012232 0.039474
0 0.521407 0.192105 0.015291 0.047368
0 0.850663 0.831579 0.035678 0.105263
0 0.464832 0.217105 0.018349 0.060526
0 0.230887 0.102632 0.011213 0.031579
0 0.240571 0.176316 0.018349 0.042105
0 0.284913 0.197368 0.015291 0.042105
0 0.628950 0.127632 0.014271 0.044737
0 0.694699 0.163158 0.017329 0.063158
0 0.131498 0.132895 0.014271 0.034211
0 0.455148 0.151316 0.017329 0.050000
0 0.011213 0.161842 0.014271 0.050000
0 0.195209 0.131579 0.017329 0.047368
0 0.629969 0.907895 0.044852 0.136842
0 0.648828 0.827632 0.039755 0.097368
0 0.583588 0.943421 0.068298 0.113158
0 0.738022 0.926316 0.046891 0.147368
0 0.791539 0.942105 0.045872 0.115789
0 0.806830 0.857895 0.051988 0.115789
0 0.811927 0.750000 0.056065 0.147368
0 0.844546 0.589474 0.041794 0.126316
0 0.593782 0.642105 0.054027 0.105263
0 0.388889 0.848684 0.072375 0.165789
0 0.021916 0.511842 0.031600 0.144737
0 0.165138 0.335526 0.032620 0.076316
0 0.316514 0.272368 0.029562 0.086842
0 0.379205 0.194737 0.020387 0.078947
0 0.538226 0.082895 0.016310 0.034211
0 0.533639 0.167105 0.019368 0.065789
0 0.465341 0.332895 0.025484 0.055263
0 0.522936 0.901316 0.034659 0.128947
0 0.515291 0.786842 0.025484 0.078947
0 0.136086 0.681579 0.041794 0.105263
0 0.156983 0.731579 0.042813 0.100000
0 0.036697 0.746053 0.048930 0.150000
0 0.735474 0.650000 0.054027 0.100000
0 0.846075 0.428947 0.022426 0.084211
0 0.866463 0.385526 0.032620 0.118421
0 0.913863 0.321053 0.029562 0.078947
0 0.792559 0.400000 0.029562 0.073684
0 0.950051 0.598684 0.048930 0.081579
0 0.755861 0.227632 0.025484 0.097368
0 0.604485 0.471053 0.034659 0.089474
0 0.534149 0.426316 0.036697 0.078947
0 0.966361 0.467105 0.026504 0.086842
0 0.951070 0.265789 0.022426 0.073684
0 0.933741 0.226316 0.016310 0.052632
0 0.894495 0.247368 0.021407 0.057895
0 0.955148 0.893421 0.046891 0.102632
