0 0.385831 0.877632 0.054027 0.186842
0 0.756881 0.542105 0.041794 0.115789
0 0.759429 0.897368 0.063201 0.194737
0 0.230377 0.647368 0.050968 0.115789
0 0.524975 0.723684 0.057085 0.168421
0 0.114679 0.564474 0.033639 0.102632
0 0.863914 0.607895 0.035678 0.115789
0 0.334353 0.807895 0.057085 0.173684
0 0.390418 0.452632 0.034659 0.089474
0 0.293578 0.564474 0.040775 0.128947
0 0.118247 0.875000 0.085627 0.186842
0 0.440877 0.930263 0.045872 0.139474
0 0.430683 0.467105 0.029562 0.097368
0 0.352701 0.584211 0.032620 0.115789
0 0.907747 0.632895 0.037717 0.107895
0 0.048420 0.831579 0.043833 0.168421
0 0.403670 0.600000 0.053007 0.131579
0 0.074924 0.621053 0.039755 0.115789
0 0.018349 0.673684 0.034659 0.136842
0 0.407238 0.740789 0.045872 0.134211
0 0.646789 0.567105 0.035678 0.128947
0 0.869521 0.909211 0.057085 0.160526
0 0.341488 0.434211 0.032620 0.094737
0 0.614169 0.576316 0.033639 0.105263
0 0.954128 0.459211 0.036697 0.107895
0 0.629460 0.393421 0.023445 0.086842
0 0.142202 0.443421 0.031600 0.123684
0 0.828746 0.484211 0.030581 0.084211
0 0.802752 0.798684 0.058104 0.181579
0 0.628950 0.946053 0.059123 0.107895
0 0.477064 0.494737 0.034659 0.100000
0 0.769113 0.321053 0.027523 0.078947
0 0.332824 0.322368 0.025484 0.076316
0 0.700306 0.796053 0.059123 0.197368
0 0.923038 0.467105 0.027523 0.086842
0 0.072885 0.486842 0.025484 0.089474
0 0.681448 0.348684 0.025484 0.081579
0 0.898063 0.821053 0.044852 0.142105
0 0.178389 0.800000 0.063201 0.210526
0 0.724771 0.392105 0.026504 0.068421
0 0.051478 0.268421 0.019368 0.068421
0 0.282875 0.392105 0.025484 0.078947
0 0.282365 0.213158 0.020387 0.068421
0 0.536697 0.496053 0.033639 0.107895
0 0.556575 0.210526 0.020387 0.057895
0 0.495923 0.314474 0.025484 0.081579
0 0.722222 0.326316 0.025484 0.063158
0 0.981142 0.786842 0.037717 0.110526
0 0.177370 0.472368 0.036697 0.123684
0 0.029052 0.319737 0.021407 0.076316
0 0.024465 0.496053 0.036697 0.102632
0 0.639653 0.790789 0.037717 0.155263
0 0.988787 0.510526 0.022426 0.105263
0 0.811927 0.373684 0.023445 0.063158
0 0.888379 0.419737 0.027523 0.102632
0 0.242100 0.431579 0.031600 0.084211
0 0.576962 0.401316 0.024465 0.092105
0 0.722732 0.668421 0.034659 0.089474
0 0.534149 0.257895 0.026504 0.068421
0 0.199286 0.180263 0.021407 0.071053
0 0.580530 0.184211 0.019368 0.063158
0 0.232926 0.361842 0.021407 0.060526
0 0.449541 0.290789 0.022426 0.065789
0 0.366463 0.240789 0.019368 0.071053
0 0.676351 0.439474 0.023445 0.078947
0 0.725790 0.177632 0.020387 0.065789
0 0.585627 0.306579 0.021407 0.060526
0 0.924057 0.234211 0.019368 0.052632
0 0.041794 0.432895 0.026504 0.086842
0 0.621305 0.278947 0.019368 0.073684
0 0.925076 0.750000 0.041794 0.142105
0 0.492355 0.973684 0.065240 0.052632
0 0.171254 0.156579 0.018349 0.060526
0 0.401121 0.368421 0.025484 0.068421
0 0.422018 0.240789 0.020387 0.060526
0 0.240061 0.275000 0.021407 0.065789
0 0.322630 0.582895 0.027523 0.118421
0 0.773700 0.396053 0.024465 0.071053
0 0.829766 0.355263 0.018349 0.073684
0 0.219164 0.144737 0.016310 0.052632
0 0.978084 0.409211 0.021407 0.076316
0 0.932212 0.118421 0.015291 0.042105
0 0.129460 0.319737 0.022426 0.065789
0 0.123853 0.263158 0.021407 0.052632
0 0.969419 0.621053 0.038736 0.115789
0 0.533129 0.161842 0.018349 0.060526
0 0.061672 0.378947 0.023445 0.068421
0 0.058104 0.213158 0.018349 0.052632
0 0.422018 0.314474 0.020387 0.071053
0 0.697757 0.490789 0.019368 0.071053
0 0.902650 0.242105 0.017329 0.063158
0 0.880224 0.253947 0.019368 0.050000
0 0.640163 0.207895 0.018349 0.057895
0 0.462793 0.213158 0.022426 0.068421
0 0.610092 0.730263 0.041794 0.102632
0 0.093782 0.138158 0.016310 0.050000
0 0.302243 0.134211 0.015291 0.042105
0 0.789501 0.667105 0.047910 0.092105
0 0.380224 0.325000 0.020387 0.065789
0 0.909786 0.089474 0.011213 0.036842
0 0.719164 0.264474 0.021407 0.060526
0 0.769623 0.138158 0.014271 0.039474
0 0.965341 0.092105 0.012232 0.036842
0 0.804281 0.098684 0.016310 0.044737
0 0.645260 0.318421 0.022426 0.063158
0 0.577472 0.243421 0.019368 0.055263
0 0.264526 0.834211 0.049949 0.136842
0 0.822120 0.134211 0.017329 0.047368
0 0.889908 0.314474 0.016310 0.060526
0 0.565749 0.130263 0.016310 0.044737
0 0.040775 0.128947 0.014271 0.042105
0 0.930683 0.175000 0.014271 0.050000
0 0.850663 0.331579 0.021407 0.057895
0 0.816004 0.171053 0.015291 0.047368
0 0.755861 0.138158 0.013252 0.039474
0 0.603466 0.410526 0.030581 0.110526
0 0.378695 0.205263 0.017329 0.052632
0 0.893986 0.169737 0.016310 0.055263
0 0.666667 0.127632 0.016310 0.044737
0 0.753823 0.060526 0.011213 0.031579
0 0.697248 0.110526 0.014271 0.042105
0 0.105505 0.217105 0.017329 0.050000
0 0.102956 0.382895 0.018349 0.065789
0 0.952090 0.073684 0.012232 0.036842
0 0.912844 0.347368 0.019368 0.057895
0 0.339959 0.151316 0.017329 0.050000
0 0.994903 0.388158 0.010194 0.086842
0 0.030071 0.221053 0.019368 0.052632
0 0.768603 0.093421 0.012232 0.034211
0 0.777778 0.221053 0.020387 0.052632
0 0.834353 0.236842 0.019368 0.052632
0 0.924057 0.588158 0.025484 0.102632
0 0.309888 0.065789 0.010194 0.036842
0 0.836391 0.968421 0.066259 0.063158
0 0.765545 0.186842 0.016310 0.042105
0 0.993374 0.101316 0.011213 0.039474
0 0.791030 0.163158 0.018349 0.052632
0 0.038226 0.180263 0.015291 0.050000
0 0.240571 0.494737 0.030581 0.115789
0 0.118756 0.125000 0.011213 0.039474
0 0.009174 0.234211 0.016310 0.068421
0 0.601937 0.292105 0.017329 0.068421
0 0.633537 0.481579 0.029562 0.078947
0 0.107543 0.107895 0.011213 0.036842
0 0.921509 0.296053 0.020387 0.055263
0 0.370031 0.144737 0.018349 0.052632
0 0.953619 0.903947 0.051988 0.123684
0 0.168196 0.077632 0.012232 0.039474
0 0.933741 0.035526 0.010194 0.028947
0 0.263507 0.860526 0.051988 0.168421
0 0.453619 0.407895 0.024465 0.094737
0 0.981142 0.159211 0.017329 0.055263
0 0.007645 0.410526 0.013252 0.068421
0 0.055556 0.042105 0.009174 0.026316
0 0.390928 0.182895 0.017329 0.050000
0 0.991335 0.311842 0.015291 0.055263
0 0.132518 0.119737 0.012232 0.034211
0 0.287462 0.121053 0.016310 0.052632
0 0.321101 0.067105 0.010194 0.034211
0 0.136595 0.172368 0.014271 0.044737
0 0.195209 0.122368 0.017329 0.044737
0 0.523445 0.943421 0.045872 0.107895
0 0.706422 0.078947 0.012232 0.036842
0 0.018349 0.898684 0.034659 0.202632
0 0.978593 0.113158 0.012232 0.036842
0 0.591743 0.128947 0.015291 0.047368
0 0.730887 0.131579 0.014271 0.036842
0 0.743119 0.068421 0.012232 0.036842
0 0.933231 0.072368 0.013252 0.034211
0 0.695719 0.064474 0.009174 0.028947
0 0.536697 0.094737 0.013252 0.047368
0 0.237513 0.139474 0.016310 0.047368
0 0.153925 0.056579 0.012232 0.034211
0 0.581549 0.031579 0.011213 0.031579
0 0.529562 0.348684 0.027523 0.081579
0 0.168196 0.221053 0.020387 0.057895
0 0.679409 0.230263 0.017329 0.055263
0 0.404179 0.067105 0.011213 0.034211
0 0.025994 0.094737 0.013252 0.042105
0 0.495413 0.115789 0.016310 0.042105
0 0.242610 0.201316 0.018349 0.055263
0 0.874618 0.351316 0.016310 0.050000
0 0.610092 0.051316 0.011213 0.034211
0 0.506626 0.486842 0.022426 0.094737
0 0.897554 0.102632 0.011213 0.036842
0 0.585627 0.063158 0.011213 0.031579
0 0.902650 0.431579 0.017329 0.084211
0 0.937309 0.532895 0.025484 0.076316
0 0.714577 0.107895 0.012232 0.042105
0 0.055556 0.106579 0.011213 0.034211
0 0.144241 0.106579 0.013252 0.039474
0 0.091743 0.310526 0.020387 0.068421
0 0.183486 0.086842 0.012232 0.036842
0 0.519878 0.061842 0.012232 0.034211
0 0.351682 0.090789 0.012232 0.039474
0 0.287462 0.130263 0.016310 0.060526
0 0.827727 0.060526 0.010194 0.031579
0 0.957696 0.192105 0.015291 0.047368
0 0.960754 0.242105 0.015291 0.047368
0 0.335882 0.201316 0.021407 0.055263
0 0.046891 0.031579 0.008155 0.026316
0 0.988787 0.697368 0.022426 0.078947
0 0.018858 0.063158 0.013252 0.031579
0 0.100917 0.256579 0.016310 0.055263
0 0.322120 0.160526 0.014271 0.047368
0 0.005607 0.146053 0.009174 0.044737
0 0.221203 0.948684 0.038736 0.102632
0 0.158002 0.965789 0.055046 0.068421
0 0.044852 0.968421 0.053007 0.057895
0 0.301733 0.697368 0.063201 0.121053
0 0.213048 0.553947 0.046891 0.139474
0 0.165138 0.635526 0.038736 0.107895
0 0.471967 0.755263 0.036697 0.110526
0 0.568298 0.710526 0.033639 0.136842
0 0.468400 0.588158 0.031600 0.123684
0 0.551988 0.635526 0.037717 0.086842
0 0.593782 0.528947 0.039755 0.136842
0 0.687564 0.627632 0.035678 0.123684
0 0.730887 0.727632 0.042813 0.123684
0 0.887360 0.731579 0.041794 0.105263
0 0.534149 0.419737 0.024465 0.081579
0 0.560652 0.294737 0.018349 0.068421
0 0.602446 0.227632 0.016310 0.044737
0 0.611111 0.209211 0.017329 0.071053
0 0.445464 0.259211 0.016310 0.071053
0 0.726809 0.496053 0.030581 0.113158
0 0.806830 0.302632 0.023445 0.068421
0 0.659531 0.242105 0.016310 0.078947
0 0.505607 0.255263 0.018349 0.073684
0 0.480122 0.271053 0.020387 0.078947
0 0.298675 0.319737 0.022426 0.055263
0 0.309378 0.382895 0.019368 0.086842
0 0.319572 0.464474 0.021407 0.081579
0 0.269113 0.361842 0.022426 0.086842
0 0.189602 0.350000 0.022426 0.063158
0 0.197248 0.415789 0.027523 0.089474
0 0.214577 0.402632 0.019368 0.078947
0 0.162080 0.355263 0.022426 0.084211
0 0.105505 0.467105 0.027523 0.065789
0 0.119776 0.677632 0.035678 0.118421
0 0.069827 0.325000 0.019368 0.071053
0 0.370031 0.731579 0.028542 0.121053
0 0.479103 0.893421 0.032620 0.092105
0 0.604485 0.898684 0.044852 0.107895
0 0.681448 0.939474 0.047910 0.121053
