0 0.433741 0.878947 0.066259 0.189474
0 0.757390 0.922368 0.050968 0.155263
0 0.337411 0.560526 0.040775 0.131579
0 0.888889 0.653947 0.046891 0.144737
0 0.809378 0.822368 0.055046 0.155263
0 0.282365 0.703947 0.046891 0.171053
0 0.228338 0.713158 0.046891 0.157895
0 0.749235 0.635526 0.038736 0.107895
0 0.750255 0.773684 0.050968 0.136842
0 0.651886 0.735526 0.045872 0.160526
0 0.865443 0.777632 0.042813 0.160526
0 0.322120 0.459211 0.030581 0.097368
0 0.158512 0.772368 0.054027 0.150000
0 0.325178 0.860526 0.061162 0.178947
0 0.428644 0.605263 0.035678 0.115789
0 0.089195 0.543421 0.031600 0.102632
0 0.479613 0.305263 0.021407 0.073684
0 0.196738 0.301316 0.030581 0.081579
0 0.480632 0.718421 0.031600 0.136842
0 0.348114 0.723684 0.049949 0.157895
0 0.853721 0.451316 0.029562 0.092105
0 0.920999 0.465789 0.029562 0.089474
0 0.106014 0.763158 0.040775 0.168421
0 0.055046 0.625000 0.038736 0.102632
0 0.843017 0.561842 0.034659 0.097368
0 0.575433 0.742105 0.037717 0.121053
0 0.669725 0.890789 0.046891 0.118421
0 0.442406 0.319737 0.020387 0.071053
0 0.829766 0.419737 0.022426 0.092105
0 0.789501 0.490789 0.025484 0.092105
0 0.634557 0.278947 0.019368 0.068421
0 0.354230 0.415789 0.027523 0.089474
0 0.517839 0.289474 0.022426 0.073684
0 0.588685 0.484211 0.033639 0.105263
0 0.799185 0.350000 0.020387 0.073684
0 0.705403 0.614474 0.034659 0.118421
0 0.518349 0.582895 0.033639 0.113158
0 0.904179 0.881579 0.044852 0.157895
0 0.559123 0.456579 0.029562 0.092105
0 0.260449 0.227632 0.023445 0.065789
0 0.582569 0.638158 0.037717 0.102632
0 0.444954 0.460526 0.027523 0.105263
0 0.376656 0.502632 0.029562 0.100000
0 0.371560 0.946053 0.060143 0.107895
0 0.479103 0.961842 0.057085 0.076316
0 0.761468 0.400000 0.026504 0.078947
0 0.696228 0.348684 0.018349 0.071053
0 0.360856 0.335526 0.024465 0.076316
0 0.599388 0.296053 0.024465 0.081579
0 0.044852 0.290789 0.020387 0.071053
0 0.544852 0.947368 0.066259 0.105263
0 0.935270 0.573684 0.031600 0.105263
0 0.961774 0.426316 0.031600 0.115789
0 0.020387 0.275000 0.022426 0.076316
0 0.988787 0.551316 0.022426 0.107895
0 0.777778 0.277632 0.022426 0.071053
0 0.835882 0.343421 0.022426 0.060526
0 0.122834 0.313158 0.021407 0.073684
0 0.742100 0.228947 0.018349 0.063158
0 0.161570 0.897368 0.066259 0.126316
0 0.531091 0.222368 0.020387 0.060526
0 0.571865 0.203947 0.018349 0.065789
0 0.553007 0.223684 0.019368 0.063158
0 0.819572 0.956579 0.059123 0.065789
0 0.326198 0.277632 0.020387 0.071053
0 0.506116 0.490789 0.027523 0.092105
0 0.674312 0.359211 0.025484 0.086842
0 0.470948 0.572368 0.030581 0.076316
0 0.716106 0.160526 0.013252 0.052632
0 0.614679 0.202632 0.016310 0.057895
0 0.564220 0.306579 0.019368 0.060526
0 0.420999 0.192105 0.018349 0.063158
0 0.484709 0.388158 0.025484 0.081579
0 0.679409 0.164474 0.017329 0.050000
0 0.887360 0.360526 0.021407 0.073684
0 0.641692 0.121053 0.015291 0.052632
0 0.296636 0.321053 0.024465 0.078947
0 0.260449 0.122368 0.017329 0.050000
0 0.509684 0.214474 0.020387 0.060526
0 0.659021 0.972368 0.064220 0.055263
0 0.193680 0.622368 0.040775 0.102632
0 0.616718 0.284211 0.014271 0.068421
0 0.438838 0.265789 0.017329 0.052632
0 0.018349 0.598684 0.034659 0.144737
0 0.285423 0.210526 0.018349 0.052632
0 0.226809 0.448684 0.027523 0.097368
0 0.805810 0.252632 0.021407 0.073684
0 0.835372 0.285526 0.021407 0.055263
0 0.520387 0.375000 0.019368 0.092105
0 0.197248 0.461842 0.035678 0.102632
0 0.612130 0.388158 0.025484 0.071053
0 0.151376 0.389474 0.027523 0.068421
0 0.378695 0.209211 0.019368 0.065789
0 0.547910 0.601316 0.025484 0.086842
0 0.724261 0.297368 0.019368 0.057895
0 0.620795 0.128947 0.014271 0.042105
0 0.065749 0.306579 0.021407 0.065789
0 0.485729 0.113158 0.017329 0.047368
0 0.372069 0.102632 0.014271 0.047368
0 0.762487 0.231579 0.018349 0.057895
0 0.234964 0.118421 0.017329 0.052632
0 0.493884 0.176316 0.015291 0.063158
0 0.427625 0.409211 0.027523 0.076316
0 0.307849 0.210526 0.018349 0.052632
0 0.681957 0.698684 0.028542 0.123684
0 0.707951 0.956579 0.031600 0.086842
0 0.383792 0.330263 0.017329 0.065789
0 0.791539 0.163158 0.015291 0.042105
0 0.102446 0.152632 0.019368 0.052632
0 0.804791 0.118421 0.013252 0.042105
0 0.968909 0.768421 0.047910 0.142105
0 0.417941 0.331579 0.022426 0.073684
0 0.666667 0.602632 0.032620 0.078947
0 0.463812 0.244737 0.016310 0.047368
0 0.943425 0.106579 0.013252 0.039474
0 0.435780 0.132895 0.017329 0.055263
0 0.180428 0.544737 0.040775 0.094737
0 0.954638 0.075000 0.011213 0.039474
0 0.909276 0.321053 0.022426 0.078947
0 0.655963 0.475000 0.025484 0.076316
0 0.073904 0.401316 0.025484 0.076316
0 0.664118 0.311842 0.021407 0.060526
0 0.398063 0.243421 0.017329 0.060526
0 0.972477 0.106579 0.012232 0.039474
0 0.839450 0.231579 0.017329 0.047368
0 0.514781 0.147368 0.016310 0.052632
0 0.105505 0.252632 0.021407 0.063158
0 0.147808 0.285526 0.024465 0.065789
0 0.660041 0.444737 0.023445 0.073684
0 0.114169 0.044737 0.012232 0.036842
0 0.719164 0.459211 0.021407 0.071053
0 0.724261 0.550000 0.031600 0.089474
0 0.276249 0.147368 0.018349 0.052632
0 0.207951 0.143421 0.016310 0.055263
0 0.702345 0.259211 0.020387 0.060526
0 0.467890 0.093421 0.012232 0.039474
0 0.721203 0.436842 0.023445 0.084211
0 0.144750 0.156579 0.014271 0.050000
0 0.387360 0.434211 0.028542 0.068421
0 0.507645 0.085526 0.012232 0.034211
0 0.008155 0.372368 0.014271 0.097368
0 0.491845 0.390789 0.027523 0.081579
0 0.449541 0.218421 0.016310 0.052632
0 0.875127 0.311842 0.019368 0.065789
0 0.234455 0.561842 0.034659 0.113158
0 0.989806 0.232895 0.014271 0.044737
0 0.442406 0.086842 0.012232 0.036842
0 0.134557 0.481579 0.034659 0.131579
0 0.521407 0.084211 0.011213 0.036842
0 0.606014 0.150000 0.015291 0.047368
0 0.541794 0.293421 0.017329 0.065789
0 0.704893 0.039474 0.009174 0.031579
0 0.139653 0.218421 0.018349 0.052632
0 0.017839 0.826316 0.033639 0.184211
0 0.646279 0.371053 0.020387 0.063158
0 0.105505 0.372368 0.017329 0.060526
0 0.478593 0.205263 0.013252 0.052632
0 0.753313 0.157895 0.016310 0.052632
0 0.585117 0.100000 0.012232 0.042105
0 0.093272 0.340789 0.019368 0.071053
0 0.250255 0.490789 0.029562 0.102632
0 0.227319 0.257895 0.036697 0.100000
0 0.835882 0.156579 0.012232 0.039474
0 0.481142 0.043421 0.010194 0.028947
0 0.405708 0.146053 0.018349 0.055263
0 0.985219 0.115789 0.013252 0.042105
0 0.133028 0.135526 0.015291 0.050000
0 0.089704 0.202632 0.018349 0.052632
0 0.864934 0.151316 0.015291 0.055263
0 0.306830 0.067105 0.014271 0.039474
0 0.339959 0.131579 0.017329 0.057895
0 0.565240 0.144737 0.015291 0.042105
0 0.711519 0.773684 0.028542 0.094737
0 0.055046 0.057895 0.010194 0.031579
0 0.883792 0.111842 0.014271 0.039474
0 0.005097 0.271053 0.008155 0.078947
0 0.992864 0.822368 0.014271 0.155263
0 0.390928 0.092105 0.015291 0.042105
0 0.170234 0.190789 0.016310 0.055263
0 0.615189 0.744737 0.025484 0.084211
0 0.981142 0.192105 0.017329 0.047368
0 0.881244 0.214474 0.015291 0.055263
0 0.031600 0.094737 0.012232 0.036842
0 0.918960 0.196053 0.015291 0.050000
0 0.640673 0.072368 0.011213 0.034211
0 0.246177 0.942105 0.058104 0.115789
0 0.769113 0.157895 0.015291 0.052632
0 0.165647 0.044737 0.013252 0.036842
0 0.660041 0.217105 0.015291 0.044737
0 0.442915 0.717105 0.041794 0.113158
0 0.898573 0.197368 0.017329 0.052632
0 0.669215 0.071053 0.011213 0.031579
0 0.974006 0.251316 0.019368 0.055263
0 0.731397 0.378947 0.021407 0.068421
0 0.793068 0.084211 0.014271 0.042105
0 0.669215 0.039474 0.009174 0.026316
0 0.924567 0.656579 0.028542 0.107895
0 0.986748 0.318421 0.024465 0.084211
0 0.757900 0.063158 0.011213 0.031579
0 0.965341 0.209211 0.018349 0.050000
0 0.552497 0.039474 0.010194 0.031579
0 0.986239 0.442105 0.019368 0.089474
0 0.698267 0.169737 0.014271 0.044737
0 0.469419 0.194737 0.015291 0.047368
0 0.343527 0.067105 0.012232 0.039474
0 0.541284 0.090789 0.012232 0.039474
0 0.189093 0.121053 0.015291 0.047368
0 0.994903 0.660526 0.010194 0.110526
0 0.315494 0.986842 0.060143 0.026316
0 0.254842 0.075000 0.014271 0.039474
0 0.043833 0.202632 0.018349 0.052632
0 0.515800 0.052632 0.010194 0.031579
0 0.529562 0.173684 0.017329 0.042105
0 0.353721 0.198684 0.016310 0.055263
0 0.049439 0.139474 0.015291 0.047368
0 0.339959 0.215789 0.019368 0.052632
0 0.149337 0.105263 0.013252 0.042105
0 0.948522 0.303947 0.021407 0.060526
0 0.193170 0.073684 0.013252 0.031579
0 0.847095 0.123684 0.012232 0.042105
0 0.479613 0.634211 0.033639 0.068421
0 0.460245 0.068421 0.011213 0.036842
0 0.807339 0.155263 0.014271 0.042105
0 0.303772 0.113158 0.014271 0.042105
0 0.474516 0.472368 0.021407 0.086842
0 0.399083 0.565789 0.033639 0.121053
0 0.374108 0.585526 0.026504 0.081579
0 0.291539 0.576316 0.030581 0.073684
0 0.620795 0.875000 0.032620 0.155263
0 0.570336 0.848684 0.037717 0.086842
0 0.590214 0.947368 0.038736 0.105263
0 0.507136 0.873684 0.054027 0.105263
0 0.525484 0.701316 0.035678 0.118421
0 0.623344 0.690789 0.021407 0.118421
0 0.715087 0.713158 0.031600 0.078947
0 0.881753 0.956579 0.048930 0.086842
0 0.889399 0.500000 0.019368 0.105263
0 0.527523 0.405263 0.025484 0.068421
0 0.533639 0.481579 0.021407 0.084211
0 0.440877 0.552632 0.031600 0.110526
0 0.186544 0.718421 0.044852 0.136842
0 0.126911 0.606579 0.035678 0.097368
0 0.047401 0.739474 0.045872 0.131579
0 0.050968 0.448684 0.032620 0.092105
0 0.045362 0.405263 0.035678 0.089474
0 0.075943 0.135526 0.017329 0.060526
0 0.217635 0.184211 0.017329 0.068421
0 0.674822 0.218421 0.018349 0.052632
0 0.756371 0.277632 0.022426 0.055263
0 0.858308 0.365789 0.022426 0.057895
