0 0.903160 0.523684 0.042813 0.147368
0 0.352192 0.726316 0.045872 0.157895
0 0.966361 0.615789 0.050968 0.152632
0 0.383282 0.482895 0.038736 0.123684
0 0.810907 0.878947 0.047910 0.163158
0 0.273700 0.463158 0.031600 0.105263
0 0.662589 0.688158 0.038736 0.144737
0 0.134557 0.642105 0.040775 0.131579
0 0.052497 0.810526 0.056065 0.184211
0 0.536188 0.878947 0.065240 0.184211
0 0.462283 0.681579 0.045872 0.131579
0 0.310907 0.817105 0.046891 0.150000
0 0.476045 0.538158 0.034659 0.102632
0 0.219164 0.602632 0.032620 0.131579
0 0.815494 0.556579 0.034659 0.113158
0 0.600917 0.701316 0.043833 0.134211
0 0.133028 0.522368 0.041794 0.102632
0 0.751784 0.393421 0.029562 0.097368
0 0.811927 0.411842 0.033639 0.102632
0 0.332824 0.580263 0.029562 0.102632
0 0.163099 0.790789 0.044852 0.139474
0 0.415392 0.444737 0.029562 0.115789
0 0.650357 0.584211 0.036697 0.105263
0 0.177370 0.650000 0.028542 0.110526
0 0.728338 0.582895 0.043833 0.102632
0 0.463303 0.919737 0.041794 0.155263
0 0.397554 0.715789 0.040775 0.115789
0 0.501529 0.734211 0.036697 0.105263
0 0.893986 0.406579 0.026504 0.081579
0 0.937819 0.510526 0.028542 0.094737
0 0.512742 0.402632 0.028542 0.094737
0 0.846585 0.627632 0.037717 0.139474
0 0.047401 0.506579 0.035678 0.102632
0 0.741081 0.919737 0.057085 0.160526
0 0.374618 0.356579 0.025484 0.081579
0 0.652905 0.368421 0.021407 0.084211
0 0.678389 0.186842 0.017329 0.063158
0 0.690112 0.450000 0.024465 0.084211
0 0.883792 0.914474 0.050968 0.118421
0 0.009684 0.798684 0.017329 0.123684
0 0.932722 0.319737 0.024465 0.076316
0 0.336901 0.302632 0.023445 0.063158
0 0.718145 0.381579 0.031600 0.100000
0 0.745158 0.690789 0.038736 0.128947
0 0.812946 0.313158 0.025484 0.078947
0 0.413863 0.340789 0.024465 0.071053
0 0.500510 0.493421 0.026504 0.086842
0 0.259429 0.796053 0.054027 0.081579
0 0.637615 0.934211 0.051988 0.131579
0 0.666157 0.468421 0.021407 0.078947
0 0.845566 0.468421 0.033639 0.105263
0 0.516820 0.256579 0.020387 0.060526
0 0.538736 0.406579 0.023445 0.076316
0 0.151376 0.285526 0.021407 0.071053
0 0.406728 0.928947 0.065240 0.142105
0 0.506116 0.319737 0.023445 0.065789
0 0.535168 0.222368 0.018349 0.060526
0 0.701835 0.730263 0.033639 0.107895
0 0.180428 0.915789 0.061162 0.168421
0 0.265036 0.309211 0.020387 0.065789
0 0.051478 0.393421 0.021407 0.081579
0 0.222732 0.464474 0.031600 0.086842
0 0.059633 0.622368 0.045872 0.118421
0 0.125382 0.267105 0.020387 0.060526
0 0.186544 0.280263 0.018349 0.060526
0 0.558104 0.676316 0.033639 0.094737
0 0.769623 0.160526 0.016310 0.052632
0 0.123344 0.213158 0.018349 0.047368
0 0.283384 0.709211 0.048930 0.081579
0 0.451070 0.246053 0.019368 0.071053
0 0.551988 0.578947 0.033639 0.100000
0 0.753823 0.510526 0.029562 0.094737
0 0.672783 0.302632 0.020387 0.063158
0 0.596840 0.226316 0.019368 0.063158
0 0.875127 0.376316 0.023445 0.078947
0 0.656983 0.231579 0.019368 0.057895
0 0.409276 0.260526 0.019368 0.052632
0 0.067788 0.139474 0.015291 0.052632
0 0.703874 0.125000 0.015291 0.050000
0 0.267584 0.597368 0.039755 0.100000
0 0.110092 0.351316 0.022426 0.071053
0 0.643731 0.515789 0.029562 0.063158
0 0.412334 0.176316 0.019368 0.063158
0 0.839959 0.384211 0.024465 0.078947
0 0.130989 0.127632 0.013252 0.044737
0 0.992355 0.321053 0.015291 0.063158
0 0.699796 0.314474 0.025484 0.065789
0 0.396534 0.219737 0.018349 0.055263
0 0.562691 0.256579 0.020387 0.065789
0 0.604995 0.093421 0.011213 0.034211
0 0.553007 0.778947 0.041794 0.105263
0 0.777268 0.392105 0.025484 0.089474
0 0.630989 0.171053 0.018349 0.063158
0 0.088175 0.292105 0.021407 0.063158
0 0.754842 0.217105 0.019368 0.055263
0 0.850663 0.214474 0.015291 0.055263
0 0.880224 0.088158 0.013252 0.039474
0 0.240061 0.350000 0.019368 0.073684
0 0.050968 0.243421 0.018349 0.050000
0 0.587156 0.588158 0.030581 0.107895
0 0.594292 0.447368 0.024465 0.073684
0 0.305301 0.153947 0.013252 0.044737
0 0.889399 0.148684 0.015291 0.050000
0 0.293068 0.109211 0.013252 0.039474
0 0.932722 0.434211 0.026504 0.078947
0 0.474006 0.438158 0.026504 0.076316
0 0.575943 0.178947 0.016310 0.057895
0 0.973496 0.311842 0.022426 0.060526
0 0.181957 0.122368 0.013252 0.044737
0 0.144750 0.115789 0.012232 0.042105
0 0.730887 0.231579 0.016310 0.057895
0 0.479613 0.157895 0.015291 0.047368
0 0.612640 0.169737 0.016310 0.055263
0 0.494393 0.359211 0.020387 0.065789
0 0.311417 0.211842 0.015291 0.055263
0 0.863914 0.207895 0.013252 0.047368
0 0.221203 0.182895 0.018349 0.055263
0 0.760449 0.092105 0.012232 0.042105
0 0.582059 0.493421 0.030581 0.065789
0 0.238022 0.218421 0.017329 0.052632
0 0.831295 0.168421 0.015291 0.052632
0 0.588175 0.109211 0.014271 0.044737
0 0.708970 0.240789 0.017329 0.050000
0 0.501019 0.627632 0.031600 0.092105
0 0.434251 0.177632 0.018349 0.060526
0 0.607034 0.298684 0.019368 0.065789
0 0.282365 0.222368 0.018349 0.055263
0 0.102956 0.126316 0.014271 0.047368
0 0.557594 0.484211 0.020387 0.078947
0 0.793578 0.156579 0.017329 0.044737
0 0.409786 0.826316 0.057085 0.084211
0 0.199286 0.244737 0.017329 0.052632
0 0.335372 0.432895 0.024465 0.086842
0 0.127421 0.172368 0.014271 0.039474
0 0.543323 0.160526 0.014271 0.052632
0 0.469929 0.330263 0.018349 0.065789
0 0.989806 0.725000 0.020387 0.097368
0 0.891437 0.268421 0.017329 0.057895
0 0.816004 0.168421 0.015291 0.052632
0 0.201325 0.167105 0.015291 0.050000
0 0.966871 0.107895 0.011213 0.036842
0 0.632008 0.401316 0.024465 0.065789
0 0.644750 0.142105 0.015291 0.047368
0 0.264526 0.128947 0.013252 0.047368
0 0.914373 0.167105 0.014271 0.050000
0 0.714067 0.168421 0.015291 0.047368
0 0.119266 0.051316 0.012232 0.034211
0 0.869521 0.122368 0.012232 0.039474
0 0.746177 0.171053 0.016310 0.052632
0 0.726809 0.139474 0.016310 0.047368
0 0.487768 0.211842 0.015291 0.050000
0 0.150866 0.153947 0.014271 0.039474
0 0.058104 0.043421 0.010194 0.028947
0 0.346075 0.110526 0.013252 0.042105
0 0.154434 0.198684 0.017329 0.055263
0 0.297655 0.231579 0.014271 0.052632
0 0.690622 0.089474 0.011213 0.036842
0 0.666667 0.143421 0.014271 0.044737
0 0.683996 0.384211 0.026504 0.063158
0 0.457187 0.182895 0.017329 0.050000
0 0.593782 0.352632 0.019368 0.063158
0 0.954128 0.073684 0.010194 0.031579
0 0.006116 0.552632 0.010194 0.110526
0 0.613660 0.821053 0.057085 0.110526
0 0.215087 0.292105 0.018349 0.052632
0 0.093272 0.147368 0.015291 0.047368
0 0.172273 0.405263 0.042813 0.100000
0 0.553517 0.325000 0.020387 0.055263
0 0.492864 0.139474 0.015291 0.047368
0 0.167176 0.153947 0.014271 0.050000
0 0.977574 0.247368 0.018349 0.057895
0 0.304281 0.076316 0.013252 0.036842
0 0.450561 0.493421 0.022426 0.081579
0 0.719674 0.072368 0.012232 0.039474
0 0.361366 0.076316 0.013252 0.042105
0 0.231906 0.121053 0.015291 0.047368
0 0.222222 0.414474 0.032620 0.060526
0 0.345566 0.159211 0.014271 0.050000
0 0.943425 0.115789 0.013252 0.042105
0 0.397044 0.061842 0.011213 0.034211
0 0.306830 0.109211 0.012232 0.039474
0 0.191131 0.372368 0.021407 0.065789
0 0.142202 0.223684 0.015291 0.047368
0 0.773700 0.118421 0.014271 0.042105
0 0.446483 0.142105 0.014271 0.042105
0 0.116208 0.125000 0.010194 0.039474
0 0.467380 0.151316 0.015291 0.050000
0 0.875127 0.290789 0.021407 0.060526
0 0.291539 0.152632 0.014271 0.047368
0 0.851172 0.109211 0.014271 0.044737
0 0.801733 0.103947 0.013252 0.039474
0 0.845056 0.169737 0.014271 0.044737
0 0.465341 0.257895 0.015291 0.057895
0 0.666157 0.097368 0.013252 0.042105
0 0.093782 0.196053 0.014271 0.039474
0 0.075433 0.426316 0.038736 0.100000
0 0.918960 0.082895 0.011213 0.034211
0 0.927115 0.769737 0.039755 0.113158
0 0.630989 0.327632 0.020387 0.060526
0 0.562181 0.086842 0.013252 0.042105
0 0.555046 0.182895 0.017329 0.050000
0 0.903160 0.131579 0.014271 0.042105
0 0.333333 0.098684 0.012232 0.039474
0 0.865443 0.085526 0.010194 0.028947
0 0.046891 0.164474 0.014271 0.050000
0 0.035168 0.251316 0.015291 0.050000
0 0.903670 0.094737 0.013252 0.031579
0 0.213558 0.353947 0.021407 0.060526
0 0.720183 0.290789 0.017329 0.055263
0 0.017839 0.251316 0.017329 0.050000
0 0.744648 0.176316 0.015291 0.047368
0 0.907238 0.169737 0.014271 0.050000
0 0.829766 0.064474 0.010194 0.028947
0 0.984709 0.550000 0.028542 0.094737
0 0.746687 0.325000 0.023445 0.055263
0 0.702345 0.085526 0.012232 0.034211
0 0.592253 0.180263 0.016310 0.044737
0 0.824159 0.232895 0.019368 0.055263
0 0.188583 0.272368 0.020387 0.065789
0 0.956677 0.121053 0.011213 0.042105
0 0.699796 0.846053 0.043833 0.128947
0 0.942406 0.109211 0.013252 0.044737
0 0.139653 0.071053 0.010194 0.031579
0 0.985729 0.400000 0.026504 0.084211
0 0.015291 0.365789 0.024465 0.068421
0 0.256371 0.975000 0.051988 0.050000
0 0.109582 0.869737 0.049949 0.102632
0 0.302243 0.581579 0.023445 0.089474
0 0.522426 0.572368 0.033639 0.102632
0 0.849643 0.782895 0.025484 0.086842
0 0.863405 0.739474 0.034659 0.100000
0 0.711009 0.502632 0.027523 0.121053
0 0.442915 0.325000 0.037717 0.107895
0 0.378186 0.180263 0.024465 0.060526
