0 0.189602 0.646053 0.046891 0.144737
0 0.327217 0.728947 0.042813 0.131579
0 0.778797 0.711842 0.042813 0.144737
0 0.235474 0.702632 0.038736 0.136842
0 0.861366 0.727632 0.048930 0.155263
0 0.731397 0.832895 0.045872 0.155263
0 0.178899 0.510526 0.035678 0.105263
0 0.543323 0.722368 0.048930 0.155263
0 0.616718 0.502632 0.030581 0.089474
0 0.563201 0.568421 0.045872 0.121053
0 0.632008 0.596053 0.032620 0.113158
0 0.478084 0.675000 0.044852 0.150000
0 0.392457 0.426316 0.028542 0.084211
0 0.159021 0.789474 0.048930 0.136842
0 0.424057 0.394737 0.026504 0.084211
0 0.644241 0.376316 0.028542 0.089474
0 0.650357 0.521053 0.030581 0.105263
0 0.260449 0.467105 0.029562 0.102632
0 0.205403 0.413158 0.031600 0.105263
0 0.072885 0.764474 0.068298 0.223684
0 0.850153 0.606579 0.034659 0.102632
0 0.510703 0.482895 0.032620 0.102632
0 0.263507 0.894737 0.047910 0.189474
0 0.959735 0.543421 0.031600 0.113158
0 0.243629 0.389474 0.024465 0.073684
0 0.913863 0.894737 0.064220 0.157895
0 0.585117 0.421053 0.030581 0.089474
0 0.673802 0.392105 0.024465 0.089474
0 0.333843 0.515789 0.033639 0.121053
0 0.953109 0.438158 0.026504 0.081579
0 0.280836 0.309211 0.023445 0.076316
0 0.346075 0.861842 0.056065 0.134211
0 0.919980 0.557895 0.033639 0.110526
0 0.808359 0.539474 0.028542 0.094737
0 0.222222 0.530263 0.034659 0.113158
0 0.665647 0.719737 0.048930 0.144737
0 0.577982 0.697368 0.032620 0.131579
0 0.542304 0.301316 0.022426 0.071053
0 0.115189 0.818421 0.034659 0.131579
0 0.411825 0.703947 0.046891 0.155263
0 0.845566 0.363158 0.025484 0.078947
0 0.718145 0.368421 0.021407 0.068421
0 0.323649 0.248684 0.017329 0.060526
0 0.696228 0.360526 0.024465 0.084211
0 0.550968 0.373684 0.029562 0.068421
0 0.466361 0.568421 0.033639 0.094737
0 0.979613 0.642105 0.030581 0.110526
0 0.513761 0.634211 0.030581 0.105263
0 0.920999 0.410526 0.027523 0.105263
0 0.628950 0.281579 0.024465 0.073684
0 0.255352 0.317105 0.021407 0.065789
0 0.676860 0.956579 0.061162 0.086842
0 0.463303 0.877632 0.049949 0.150000
0 0.301223 0.644737 0.037717 0.121053
0 0.307339 0.351316 0.019368 0.065789
0 0.030581 0.446053 0.026504 0.086842
0 0.302752 0.272368 0.018349 0.065789
0 0.892457 0.632895 0.041794 0.123684
0 0.451070 0.252632 0.019368 0.073684
0 0.813456 0.785526 0.042813 0.113158
0 0.707951 0.931579 0.039755 0.136842
0 0.384302 0.801316 0.042813 0.165789
0 0.321101 0.190789 0.018349 0.055263
0 0.782365 0.410526 0.025484 0.089474
0 0.069317 0.459211 0.034659 0.118421
0 0.214067 0.809211 0.040775 0.144737
0 0.011723 0.655263 0.021407 0.115789
0 0.274210 0.386842 0.022426 0.068421
0 0.497961 0.276316 0.023445 0.073684
0 0.744139 0.396053 0.024465 0.071053
0 0.864934 0.268421 0.019368 0.057895
0 0.670744 0.493421 0.022426 0.102632
0 0.166667 0.340789 0.015291 0.060526
0 0.145260 0.152632 0.015291 0.052632
0 0.028033 0.225000 0.017329 0.060526
0 0.837411 0.442105 0.025484 0.084211
0 0.165138 0.252632 0.020387 0.063158
0 0.471967 0.293421 0.026504 0.071053
0 0.284404 0.130263 0.016310 0.050000
0 0.101937 0.540789 0.040775 0.113158
0 0.405708 0.242105 0.018349 0.057895
0 0.058614 0.123684 0.015291 0.057895
0 0.955657 0.367105 0.023445 0.065789
0 0.798165 0.475000 0.026504 0.071053
0 0.882263 0.411842 0.023445 0.076316
0 0.768603 0.236842 0.024465 0.073684
0 0.670744 0.202632 0.016310 0.057895
0 0.658002 0.873684 0.043833 0.115789
0 0.521916 0.243421 0.018349 0.060526
0 0.350153 0.315789 0.021407 0.068421
0 0.729358 0.538158 0.029562 0.081579
0 0.102956 0.238158 0.020387 0.055263
0 0.443425 0.490789 0.028542 0.097368
0 0.961264 0.284211 0.024465 0.063158
0 0.988787 0.546053 0.022426 0.097368
0 0.991845 0.311842 0.016310 0.065789
0 0.488277 0.961842 0.079511 0.076316
0 0.598369 0.255263 0.018349 0.068421
0 0.165138 0.190789 0.018349 0.050000
0 0.532620 0.114474 0.015291 0.044737
0 0.475535 0.181579 0.015291 0.057895
0 0.067278 0.267105 0.020387 0.055263
0 0.618756 0.817105 0.044852 0.150000
0 0.934251 0.105263 0.013252 0.042105
0 0.377676 0.214474 0.017329 0.060526
0 0.512232 0.126316 0.017329 0.052632
0 0.576453 0.969737 0.076453 0.060526
0 0.066259 0.209211 0.014271 0.044737
0 0.130479 0.143421 0.014271 0.050000
0 0.926606 0.197368 0.014271 0.047368
0 0.707951 0.205263 0.017329 0.052632
0 0.063710 0.328947 0.017329 0.063158
0 0.310907 0.450000 0.022426 0.068421
0 0.818043 0.148684 0.015291 0.044737
0 0.388889 0.347368 0.021407 0.063158
0 0.818043 0.267105 0.017329 0.055263
0 0.567788 0.318421 0.022426 0.073684
0 0.642202 0.232895 0.020387 0.055263
0 0.590214 0.130263 0.016310 0.050000
0 0.142202 0.231579 0.017329 0.057895
0 0.403160 0.194737 0.017329 0.047368
0 0.434760 0.239474 0.015291 0.057895
0 0.423038 0.198684 0.018349 0.060526
0 0.407747 0.143421 0.016310 0.044737
0 0.614679 0.372368 0.018349 0.081579
0 0.768603 0.103947 0.012232 0.039474
0 0.991845 0.102632 0.014271 0.042105
0 0.697757 0.146053 0.015291 0.044737
0 0.491335 0.188158 0.018349 0.050000
0 0.454638 0.390789 0.022426 0.081579
0 0.534659 0.067105 0.013252 0.034211
0 0.343527 0.250000 0.016310 0.047368
0 0.978593 0.101316 0.010194 0.034211
0 0.130989 0.213158 0.013252 0.047368
0 0.324669 0.126316 0.015291 0.047368
0 0.032110 0.334211 0.023445 0.073684
0 0.826707 0.448684 0.018349 0.076316
0 0.006626 0.515789 0.011213 0.105263
0 0.909276 0.181579 0.016310 0.052632
0 0.080530 0.105263 0.018349 0.057895
0 0.917941 0.092105 0.013252 0.042105
0 0.955148 0.127632 0.016310 0.039474
0 0.114679 0.306579 0.019368 0.055263
0 0.307339 0.123684 0.017329 0.047368
0 0.019878 0.794737 0.029562 0.147368
0 0.115698 0.098684 0.011213 0.034211
0 0.781346 0.111842 0.013252 0.039474
0 0.379715 0.140789 0.013252 0.044737
0 0.558104 0.061842 0.011213 0.028947
0 0.527523 0.878947 0.056065 0.152632
0 0.710499 0.134211 0.012232 0.042105
0 0.758919 0.121053 0.013252 0.042105
0 0.842508 0.125000 0.015291 0.050000
0 0.952599 0.180263 0.019368 0.055263
0 0.082569 0.180263 0.014271 0.044737
0 0.781855 0.305263 0.020387 0.063158
0 0.294088 0.210526 0.017329 0.047368
0 0.161060 0.144737 0.014271 0.042105
0 0.732926 0.167105 0.016310 0.050000
0 0.623344 0.211842 0.017329 0.055263
0 0.392966 0.092105 0.011213 0.036842
0 0.366972 0.122368 0.012232 0.039474
0 0.679918 0.152632 0.016310 0.047368
0 0.614679 0.102632 0.014271 0.036842
0 0.566259 0.197368 0.019368 0.052632
0 0.760958 0.172368 0.017329 0.044737
0 0.845056 0.294737 0.020387 0.052632
0 0.415392 0.334211 0.019368 0.047368
0 0.893986 0.372368 0.018349 0.071053
0 0.621305 0.717105 0.039755 0.092105
0 0.500000 0.421053 0.025484 0.063158
0 0.797146 0.128947 0.016310 0.052632
0 0.208970 0.092105 0.012232 0.036842
0 0.251274 0.593421 0.031600 0.102632
0 0.908257 0.760526 0.038736 0.105263
0 0.565749 0.093421 0.012232 0.039474
0 0.214067 0.160526 0.030581 0.105263
0 0.580020 0.300000 0.018349 0.078947
0 0.828236 0.292105 0.015291 0.057895
0 0.860347 0.103947 0.014271 0.044737
0 0.332824 0.092105 0.011213 0.036842
0 0.812946 0.984211 0.066259 0.031579
0 0.694699 0.517105 0.023445 0.065789
0 0.822630 0.073684 0.012232 0.036842
0 0.740571 0.236842 0.017329 0.047368
0 0.546891 0.163158 0.017329 0.047368
0 0.093272 0.032895 0.011213 0.028947
0 0.720693 0.740789 0.042813 0.086842
0 0.925586 0.744737 0.073394 0.121053
0 0.984709 0.447368 0.028542 0.084211
0 0.692661 0.244737 0.019368 0.047368
0 0.870540 0.121053 0.014271 0.042105
0 0.794088 0.090789 0.010194 0.028947
0 0.799694 0.189474 0.013252 0.052632
0 0.272681 0.181579 0.015291 0.042105
0 0.941386 0.238158 0.017329 0.050000
0 0.688073 0.196053 0.014271 0.044737
0 0.608053 0.369737 0.019368 0.076316
0 0.548930 0.110526 0.015291 0.047368
0 0.622324 0.130263 0.015291 0.039474
0 0.366972 0.175000 0.016310 0.044737
0 0.417941 0.109211 0.014271 0.039474
0 0.006116 0.234211 0.010194 0.063158
0 0.005097 0.161842 0.008155 0.050000
0 0.814475 0.193421 0.014271 0.044737
0 0.601937 0.342105 0.019368 0.057895
0 0.422018 0.896053 0.036697 0.160526
0 0.374108 0.961842 0.040775 0.076316
0 0.339959 0.930263 0.051988 0.113158
0 0.411825 0.530263 0.038736 0.102632
0 0.381244 0.578947 0.022426 0.073684
0 0.367482 0.514474 0.023445 0.086842
0 0.045362 0.627632 0.039755 0.092105
0 0.161570 0.931579 0.054027 0.136842
0 0.207951 0.952632 0.030581 0.094737
0 0.815494 0.893421 0.044852 0.102632
0 0.766055 0.934211 0.045872 0.131579
0 0.770642 0.534211 0.032620 0.094737
0 0.708461 0.451316 0.026504 0.092105
0 0.839450 0.519737 0.035678 0.081579
0 0.900612 0.484211 0.035678 0.084211
0 0.873598 0.468421 0.024465 0.084211
0 0.972987 0.896053 0.049949 0.165789
0 0.101937 0.385526 0.024465 0.086842
0 0.097859 0.155263 0.014271 0.042105
0 0.124363 0.614474 0.048930 0.092105
0 0.143221 0.715789 0.033639 0.073684
0 0.140163 0.513158 0.033639 0.131579
0 0.539755 0.496053 0.025484 0.071053
0 0.654434 0.311842 0.022426 0.086842
0 0.685525 0.296053 0.027523 0.060526
