0 0.356779 0.815789 0.044852 0.157895
0 0.614169 0.776316 0.043833 0.142105
0 0.228848 0.909211 0.066259 0.181579
0 0.651886 0.494737 0.031600 0.115789
0 0.702345 0.628947 0.034659 0.105263
0 0.047401 0.886842 0.060143 0.221053
0 0.322120 0.700000 0.042813 0.147368
0 0.826198 0.814474 0.043833 0.155263
0 0.303262 0.868421 0.062181 0.215789
0 0.059633 0.375000 0.031600 0.102632
0 0.743119 0.465789 0.034659 0.084211
0 0.747706 0.723684 0.031600 0.136842
0 0.367482 0.569737 0.035678 0.134211
0 0.764526 0.875000 0.044852 0.128947
0 0.081549 0.732895 0.040775 0.144737
0 0.587666 0.398684 0.029562 0.092105
0 0.452090 0.509211 0.031600 0.092105
0 0.015291 0.517105 0.028542 0.107895
0 0.893986 0.651316 0.048930 0.123684
0 0.479613 0.592105 0.035678 0.126316
0 0.806830 0.307895 0.023445 0.073684
0 0.615189 0.650000 0.041794 0.105263
0 0.569317 0.471053 0.025484 0.094737
0 0.656983 0.718421 0.035678 0.131579
0 0.410805 0.913158 0.048930 0.168421
0 0.701325 0.931579 0.046891 0.136842
0 0.979613 0.811842 0.040775 0.181579
0 0.534149 0.777632 0.040775 0.118421
0 0.547401 0.323684 0.024465 0.073684
0 0.144750 0.723684 0.040775 0.131579
0 0.271152 0.332895 0.024465 0.086842
0 0.671254 0.356579 0.023445 0.081579
0 0.508665 0.322368 0.022426 0.065789
0 0.125892 0.461842 0.025484 0.086842
0 0.611111 0.510526 0.025484 0.089474
0 0.107034 0.544737 0.042813 0.115789
0 0.696228 0.755263 0.044852 0.110526
0 0.039246 0.703947 0.029562 0.102632
0 0.249745 0.431579 0.028542 0.078947
0 0.883282 0.478947 0.035678 0.105263
0 0.465851 0.310526 0.022426 0.068421
0 0.094801 0.434211 0.028542 0.084211
0 0.651376 0.925000 0.040775 0.134211
0 0.411825 0.575000 0.034659 0.081579
0 0.432212 0.461842 0.026504 0.092105
0 0.181448 0.640789 0.038736 0.118421
0 0.506116 0.235526 0.017329 0.060526
0 0.524975 0.263158 0.024465 0.073684
0 0.554536 0.677632 0.038736 0.102632
0 0.610092 0.332895 0.025484 0.081579
0 0.524465 0.452632 0.023445 0.073684
0 0.717635 0.398684 0.026504 0.092105
0 0.293068 0.321053 0.019368 0.078947
0 0.923038 0.428947 0.025484 0.105263
0 0.582059 0.252632 0.020387 0.068421
0 0.533639 0.600000 0.035678 0.110526
0 0.923038 0.553947 0.027523 0.092105
0 0.481651 0.475000 0.029562 0.086842
0 0.033129 0.230263 0.019368 0.065789
0 0.450561 0.885526 0.034659 0.181579
0 0.641692 0.596053 0.025484 0.092105
0 0.319572 0.314474 0.023445 0.076316
0 0.787971 0.796053 0.026504 0.134211
0 0.439857 0.277632 0.023445 0.081579
0 0.425586 0.377632 0.025484 0.060526
0 0.167686 0.361842 0.021407 0.071053
0 0.243119 0.625000 0.049949 0.086842
0 0.404179 0.482895 0.027523 0.102632
0 0.798165 0.627632 0.034659 0.107895
0 0.974516 0.550000 0.028542 0.115789
0 0.665647 0.250000 0.020387 0.068421
0 0.851172 0.357895 0.024465 0.078947
0 0.838940 0.655263 0.030581 0.100000
0 0.922018 0.127632 0.013252 0.039474
0 0.828746 0.317105 0.020387 0.071053
0 0.780326 0.398684 0.021407 0.086842
0 0.367482 0.168421 0.017329 0.047368
0 0.025484 0.351316 0.020387 0.071053
0 0.396024 0.394737 0.027523 0.078947
0 0.337920 0.561842 0.023445 0.092105
0 0.163099 0.213158 0.016310 0.063158
0 0.197248 0.310526 0.019368 0.068421
0 0.339450 0.378947 0.020387 0.063158
0 0.743629 0.573684 0.033639 0.126316
0 0.778797 0.296053 0.022426 0.071053
0 0.878186 0.271053 0.019368 0.063158
0 0.461774 0.390789 0.022426 0.086842
0 0.224261 0.357895 0.022426 0.078947
0 0.388379 0.331579 0.022426 0.063158
0 0.583588 0.569737 0.029562 0.102632
0 0.749745 0.972368 0.062181 0.055263
0 0.560652 0.873684 0.069317 0.094737
0 0.916412 0.928947 0.048930 0.121053
0 0.987258 0.443421 0.025484 0.092105
0 0.488277 0.305263 0.016310 0.057895
0 0.881244 0.347368 0.023445 0.068421
0 0.921509 0.223684 0.018349 0.052632
0 0.646279 0.346053 0.024465 0.071053
0 0.875127 0.788158 0.035678 0.102632
0 0.397044 0.243421 0.019368 0.065789
0 0.203874 0.060526 0.010194 0.031579
0 0.190112 0.248684 0.017329 0.060526
0 0.061672 0.480263 0.023445 0.092105
0 0.144241 0.193421 0.015291 0.050000
0 0.552497 0.409211 0.022426 0.065789
0 0.708461 0.163158 0.016310 0.052632
0 0.425076 0.139474 0.016310 0.052632
0 0.752803 0.343421 0.025484 0.081579
0 0.161060 0.156579 0.014271 0.044737
0 0.907238 0.092105 0.010194 0.031579
0 0.702345 0.832895 0.046891 0.055263
0 0.879205 0.097368 0.011213 0.036842
0 0.415392 0.734211 0.051988 0.110526
0 0.733945 0.372368 0.020387 0.071053
0 0.111111 0.678947 0.034659 0.147368
0 0.905199 0.847368 0.055046 0.115789
0 0.867992 0.194737 0.015291 0.052632
0 0.007136 0.618421 0.012232 0.105263
0 0.100408 0.267105 0.017329 0.065789
0 0.376656 0.100000 0.013252 0.042105
0 0.266055 0.059211 0.010194 0.034211
0 0.583078 0.127632 0.014271 0.050000
0 0.832824 0.202632 0.014271 0.047368
0 0.123853 0.261842 0.019368 0.055263
0 0.814475 0.506579 0.034659 0.076316
0 0.717125 0.309211 0.019368 0.060526
0 0.546381 0.467105 0.020387 0.076316
0 0.867992 0.103947 0.011213 0.039474
0 0.771152 0.069737 0.011213 0.028947
0 0.267074 0.175000 0.018349 0.060526
0 0.302752 0.152632 0.016310 0.042105
0 0.060143 0.240789 0.020387 0.065789
0 0.231397 0.125000 0.014271 0.044737
0 0.551988 0.161842 0.015291 0.050000
0 0.280836 0.121053 0.015291 0.042105
0 0.295617 0.084211 0.012232 0.042105
0 0.187564 0.740789 0.046891 0.097368
0 0.225790 0.261842 0.017329 0.055263
0 0.988787 0.110526 0.014271 0.036842
0 0.265545 0.107895 0.011213 0.042105
0 0.320591 0.177632 0.015291 0.050000
0 0.118247 0.142105 0.012232 0.036842
0 0.400102 0.123684 0.017329 0.052632
0 0.782875 0.153947 0.012232 0.039474
0 0.925586 0.664474 0.022426 0.081579
0 0.126402 0.347368 0.018349 0.078947
0 0.639144 0.448684 0.032620 0.107895
0 0.187564 0.157895 0.014271 0.042105
0 0.773700 0.290789 0.022426 0.076316
0 0.053007 0.168421 0.014271 0.042105
0 0.835882 0.407895 0.020387 0.073684
0 0.844037 0.250000 0.018349 0.068421
0 0.379715 0.142105 0.013252 0.042105
0 0.789501 0.098684 0.011213 0.039474
0 0.206932 0.155263 0.014271 0.042105
0 0.254332 0.292105 0.021407 0.068421
0 0.456167 0.206579 0.017329 0.050000
0 0.989297 0.222368 0.015291 0.044737
0 0.096330 0.096053 0.011213 0.039474
0 0.335372 0.151316 0.014271 0.044737
0 0.803262 0.132895 0.016310 0.044737
0 0.732926 0.138158 0.014271 0.039474
0 0.090214 0.226316 0.017329 0.052632
0 0.819572 0.703947 0.038736 0.065789
0 0.708461 0.082895 0.012232 0.034211
0 0.571865 0.352632 0.020387 0.068421
0 0.957696 0.243421 0.015291 0.050000
0 0.191641 0.071053 0.010194 0.036842
0 0.668196 0.142105 0.013252 0.036842
0 0.951070 0.098684 0.012232 0.039474
0 0.439348 0.122368 0.012232 0.044737
0 0.215596 0.052632 0.009174 0.031579
0 0.495413 0.388158 0.026504 0.060526
0 0.207951 0.255263 0.016310 0.052632
0 0.118247 0.056579 0.012232 0.034211
0 0.595311 0.043421 0.010194 0.028947
0 0.219674 0.485526 0.033639 0.081579
0 0.141182 0.148684 0.013252 0.039474
0 0.903160 0.453947 0.016310 0.097368
0 0.643731 0.032895 0.009174 0.028947
0 0.011723 0.288158 0.021407 0.071053
0 0.521916 0.076316 0.012232 0.036842
0 0.760449 0.622368 0.030581 0.097368
0 0.477064 0.202632 0.016310 0.047368
0 0.355759 0.101316 0.012232 0.034211
0 0.102956 0.142105 0.012232 0.036842
0 0.102956 0.036842 0.012232 0.036842
0 0.741081 0.197368 0.014271 0.052632
0 0.847604 0.184211 0.013252 0.042105
0 0.648318 0.101316 0.012232 0.039474
0 0.959225 0.150000 0.014271 0.052632
0 0.415392 0.215789 0.015291 0.057895
0 0.282875 0.057895 0.011213 0.031579
0 0.618247 0.028947 0.009174 0.026316
0 0.880734 0.156579 0.016310 0.050000
0 0.621305 0.094737 0.009174 0.031579
0 0.448012 0.051316 0.011213 0.034211
0 0.577472 0.069737 0.011213 0.034211
0 0.584608 0.032895 0.009174 0.028947
0 0.307339 0.051316 0.013252 0.034211
0 0.684506 0.077632 0.011213 0.034211
0 0.134557 0.103947 0.010194 0.034211
0 0.516820 0.130263 0.012232 0.044737
0 0.893986 0.103947 0.014271 0.039474
0 0.059123 0.065789 0.012232 0.036842
0 0.408767 0.652632 0.044852 0.078947
0 0.229358 0.060526 0.010194 0.031579
0 0.484709 0.118421 0.015291 0.042105
0 0.671254 0.040789 0.009174 0.028947
0 0.853721 0.252632 0.017329 0.063158
0 0.017329 0.289474 0.024465 0.063158
0 0.501529 0.131579 0.014271 0.042105
0 0.153925 0.290789 0.018349 0.060526
0 0.717125 0.121053 0.011213 0.036842
0 0.696738 0.326316 0.019368 0.063158
0 0.859327 0.134211 0.014271 0.047368
0 0.229358 0.031579 0.010194 0.026316
0 0.129969 0.351316 0.019368 0.081579
0 0.817023 0.247368 0.019368 0.057895
0 0.662080 0.248684 0.021407 0.065789
0 0.602446 0.094737 0.010194 0.036842
0 0.177370 0.196053 0.014271 0.055263
0 0.667176 0.185526 0.017329 0.050000
0 0.740571 0.100000 0.011213 0.036842
0 0.083588 0.100000 0.014271 0.042105
0 0.243119 0.084211 0.011213 0.036842
0 0.468909 0.157895 0.012232 0.042105
0 0.906728 0.205263 0.015291 0.047368
0 0.841998 0.114474 0.014271 0.044737
0 0.681448 0.040789 0.009174 0.023684
0 0.817023 0.121053 0.011213 0.031579
0 0.942406 0.243421 0.015291 0.055263
0 0.570846 0.172368 0.018349 0.050000
0 0.633028 0.100000 0.010194 0.031579
0 0.610601 0.146053 0.014271 0.044737
0 0.250765 0.128947 0.014271 0.047368
0 0.147808 0.102632 0.012232 0.036842
0 0.256371 0.055263 0.009174 0.031579
0 0.995413 0.273684 0.009174 0.052632
0 0.220183 0.025000 0.010194 0.023684
0 0.171254 0.823684 0.050968 0.126316
0 0.120795 0.905263 0.066259 0.121053
0 0.334353 0.480263 0.032620 0.065789
0 0.369011 0.471053 0.028542 0.063158
0 0.849643 0.943421 0.076453 0.113158
0 0.454128 0.696053 0.039755 0.165789
0 0.150866 0.563158 0.036697 0.105263
0 0.187054 0.393421 0.027523 0.081579
0 0.190622 0.467105 0.024465 0.102632
0 0.633537 0.269737 0.023445 0.065789
0 0.681448 0.492105 0.035678 0.105263
0 0.924567 0.340789 0.030581 0.055263
0 0.690622 0.221053 0.027523 0.084211
0 0.648828 0.156579 0.019368 0.065789
0 0.750255 0.272368 0.024465 0.050000
0 0.847604 0.484211 0.023445 0.084211
0 0.030071 0.134211 0.021407 0.063158
0 0.228848 0.557895 0.043833 0.105263
0 0.302243 0.571053 0.035678 0.094737
0 0.275229 0.739474 0.040775 0.110526
0 0.241590 0.709211 0.050968 0.155263
