0 0.556065 0.327899 0.023445 0.036232
0 0.531091 0.439312 0.024465 0.038043
0 0.581549 0.269022 0.023445 0.038043
0 0.643221 0.360507 0.024465 0.036232
0 0.118247 0.425725 0.024465 0.036232
0 0.381244 0.295290 0.022426 0.032609
0 0.407238 0.238225 0.025484 0.034420
0 0.441386 0.330616 0.020387 0.034420
0 0.569317 0.426630 0.023445 0.034420
0 0.307849 0.338768 0.024465 0.036232
0 0.618247 0.458333 0.023445 0.036232
0 0.396024 0.374094 0.023445 0.034420
0 0.243629 0.273551 0.024465 0.036232
0 0.485219 0.293478 0.024465 0.036232
0 0.294597 0.432065 0.022426 0.034420
0 0.021916 0.402174 0.023445 0.036232
0 0.218654 0.343297 0.023445 0.034420
0 0.365443 0.460145 0.021407 0.032609
0 0.082059 0.412138 0.025484 0.034420
0 0.338940 0.338768 0.023445 0.032609
0 0.666667 0.281703 0.022426 0.034420
0 0.681957 0.227355 0.020387 0.034420
0 0.312946 0.231884 0.026504 0.039855
0 0.260449 0.396739 0.023445 0.032609
0 0.206932 0.259058 0.022426 0.032609
0 0.140673 0.336051 0.024465 0.034420
0 0.163609 0.173007 0.025484 0.034420
0 0.259429 0.331522 0.021407 0.032609
0 0.745158 0.349638 0.022426 0.036232
0 0.440877 0.261775 0.023445 0.034420
0 0.332824 0.419384 0.023445 0.034420
0 0.603466 0.343297 0.022426 0.030797
0 0.237513 0.178442 0.026504 0.034420
0 0.203364 0.131341 0.021407 0.030797
0 0.216106 0.428442 0.024465 0.034420
0 0.487768 0.183877 0.021407 0.034420
0 0.508155 0.367754 0.023445 0.032609
0 0.423038 0.384964 0.022426 0.034420
0 0.350153 0.138587 0.023445 0.034420
0 0.450051 0.176630 0.023445 0.030797
0 0.093782 0.351449 0.022426 0.032609
0 0.543323 0.232790 0.022426 0.034420
0 0.462283 0.465580 0.021407 0.032609
0 0.657492 0.163043 0.020387 0.032609
0 0.182467 0.364130 0.022426 0.032609
0 0.050459 0.350543 0.025484 0.030797
0 0.626911 0.252717 0.024465 0.038043
0 0.307339 0.124094 0.021407 0.034420
0 0.096840 0.236413 0.022426 0.030797
0 0.183486 0.275362 0.022426 0.032609
0 0.463303 0.385870 0.023445 0.032609
0 0.067788 0.310688 0.023445 0.030797
0 0.133028 0.206522 0.021407 0.028986
0 0.652905 0.086957 0.023445 0.032609
0 0.572885 0.115942 0.022426 0.036232
0 0.101427 0.135870 0.019368 0.028986
0 0.059633 0.185688 0.025484 0.030797
0 0.573904 0.209239 0.024465 0.034420
0 0.013252 0.271739 0.024465 0.032609
0 0.415392 0.134058 0.021407 0.032609
0 0.039246 0.205616 0.021407 0.030797
0 0.666667 0.016304 0.020387 0.025362
0 0.188583 0.420290 0.022426 0.032609
0 0.554027 0.924819 0.031600 0.045290
0 0.431702 0.707428 0.019368 0.041667
0 0.636595 0.739130 0.023445 0.032609
0 0.701325 0.657609 0.020387 0.047101
0 0.664628 0.936594 0.022426 0.043478
0 0.617227 0.827899 0.019368 0.039855
0 0.453109 0.983696 0.017329 0.032609
