0 0.345875 0.174811 0.020250 0.029924
0 0.303625 0.281250 0.025750 0.040530
0 0.593125 0.027462 0.011250 0.018561
0 0.189500 0.407386 0.023500 0.035985
0 0.560000 0.018182 0.009500 0.015909
0 0.435875 0.154924 0.015750 0.029545
0 0.242000 0.319318 0.025000 0.037121
0 0.564125 0.093750 0.015750 0.023864
0 0.101125 0.438636 0.020750 0.031818
0 0.398000 0.250189 0.020500 0.030682
0 0.610125 0.020265 0.011250 0.019318
0 0.189625 0.349432 0.027250 0.036742
0 0.589250 0.051894 0.014000 0.024242
0 0.384750 0.188258 0.019000 0.033333
0 0.493125 0.144886 0.019750 0.029924
0 0.263750 0.125947 0.011500 0.020833
0 0.222000 0.288068 0.025000 0.039773
0 0.460500 0.119886 0.014500 0.026894
0 0.228500 0.156439 0.015000 0.021970
0 0.231375 0.068750 0.007750 0.014015
0 0.256500 0.172159 0.013000 0.022348
0 0.005500 0.490341 0.010500 0.032955
0 0.490750 0.050000 0.009000 0.015909
0 0.210500 0.089962 0.009000 0.014015
0 0.554000 0.035606 0.010500 0.018182
0 0.106875 0.505492 0.033750 0.046591
0 0.467250 0.029924 0.010500 0.015152
0 0.541625 0.064394 0.014250 0.022727
0 0.495125 0.078220 0.014250 0.027652
0 0.647500 0.073674 0.013500 0.023106
0 0.249625 0.061553 0.009750 0.015530
0 0.531875 0.003598 0.008750 0.006439
0 0.507625 0.078030 0.011750 0.023485
0 0.578875 0.007386 0.010250 0.014015
0 0.541000 0.047159 0.010500 0.017045
0 0.242875 0.075379 0.012250 0.012121
0 0.417875 0.143750 0.017250 0.028409
0 0.590625 0.008144 0.009750 0.015530
0 0.606375 0.012689 0.010750 0.011742
