0 0.356500 0.200000 0.018500 0.028261
0 0.574000 0.092572 0.012500 0.019928
0 0.302875 0.230072 0.020250 0.030435
0 0.556500 0.062862 0.010000 0.017029
0 0.736375 0.574457 0.031750 0.056884
0 0.861625 0.615217 0.029250 0.056522
0 0.669125 0.048007 0.008250 0.014130
0 0.527125 0.063406 0.010750 0.018116
0 0.744500 0.023732 0.006000 0.009783
0 0.356125 0.089674 0.010250 0.019203
0 0.361375 0.072826 0.010250 0.015217
0 0.608500 0.099819 0.012000 0.019203
0 0.343750 0.073913 0.009000 0.015217
0 0.009250 0.561775 0.018000 0.034420
0 0.638375 0.011232 0.005750 0.010145
0 0.682875 0.053804 0.008750 0.014130
0 0.332500 0.078442 0.011000 0.016304
0 0.688000 0.010326 0.006000 0.009783
0 0.625500 0.026087 0.007500 0.012319
0 0.463125 0.039674 0.006750 0.010507
0 0.127875 0.121377 0.005750 0.009420
0 0.520750 0.007609 0.006500 0.007971
0 0.682000 0.024457 0.006500 0.011232
0 0.726375 0.030978 0.006750 0.011232
0 0.651000 0.020652 0.006500 0.010145
0 0.080125 0.981522 0.043250 0.033333
0 0.048750 0.202717 0.009500 0.013406
0 0.071125 0.204529 0.007250 0.011957
0 0.048000 0.191667 0.007000 0.010145
0 0.536875 0.007971 0.007750 0.010870
0 0.592625 0.005978 0.007750 0.011232
0 0.699875 0.014312 0.005250 0.009058
0 0.078625 0.201812 0.008750 0.017391
0 0.016000 0.179348 0.004500 0.006522
0 0.025625 0.174275 0.004250 0.006522
0 0.015625 0.151812 0.003750 0.005797
0 0.004875 0.150181 0.002750 0.004710
0 0.034125 0.167391 0.003750 0.007246
0 0.041750 0.175362 0.004500 0.007971
0 0.038875 0.164855 0.004250 0.007971
0 0.052750 0.162681 0.004500 0.008696
0 0.061000 0.172464 0.007500 0.011594
0 0.072750 0.171558 0.007000 0.010507
0 0.091750 0.182609 0.008500 0.015942
0 0.147375 0.113043 0.005750 0.009420
0 0.385375 0.145290 0.012250 0.020290
0 0.558250 0.007065 0.006000 0.009783
0 0.561750 0.008333 0.004000 0.010145
0 0.565875 0.009420 0.005750 0.010870
0 0.563750 0.025543 0.007000 0.011957
0 0.574625 0.020833 0.007250 0.009058
0 0.583250 0.008152 0.007500 0.009058
0 0.585375 0.001812 0.004250 0.002899
0 0.621500 0.009783 0.005500 0.007971
0 0.700125 0.032609 0.005250 0.010145
0 0.739125 0.024094 0.005250 0.006884
0 0.774875 0.022645 0.004750 0.006884
0 0.768125 0.017029 0.005250 0.007246
0 0.907500 0.039674 0.001500 0.003261
0 0.910875 0.039674 0.002250 0.003261
