0 0.580125 0.103261 0.012250 0.018841
0 0.568875 0.047826 0.008750 0.013768
0 0.360750 0.169746 0.016500 0.027899
0 0.385125 0.146920 0.014250 0.022101
0 0.236625 0.249457 0.016250 0.025725
0 0.478125 0.119928 0.012250 0.021739
0 0.621875 0.079167 0.010250 0.016304
0 0.312125 0.184783 0.012750 0.023188
0 0.229125 0.206159 0.015750 0.026812
0 0.622375 0.093841 0.011750 0.017391
0 0.507250 0.087319 0.011000 0.017391
0 0.267750 0.134058 0.012000 0.019565
0 0.546875 0.107609 0.011750 0.018841
0 0.461500 0.065217 0.010500 0.015942
0 0.619375 0.019022 0.006750 0.011957
0 0.478500 0.055616 0.011000 0.016304
0 0.276000 0.210870 0.018500 0.024638
0 0.094250 0.291304 0.014500 0.025362
0 0.495875 0.066123 0.009250 0.015580
0 0.646500 0.041667 0.008500 0.013768
0 0.474875 0.101630 0.011750 0.018478
0 0.532250 0.073913 0.010500 0.017391
0 0.488000 0.021014 0.008000 0.013768
0 0.448000 0.051630 0.010000 0.017029
0 0.543125 0.021377 0.008250 0.011594
0 0.327625 0.098188 0.009750 0.016667
0 0.298625 0.128080 0.011750 0.017754
0 0.701000 0.036594 0.009000 0.013768
0 0.519750 0.058877 0.010500 0.016304
0 0.522000 0.026268 0.008500 0.014130
0 0.720250 0.042935 0.008000 0.012681
0 0.568250 0.064493 0.010000 0.017391
0 0.413125 0.103261 0.011750 0.018841
0 0.625375 0.059601 0.009750 0.015580
0 0.534750 0.089493 0.010000 0.015942
0 0.670500 0.074457 0.011000 0.017754
0 0.481250 0.032428 0.008500 0.013406
0 0.608000 0.022826 0.007000 0.011594
0 0.692750 0.025362 0.007000 0.011594
0 0.653625 0.030254 0.006750 0.011232
0 0.506500 0.071377 0.011000 0.015942
0 0.559750 0.055616 0.008000 0.016304
0 0.550250 0.017572 0.007000 0.011232
0 0.107375 0.301630 0.014250 0.025000
0 0.435625 0.096920 0.011250 0.017754
0 0.025500 0.200362 0.006000 0.009420
0 0.639375 0.027536 0.007250 0.012319
0 0.449375 0.101812 0.010750 0.016667
0 0.643250 0.007971 0.005500 0.009420
0 0.669625 0.049819 0.008250 0.012681
0 0.722625 0.005797 0.006250 0.010145
0 0.037750 0.215399 0.008000 0.011957
0 0.082625 0.155072 0.006750 0.011594
0 0.473625 0.026087 0.008250 0.013043
0 0.770500 0.018659 0.006000 0.009783
0 0.659375 0.012681 0.006250 0.010145
0 0.025875 0.167029 0.005250 0.008696
0 0.462500 0.052717 0.008500 0.013406
0 0.004000 0.228623 0.007000 0.011594
0 0.038750 0.195109 0.007500 0.011232
0 0.066375 0.162138 0.006250 0.009783
0 0.672750 0.031341 0.007500 0.011232
0 0.702875 0.050906 0.009250 0.014130
0 0.563125 0.015399 0.008250 0.013406
0 0.508000 0.022464 0.008000 0.013043
0 0.811000 0.051630 0.007000 0.009783
0 0.638875 0.022464 0.006250 0.009420
0 0.057750 0.200543 0.008000 0.011232
0 0.669250 0.037319 0.007000 0.011594
0 0.048750 0.190217 0.008000 0.011594
0 0.697000 0.004167 0.006000 0.007609
0 0.069375 0.193841 0.007750 0.012319
0 0.719250 0.028623 0.007500 0.011594
0 0.011125 0.189130 0.006750 0.010145
0 0.279000 0.827899 0.043500 0.064493
0 0.018750 0.184601 0.005500 0.007609
0 0.037625 0.154167 0.004750 0.009783
0 0.062250 0.174638 0.006000 0.011594
0 0.079875 0.164312 0.005750 0.010507
0 0.321250 0.144928 0.011000 0.021014
0 0.330625 0.144384 0.010750 0.023551
0 0.545875 0.092210 0.012250 0.014130
0 0.500375 0.030616 0.008750 0.011957
0 0.510250 0.003986 0.005500 0.007246
0 0.504625 0.005616 0.003750 0.010507
0 0.539875 0.017029 0.007250 0.011594
0 0.573500 0.013043 0.007000 0.010145
0 0.591125 0.003986 0.006750 0.007246
0 0.625375 0.005435 0.005750 0.010145
0 0.649875 0.011957 0.005250 0.008696
0 0.666625 0.022464 0.004250 0.010145
0 0.658625 0.003442 0.005750 0.006159
0 0.647750 0.003804 0.005000 0.006884
0 0.679750 0.001993 0.005500 0.003261
0 0.670375 0.002174 0.003750 0.003623
0 0.686375 0.024457 0.004750 0.009783
0 0.727750 0.039493 0.008500 0.009420
0 0.744250 0.028261 0.007000 0.007246
0 0.749625 0.016848 0.005250 0.009783
0 0.737750 0.013768 0.003500 0.009420
0 0.740750 0.016848 0.005000 0.008333
0 0.769125 0.026087 0.003750 0.005072
0 0.784250 0.025725 0.005000 0.006522
0 0.853250 0.045471 0.006000 0.006884
0 0.854375 0.052174 0.003750 0.006522
0 0.859500 0.055072 0.004000 0.006522
0 0.853625 0.018478 0.003250 0.006522
0 0.860125 0.023732 0.002750 0.003986
0 0.080875 0.173007 0.005750 0.007609
0 0.052375 0.208152 0.009250 0.010507
0 0.044250 0.214312 0.006000 0.009058
0 0.051250 0.146558 0.003500 0.002536
