0 0.590750 0.040588 0.012500 0.021569
0 0.285125 0.343922 0.026250 0.042353
0 0.373375 0.080196 0.012750 0.023922
0 0.245125 0.282941 0.023250 0.036471
0 0.608750 0.029020 0.012000 0.020392
0 0.069375 0.626275 0.031250 0.045490
0 0.072625 0.724510 0.032250 0.043529
0 0.241625 0.572941 0.036750 0.047843
0 0.277750 0.025490 0.010500 0.017255
0 0.321125 0.081961 0.014250 0.022745
0 0.412000 0.031373 0.010000 0.016471
0 0.184250 0.667647 0.043000 0.059216
0 0.934875 0.053333 0.006750 0.011765
0 0.022500 0.606667 0.026000 0.040000
0 0.544500 0.065294 0.014000 0.024706
0 0.403000 0.042941 0.010000 0.018431
0 0.625125 0.021765 0.010250 0.018431
0 0.076000 0.117059 0.007500 0.012157
0 0.965625 0.076667 0.006750 0.011373
0 0.005250 0.217647 0.010000 0.015686
0 0.527875 0.007843 0.010250 0.013333
0 0.996750 0.110588 0.006500 0.015686
0 0.380500 0.005882 0.009500 0.010980
0 0.309375 0.071373 0.011750 0.020392
0 0.297875 0.881373 0.052750 0.085098
0 0.018000 0.753333 0.032000 0.046275
0 0.069500 0.122549 0.007500 0.013725
0 0.078500 0.042941 0.005000 0.007451
0 0.071875 0.044706 0.004250 0.007843
0 0.113750 0.025490 0.003500 0.007059
0 0.119875 0.021569 0.004750 0.007059
0 0.028875 0.059412 0.003750 0.005882
0 0.017250 0.069216 0.002500 0.005098
0 0.961250 0.032941 0.005000 0.009412
