0 0.378250 0.210795 0.017500 0.032197
0 0.657125 0.036932 0.009750 0.017803
0 0.304750 0.484280 0.023500 0.042045
0 0.589000 0.064205 0.011500 0.023864
0 0.480500 0.194318 0.015500 0.028030
0 0.640500 0.014205 0.010500 0.017803
0 0.427375 0.184091 0.017250 0.030303
0 0.611000 0.029924 0.011000 0.019697
0 0.581875 0.048485 0.010750 0.018939
0 0.705625 0.051515 0.008750 0.015152
0 0.096625 0.481061 0.029750 0.052273
0 0.034500 0.429167 0.017000 0.031061
0 0.673000 0.005871 0.009000 0.010985
0 0.691875 0.010417 0.009250 0.016288
0 0.940500 0.790341 0.044000 0.060985
0 0.858750 0.626515 0.042000 0.059091
0 0.106125 0.565909 0.035750 0.041667
0 0.184500 0.441856 0.035500 0.053409
0 0.184000 0.399242 0.029000 0.037121
0 0.171000 0.276136 0.025000 0.037879
0 0.036375 0.469886 0.026750 0.037500
0 0.007500 0.571212 0.014500 0.034848
0 0.047625 0.631629 0.038750 0.042803
0 0.053500 0.575947 0.034500 0.045833
0 0.008375 0.717045 0.016250 0.038636
0 0.014000 0.895833 0.027500 0.068182
0 0.270500 0.295076 0.025500 0.040909
0 0.248625 0.238068 0.018250 0.041288
0 0.310375 0.313258 0.024750 0.046212
0 0.346500 0.389773 0.028500 0.048485
0 0.358375 0.308902 0.024250 0.035985
0 0.334750 0.252083 0.022000 0.041288
0 0.447375 0.242614 0.027750 0.038258
0 0.499000 0.142235 0.017500 0.027652
0 0.510375 0.083523 0.013750 0.020076
0 0.467875 0.106439 0.021250 0.029545
0 0.516000 0.107008 0.016500 0.028409
0 0.537750 0.097917 0.019000 0.021591
0 0.611625 0.064583 0.015250 0.025379
0 0.604750 0.012879 0.009500 0.015909
0 0.590750 0.030114 0.011000 0.017045
0 0.638250 0.041098 0.011000 0.018561
0 0.675125 0.037311 0.010250 0.018561
0 0.701000 0.007197 0.006500 0.011364
0 0.709125 0.015530 0.011250 0.017424
0 0.717250 0.008902 0.010000 0.017045
0 0.265375 0.040909 0.009250 0.015152
0 0.242000 0.048674 0.005000 0.009470
0 0.248875 0.059091 0.010250 0.015152
0 0.232000 0.058712 0.007000 0.009848
0 0.256000 0.070265 0.007000 0.011742
