0 0.074875 0.574432 0.036750 0.050379
0 0.593000 0.050189 0.011500 0.020076
0 0.441875 0.038068 0.010250 0.017803
0 0.478375 0.041098 0.012250 0.021591
0 0.223250 0.338636 0.022500 0.033333
0 0.091625 0.653030 0.030750 0.042424
0 0.192250 0.341288 0.019500 0.034848
0 0.253000 0.115152 0.010000 0.018182
0 0.473125 0.076894 0.012750 0.022727
0 0.429875 0.120833 0.015750 0.026515
0 0.287750 0.201894 0.019000 0.031061
0 0.351750 0.056439 0.010000 0.017424
0 0.696250 0.021780 0.010000 0.014773
0 0.236875 0.255114 0.017750 0.028409
0 0.268125 0.112121 0.011750 0.019697
0 0.454125 0.091856 0.013250 0.022348
0 0.382625 0.043371 0.009250 0.016288
0 0.009750 0.375568 0.015000 0.026136
0 0.429500 0.055492 0.011000 0.020833
0 0.033625 0.369318 0.019750 0.029545
0 0.413375 0.028788 0.009750 0.016667
0 0.078375 0.324053 0.017750 0.024621
0 0.845875 0.217992 0.014250 0.023864
0 0.056750 0.289773 0.016500 0.029545
0 0.263875 0.245265 0.025250 0.032197
0 0.682625 0.007765 0.008250 0.014015
0 0.852625 0.178598 0.011750 0.019318
0 0.292375 0.092614 0.010250 0.017803
0 0.150375 0.193371 0.013750 0.022348
0 0.431125 0.085795 0.012750 0.024621
0 0.315125 0.064015 0.009750 0.017424
0 0.200375 0.178409 0.014250 0.024242
0 0.353375 0.139394 0.016750 0.031061
0 0.138500 0.231439 0.016000 0.028030
0 0.894375 0.212311 0.014250 0.020833
0 0.186000 0.183712 0.014000 0.022727
0 0.017750 0.702083 0.035000 0.048864
0 0.500625 0.083902 0.012250 0.022348
0 0.285125 0.082197 0.007750 0.013636
0 0.365625 0.048864 0.008750 0.015152
0 0.407000 0.123864 0.014500 0.027273
0 0.336500 0.036174 0.008500 0.014015
0 0.370750 0.115341 0.015000 0.024621
0 0.586250 0.065909 0.012500 0.018182
0 0.466375 0.032386 0.011250 0.021591
0 0.091500 0.114962 0.006500 0.012500
0 0.308375 0.180871 0.014750 0.026136
0 0.335375 0.182386 0.016250 0.026894
0 0.355750 0.029924 0.010500 0.013636
0 0.457875 0.075568 0.012250 0.017045
0 0.378000 0.159848 0.017000 0.024242
0 0.510750 0.021023 0.012000 0.017803
0 0.476500 0.018371 0.010000 0.015530
0 0.403125 0.035985 0.009250 0.015152
0 0.291875 0.071402 0.009250 0.014773
0 0.012500 0.787689 0.024500 0.050379
0 0.038000 0.596780 0.030000 0.038258
0 0.159750 0.389015 0.039500 0.020455
0 0.159250 0.413636 0.026000 0.040152
0 0.232625 0.123295 0.012750 0.022348
0 0.227500 0.033902 0.007000 0.009470
0 0.241625 0.025379 0.006250 0.012121
0 0.254750 0.024242 0.007000 0.008333
0 0.375000 0.027652 0.011500 0.018182
0 0.343250 0.050189 0.012000 0.018561
0 0.504875 0.015152 0.008750 0.017424
0 0.545750 0.003409 0.011500 0.006061
0 0.967500 0.101894 0.006000 0.008333
