0 0.348625 0.230114 0.015750 0.027652
0 0.544250 0.096212 0.012500 0.021970
0 0.302000 0.214394 0.019500 0.037879
0 0.404000 0.185985 0.018000 0.032576
0 0.510000 0.173106 0.015500 0.028030
0 0.568750 0.060985 0.011000 0.019697
0 0.454500 0.139205 0.018500 0.032955
0 0.493875 0.081818 0.014250 0.025000
0 0.536250 0.078030 0.013500 0.022727
0 0.559500 0.054356 0.009500 0.017045
0 0.276125 0.199432 0.015750 0.031439
0 0.501875 0.148864 0.016750 0.030303
0 0.538375 0.137689 0.014250 0.025379
0 0.643875 0.050379 0.013250 0.022727
0 0.796875 0.639205 0.054250 0.103409
0 0.629000 0.017235 0.010000 0.017803
0 0.432625 0.217424 0.015750 0.028788
0 0.053250 0.721402 0.036500 0.056439
0 0.237250 0.324242 0.014500 0.026515
0 0.006750 0.481250 0.013000 0.032955
0 0.019875 0.542614 0.025250 0.032197
0 0.083250 0.592992 0.030000 0.045833
0 0.011375 0.727273 0.022250 0.046212
0 0.158250 0.501136 0.038000 0.048485
0 0.066125 0.471402 0.026750 0.039015
0 0.070500 0.428030 0.028500 0.036364
0 0.168875 0.421212 0.031750 0.043939
0 0.125000 0.419129 0.028000 0.036742
0 0.255375 0.335795 0.022750 0.035985
0 0.220375 0.243750 0.023750 0.038258
0 0.401250 0.221591 0.023000 0.034848
0 0.453375 0.271402 0.027250 0.042803
0 0.622625 0.030303 0.010750 0.016667
0 0.614750 0.043182 0.011000 0.020455
0 0.650375 0.020265 0.010750 0.018561
0 0.631375 0.005114 0.010750 0.009470
0 0.661250 0.024811 0.009000 0.014773
0 0.666000 0.008902 0.007000 0.013258
0 0.657000 0.002841 0.006500 0.004924
0 0.696375 0.028788 0.009250 0.018182
0 0.690750 0.024621 0.007500 0.015909
0 0.726250 0.037689 0.010000 0.016288
0 0.712750 0.005682 0.008000 0.010606
0 0.730375 0.002273 0.006250 0.003788
0 0.244625 0.048295 0.009250 0.016288
0 0.254375 0.037121 0.007750 0.012121
0 0.264625 0.034470 0.009750 0.012879
0 0.274250 0.031061 0.006500 0.010606
0 0.281625 0.030114 0.007250 0.008712
0 0.286375 0.034280 0.009750 0.014015
