0 0.472875 0.158902 0.018750 0.038258
0 0.498500 0.079735 0.013500 0.023106
0 0.512500 0.159470 0.017500 0.033333
0 0.302000 0.214773 0.023000 0.037879
0 0.351500 0.229545 0.021500 0.034091
0 0.619875 0.017235 0.010250 0.017803
0 0.010500 0.478788 0.018500 0.032576
0 0.231125 0.353788 0.022250 0.040909
0 0.286875 0.028977 0.007250 0.011742
0 0.538250 0.138258 0.014500 0.025758
0 0.052625 0.732386 0.043750 0.052652
0 0.080375 0.596970 0.031750 0.042424
0 0.017000 0.547159 0.033000 0.033712
0 0.065750 0.470265 0.025000 0.037500
0 0.069125 0.429167 0.027750 0.041667
0 0.120875 0.415152 0.023750 0.037879
0 0.167750 0.421023 0.027500 0.040530
0 0.219375 0.345644 0.020750 0.044318
0 0.226000 0.240341 0.024500 0.036742
0 0.355875 0.177462 0.015750 0.028409
0 0.394500 0.225189 0.023000 0.037500
0 0.435250 0.224811 0.019500 0.026136
0 0.454000 0.273864 0.023500 0.043182
0 0.406625 0.188826 0.021750 0.037500
0 0.447750 0.136364 0.023000 0.033333
0 0.545250 0.095265 0.014500 0.025379
0 0.548000 0.077083 0.019000 0.024621
0 0.571500 0.062500 0.014000 0.025000
0 0.560750 0.053409 0.009500 0.014394
0 0.615250 0.042803 0.010000 0.019697
0 0.622750 0.033712 0.008500 0.016667
0 0.645375 0.049811 0.013250 0.023106
0 0.648625 0.023485 0.011250 0.019697
0 0.633375 0.006250 0.008750 0.011742
0 0.666375 0.008523 0.007750 0.013258
0 0.657000 0.002841 0.007000 0.004924
0 0.670875 0.036174 0.009750 0.015530
0 0.692250 0.032008 0.010500 0.015530
0 0.694125 0.022159 0.008750 0.012500
0 0.717500 0.006629 0.007000 0.012500
0 0.726500 0.036364 0.009500 0.017424
0 0.736500 0.003220 0.007500 0.005682
0 0.275625 0.029924 0.008750 0.012121
0 0.264000 0.034659 0.007500 0.011742
0 0.257125 0.047538 0.010750 0.017045
0 0.126250 0.518182 0.032000 0.042424
