0 0.048125 0.521780 0.026750 0.040530
0 0.113875 0.480114 0.034750 0.047348
0 0.248750 0.377652 0.024000 0.041667
0 0.146250 0.445644 0.028500 0.041288
0 0.233250 0.316856 0.023000 0.039015
0 0.325375 0.297159 0.023750 0.038258
0 0.561500 0.017614 0.008000 0.014773
0 0.186250 0.319697 0.021000 0.034848
0 0.349375 0.226894 0.019750 0.034848
0 0.391250 0.213447 0.021000 0.032955
0 0.487750 0.171970 0.018500 0.028788
0 0.244750 0.091667 0.013000 0.021970
0 0.522500 0.098864 0.015500 0.027273
0 0.211750 0.065909 0.011500 0.017424
0 0.229500 0.077273 0.009000 0.015152
0 0.483250 0.123295 0.017000 0.029924
0 0.574500 0.053598 0.014500 0.026136
0 0.652250 0.074432 0.016000 0.026136
0 0.299000 0.269508 0.022000 0.034470
0 0.214000 0.091856 0.011000 0.017803
0 0.477250 0.094129 0.017000 0.026894
0 0.490000 0.088447 0.013000 0.023864
0 0.989375 0.131061 0.010250 0.015909
0 0.428750 0.035038 0.010000 0.014015
0 0.568500 0.003977 0.007000 0.007197
0 0.572250 0.079735 0.014000 0.020833
0 0.565750 0.034659 0.010000 0.019318
0 0.044000 0.717235 0.037000 0.053409
0 0.577375 0.003788 0.007750 0.006818
0 0.602250 0.044697 0.011500 0.015909
0 0.541250 0.072538 0.012500 0.019318
0 0.013500 0.629735 0.026500 0.049621
0 0.070875 0.602652 0.034250 0.043939
0 0.256250 0.036364 0.010000 0.014394
0 0.420875 0.153977 0.022250 0.031439
0 0.470250 0.171780 0.015500 0.029167
0 0.525000 0.071970 0.020000 0.027273
