0 0.189250 0.440530 0.028000 0.043939
0 0.037375 0.586553 0.026250 0.040530
0 0.256000 0.303220 0.024500 0.041288
0 0.185125 0.374242 0.026250 0.041667
0 0.575250 0.017424 0.010500 0.018182
0 0.299000 0.273106 0.021000 0.035606
0 0.355500 0.185038 0.017500 0.031439
0 0.361000 0.223106 0.022000 0.036364
0 0.470375 0.147917 0.015250 0.029167
0 0.538375 0.046023 0.011750 0.020833
0 0.442375 0.159470 0.016750 0.032576
0 0.582875 0.059280 0.012250 0.023106
0 0.491625 0.077462 0.013250 0.024621
0 0.511750 0.140152 0.016500 0.033333
0 0.550875 0.082008 0.016250 0.029167
0 0.304625 0.328977 0.026750 0.037500
0 0.433000 0.138068 0.015000 0.029924
0 0.527375 0.125189 0.013750 0.025379
0 0.459875 0.178030 0.019250 0.034091
0 0.143250 0.145455 0.011500 0.019697
0 0.614875 0.021591 0.011750 0.020455
0 0.413250 0.195265 0.017500 0.027652
0 0.129750 0.358712 0.025000 0.040152
0 0.590000 0.016856 0.012000 0.020076
0 0.253000 0.387879 0.021500 0.034848
0 0.420250 0.222159 0.021000 0.036742
0 0.608625 0.007576 0.009750 0.014394
0 0.042625 0.515152 0.029750 0.053788
0 0.501875 0.102462 0.013250 0.022348
0 0.531500 0.073295 0.012000 0.020833
0 0.229375 0.092803 0.010250 0.015909
0 0.161250 0.112500 0.007500 0.012879
0 0.195250 0.074053 0.009500 0.016288
0 0.696125 0.020833 0.008750 0.013636
0 0.626750 0.036553 0.008000 0.014015
0 0.171625 0.126705 0.010750 0.016288
0 0.182375 0.097538 0.007250 0.013258
0 0.010500 0.599811 0.020500 0.045833
0 0.216875 0.302462 0.026750 0.043561
0 0.580250 0.049621 0.012000 0.018939
0 0.166875 0.030303 0.006250 0.007576
