0 0.266625 0.210417 0.023250 0.035985
0 0.129125 0.358712 0.021250 0.035606
0 0.489500 0.153598 0.017000 0.028409
0 0.052250 0.524811 0.026000 0.042803
0 0.265500 0.265530 0.021000 0.037879
0 0.167250 0.412500 0.029500 0.042424
0 0.209250 0.150568 0.012000 0.022348
0 0.205875 0.298674 0.018750 0.031439
0 0.444500 0.090341 0.012000 0.022348
0 0.294250 0.241477 0.018500 0.029924
0 0.455500 0.073295 0.013000 0.022348
0 0.083250 0.311932 0.017000 0.024621
0 0.361250 0.187121 0.018000 0.027273
0 0.436750 0.111553 0.013500 0.023106
0 0.231125 0.227273 0.021250 0.032576
0 0.092625 0.331061 0.016250 0.025000
0 0.182250 0.204735 0.014000 0.023864
0 0.495625 0.032576 0.009750 0.018182
0 0.081125 0.564962 0.026250 0.045833
0 0.518875 0.007386 0.010250 0.014015
0 0.134375 0.262121 0.016750 0.024242
0 0.229125 0.119886 0.012750 0.021591
0 0.029875 0.373295 0.024750 0.029924
0 0.398875 0.160606 0.019250 0.028030
0 0.769000 0.061174 0.008000 0.013258
0 0.341750 0.030871 0.007500 0.013258
0 0.190625 0.190341 0.012250 0.021591
0 0.619875 0.108902 0.012750 0.024621
0 0.269000 0.107386 0.011000 0.018561
0 0.129750 0.451326 0.024000 0.042045
0 0.323500 0.175758 0.016500 0.034091
0 0.375500 0.113636 0.011000 0.020455
0 0.791750 0.032386 0.008000 0.014015
0 0.447375 0.033902 0.010750 0.016288
0 0.279000 0.078598 0.012000 0.017803
0 0.373000 0.162311 0.015500 0.026894
0 0.358500 0.008902 0.007000 0.012500
0 0.110875 0.271591 0.014250 0.022727
0 0.465875 0.117614 0.014250 0.023106
0 0.150250 0.221591 0.013500 0.021212
0 0.583875 0.007197 0.010250 0.012121
0 0.258625 0.093371 0.010750 0.017803
0 0.212000 0.182765 0.013500 0.021591
0 0.459375 0.025000 0.009250 0.016667
0 0.488500 0.019886 0.008000 0.014015
0 0.103000 0.452841 0.023000 0.034470
0 0.477875 0.007576 0.008250 0.014394
0 0.490375 0.073106 0.012750 0.022727
0 0.040625 0.346591 0.018250 0.025000
0 0.490125 0.008902 0.007750 0.010985
0 0.501500 0.044886 0.010500 0.016288
0 0.394750 0.056629 0.011500 0.017803
0 0.005625 0.683902 0.010750 0.036742
0 0.234750 0.153030 0.014500 0.025000
0 0.249625 0.037311 0.008250 0.009470
0 0.241875 0.035038 0.006250 0.012500
0 0.096125 0.042803 0.002250 0.003788
0 0.317625 0.067045 0.012250 0.021212
0 0.321500 0.061932 0.008500 0.017045
0 0.470625 0.046970 0.008750 0.013636
0 0.476500 0.042424 0.007000 0.015909
0 0.500125 0.006250 0.009250 0.011742
0 0.560250 0.004167 0.009500 0.007576
0 0.601250 0.002462 0.008500 0.004167
0 0.921625 0.046023 0.004250 0.008712
0 0.902375 0.021023 0.003750 0.005682
0 0.895250 0.005871 0.004000 0.004924
0 0.887250 0.002841 0.002500 0.004924
