0 0.201500 0.354356 0.025500 0.040530
0 0.013875 0.536364 0.027250 0.042424
0 0.062125 0.438258 0.024250 0.040909
0 0.246125 0.289962 0.029250 0.044318
0 0.394250 0.181250 0.021500 0.034470
0 0.521500 0.105682 0.015000 0.028788
0 0.375250 0.212689 0.021000 0.034470
0 0.135125 0.468182 0.028250 0.050758
0 0.424750 0.155303 0.018500 0.034091
0 0.561375 0.088826 0.015750 0.024621
0 0.208000 0.292235 0.021500 0.038258
0 0.622000 0.019508 0.009000 0.015530
0 0.588375 0.055114 0.010750 0.020076
0 0.468125 0.132576 0.015250 0.028030
0 0.633000 0.006250 0.008000 0.011742
0 0.079875 0.475000 0.033250 0.051515
0 0.545750 0.075758 0.011500 0.021212
0 0.333250 0.260985 0.022000 0.034848
0 0.485125 0.106061 0.015250 0.028030
0 0.614625 0.085417 0.012250 0.023106
0 0.565500 0.046023 0.010500 0.019318
0 0.600500 0.020644 0.010500 0.020076
0 0.217250 0.090152 0.011000 0.017424
0 0.650750 0.074053 0.014500 0.023864
0 0.246875 0.071402 0.010750 0.017803
0 0.236250 0.382008 0.031500 0.045833
0 0.195125 0.094508 0.008250 0.012500
0 0.489625 0.142235 0.018750 0.030682
0 0.224375 0.076515 0.007750 0.014394
0 0.329375 0.234091 0.017250 0.024242
0 0.004625 0.676515 0.008750 0.037879
0 0.612750 0.007576 0.009000 0.014394
0 0.225500 0.048295 0.007500 0.012500
0 0.245125 0.093182 0.014750 0.021212
