0 0.103500 0.648485 0.036000 0.057576
0 0.706750 0.005492 0.008000 0.010227
0 0.469250 0.093750 0.017500 0.026894
0 0.630250 0.045076 0.010000 0.021212
0 0.201250 0.070076 0.010000 0.017424
0 0.473375 0.122159 0.016250 0.028409
0 0.691875 0.014394 0.007250 0.012121
0 0.662625 0.024811 0.012250 0.019318
0 0.642625 0.046023 0.013250 0.021591
0 0.635125 0.024811 0.009750 0.018561
0 0.627375 0.081061 0.016250 0.025000
0 0.570250 0.108144 0.010500 0.021591
0 0.676625 0.006061 0.008750 0.011364
0 0.325750 0.204545 0.015000 0.022727
0 0.665875 0.045076 0.009750 0.015909
0 0.731625 0.003788 0.007750 0.006818
0 0.641375 0.006629 0.010750 0.012500
0 0.081375 0.765530 0.039250 0.052273
0 0.037125 0.821212 0.041750 0.053030
0 0.037625 0.599621 0.037750 0.059848
0 0.049250 0.532576 0.027500 0.048485
0 0.087750 0.505492 0.034000 0.047348
0 0.083750 0.466098 0.028500 0.031439
0 0.157875 0.447538 0.026750 0.048106
0 0.178375 0.492424 0.029750 0.046970
0 0.208375 0.366098 0.033250 0.046591
0 0.238375 0.402083 0.025750 0.050379
0 0.304750 0.372159 0.025000 0.039773
0 0.265125 0.328788 0.025250 0.041667
0 0.272125 0.255492 0.021250 0.039773
0 0.322500 0.291856 0.033000 0.048864
0 0.328375 0.239015 0.024250 0.043182
0 0.346625 0.216288 0.017750 0.033333
0 0.410875 0.174242 0.021250 0.040152
0 0.423875 0.140152 0.015250 0.026515
0 0.457875 0.161553 0.018250 0.029167
0 0.495125 0.136364 0.017250 0.030303
0 0.506125 0.115530 0.015750 0.026515
0 0.537375 0.114773 0.018250 0.026515
0 0.543625 0.075379 0.012750 0.025000
0 0.531750 0.095076 0.012500 0.019697
0 0.572000 0.074621 0.012500 0.019697
0 0.591250 0.114015 0.015500 0.025758
0 0.597000 0.063636 0.010500 0.020455
0 0.594125 0.031250 0.010750 0.022348
0 0.621000 0.012311 0.011000 0.017803
0 0.616125 0.041477 0.009750 0.018561
0 0.718625 0.006250 0.009250 0.011742
0 0.830875 0.001326 0.007750 0.001894
0 0.125500 0.545076 0.028000 0.050000
