0 0.053500 0.476667 0.024000 0.040000
0 0.300875 0.097778 0.009750 0.017037
0 0.495125 0.052222 0.009750 0.016296
0 0.519500 0.053519 0.010500 0.018889
0 0.163500 0.714259 0.034500 0.050741
0 0.231000 0.135741 0.010000 0.017407
0 0.153500 0.405185 0.021500 0.033333
0 0.488500 0.167778 0.016500 0.026667
0 0.342125 0.222963 0.018250 0.030370
0 0.357000 0.192963 0.018000 0.029630
0 0.095000 0.549074 0.025000 0.032222
0 0.055125 0.347222 0.017250 0.026296
0 0.323625 0.186852 0.018250 0.029259
0 0.187250 0.332778 0.022000 0.029259
0 0.250500 0.304630 0.020500 0.030000
0 0.213875 0.353519 0.021750 0.030741
0 0.208375 0.305370 0.019750 0.030741
0 0.177250 0.428519 0.027500 0.032593
0 0.352375 0.148519 0.014250 0.022963
0 0.066625 0.318519 0.018250 0.029630
0 0.276125 0.237963 0.019250 0.029259
0 0.052750 0.617778 0.028000 0.041481
0 0.305750 0.236852 0.017500 0.026296
0 0.016000 0.543519 0.027000 0.039630
0 0.364750 0.139074 0.011500 0.020370
0 0.476375 0.101481 0.014250 0.024444
0 0.126875 0.268148 0.015250 0.022963
0 0.393375 0.167963 0.016250 0.026296
0 0.452625 0.120741 0.014750 0.025926
0 0.012625 0.685556 0.024750 0.048889
0 0.131000 0.241296 0.013000 0.020370
0 0.419000 0.121481 0.015500 0.026667
0 0.477375 0.040185 0.008750 0.013704
0 0.087375 0.301852 0.018250 0.026667
0 0.248875 0.269444 0.017250 0.030741
0 0.421750 0.083148 0.011500 0.018148
0 0.177125 0.211111 0.013750 0.020741
0 0.394750 0.144815 0.017000 0.024444
0 0.201500 0.173519 0.012000 0.021111
0 0.643000 0.034815 0.009000 0.015556
0 0.317625 0.080556 0.012250 0.018148
0 0.270125 0.093333 0.008250 0.013333
0 0.215500 0.176296 0.013500 0.020741
0 0.003500 0.391667 0.006500 0.028519
0 0.271125 0.111111 0.009750 0.015556
0 0.292500 0.215185 0.019000 0.025185
0 0.469000 0.087222 0.011500 0.017407
0 0.236000 0.158889 0.010000 0.016296
0 0.248625 0.104815 0.010250 0.017037
0 0.179125 0.190741 0.014750 0.020000
0 0.504250 0.044630 0.009000 0.016667
0 0.088000 0.469074 0.024500 0.042593
0 0.135625 0.130926 0.007250 0.011481
0 0.215250 0.154630 0.012500 0.021111
0 0.004250 0.641852 0.008000 0.031111
0 0.573250 0.003704 0.007000 0.006667
0 0.562250 0.003519 0.007000 0.006296
0 0.331375 0.085185 0.011250 0.020741
0 0.528125 0.044815 0.009750 0.014815
0 0.591875 0.004259 0.007750 0.007778
0 0.081375 0.284444 0.012750 0.019259
0 0.034875 0.367963 0.021750 0.026296
0 0.022625 0.359444 0.013250 0.023333
0 0.057000 0.331296 0.014500 0.014444
0 0.169875 0.234630 0.015250 0.025556
0 0.096625 0.087037 0.005750 0.007407
0 0.246375 0.058519 0.008250 0.012593
0 0.254375 0.055185 0.006750 0.011852
0 0.388875 0.049815 0.008750 0.013704
0 0.450375 0.150000 0.019250 0.029630
0 0.496000 0.035741 0.007500 0.012222
0 0.508125 0.002222 0.004750 0.003704
0 0.611375 0.012407 0.008250 0.010000
0 0.610625 0.004259 0.007750 0.005556
