0 0.048750 0.588636 0.028000 0.045455
0 0.239125 0.416477 0.025250 0.045076
0 0.227500 0.357197 0.033500 0.047727
0 0.542625 0.030871 0.010750 0.019318
0 0.248375 0.297348 0.024750 0.043182
0 0.583250 0.013068 0.010500 0.017045
0 0.441875 0.157197 0.021250 0.038636
0 0.542750 0.102652 0.011500 0.020455
0 0.327375 0.217235 0.019250 0.034470
0 0.112250 0.426894 0.022000 0.037879
0 0.600500 0.028977 0.009500 0.017045
0 0.481125 0.111742 0.015250 0.027273
0 0.383250 0.191856 0.024000 0.034470
0 0.336625 0.182386 0.019750 0.035985
0 0.134500 0.454356 0.024500 0.035227
0 0.386750 0.164394 0.017000 0.026515
0 0.366750 0.260038 0.019000 0.034470
0 0.467250 0.157765 0.020000 0.037500
0 0.193500 0.103977 0.012000 0.020076
0 0.137875 0.519697 0.035750 0.050758
0 0.534875 0.128030 0.015250 0.027273
0 0.437250 0.127652 0.016500 0.023485
0 0.511125 0.087121 0.012250 0.023485
0 0.533500 0.057765 0.010000 0.018561
0 0.574250 0.061932 0.010500 0.017045
0 0.566000 0.082576 0.010500 0.018182
0 0.130125 0.158902 0.009750 0.020076
0 0.162625 0.114205 0.010250 0.016288
0 0.567625 0.009091 0.012750 0.017424
0 0.547625 0.006818 0.008750 0.012879
0 0.610375 0.010795 0.010250 0.014773
0 0.568375 0.035417 0.010250 0.018561
0 0.053250 0.530303 0.030000 0.039394
0 0.078625 0.508712 0.026250 0.034848
0 0.004250 0.762500 0.008000 0.032576
0 0.299500 0.330114 0.027500 0.051894
0 0.289375 0.293371 0.000250 0.000379
0 0.285000 0.319697 0.016500 0.036364
0 0.517000 0.116477 0.013500 0.027652
0 0.195250 0.082955 0.014000 0.018939
0 0.172250 0.126515 0.011500 0.012879
