0 0.611625 0.044565 0.009250 0.015217
0 0.589625 0.105072 0.012750 0.020290
0 0.138625 0.383877 0.025250 0.034420
0 0.671250 0.074819 0.010000 0.017029
0 0.203000 0.304167 0.024500 0.038043
0 0.206875 0.211957 0.011750 0.019565
0 0.171000 0.334601 0.022000 0.032971
0 0.080750 0.315580 0.015500 0.023913
0 0.209375 0.343841 0.019750 0.028986
0 0.378875 0.146920 0.012750 0.022826
0 0.110250 0.282609 0.014000 0.024638
0 0.637250 0.018478 0.008000 0.013043
0 0.622875 0.038587 0.008750 0.013406
0 0.539375 0.043297 0.009750 0.015580
0 0.401875 0.074638 0.009750 0.015217
0 0.619750 0.075906 0.010000 0.017754
0 0.328000 0.144203 0.011500 0.019565
0 0.251250 0.141848 0.010500 0.017029
0 0.512875 0.035688 0.008750 0.014855
0 0.434375 0.101449 0.010250 0.015942
0 0.521750 0.024457 0.008500 0.013406
0 0.228125 0.157428 0.013250 0.020652
0 0.479625 0.032609 0.008250 0.013043
0 0.487750 0.018478 0.008000 0.013043
0 0.329125 0.096558 0.011750 0.017754
0 0.505375 0.029529 0.007750 0.009783
0 0.471750 0.025000 0.008000 0.013768
0 0.590500 0.041123 0.010000 0.012681
0 0.615250 0.058696 0.009500 0.015942
0 0.552625 0.103986 0.011250 0.018841
0 0.012125 0.219928 0.008250 0.013043
0 0.520750 0.011594 0.007000 0.011594
0 0.418375 0.102899 0.010750 0.018116
0 0.681750 0.036232 0.008000 0.013043
0 0.644125 0.049457 0.009750 0.015580
0 0.458375 0.104529 0.010750 0.015580
0 0.034625 0.165217 0.004250 0.007971
0 0.691375 0.022283 0.006750 0.011232
0 0.629375 0.017935 0.006750 0.011232
0 0.669375 0.018297 0.006750 0.011232
0 0.847625 0.043116 0.003750 0.007246
0 0.640125 0.040399 0.007750 0.011957
0 0.501375 0.005072 0.006250 0.009420
0 0.066375 0.162138 0.005750 0.010507
0 0.045375 0.188949 0.007750 0.011957
0 0.569375 0.005254 0.007750 0.009783
0 0.769000 0.005616 0.005000 0.008333
0 0.530375 0.009239 0.007250 0.011957
0 0.745750 0.021558 0.005500 0.009058
0 0.614750 0.015580 0.007000 0.011594
0 0.013125 0.238587 0.007250 0.011957
0 0.056500 0.189855 0.007000 0.010145
0 0.556750 0.020290 0.007500 0.012319
0 0.628000 0.004348 0.007500 0.007971
0 0.496000 0.003986 0.006500 0.007246
0 0.771000 0.021558 0.005500 0.009058
0 0.622625 0.094384 0.009750 0.017029
0 0.302250 0.836413 0.040000 0.067029
0 0.069625 0.183877 0.006750 0.009783
0 0.082875 0.173188 0.007250 0.008696
0 0.085500 0.163587 0.007000 0.009783
0 0.082875 0.152536 0.005750 0.008696
0 0.083000 0.146558 0.004500 0.003261
0 0.053250 0.151812 0.005500 0.009420
0 0.048125 0.159239 0.004250 0.009058
0 0.071000 0.169384 0.006000 0.011957
0 0.023875 0.180797 0.004750 0.007971
0 0.018125 0.180978 0.005250 0.007609
0 0.005750 0.187138 0.005000 0.009058
0 0.024625 0.208877 0.006750 0.009783
0 0.004750 0.201630 0.006000 0.006884
0 0.507375 0.020833 0.009750 0.007609
0 0.547375 0.020652 0.007750 0.008696
0 0.544500 0.014674 0.009500 0.006884
0 0.558000 0.002717 0.004000 0.004710
0 0.565375 0.014855 0.006250 0.009420
0 0.561125 0.091304 0.013750 0.016667
0 0.598750 0.014493 0.006500 0.010145
0 0.688000 0.003261 0.004500 0.005797
0 0.695250 0.012681 0.005500 0.010145
0 0.702000 0.024638 0.007000 0.010870
0 0.711750 0.018841 0.007000 0.007246
0 0.707375 0.048913 0.006750 0.009420
0 0.741000 0.034601 0.006000 0.009783
0 0.756375 0.022283 0.005250 0.008333
0 0.762750 0.038406 0.007000 0.010870
0 0.755625 0.036594 0.006750 0.012319
0 0.737750 0.005254 0.004500 0.006884
0 0.729000 0.003804 0.004500 0.006884
0 0.722500 0.002536 0.005000 0.004348
0 0.785000 0.026087 0.005500 0.009420
0 0.775500 0.006884 0.006000 0.007971
0 0.784500 0.007971 0.004500 0.006522
0 0.878500 0.033152 0.003000 0.003986
0 0.873500 0.030254 0.003000 0.003986
