0 0.566500 0.016098 0.010500 0.019318
0 0.608000 0.020644 0.012000 0.020833
0 0.087625 0.464773 0.025750 0.042424
0 0.045750 0.648864 0.031000 0.047727
0 0.592875 0.042235 0.011250 0.019318
0 0.042625 0.532386 0.027750 0.048864
0 0.652500 0.072348 0.013000 0.023485
0 0.393500 0.246023 0.024500 0.032955
0 0.430000 0.135795 0.017000 0.034470
0 0.303500 0.228220 0.021000 0.034470
0 0.504750 0.089583 0.012000 0.023864
0 0.332875 0.258523 0.022750 0.041288
0 0.561750 0.051515 0.009000 0.018182
0 0.140375 0.450000 0.028750 0.046970
0 0.526750 0.114962 0.017500 0.027652
0 0.070500 0.569886 0.030000 0.039773
0 0.471875 0.130303 0.019750 0.035606
0 0.225875 0.320076 0.022250 0.039394
0 0.459750 0.096023 0.014500 0.028409
0 0.221250 0.161174 0.013500 0.020076
0 0.458750 0.173106 0.018500 0.031061
0 0.145000 0.387121 0.022500 0.040152
0 0.456625 0.067235 0.011750 0.020076
0 0.192250 0.099242 0.009500 0.016667
0 0.196750 0.397538 0.020500 0.035985
0 0.545125 0.033712 0.009250 0.015909
0 0.415125 0.199621 0.018750 0.032576
0 0.547125 0.094508 0.014750 0.025379
0 0.176750 0.324242 0.025000 0.040152
0 0.499750 0.054167 0.011000 0.019697
0 0.259250 0.173864 0.015000 0.025758
0 0.738750 0.003788 0.007000 0.006818
0 0.523625 0.071970 0.010750 0.018939
0 0.399625 0.177273 0.015750 0.028788
0 0.580125 0.073864 0.009750 0.018182
0 0.242125 0.127462 0.013250 0.019318
0 0.358750 0.239205 0.021500 0.031439
0 0.274875 0.288258 0.020750 0.029545
0 0.281000 0.318371 0.020500 0.030682
0 0.626375 0.016856 0.009750 0.014773
0 0.213125 0.083523 0.008250 0.014773
0 0.146875 0.085606 0.008250 0.012879
0 0.611500 0.005303 0.010000 0.009848
0 0.233125 0.082386 0.008750 0.012500
0 0.004125 0.574621 0.007750 0.042424
0 0.226000 0.085227 0.009500 0.016667
0 0.622000 0.033712 0.012000 0.017424
