0 0.380000 0.080784 0.014500 0.027451
0 0.159750 0.704314 0.038000 0.064314
0 0.184750 0.171176 0.014000 0.026275
0 0.208375 0.295490 0.023750 0.038039
0 0.130250 0.291765 0.021500 0.029804
0 0.339500 0.082941 0.016500 0.030980
0 0.030375 0.609804 0.029250 0.040784
0 0.052750 0.499608 0.028000 0.045490
0 0.618500 0.018824 0.011000 0.020392
0 0.011250 0.550588 0.022000 0.040784
0 0.599875 0.034902 0.012250 0.021176
0 0.447875 0.057647 0.014250 0.028235
0 0.484125 0.026078 0.009750 0.018431
0 0.409000 0.082549 0.015000 0.026275
0 0.073250 0.450392 0.024000 0.041961
0 0.566250 0.029608 0.014000 0.022353
0 0.333500 0.143137 0.016000 0.029020
0 0.216500 0.600784 0.038500 0.053333
0 0.342500 0.023529 0.011000 0.019608
0 0.014750 0.190000 0.009000 0.016078
0 0.415000 0.033922 0.009500 0.016863
0 0.030375 0.190196 0.010250 0.016471
0 0.500500 0.027059 0.011500 0.021961
0 0.606500 0.008235 0.010000 0.014118
0 0.013125 0.209020 0.009250 0.015686
0 0.951125 0.090000 0.007750 0.013725
0 0.312250 0.072353 0.011500 0.018431
0 0.483375 0.005098 0.008250 0.009412
0 0.427375 0.027451 0.014750 0.021176
0 0.463750 0.030000 0.011000 0.033333
0 0.075125 0.144902 0.007750 0.013725
0 0.008125 0.160784 0.008250 0.014902
0 0.062875 0.161765 0.009250 0.016078
0 0.969875 0.118431 0.008750 0.015686
0 0.084250 0.049020 0.006500 0.011765
0 0.006625 0.909216 0.012750 0.041961
0 0.079000 0.117255 0.008000 0.014902
0 0.297750 0.896667 0.049000 0.084314
0 0.019375 0.458431 0.029250 0.039216
0 0.257875 0.176275 0.019750 0.035686
0 0.069000 0.122745 0.006500 0.012549
0 0.067750 0.056863 0.004500 0.008627
0 0.076250 0.064510 0.005000 0.008235
0 0.100125 0.027647 0.002750 0.006667
0 0.102750 0.026275 0.002500 0.006275
0 0.321375 0.089020 0.013750 0.022745
