0 0.529000 0.094508 0.014000 0.024621
0 0.483875 0.095833 0.015250 0.030303
0 0.213250 0.229735 0.019000 0.036742
0 0.471625 0.171212 0.016250 0.028030
0 0.604250 0.055492 0.011500 0.020076
0 0.439750 0.285227 0.019000 0.035606
0 0.439250 0.154356 0.015500 0.026136
0 0.210375 0.390530 0.024750 0.043939
0 0.340125 0.227652 0.017750 0.030303
0 0.291750 0.228788 0.020500 0.038636
0 0.393750 0.235038 0.021500 0.032197
0 0.605625 0.039583 0.011250 0.019318
0 0.390125 0.196212 0.019750 0.034091
0 0.628250 0.054924 0.011000 0.018939
0 0.794125 0.635038 0.050250 0.093561
0 0.689625 0.025758 0.007750 0.015152
0 0.632875 0.021402 0.010250 0.017803
0 0.062250 0.614962 0.028000 0.045833
0 0.014500 0.557386 0.019500 0.033712
0 0.007875 0.466667 0.015250 0.040909
0 0.119000 0.528220 0.033500 0.050379
0 0.062625 0.425379 0.022750 0.041667
0 0.058125 0.464394 0.024250 0.040152
0 0.141125 0.440530 0.031750 0.049242
0 0.116375 0.413068 0.024750 0.037500
0 0.226250 0.325379 0.020500 0.037121
0 0.440625 0.233523 0.017250 0.029167
0 0.452750 0.136553 0.016500 0.028409
0 0.501500 0.154545 0.016500 0.024242
0 0.525875 0.120833 0.016750 0.025000
0 0.548250 0.083712 0.014000 0.022727
0 0.528625 0.072727 0.008750 0.010606
0 0.612625 0.017424 0.013750 0.021212
0 0.636875 0.007197 0.008750 0.012121
0 0.665500 0.035606 0.009000 0.016667
0 0.663375 0.011742 0.009250 0.012879
0 0.655000 0.004924 0.008000 0.009091
0 0.676875 0.002652 0.008750 0.004545
0 0.698625 0.004167 0.008750 0.007576
0 0.726250 0.039773 0.010000 0.016667
0 0.724500 0.012121 0.007500 0.012121
0 0.733125 0.004545 0.006250 0.008333
0 0.745375 0.003598 0.007250 0.006439
0 0.717875 0.003977 0.007250 0.007197
0 0.010000 0.709848 0.019500 0.043939
0 0.012875 0.863447 0.025250 0.058712
0 0.010125 0.982386 0.019750 0.035227
0 0.188625 0.081629 0.008250 0.012500
0 0.210375 0.058333 0.008750 0.014394
0 0.220125 0.060985 0.009250 0.014394
0 0.249500 0.048864 0.010000 0.015152
0 0.264250 0.037311 0.008500 0.010985
0 0.941375 0.020076 0.001750 0.003030
0 0.928625 0.005492 0.002250 0.002652
