0 0.038000 0.548864 0.027000 0.040152
0 0.071125 0.629167 0.030250 0.043182
0 0.144750 0.353030 0.027000 0.037879
0 0.063375 0.429545 0.024250 0.040152
0 0.125000 0.278220 0.016000 0.026894
0 0.666250 0.103598 0.010000 0.018561
0 0.057750 0.344129 0.020000 0.030682
0 0.098375 0.479167 0.024750 0.039394
0 0.117000 0.237689 0.013500 0.023106
0 0.403750 0.132955 0.016500 0.027273
0 0.681625 0.124242 0.013750 0.022727
0 0.323375 0.136553 0.013750 0.023106
0 0.347750 0.053030 0.011000 0.018939
0 0.220250 0.141098 0.015000 0.028409
0 0.429375 0.107576 0.015250 0.027273
0 0.324875 0.201515 0.019750 0.031061
0 0.606000 0.103977 0.012000 0.017803
0 0.286125 0.236742 0.017750 0.033333
0 0.470375 0.087311 0.011750 0.021591
0 0.097750 0.268182 0.017000 0.022727
0 0.244500 0.298295 0.021000 0.036742
0 0.347250 0.161742 0.017500 0.025758
0 0.177000 0.400568 0.023500 0.031439
0 0.520125 0.044697 0.011250 0.020455
0 0.017875 0.648485 0.035250 0.047727
0 0.251000 0.242235 0.018000 0.032197
0 0.246500 0.105303 0.011000 0.018939
0 0.381250 0.107386 0.015000 0.022348
0 0.203000 0.301136 0.018500 0.036364
0 0.453375 0.061553 0.012750 0.021591
0 0.200750 0.157576 0.012500 0.021212
0 0.176750 0.180682 0.014500 0.021212
0 0.551125 0.004735 0.007250 0.008712
0 0.493625 0.158333 0.016750 0.023485
0 0.326375 0.049621 0.010250 0.016667
0 0.291125 0.209659 0.017750 0.027652
0 0.152625 0.223485 0.016750 0.031061
0 0.239875 0.132576 0.011750 0.018939
0 0.273250 0.096212 0.012500 0.018939
0 0.247375 0.148485 0.013250 0.020455
0 0.100500 0.447727 0.023000 0.029545
0 0.294000 0.086742 0.010500 0.018182
0 0.194250 0.204356 0.014000 0.021591
0 0.399250 0.038068 0.012000 0.017803
0 0.311500 0.051136 0.008500 0.012121
0 0.364250 0.009091 0.009000 0.012121
0 0.002625 0.450189 0.004750 0.029924
0 0.380750 0.042235 0.008500 0.014015
0 0.261250 0.130682 0.014500 0.022727
0 0.711625 0.020265 0.008250 0.012500
0 0.080000 0.567803 0.026500 0.040152
0 0.058500 0.379356 0.023000 0.032197
0 0.157500 0.214583 0.018000 0.022348
0 0.169000 0.211742 0.014500 0.018182
0 0.279000 0.089962 0.009000 0.018561
0 0.247625 0.038258 0.008250 0.010606
0 0.240250 0.035985 0.007000 0.012121
0 0.137750 0.048864 0.004500 0.008333
0 0.304000 0.066288 0.008500 0.017424
0 0.315500 0.063826 0.011000 0.021591
0 0.324750 0.010606 0.008000 0.011364
0 0.497250 0.027462 0.008500 0.018561
0 0.533125 0.003788 0.008250 0.006818
0 0.858500 0.010795 0.005500 0.007955
0 0.842625 0.001894 0.003750 0.003030
0 0.882125 0.022917 0.004750 0.007955
0 0.905500 0.022727 0.003000 0.006061
0 0.932000 0.021780 0.002500 0.004924
