0 0.295250 0.442045 0.030500 0.055303
0 0.557125 0.078220 0.010750 0.022348
0 0.520125 0.103409 0.016750 0.031061
0 0.654750 0.013068 0.011000 0.020076
0 0.573250 0.103977 0.015000 0.026894
0 0.545625 0.103030 0.015750 0.027273
0 0.576625 0.061742 0.012250 0.021970
0 0.129750 0.724811 0.038500 0.051136
0 0.061500 0.744129 0.037500 0.051894
0 0.128750 0.635417 0.037500 0.066288
0 0.019625 0.564583 0.027250 0.039773
0 0.050750 0.626894 0.039500 0.059091
0 0.028625 0.519129 0.022750 0.028409
0 0.037000 0.384659 0.012000 0.014015
0 0.161000 0.530114 0.032000 0.056439
0 0.097500 0.508144 0.033000 0.045076
0 0.088375 0.478409 0.029250 0.029545
0 0.143625 0.460985 0.031250 0.042424
0 0.132625 0.414773 0.027250 0.042424
0 0.201250 0.400568 0.027500 0.048106
0 0.267250 0.350758 0.028500 0.046212
0 0.284125 0.303977 0.026250 0.032955
0 0.291750 0.226515 0.020500 0.040909
0 0.340000 0.334091 0.029000 0.045455
0 0.366375 0.256061 0.027750 0.045455
0 0.372750 0.210227 0.022500 0.045455
0 0.366125 0.171591 0.019750 0.021970
0 0.444125 0.155871 0.021250 0.037500
0 0.489000 0.149432 0.023500 0.039015
0 0.468875 0.121402 0.014750 0.027652
0 0.498000 0.096780 0.015500 0.026136
0 0.502125 0.070833 0.012750 0.018182
0 0.595125 0.097348 0.012250 0.024242
0 0.624500 0.103977 0.018000 0.025379
0 0.600125 0.054924 0.009750 0.018939
0 0.637125 0.066667 0.012250 0.018182
0 0.618125 0.039205 0.013750 0.022348
0 0.611625 0.018371 0.010250 0.016288
0 0.637875 0.026326 0.010250 0.016288
0 0.642125 0.005303 0.007750 0.009848
0 0.657625 0.040720 0.012250 0.019318
0 0.687375 0.032576 0.009750 0.016667
0 0.675500 0.012500 0.011000 0.015152
0 0.721500 0.012879 0.008000 0.015152
0 0.775625 0.002841 0.006750 0.004924
0 0.700250 0.003409 0.009500 0.006061
