0 0.639625 0.018750 0.009250 0.017045
0 0.326000 0.268561 0.023500 0.038636
0 0.219250 0.294508 0.022000 0.034470
0 0.177000 0.293939 0.020500 0.035606
0 0.116750 0.432008 0.025500 0.042803
0 0.575125 0.037879 0.009250 0.017424
0 0.059125 0.535038 0.025750 0.042045
0 0.439125 0.202462 0.020250 0.032955
0 0.324250 0.206061 0.018000 0.031818
0 0.173000 0.394886 0.026500 0.043561
0 0.460250 0.169129 0.018500 0.031439
0 0.031625 0.471970 0.022250 0.041667
0 0.565625 0.074242 0.012250 0.020455
0 0.413875 0.166667 0.016750 0.028788
0 0.251000 0.125758 0.011500 0.021970
0 0.597125 0.010606 0.012250 0.018939
0 0.619375 0.027841 0.010250 0.019318
0 0.228500 0.151515 0.012000 0.018182
0 0.119625 0.499621 0.028750 0.041667
0 0.507250 0.118371 0.017000 0.031439
0 0.483125 0.106818 0.014250 0.025758
0 0.375250 0.226136 0.025000 0.035606
0 0.297500 0.227462 0.019500 0.038258
0 0.539125 0.105682 0.012250 0.022727
0 0.569750 0.107765 0.012000 0.023864
0 0.428125 0.026705 0.011250 0.018561
0 0.246750 0.171402 0.012000 0.021591
0 0.249250 0.306439 0.025500 0.040909
0 0.229750 0.073295 0.008500 0.014015
0 0.498000 0.085985 0.012500 0.021212
0 0.589125 0.030303 0.010250 0.021212
0 0.219750 0.078030 0.008500 0.014394
0 0.630250 0.004545 0.009000 0.008333
0 0.435250 0.138068 0.017000 0.026894
0 0.535500 0.087311 0.012000 0.020076
0 0.003500 0.583523 0.006500 0.047348
0 0.650375 0.073106 0.015250 0.025000
0 0.361500 0.210038 0.015000 0.030682
0 0.258625 0.057955 0.008750 0.013636
0 0.657625 0.004545 0.007250 0.008333
0 0.371000 0.065909 0.015000 0.025000
0 0.366750 0.182765 0.023500 0.027652
0 0.477875 0.164205 0.016750 0.030682
0 0.533500 0.072538 0.013000 0.012500
