0 0.244000 0.128030 0.011500 0.019697
0 0.177000 0.331061 0.024000 0.033333
0 0.045125 0.547538 0.028250 0.043561
0 0.191125 0.144886 0.009750 0.017045
0 0.261875 0.293182 0.025250 0.034848
0 0.490375 0.161174 0.016750 0.028409
0 0.378625 0.153220 0.018250 0.027652
0 0.134125 0.478409 0.023250 0.038636
0 0.119500 0.447348 0.022000 0.031818
0 0.275875 0.232576 0.019750 0.032576
0 0.099625 0.400947 0.023250 0.032197
0 0.217375 0.140720 0.011750 0.018561
0 0.590625 0.133902 0.013250 0.020833
0 0.237750 0.276136 0.019000 0.035606
0 0.136625 0.215341 0.015250 0.029167
0 0.483000 0.107197 0.014500 0.022727
0 0.310125 0.176136 0.015750 0.031818
0 0.415375 0.152652 0.018250 0.028030
0 0.203750 0.368182 0.022500 0.037121
0 0.312750 0.228788 0.023500 0.039394
0 0.478625 0.073864 0.011250 0.020455
0 0.166125 0.170455 0.012250 0.019697
0 0.352375 0.159848 0.014750 0.025758
0 0.183500 0.168939 0.014500 0.020455
0 0.564625 0.022159 0.010250 0.017045
0 0.309875 0.055682 0.008250 0.014394
0 0.008750 0.361364 0.017000 0.025758
0 0.396125 0.123864 0.016250 0.028030
0 0.497125 0.072159 0.011750 0.020076
0 0.222875 0.121023 0.010750 0.018561
0 0.535000 0.009659 0.012000 0.017045
0 0.060750 0.602273 0.030500 0.036364
0 0.362250 0.033902 0.011000 0.017045
0 0.377500 0.109470 0.012000 0.020455
0 0.263000 0.095455 0.011000 0.021212
0 0.244125 0.108333 0.011750 0.018939
0 0.340000 0.174432 0.018500 0.035985
0 0.372750 0.044886 0.009000 0.014773
0 0.319125 0.063068 0.008250 0.014773
0 0.472500 0.003977 0.007500 0.007197
0 0.290125 0.065341 0.008750 0.014015
0 0.283000 0.080871 0.010000 0.017045
0 0.521750 0.024432 0.010000 0.017045
0 0.062875 0.297727 0.013250 0.022727
0 0.493625 0.005682 0.007750 0.010606
0 0.686750 0.004545 0.007500 0.008333
0 0.333625 0.061742 0.009250 0.018182
0 0.081375 0.294129 0.018750 0.026894
0 0.025750 0.363826 0.021000 0.028409
0 0.002875 0.634848 0.005250 0.034091
0 0.562375 0.003409 0.011250 0.006061
0 0.125500 0.211742 0.009000 0.020455
0 0.254625 0.045455 0.009250 0.015152
0 0.245625 0.041667 0.007250 0.013636
0 0.240250 0.036364 0.006500 0.011364
0 0.163625 0.016477 0.004250 0.005682
0 0.298500 0.077841 0.011500 0.019318
0 0.384750 0.042614 0.011000 0.019318
0 0.326750 0.060038 0.006500 0.017045
0 0.514250 0.022538 0.006500 0.016288
