0 0.067500 0.481250 0.028000 0.049621
0 0.077500 0.535606 0.033500 0.048485
0 0.248500 0.261174 0.025500 0.041288
0 0.129875 0.456250 0.025250 0.045076
0 0.327250 0.181250 0.015500 0.026894
0 0.204500 0.355682 0.032000 0.037879
0 0.309000 0.267803 0.022500 0.036364
0 0.536750 0.075000 0.014000 0.021212
0 0.010625 0.582576 0.020750 0.045455
0 0.441875 0.110985 0.015250 0.026515
0 0.552000 0.050758 0.014500 0.027273
0 0.463625 0.108712 0.013750 0.023485
0 0.589000 0.016856 0.010500 0.017803
0 0.281375 0.319129 0.023750 0.037500
0 0.492250 0.122159 0.017000 0.031439
0 0.383125 0.214394 0.027750 0.041667
0 0.502625 0.084470 0.013250 0.022727
0 0.579000 0.007008 0.008500 0.013258
0 0.552250 0.024621 0.008500 0.015152
0 0.366500 0.193371 0.017000 0.028409
0 0.562250 0.087500 0.012500 0.019697
0 0.136375 0.153220 0.011750 0.017803
0 0.194250 0.077462 0.011000 0.017045
0 0.620125 0.004356 0.008750 0.007955
0 0.540500 0.007386 0.010000 0.014015
0 0.418125 0.153409 0.015750 0.031061
0 0.524375 0.095644 0.018750 0.030682
0 0.136375 0.515152 0.030250 0.046970
0 0.486625 0.103788 0.012750 0.018939
0 0.530250 0.063068 0.008000 0.015530
0 0.132750 0.111174 0.009500 0.014773
0 0.633625 0.003598 0.007750 0.006439
0 0.238625 0.399432 0.036750 0.046591
0 0.183000 0.104167 0.014500 0.018939
0 0.437625 0.158144 0.017750 0.030682
0 0.513500 0.074621 0.011000 0.023485
0 0.517625 0.045644 0.011750 0.017803
0 0.582625 0.048864 0.013750 0.018182
