0 0.558750 0.042803 0.012000 0.021212
0 0.055625 0.511174 0.022250 0.033712
0 0.231375 0.127462 0.011750 0.021591
0 0.194375 0.342045 0.023250 0.033333
0 0.479125 0.052462 0.011250 0.017803
0 0.050125 0.355871 0.018250 0.030682
0 0.379875 0.167992 0.016750 0.027652
0 0.097000 0.416667 0.025000 0.033333
0 0.189750 0.219508 0.014500 0.026136
0 0.115125 0.443750 0.020250 0.032197
0 0.286125 0.178598 0.015750 0.024621
0 0.696875 0.021212 0.008250 0.014394
0 0.406625 0.020076 0.010250 0.017424
0 0.157625 0.196591 0.011750 0.020455
0 0.134250 0.358712 0.022000 0.030303
0 0.194000 0.152273 0.013500 0.022727
0 0.236125 0.255871 0.020250 0.032955
0 0.098750 0.304735 0.016500 0.028409
0 0.335500 0.046212 0.008500 0.016667
0 0.166875 0.220644 0.013250 0.021591
0 0.283500 0.086174 0.009500 0.017803
0 0.118625 0.279924 0.016750 0.033333
0 0.005750 0.439015 0.011000 0.026515
0 0.333000 0.164773 0.017000 0.025000
0 0.434250 0.092424 0.013500 0.023485
0 0.486875 0.069129 0.013250 0.024621
0 0.177625 0.173106 0.013750 0.022727
0 0.372250 0.034848 0.010000 0.019697
0 0.251750 0.132197 0.013000 0.021212
0 0.301875 0.065152 0.008750 0.015909
0 0.421000 0.107197 0.014000 0.024242
0 0.138000 0.322917 0.018000 0.032197
0 0.385625 0.040909 0.010250 0.017424
0 0.450625 0.138068 0.014250 0.026136
0 0.214625 0.252462 0.016250 0.029924
0 0.524625 0.029167 0.011750 0.019697
0 0.143125 0.223106 0.011250 0.020455
0 0.509625 0.059659 0.011250 0.018561
0 0.072500 0.374242 0.021500 0.024242
0 0.142875 0.251894 0.016750 0.030303
0 0.116875 0.238826 0.011250 0.018561
0 0.312875 0.058144 0.007250 0.013258
0 0.372250 0.110985 0.013500 0.021212
0 0.576500 0.005303 0.008000 0.009848
0 0.357125 0.041667 0.008750 0.015152
0 0.192875 0.307576 0.022750 0.031061
0 0.288500 0.208144 0.020000 0.029167
0 0.537000 0.004167 0.007000 0.007576
0 0.032500 0.445833 0.025000 0.029545
0 0.176625 0.388258 0.022750 0.028788
0 0.267500 0.099811 0.012000 0.020833
0 0.217000 0.148106 0.012500 0.021212
0 0.060625 0.553598 0.031250 0.038258
0 0.350250 0.051705 0.009500 0.015530
0 0.250500 0.092045 0.012500 0.019697
0 0.684750 0.011553 0.009000 0.016288
0 0.321375 0.064394 0.007750 0.013636
0 0.553625 0.003598 0.007750 0.006439
0 0.499250 0.026326 0.008500 0.015530
0 0.388750 0.125379 0.014000 0.023485
0 0.750125 0.013258 0.007250 0.013636
0 0.225125 0.162311 0.015250 0.023864
0 0.007250 0.660227 0.014000 0.050758
0 0.017750 0.433712 0.015500 0.028788
0 0.259625 0.107386 0.007750 0.018561
0 0.234875 0.038636 0.008250 0.011364
0 0.223875 0.043561 0.006750 0.012879
0 0.417000 0.036364 0.009000 0.013636
0 0.455500 0.073864 0.011500 0.023485
0 0.535750 0.011364 0.009500 0.015152
0 0.850625 0.004545 0.003250 0.006818
0 0.124250 0.250758 0.014500 0.024242
