0 0.275000 0.248485 0.021000 0.032576
0 0.314625 0.214583 0.020250 0.033712
0 0.909000 0.534091 0.026000 0.039394
0 0.119500 0.154924 0.010000 0.017424
0 0.318125 0.076894 0.010250 0.016667
0 0.006375 0.416856 0.012250 0.025379
0 0.173875 0.516288 0.030250 0.049242
0 0.179500 0.395265 0.027000 0.039773
0 0.949125 0.670455 0.036750 0.052273
0 0.333125 0.178030 0.018250 0.031061
0 0.325000 0.054167 0.010000 0.016667
0 0.156125 0.349621 0.024250 0.040152
0 0.088625 0.355871 0.018750 0.028409
0 0.428375 0.111174 0.016250 0.030682
0 0.135875 0.490720 0.027750 0.043561
0 0.073375 0.391098 0.021750 0.033712
0 0.258000 0.090530 0.009500 0.016667
0 0.379875 0.138636 0.016750 0.031061
0 0.940500 0.607576 0.031500 0.039394
0 0.109125 0.183902 0.010750 0.017045
0 0.367750 0.115341 0.015500 0.022348
0 0.079625 0.567614 0.031750 0.042803
0 0.336250 0.039394 0.008000 0.014394
0 0.591750 0.048295 0.011000 0.020833
0 0.276625 0.186932 0.019750 0.029167
0 0.037125 0.374432 0.021750 0.029924
0 0.356250 0.032576 0.009000 0.015152
0 0.161625 0.189773 0.013250 0.019697
0 0.234000 0.111174 0.012000 0.017803
0 0.217625 0.299053 0.021750 0.035985
0 0.323875 0.034848 0.012750 0.015909
0 0.342750 0.054735 0.009500 0.017045
0 0.419125 0.020076 0.010250 0.021212
0 0.371875 0.026894 0.012750 0.018939
0 0.224250 0.035795 0.006500 0.011742
0 0.697625 0.023485 0.008750 0.015909
0 0.407500 0.025189 0.011500 0.015530
0 0.242125 0.103788 0.011250 0.018939
0 0.234375 0.301136 0.021750 0.038636
0 0.591750 0.066667 0.011500 0.017424
0 0.179625 0.154924 0.010250 0.015909
0 0.171125 0.149242 0.007250 0.016667
0 0.022875 0.373106 0.012750 0.024242
0 0.686250 0.010227 0.008500 0.013636
0 0.120000 0.032386 0.003500 0.006439
0 0.241375 0.025947 0.006750 0.011742
0 0.261375 0.024053 0.005750 0.010227
0 0.256750 0.023485 0.004500 0.009091
0 0.422875 0.100000 0.011250 0.025000
0 0.962375 0.037879 0.002750 0.003788
