0 0.448875 0.203220 0.020750 0.034470
0 0.303500 0.268371 0.026000 0.039773
0 0.109500 0.413258 0.028000 0.045455
0 0.039625 0.528598 0.035250 0.048864
0 0.076125 0.472917 0.030250 0.039015
0 0.381125 0.231629 0.020750 0.033712
0 0.377625 0.169318 0.020750 0.035606
0 0.165250 0.417045 0.025500 0.038636
0 0.496625 0.078788 0.013250 0.023485
0 0.361250 0.226894 0.019000 0.034848
0 0.262000 0.266667 0.024500 0.041667
0 0.489375 0.155492 0.019250 0.031439
0 0.514750 0.130303 0.015000 0.029545
0 0.536750 0.103788 0.014500 0.025758
0 0.520875 0.055871 0.012250 0.022348
0 0.217750 0.269697 0.020000 0.037879
0 0.465250 0.134091 0.015000 0.028788
0 0.537375 0.037311 0.011750 0.019318
0 0.139250 0.148295 0.010500 0.017803
0 0.125000 0.533144 0.027500 0.037500
0 0.163750 0.115530 0.009500 0.015909
0 0.592375 0.022727 0.009750 0.017424
0 0.569750 0.044129 0.012500 0.020076
0 0.194000 0.077273 0.011500 0.018939
0 0.584625 0.004356 0.007750 0.007955
0 0.439625 0.132955 0.013250 0.025000
0 0.267750 0.384659 0.023500 0.039015
0 0.526250 0.075758 0.013000 0.021212
0 0.598625 0.042045 0.011750 0.018182
0 0.238250 0.316477 0.027500 0.042045
0 0.419625 0.152462 0.013750 0.023864
0 0.556625 0.068561 0.012250 0.023485
0 0.471500 0.117424 0.016500 0.018182
0 0.161250 0.137311 0.010000 0.014015
0 0.314625 0.207386 0.022250 0.036742
0 0.471625 0.005871 0.008750 0.010985
0 0.563750 0.012689 0.013000 0.017045
0 0.544500 0.033144 0.010000 0.017045
0 0.603000 0.010795 0.009500 0.018561
0 0.608875 0.004356 0.010250 0.007955
