0 0.453125 0.155435 0.014250 0.023188
0 0.505250 0.073370 0.012000 0.021377
0 0.376000 0.150362 0.015500 0.022464
0 0.693375 0.061775 0.007750 0.013406
0 0.607250 0.104167 0.013000 0.017029
0 0.318750 0.102174 0.012000 0.019565
0 0.590750 0.111232 0.012000 0.018841
0 0.347500 0.070833 0.011000 0.015580
0 0.168625 0.176812 0.011250 0.018841
0 0.010375 0.273370 0.011250 0.017754
0 0.098625 0.212500 0.011250 0.017754
0 0.713750 0.021014 0.005500 0.009420
0 0.069250 0.179891 0.006000 0.009783
0 0.543500 0.078623 0.011500 0.020290
0 0.213625 0.492391 0.029750 0.057246
0 0.070125 0.164674 0.006250 0.009783
0 0.220250 0.089674 0.007000 0.009058
0 0.456375 0.040942 0.009250 0.015217
0 0.080875 0.156159 0.006750 0.011594
0 0.737125 0.036957 0.007750 0.011594
0 0.231500 0.086051 0.007000 0.010507
0 0.040000 0.194565 0.006500 0.012319
0 0.085375 0.186957 0.007250 0.013043
0 0.486875 0.004710 0.007250 0.008696
0 0.731125 0.030435 0.005750 0.009420
0 0.017500 0.215761 0.007500 0.010507
0 0.652250 0.003442 0.005500 0.006159
0 0.088000 0.237500 0.011000 0.011232
0 0.079375 0.239312 0.007750 0.013406
0 0.001625 0.282609 0.002750 0.019565
0 0.041375 0.179529 0.006750 0.009783
0 0.013500 0.154891 0.002000 0.003986
0 0.003625 0.163225 0.002250 0.004710
0 0.058125 0.163768 0.005250 0.010145
0 0.055750 0.148007 0.004500 0.006884
0 0.090125 0.156159 0.004750 0.007971
0 0.069500 0.206703 0.007500 0.014855
0 0.376125 0.068841 0.009250 0.015217
0 0.370375 0.068659 0.005750 0.013406
0 0.535875 0.084964 0.009750 0.017754
0 0.489125 0.015580 0.005750 0.010145
0 0.527000 0.010688 0.006000 0.010507
0 0.533125 0.006159 0.005250 0.010145
0 0.665500 0.003080 0.008000 0.005435
0 0.646375 0.003986 0.005750 0.007246
0 0.677000 0.106884 0.011000 0.014493
0 0.720375 0.004710 0.005750 0.008696
0 0.711250 0.003623 0.004000 0.006522
0 0.742000 0.010870 0.005000 0.007246
0 0.738750 0.007971 0.004500 0.007246
0 0.916250 0.045833 0.001500 0.003261
0 0.913625 0.044928 0.002250 0.004348
0 0.911000 0.042391 0.001500 0.002899
0 0.904375 0.040399 0.002750 0.004710
