0 0.206125 0.192029 0.014250 0.023188
0 0.175875 0.213768 0.013250 0.023188
0 0.376875 0.089312 0.010750 0.017754
0 0.119750 0.219022 0.011500 0.018478
0 0.138375 0.203986 0.012750 0.018841
0 0.513875 0.095652 0.013250 0.020290
0 0.529000 0.034964 0.008000 0.013406
0 0.341625 0.104529 0.014250 0.022101
0 0.389250 0.141486 0.011500 0.019928
0 0.287625 0.246920 0.019750 0.033696
0 0.967750 0.484420 0.024000 0.036232
0 0.332625 0.147645 0.014250 0.020652
0 0.583750 0.082065 0.013000 0.022101
0 0.988625 0.389855 0.015250 0.026812
0 0.721375 0.023007 0.005750 0.009783
0 0.029875 0.237500 0.007250 0.012681
0 0.564000 0.020833 0.010000 0.017029
0 0.569375 0.083877 0.009750 0.017029
0 0.870625 0.898370 0.050750 0.082246
0 0.487250 0.009783 0.007500 0.012319
0 0.720250 0.042210 0.007000 0.011957
0 0.075625 0.156341 0.006750 0.010507
0 0.698000 0.028080 0.007000 0.011232
0 0.731875 0.033696 0.007750 0.012319
0 0.020875 0.244203 0.008250 0.013043
0 0.075750 0.166667 0.006500 0.010870
0 0.771000 0.007065 0.005500 0.009058
0 0.062375 0.199638 0.008750 0.013043
0 0.037000 0.156884 0.004500 0.007971
0 0.059875 0.188225 0.006750 0.009783
0 0.778000 0.005797 0.005500 0.008696
0 0.320625 0.144022 0.012750 0.020652
0 0.014625 0.234601 0.008750 0.014130
0 0.075875 0.187319 0.008250 0.010870
0 0.195625 0.954348 0.038750 0.052174
0 0.011000 0.216123 0.006500 0.011957
0 0.046250 0.211413 0.010000 0.012681
0 0.039750 0.216304 0.008500 0.011594
0 0.030500 0.164493 0.006000 0.008696
0 0.061125 0.172283 0.007750 0.006159
0 0.056375 0.182428 0.005750 0.008333
0 0.069375 0.179710 0.006750 0.009420
0 0.421500 0.107065 0.012000 0.011957
0 0.415375 0.108696 0.006250 0.018841
0 0.586000 0.004529 0.006000 0.008333
0 0.580375 0.004348 0.004250 0.007971
0 0.632375 0.004529 0.007250 0.008333
0 0.618625 0.003623 0.005250 0.006522
0 0.666875 0.035326 0.005750 0.010507
0 0.672125 0.039674 0.008250 0.011232
0 0.672375 0.013768 0.008750 0.013043
0 0.692000 0.003442 0.007000 0.006159
0 0.693000 0.012500 0.008000 0.013406
0 0.681375 0.006522 0.005250 0.010870
0 0.686375 0.013406 0.006750 0.009420
0 0.710875 0.043659 0.006750 0.010507
0 0.750125 0.016848 0.005750 0.009058
0 0.755000 0.027174 0.007000 0.009420
0 0.735625 0.017391 0.006750 0.008696
0 0.727000 0.009239 0.006000 0.005435
0 0.730125 0.003261 0.005250 0.005797
0 0.738875 0.013225 0.004750 0.009058
0 0.771750 0.023732 0.005000 0.008333
0 0.766375 0.006341 0.004250 0.008333
0 0.805875 0.020471 0.005250 0.007609
0 0.839875 0.044565 0.004750 0.007971
0 0.849375 0.048007 0.004750 0.006159
0 0.856125 0.046739 0.003250 0.005797
0 0.858375 0.055254 0.004750 0.009058
0 0.916750 0.064130 0.002500 0.003623
0 0.910250 0.060688 0.002500 0.004710
0 0.916375 0.056884 0.002750 0.005072
