0 0.498750 0.161364 0.016500 0.031061
0 0.417125 0.174053 0.020250 0.035227
0 0.454125 0.196023 0.021250 0.039015
0 0.472625 0.098864 0.016750 0.027273
0 0.643000 0.036742 0.009500 0.015909
0 0.336750 0.284470 0.024000 0.046970
0 0.363500 0.213258 0.017500 0.040152
0 0.213375 0.225379 0.023750 0.040152
0 0.103125 0.546780 0.035750 0.048106
0 0.302375 0.257008 0.022750 0.038258
0 0.101750 0.434470 0.028000 0.044697
0 0.620375 0.066098 0.016250 0.026136
0 0.010250 0.467045 0.020000 0.037121
0 0.592125 0.063826 0.011250 0.020076
0 0.010750 0.867614 0.021000 0.060985
0 0.009125 0.707386 0.017750 0.041288
0 0.054625 0.622917 0.029750 0.045076
0 0.014750 0.554356 0.021500 0.036742
0 0.053000 0.478220 0.025500 0.039773
0 0.055875 0.431061 0.023750 0.040152
0 0.142500 0.468750 0.030500 0.045833
0 0.193250 0.389773 0.030500 0.046212
0 0.249375 0.345833 0.024750 0.040152
0 0.273875 0.210038 0.017250 0.036742
0 0.379125 0.253220 0.020750 0.032197
0 0.344500 0.390341 0.035000 0.051894
0 0.447750 0.148864 0.020000 0.031818
0 0.520250 0.118750 0.018000 0.024621
0 0.534125 0.100189 0.018250 0.027652
0 0.549875 0.090720 0.014250 0.027652
0 0.527625 0.083902 0.011250 0.017045
0 0.593625 0.043371 0.011250 0.021591
0 0.606875 0.031439 0.012250 0.017424
0 0.612125 0.013826 0.011250 0.017803
0 0.648500 0.016288 0.008000 0.014394
0 0.649250 0.004735 0.009000 0.008712
0 0.667250 0.028598 0.010000 0.019318
0 0.678125 0.029924 0.008750 0.015909
0 0.672000 0.004356 0.007000 0.007955
0 0.706500 0.037311 0.010500 0.017803
0 0.697625 0.008902 0.008250 0.014773
0 0.719250 0.002652 0.007500 0.004545
0 0.731000 0.005682 0.007000 0.010606
0 0.713375 0.013636 0.009750 0.016667
0 0.250750 0.049053 0.009500 0.012500
0 0.239125 0.050947 0.007750 0.013258
0 0.226250 0.051515 0.008500 0.012121
0 0.162875 0.006629 0.004750 0.007955
0 0.992000 0.088068 0.004500 0.006439
0 0.979750 0.078598 0.005500 0.007197
