0 0.246061 0.256888 0.0220386 0.0362238
0 0.0761255 0.30524 0.0141113 0.0247314
0 0.43517 0.173469 0.0191987 0.0348722
0 0.647742 0.0311322 0.00900391 0.0161155
0 0.16037 0.395138 0.0243835 0.0429195
0 0.0971777 0.333867 0.0233553 0.0358937
0 0.214342 0.341045 0.030249 0.0455486
0 0.469307 0.0647036 0.0105846 0.016787
0 0.57082 0.0646383 0.0128708 0.022989
0 0.305377 0.309372 0.0291485 0.0423835
0 0.164217 0.238493 0.0161219 0.0281504
0 0.38771 0.173126 0.0162742 0.0291076
0 0.583849 0.0987568 0.0150427 0.022903
0 0.538487 0.0621451 0.0114323 0.0205325
0 0.075438 0.60735 0.0315214 0.0441287
0 0.453596 0.141617 0.013696 0.0273113
0 0.558687 0.0425841 0.0139884 0.0204243
0 0.542762 0.102426 0.0147795 0.0259338
0 0.399381 0.243352 0.027458 0.0529162
0 0.583286 0.040759 0.00903766 0.0161796
0 0.67137 0.0178079 0.0125427 0.0185775
0 0.119481 0.511142 0.0345335 0.0601299
0 0.630391 0.0494546 0.0104478 0.0179428
0 0.61976 0.0174536 0.00810266 0.0136771
0 0.236561 0.364045 0.0311747 0.0503512
0 0.064537 0.55769 0.0299464 0.0424798
0 0.603915 0.0293023 0.0138776 0.022276
0 0.199976 0.0691478 0.0112684 0.019449
0 0.503182 0.113677 0.0172233 0.0304465
0 0.0172808 0.657979 0.0345616 0.058328
0 0.739484 0.00504988 0.00907874 0.0100998
0 0.605897 0.062665 0.0125547 0.0175926
0 0.63262 0.0233937 0.00850323 0.0148672
0 0.334559 0.254328 0.0229464 0.0356813
0 0.70577 0.00308385 0.00860449 0.00616769
0 0.621268 0.0375014 0.0088548 0.0173965
0 0.719956 0.00428331 0.00666046 0.00856662
0 0.492095 0.105366 0.0150224 0.0304871
0 0.642867 0.0054282 0.0106566 0.0108564
0 0.683826 0.00842839 0.00873846 0.0150418
