0 0.368375 0.209601 0.019250 0.032246
0 0.582875 0.086413 0.012750 0.018478
0 0.606500 0.100543 0.013000 0.022826
0 0.611125 0.030978 0.007750 0.014130
0 0.656250 0.023732 0.007000 0.011957
0 0.686500 0.036413 0.006500 0.011232
0 0.322750 0.100000 0.011000 0.018841
0 0.481375 0.030616 0.007750 0.012681
0 0.522375 0.032065 0.007750 0.013406
0 0.369750 0.067391 0.009500 0.014493
0 0.076375 0.232609 0.009750 0.015217
0 0.089500 0.183152 0.007500 0.012681
0 0.668250 0.025543 0.007000 0.011232
0 0.109500 0.200181 0.010500 0.016304
0 0.071500 0.204710 0.009500 0.013768
0 0.180000 0.095109 0.005500 0.009058
0 0.377250 0.150362 0.014000 0.024638
0 0.018625 0.206884 0.006250 0.010145
0 0.557125 0.034239 0.007750 0.012681
0 0.653125 0.009601 0.005750 0.009783
0 0.620500 0.033696 0.010000 0.016667
0 0.172250 0.095833 0.005500 0.008333
0 0.540250 0.026630 0.007000 0.011957
0 0.018000 0.220109 0.007000 0.010507
0 0.526125 0.009058 0.007250 0.012319
0 0.037000 0.199275 0.007000 0.010870
0 0.098125 0.215942 0.011250 0.013768
0 0.048375 0.158877 0.005750 0.008333
0 0.035750 0.185870 0.006500 0.009420
0 0.002000 0.198913 0.003500 0.005072
0 0.011125 0.149094 0.002250 0.003986
0 0.003375 0.152355 0.002250 0.003261
0 0.356750 0.070471 0.008000 0.011232
0 0.340875 0.073913 0.009250 0.011594
0 0.347000 0.074638 0.005000 0.010870
0 0.533500 0.011051 0.006500 0.011232
0 0.539000 0.008696 0.005000 0.009420
0 0.643500 0.006341 0.008000 0.011232
0 0.729750 0.034964 0.007000 0.011957
0 0.768000 0.016123 0.004500 0.008333
0 0.771625 0.021196 0.004250 0.007609
0 0.756125 0.004710 0.004250 0.005797
0 0.907875 0.042210 0.002750 0.003986
0 0.916000 0.042572 0.003000 0.003986
0 0.918500 0.046739 0.002500 0.004348
