0 0.102750 0.186174 0.010500 0.017803
0 0.044250 0.462121 0.022500 0.032576
0 0.606500 0.054924 0.012000 0.020455
0 0.164000 0.151894 0.010500 0.018182
0 0.375500 0.110795 0.015000 0.022348
0 0.588000 0.067045 0.011500 0.016667
0 0.364625 0.026326 0.010750 0.017045
0 0.340625 0.035985 0.008250 0.014394
0 0.697625 0.023295 0.009250 0.017803
0 0.245250 0.031818 0.007500 0.010606
0 0.014625 0.563447 0.026750 0.041288
0 0.297125 0.982197 0.059250 0.032576
0 0.221125 0.049432 0.006750 0.008712
0 0.227250 0.034659 0.006500 0.010985
0 0.234375 0.034848 0.004750 0.009848
0 0.242750 0.023864 0.006000 0.006818
0 0.679500 0.068182 0.011500 0.012121
0 0.764125 0.015341 0.007250 0.011742
