0 0.295278 0.607407 0.056111 0.063704
0 0.179583 0.670185 0.050278 0.049259
0 0.061528 0.790926 0.043056 0.044815
0 0.015139 0.740370 0.029167 0.051852
0 0.099861 0.647593 0.046944 0.050741
0 0.062917 0.626111 0.046944 0.044074
0 0.036111 0.558519 0.027778 0.038519
0 0.075972 0.440000 0.027500 0.037037
0 0.064722 0.375741 0.020556 0.030000
0 0.128194 0.428148 0.022500 0.037778
0 0.155139 0.375370 0.028611 0.044074
0 0.249583 0.328519 0.029167 0.037778
0 0.294583 0.378519 0.029722 0.046667
0 0.356944 0.343889 0.027222 0.032222
0 0.331528 0.309630 0.035278 0.040000
0 0.431528 0.258148 0.023611 0.030370
0 0.495417 0.225741 0.028056 0.031481
0 0.425833 0.137778 0.018333 0.031111
0 0.475278 0.132407 0.020000 0.038148
0 0.533472 0.131481 0.020278 0.028889
0 0.552778 0.165370 0.022222 0.028519
0 0.605278 0.145185 0.018889 0.025926
0 0.599167 0.108333 0.016111 0.027037
0 0.629306 0.140556 0.018056 0.026296
0 0.611528 0.059259 0.012500 0.022222
0 0.647361 0.066667 0.013056 0.024444
0 0.682778 0.046296 0.012778 0.019259
0 0.284028 0.083704 0.010833 0.014815
0 0.312083 0.065370 0.008611 0.013704
0 0.321528 0.071481 0.012500 0.014815
0 0.122639 0.137222 0.005278 0.010000
0 0.084722 0.143889 0.008889 0.012963
0 0.095278 0.153704 0.008889 0.012593
0 0.105833 0.167037 0.007778 0.010370
0 0.096944 0.173889 0.007222 0.010000
0 0.095556 0.171111 0.009444 0.013333
0 0.074444 0.180556 0.010556 0.012963
0 0.057639 0.180926 0.009167 0.010741
0 0.068194 0.172222 0.008611 0.011852
0 0.036528 0.190556 0.010278 0.012222
0 0.036111 0.202778 0.012778 0.010000
0 0.019306 0.199444 0.008611 0.008519
0 0.015417 0.203704 0.009167 0.009630
0 0.020278 0.216296 0.010000 0.010370
0 0.008472 0.228333 0.011944 0.010741
