0 0.602125 0.013068 0.008750 0.015530
0 0.191125 0.426705 0.025250 0.041288
0 0.079000 0.503598 0.027500 0.036742
0 0.018625 0.397917 0.024250 0.037500
0 0.070750 0.462689 0.028000 0.042803
0 0.291250 0.212121 0.019000 0.037121
0 0.235750 0.323674 0.023500 0.039773
0 0.349000 0.217803 0.022000 0.042424
0 0.266625 0.168561 0.012750 0.023485
0 0.324250 0.207765 0.017500 0.030682
0 0.652875 0.071780 0.012750 0.023106
0 0.187375 0.361553 0.023750 0.035227
0 0.578375 0.050568 0.012250 0.022348
0 0.550625 0.024432 0.010250 0.020833
0 0.223000 0.298295 0.026500 0.039773
0 0.555375 0.073864 0.014250 0.024242
0 0.222750 0.168561 0.015000 0.022727
0 0.406875 0.180871 0.017250 0.029167
0 0.393000 0.292235 0.028500 0.044318
0 0.579750 0.004735 0.008000 0.008712
0 0.190000 0.097538 0.011000 0.015530
0 0.615375 0.004356 0.006750 0.007955
0 0.246875 0.100379 0.012250 0.018182
0 0.301125 0.255871 0.029250 0.037500
0 0.456750 0.045076 0.010500 0.021212
0 0.685375 0.034848 0.011250 0.017424
0 0.425875 0.194318 0.021750 0.036364
0 0.559125 0.007576 0.012250 0.014394
0 0.029000 0.582576 0.021500 0.031061
0 0.007250 0.638636 0.014000 0.043182
0 0.226250 0.079356 0.009000 0.015530
0 0.594500 0.030114 0.011000 0.017803
0 0.468500 0.141477 0.018000 0.028409
0 0.221750 0.087879 0.009500 0.011364
0 0.217875 0.081629 0.007250 0.014773
0 0.466250 0.060227 0.011000 0.015909
0 0.548500 0.059280 0.012000 0.021591
