0 0.064861 0.785185 0.050278 0.044444
0 0.015556 0.733148 0.030556 0.043333
0 0.088194 0.660926 0.041389 0.045556
0 0.061111 0.624630 0.032222 0.045556
0 0.030417 0.564074 0.027500 0.034074
0 0.007222 0.519259 0.013889 0.027407
0 0.189722 0.587037 0.040000 0.048148
0 0.284722 0.613889 0.055556 0.059630
0 0.135417 0.432037 0.025278 0.035926
0 0.087778 0.421481 0.021111 0.026667
0 0.072222 0.371852 0.023333 0.030370
0 0.158611 0.376481 0.027222 0.041111
0 0.299722 0.375000 0.030000 0.043333
0 0.273750 0.298519 0.027500 0.032593
0 0.321389 0.306481 0.025556 0.033704
0 0.346806 0.329815 0.021389 0.028519
0 0.424444 0.244074 0.026111 0.035556
0 0.401667 0.223889 0.023889 0.034444
0 0.412500 0.137593 0.022778 0.029259
0 0.474861 0.134815 0.019167 0.031852
0 0.537500 0.122407 0.021667 0.027037
0 0.551389 0.160926 0.016111 0.026296
0 0.595556 0.132963 0.016667 0.027407
0 0.654444 0.130370 0.016111 0.022963
0 0.617083 0.096481 0.018611 0.026296
0 0.320278 0.071667 0.010556 0.013704
0 0.305972 0.066481 0.010833 0.016667
0 0.288333 0.080926 0.012222 0.016667
0 0.237361 0.060556 0.008611 0.012963
0 0.197778 0.037407 0.004444 0.005926
0 0.187639 0.048889 0.003611 0.005185
0 0.005972 0.225556 0.007500 0.010370
0 0.017083 0.222593 0.008611 0.008889
0 0.014583 0.202963 0.005833 0.008889
0 0.020139 0.200185 0.007500 0.008519
0 0.035000 0.200926 0.007222 0.008519
0 0.040139 0.187222 0.008611 0.010741
0 0.066528 0.186296 0.009167 0.011111
0 0.058194 0.180741 0.009167 0.009630
0 0.067778 0.172963 0.007222 0.009630
0 0.064861 0.162222 0.005833 0.007407
0 0.094028 0.136852 0.006389 0.009259
0 0.093056 0.145185 0.007778 0.005926
0 0.094306 0.154444 0.008056 0.010370
0 0.099167 0.155926 0.007778 0.010370
0 0.090833 0.176296 0.007778 0.013333
0 0.096806 0.175741 0.006944 0.013704
0 0.112083 0.164815 0.008056 0.013333
