0 0.014000 0.739444 0.027000 0.039630
0 0.528375 0.050370 0.009250 0.017778
0 0.071875 0.523889 0.026750 0.040370
0 0.072750 0.473148 0.029000 0.041852
0 0.187625 0.149815 0.010250 0.016667
0 0.391625 0.319074 0.027250 0.043333
0 0.502875 0.060926 0.011750 0.020370
0 0.030250 0.506667 0.026500 0.043704
0 0.167750 0.385926 0.020000 0.031111
0 0.228625 0.145370 0.011250 0.016667
0 0.136375 0.351852 0.019750 0.031111
0 0.160625 0.457963 0.025750 0.041111
0 0.082125 0.331667 0.018750 0.027778
0 0.504750 0.018148 0.008500 0.013333
0 0.462375 0.026852 0.008250 0.013704
0 0.404875 0.040741 0.009750 0.016296
0 0.406125 0.105926 0.013250 0.024444
0 0.296625 0.113148 0.013250 0.021111
0 0.349250 0.205741 0.013500 0.024815
0 0.262250 0.125370 0.010500 0.017407
0 0.012500 0.582593 0.024000 0.037037
0 0.190875 0.248148 0.016250 0.026667
0 0.013000 0.432222 0.018000 0.022963
0 0.075750 0.401852 0.019500 0.028889
0 0.063000 0.275185 0.014000 0.020741
0 0.117625 0.414630 0.019750 0.032222
0 0.152750 0.288148 0.016500 0.026667
0 0.165250 0.232593 0.014500 0.024444
0 0.337125 0.060741 0.008250 0.014815
0 0.469625 0.091296 0.012750 0.021111
0 0.697750 0.085556 0.009500 0.014074
0 0.158750 0.422778 0.021000 0.027778
0 0.035250 0.662963 0.026500 0.042222
0 0.472500 0.025000 0.008500 0.013704
0 0.323375 0.076481 0.011750 0.018148
0 0.435125 0.027407 0.009750 0.015556
0 0.968375 0.421667 0.018750 0.028519
0 0.310125 0.216481 0.014250 0.026296
0 0.074125 0.431111 0.018750 0.028148
0 0.171250 0.182222 0.012000 0.020741
0 0.281875 0.270000 0.021250 0.030370
0 0.367375 0.157593 0.015250 0.027778
0 0.569750 0.060000 0.009500 0.016296
0 0.223875 0.288889 0.018750 0.029630
0 0.557375 0.036296 0.012250 0.019259
0 0.227625 0.199815 0.015250 0.026296
0 0.116625 0.221481 0.013750 0.018519
0 0.279625 0.080370 0.009750 0.017037
0 0.316750 0.135741 0.014000 0.021852
0 0.132375 0.270000 0.015250 0.022963
0 0.601125 0.058519 0.011250 0.018519
0 0.105875 0.381481 0.017250 0.028889
0 0.271625 0.247778 0.018750 0.028148
0 0.184500 0.321667 0.018500 0.032222
0 0.067125 0.362593 0.017250 0.024444
0 0.448375 0.021296 0.009250 0.013704
0 0.400625 0.140926 0.016250 0.024815
0 0.009750 0.349815 0.014500 0.020370
0 0.038875 0.403889 0.016250 0.021852
0 0.150875 0.193704 0.010750 0.017037
0 0.309125 0.072593 0.010250 0.017778
0 0.143375 0.228148 0.013750 0.023704
0 0.365500 0.130926 0.013500 0.025556
0 0.576875 0.014259 0.008250 0.014444
0 0.249250 0.150556 0.011000 0.019630
0 0.165875 0.564074 0.032250 0.041481
0 0.479750 0.073333 0.012000 0.017778
0 0.119250 0.251852 0.015500 0.024444
0 0.269500 0.201481 0.015000 0.028148
0 0.044750 0.312778 0.018500 0.022593
0 0.240750 0.165000 0.016000 0.027037
0 0.160125 0.155741 0.011250 0.016667
0 0.487500 0.047222 0.010500 0.016667
0 0.207250 0.235185 0.020500 0.030370
0 0.243625 0.210741 0.017750 0.025926
0 0.119750 0.123704 0.007000 0.011852
0 0.538500 0.036667 0.007500 0.015556
0 0.111375 0.297593 0.016250 0.024815
0 0.439375 0.105926 0.017250 0.023704
0 0.132750 0.305370 0.020000 0.028519
0 0.434750 0.132778 0.014000 0.023333
0 0.201125 0.176852 0.011750 0.019630
0 0.456000 0.082222 0.010500 0.019259
0 0.549125 0.012963 0.008250 0.013333
0 0.213875 0.181481 0.010750 0.020741
0 0.350500 0.065556 0.009500 0.015556
0 0.508000 0.043519 0.011000 0.016667
0 0.342250 0.077037 0.008500 0.015556
0 0.469375 0.053148 0.012750 0.019630
0 0.023125 0.337593 0.013750 0.026296
0 0.567250 0.021111 0.010500 0.015556
0 0.313875 0.102222 0.011250 0.017037
0 0.032125 0.384259 0.017250 0.023333
0 0.031375 0.294815 0.012250 0.017778
0 0.099750 0.667593 0.042000 0.050000
0 0.246000 0.131111 0.010500 0.015556
0 0.266000 0.079074 0.010000 0.016667
0 0.004875 0.384444 0.009250 0.028148
0 0.094375 0.281296 0.012750 0.021111
0 0.273375 0.127593 0.010750 0.017407
0 0.523875 0.013333 0.008250 0.014815
0 0.488375 0.012963 0.008250 0.014074
0 0.137250 0.125926 0.007500 0.011111
0 0.313125 0.045926 0.008250 0.015556
0 0.099500 0.254630 0.016500 0.027037
0 0.978000 0.122593 0.006000 0.008148
0 0.010375 0.459630 0.019750 0.026667
0 0.153750 0.183333 0.012500 0.018519
0 0.995125 0.135741 0.008250 0.015926
0 0.525625 0.032407 0.008750 0.015185
0 0.627125 0.005741 0.007750 0.010741
0 0.037250 0.344074 0.014500 0.025926
0 0.329375 0.195370 0.014750 0.021852
0 0.447750 0.122778 0.012500 0.021852
0 0.052625 0.773519 0.036250 0.041111
0 0.004625 0.547407 0.008750 0.037778
0 0.033750 0.463148 0.028500 0.033704
0 0.034500 0.431296 0.021000 0.033704
0 0.055000 0.349074 0.016000 0.033704
0 0.046000 0.273889 0.015000 0.024074
0 0.080250 0.272593 0.013500 0.025185
0 0.096375 0.323889 0.017250 0.026296
0 0.076000 0.319630 0.014500 0.025185
0 0.064375 0.317778 0.012250 0.025185
0 0.140375 0.214444 0.009250 0.010370
0 0.153250 0.215185 0.014000 0.022963
0 0.119000 0.045370 0.003000 0.004074
0 0.126250 0.041852 0.002000 0.002222
0 0.192625 0.170185 0.008750 0.018889
0 0.186250 0.201111 0.015000 0.020741
0 0.178875 0.200185 0.006750 0.020370
0 0.178625 0.250000 0.011250 0.024444
0 0.240375 0.340000 0.022750 0.033333
0 0.239625 0.321481 0.024750 0.024444
0 0.218000 0.204444 0.013500 0.026667
0 0.357625 0.161296 0.010750 0.027778
0 0.240750 0.002963 0.004000 0.005185
0 0.370125 0.074815 0.005250 0.012593
0 0.377500 0.070926 0.011500 0.013704
0 0.481250 0.055926 0.009000 0.016296
0 0.419000 0.036852 0.011000 0.019630
0 0.398875 0.043704 0.006750 0.011111
0 0.423875 0.031111 0.007750 0.015556
0 0.532125 0.021852 0.007250 0.014815
0 0.595250 0.018704 0.010500 0.015185
0 0.576375 0.004259 0.008750 0.007778
0 0.591125 0.003148 0.005750 0.005556
0 0.598125 0.004259 0.005250 0.007778
0 0.604125 0.006481 0.008750 0.007037
0 0.584875 0.005000 0.005750 0.009259
0 0.736750 0.056667 0.007000 0.007407
