0 0.298375 0.446970 0.036750 0.060606
0 0.134000 0.506061 0.038000 0.047727
0 0.021875 0.476705 0.025250 0.040530
0 0.563375 0.039205 0.011750 0.020833
0 0.223000 0.077652 0.007500 0.012879
0 0.543500 0.088636 0.013500 0.025758
0 0.528625 0.042235 0.012250 0.020076
0 0.244250 0.316667 0.024500 0.040152
0 0.273125 0.171970 0.017750 0.026515
0 0.202750 0.414205 0.025500 0.047348
0 0.461500 0.156061 0.019000 0.032576
0 0.297625 0.334848 0.019750 0.034848
0 0.415250 0.150568 0.016500 0.032197
0 0.655125 0.071402 0.012750 0.020076
0 0.497250 0.082008 0.014500 0.026894
0 0.551625 0.057008 0.010250 0.018561
0 0.218250 0.164205 0.014000 0.026136
0 0.356000 0.345455 0.030500 0.044697
0 0.151250 0.396023 0.027000 0.042045
0 0.362250 0.197348 0.019500 0.035606
0 0.576000 0.141667 0.013000 0.024242
0 0.577250 0.023864 0.010500 0.018182
0 0.197250 0.094318 0.007500 0.012879
0 0.571125 0.007197 0.008750 0.013636
0 0.495625 0.128220 0.018250 0.033712
0 0.453875 0.104545 0.016750 0.028788
0 0.421750 0.189773 0.019500 0.034848
0 0.602000 0.033333 0.012000 0.021212
0 0.057375 0.536742 0.022250 0.034091
0 0.626250 0.007197 0.008500 0.009848
0 0.373500 0.783144 0.058500 0.086742
0 0.404375 0.244318 0.022250 0.039394
0 0.034750 0.582576 0.027000 0.042424
0 0.519375 0.059659 0.013750 0.018561
0 0.241625 0.075947 0.010250 0.014015
0 0.635500 0.006061 0.010500 0.011364
0 0.619500 0.009470 0.008000 0.015152
0 0.585875 0.007576 0.012750 0.014394
0 0.222500 0.190530 0.017500 0.027273
0 0.148625 0.063068 0.005750 0.009470
0 0.038750 0.706250 0.036500 0.051894
0 0.602250 0.015341 0.010500 0.013258
