0 0.537000 0.015530 0.009000 0.015909
0 0.183500 0.315720 0.020500 0.036742
0 0.046625 0.611553 0.025750 0.036742
0 0.320125 0.037879 0.008250 0.012879
0 0.493125 0.155492 0.017750 0.028409
0 0.285750 0.178409 0.016000 0.028788
0 0.340250 0.197159 0.018000 0.028409
0 0.416250 0.134848 0.016500 0.027273
0 0.086625 0.472538 0.025250 0.040530
0 0.299250 0.214773 0.020000 0.031061
0 0.045625 0.316667 0.018250 0.026515
0 0.121750 0.516477 0.025500 0.043561
0 0.142625 0.428220 0.025750 0.042045
0 0.257125 0.102273 0.012750 0.020455
0 0.457500 0.070455 0.011000 0.021970
0 0.397625 0.170455 0.016750 0.027273
0 0.611625 0.105303 0.013250 0.021970
0 0.225125 0.141667 0.011750 0.020455
0 0.429875 0.106061 0.013750 0.022727
0 0.012625 0.410606 0.022250 0.031061
0 0.250000 0.238636 0.019000 0.029545
0 0.223375 0.344886 0.025250 0.029167
0 0.363000 0.145644 0.014500 0.026894
0 0.278625 0.090909 0.010750 0.016667
0 0.538500 0.069508 0.013500 0.023106
0 0.061375 0.346402 0.019250 0.028409
0 0.961000 0.143561 0.007000 0.012879
0 0.183000 0.198864 0.015500 0.024242
0 0.442500 0.137121 0.015500 0.025758
0 0.444875 0.085985 0.012750 0.021212
0 0.486000 0.073106 0.011000 0.018182
0 0.142500 0.241477 0.012500 0.022348
0 0.490375 0.018182 0.009250 0.015152
0 0.153375 0.251136 0.014250 0.023485
0 0.291375 0.069886 0.009250 0.015530
0 0.467750 0.117803 0.014000 0.021212
0 0.313875 0.162879 0.016750 0.031061
0 0.130125 0.402462 0.023750 0.031439
0 0.032125 0.361553 0.019250 0.028409
0 0.511375 0.039394 0.011250 0.017424
0 0.242625 0.131250 0.012750 0.022348
0 0.277625 0.107008 0.012250 0.020076
0 0.060125 0.415341 0.020750 0.030682
0 0.500750 0.032008 0.011000 0.019318
0 0.201625 0.161174 0.012750 0.018561
0 0.467375 0.022348 0.010250 0.018939
0 0.164000 0.212311 0.013000 0.020833
0 0.378250 0.110417 0.012000 0.020076
0 0.702375 0.035606 0.007750 0.015152
0 0.092125 0.285985 0.019750 0.028030
0 0.443625 0.037500 0.011250 0.016667
0 0.047375 0.382197 0.020250 0.028788
0 0.563625 0.006818 0.009750 0.012879
0 0.476125 0.039394 0.009250 0.016667
0 0.262000 0.085985 0.009500 0.015909
0 0.487250 0.004167 0.006500 0.007576
0 0.313875 0.063826 0.011250 0.018561
0 0.600250 0.003977 0.007000 0.007197
0 0.309500 0.055682 0.006000 0.009848
0 0.484750 0.043371 0.010000 0.017803
0 0.458000 0.052083 0.012000 0.017045
0 0.475875 0.096402 0.012750 0.020833
0 0.757125 0.025379 0.006750 0.011364
0 0.101750 0.267803 0.014500 0.024242
0 0.011500 0.543561 0.022500 0.045455
0 0.458250 0.031439 0.009500 0.015152
0 0.103375 0.028220 0.002750 0.004167
0 0.118500 0.022727 0.002000 0.003788
0 0.125250 0.020076 0.001500 0.002273
0 0.242750 0.033144 0.006000 0.011742
0 0.251625 0.036932 0.008250 0.010227
0 0.238125 0.147727 0.013750 0.020455
0 0.360250 0.008144 0.008000 0.015530
0 0.590875 0.013447 0.010750 0.016288
0 0.502250 0.004545 0.011000 0.008333
0 0.524250 0.003030 0.008000 0.005303
0 0.905000 0.023485 0.004000 0.006818
0 0.093375 0.044318 0.003250 0.004545
