0 0.025625 0.525379 0.024750 0.040152
0 0.205250 0.399432 0.028000 0.045833
0 0.102750 0.412689 0.028500 0.042803
0 0.229750 0.329356 0.025500 0.036742
0 0.153000 0.349053 0.021500 0.038258
0 0.410500 0.199811 0.019000 0.032197
0 0.293375 0.268182 0.022750 0.041667
0 0.139875 0.453598 0.025250 0.039773
0 0.575000 0.037311 0.011500 0.019318
0 0.252750 0.362500 0.026000 0.042424
0 0.143000 0.403788 0.029000 0.039394
0 0.195250 0.075947 0.011000 0.017045
0 0.503000 0.072159 0.012500 0.026894
0 0.342000 0.224242 0.021500 0.037121
0 0.628625 0.043371 0.010750 0.020076
0 0.489500 0.112879 0.015000 0.028030
0 0.204750 0.296970 0.021000 0.037121
0 0.577875 0.018939 0.012750 0.018182
0 0.412250 0.150379 0.014500 0.027273
0 0.522625 0.074053 0.014250 0.023106
0 0.377625 0.179167 0.016250 0.030303
0 0.470250 0.164394 0.017000 0.029545
0 0.086875 0.504735 0.039750 0.042803
0 0.609750 0.004735 0.009000 0.008712
0 0.456375 0.107576 0.013750 0.024242
0 0.604375 0.030303 0.010750 0.020455
0 0.629375 0.021591 0.010750 0.019697
0 0.487750 0.081250 0.017000 0.028409
0 0.543875 0.044129 0.009250 0.015530
0 0.521875 0.051894 0.011250 0.021212
0 0.565250 0.071212 0.011500 0.020455
0 0.554000 0.012500 0.009000 0.015909
0 0.518250 0.097159 0.016500 0.023864
0 0.675000 0.004167 0.007500 0.007576
0 0.310875 0.317045 0.026250 0.037121
0 0.545875 0.027462 0.011750 0.017803
0 0.177875 0.101894 0.010250 0.018939
0 0.593375 0.063068 0.014750 0.020833
0 0.654250 0.009091 0.009000 0.015152
0 0.011875 0.622917 0.023250 0.039015
0 0.006250 0.683523 0.012000 0.039773
0 0.089375 0.574242 0.035750 0.045455
0 0.257375 0.295644 0.026750 0.037500
0 0.357750 0.354167 0.027500 0.037121
0 0.179000 0.130871 0.010000 0.014015
0 0.450500 0.133523 0.020500 0.031439
0 0.566625 0.054735 0.008750 0.014015
