0 0.265250 0.277462 0.022000 0.035227
0 0.655250 0.073485 0.014500 0.024242
0 0.145000 0.446591 0.030500 0.045455
0 0.014750 0.587879 0.029000 0.046212
0 0.412750 0.220833 0.019000 0.030303
0 0.137250 0.345644 0.022500 0.041288
0 0.591875 0.077273 0.012750 0.022727
0 0.464250 0.165341 0.017500 0.029924
0 0.470250 0.099432 0.014000 0.027652
0 0.214750 0.373674 0.025000 0.042045
0 0.061875 0.494508 0.027750 0.049621
0 0.283250 0.318750 0.024000 0.039015
0 0.471000 0.071023 0.013000 0.021591
0 0.544625 0.106250 0.015750 0.026894
0 0.489250 0.140530 0.016500 0.029545
0 0.405000 0.014583 0.008500 0.014773
0 0.249125 0.125947 0.010750 0.018561
0 0.509750 0.062879 0.013000 0.020455
0 0.192250 0.100758 0.008000 0.014394
0 0.099625 0.589962 0.037250 0.046591
0 0.220875 0.167424 0.014250 0.021212
0 0.231375 0.079924 0.008250 0.013636
0 0.325750 0.245076 0.018500 0.035606
0 0.337375 0.279545 0.023750 0.035606
0 0.503625 0.115720 0.013250 0.022348
0 0.573125 0.030492 0.010250 0.018561
0 0.613875 0.022159 0.013750 0.024621
0 0.259375 0.172917 0.015250 0.026894
0 0.588625 0.010038 0.009750 0.018561
0 0.215750 0.084470 0.008500 0.014394
0 0.626625 0.003977 0.009750 0.007197
0 0.135500 0.079735 0.007000 0.011742
0 0.021750 0.670455 0.036500 0.044697
0 0.222375 0.086553 0.009250 0.014773
0 0.347250 0.021970 0.011000 0.015909
0 0.600500 0.003220 0.008000 0.005682
