0 0.129500 0.477368 0.018000 0.029825
0 0.217500 0.303509 0.016000 0.025263
0 0.375875 0.217368 0.018750 0.028421
0 0.030500 0.543158 0.024500 0.030877
0 0.184625 0.627368 0.032750 0.042105
0 0.086250 0.711754 0.032500 0.039649
0 0.091625 0.312456 0.015750 0.024211
0 0.418875 0.137719 0.013750 0.021404
0 0.027375 0.184737 0.003750 0.005965
0 0.296500 0.260175 0.019000 0.025614
0 0.054875 0.344211 0.018750 0.024561
0 0.548125 0.370000 0.028750 0.035439
0 0.128625 0.209825 0.010750 0.016842
0 0.335375 0.272982 0.019750 0.032982
0 0.461500 0.084737 0.009500 0.016491
0 0.132125 0.638421 0.032250 0.040351
0 0.267000 0.157193 0.009500 0.016842
0 0.413375 0.157368 0.013750 0.021404
0 0.272375 0.377719 0.019750 0.031930
0 0.244750 0.271930 0.017500 0.027368
0 0.247625 0.147895 0.009750 0.017193
0 0.654375 0.126140 0.012750 0.018596
0 0.204250 0.285088 0.015000 0.024211
0 0.558625 0.097368 0.010750 0.017895
0 0.279250 0.189825 0.012000 0.022456
0 0.019000 0.218596 0.005000 0.008421
0 0.076625 0.538947 0.029250 0.031579
0 0.013250 0.332105 0.011500 0.023509
0 0.598250 0.080702 0.008500 0.013333
0 0.340750 0.109474 0.009000 0.014737
0 0.474375 0.065439 0.007750 0.014386
0 0.040875 0.408947 0.016250 0.026316
0 0.481625 0.140175 0.012250 0.017895
0 0.009125 0.259298 0.009250 0.012632
0 0.562000 0.073333 0.008500 0.015439
0 0.181000 0.325263 0.019500 0.035088
0 0.112500 0.230351 0.011000 0.017895
0 0.244125 0.169298 0.012250 0.020000
0 0.015750 0.434386 0.021000 0.027368
0 0.043875 0.278596 0.010250 0.016842
0 0.549750 0.032456 0.007000 0.012982
0 0.118000 0.169825 0.007000 0.009825
0 0.252875 0.541053 0.030750 0.048421
0 0.167000 0.314035 0.016000 0.027368
0 0.437625 0.080702 0.010250 0.015439
0 0.575375 0.115088 0.012250 0.017544
0 0.020750 0.319825 0.012000 0.017193
0 0.192000 0.297719 0.010500 0.014386
0 0.517875 0.115263 0.013250 0.020702
0 0.561625 0.039825 0.008250 0.012982
0 0.031125 0.246140 0.006750 0.010175
0 0.303000 0.229474 0.015500 0.024561
0 0.139250 0.446491 0.021500 0.034035
0 0.131000 0.259123 0.014000 0.020702
0 0.094125 0.339825 0.016250 0.024211
0 0.163250 0.217018 0.012000 0.017193
0 0.193125 0.140000 0.008750 0.013333
0 0.022125 0.227719 0.005750 0.008421
0 0.235500 0.186842 0.010500 0.016491
0 0.122500 0.254035 0.010500 0.018246
0 0.009625 0.402281 0.018750 0.027719
0 0.051625 0.259825 0.013250 0.017193
0 0.486625 0.333509 0.026250 0.038947
0 0.323000 0.112982 0.012000 0.014035
0 0.017875 0.190351 0.003750 0.006667
0 0.230625 0.281053 0.012750 0.021053
0 0.489375 0.063333 0.008250 0.015088
0 0.428125 0.111579 0.009250 0.016842
0 0.082875 0.206491 0.007750 0.010175
0 0.031000 0.220000 0.006000 0.008421
0 0.066125 0.198070 0.007750 0.012982
0 0.022875 0.194211 0.004250 0.006667
0 0.093500 0.488772 0.023500 0.037193
0 0.541000 0.050877 0.010000 0.014035
0 0.404875 0.094561 0.011250 0.015088
0 0.136250 0.514386 0.032500 0.032281
0 0.058250 0.165263 0.004000 0.007018
0 0.006375 0.248596 0.007250 0.010877
0 0.036750 0.624211 0.028500 0.051930
0 0.046375 0.222807 0.007250 0.011228
0 0.361750 0.229123 0.016000 0.025965
0 0.063625 0.308947 0.013750 0.020000
0 0.057000 0.294737 0.013000 0.019649
0 0.068875 0.202632 0.006750 0.009474
0 0.052875 0.214912 0.006750 0.012281
0 0.039875 0.342281 0.014750 0.022807
0 0.039250 0.186140 0.004500 0.006667
0 0.030125 0.236140 0.007750 0.012632
0 0.047625 0.158070 0.003750 0.005965
0 0.163250 0.755789 0.038500 0.046316
0 0.504250 0.187719 0.014000 0.019649
0 0.259875 0.655439 0.048250 0.044211
0 0.074500 0.152632 0.004000 0.006316
0 0.002875 0.591053 0.005250 0.032632
0 0.496375 0.070526 0.009750 0.012632
0 0.050875 0.184561 0.004750 0.007018
0 0.036000 0.209474 0.005500 0.008421
0 0.045625 0.210175 0.005750 0.009123
0 0.044250 0.176491 0.004500 0.007018
0 0.015625 0.235614 0.005750 0.009474
0 0.055250 0.260702 0.008500 0.014035
0 0.057125 0.172632 0.004250 0.006316
0 0.074000 0.191579 0.006000 0.009123
0 0.048125 0.191579 0.004750 0.007719
0 0.052625 0.171579 0.004750 0.007719
0 0.237125 0.108421 0.006250 0.009825
0 0.211500 0.965614 0.039500 0.047018
0 0.016500 0.252632 0.007500 0.009825
0 0.061500 0.163158 0.003500 0.005614
0 0.107125 0.256491 0.006750 0.011228
0 0.065500 0.166491 0.005000 0.007368
0 0.912000 0.087544 0.003500 0.005263
0 0.062000 0.169123 0.004000 0.006316
0 0.046625 0.183860 0.003750 0.005614
0 0.113500 0.852281 0.037500 0.044912
0 0.035625 0.822281 0.025750 0.040351
0 0.051000 0.987018 0.028000 0.025965
0 0.031875 0.761930 0.027250 0.038947
0 0.019625 0.695614 0.032250 0.047368
0 0.013125 0.366491 0.011250 0.015088
0 0.011000 0.352807 0.011000 0.013684
0 0.026000 0.263333 0.008000 0.012281
0 0.006375 0.271228 0.009250 0.012632
0 0.001750 0.274386 0.003000 0.009825
0 0.031875 0.264737 0.008750 0.011579
0 0.031375 0.203860 0.004750 0.007018
0 0.036875 0.201930 0.003250 0.005965
0 0.041375 0.203158 0.005750 0.007018
0 0.043625 0.194386 0.004750 0.006316
0 0.031500 0.193509 0.004000 0.006667
0 0.035125 0.187544 0.005750 0.005965
0 0.027000 0.197895 0.004000 0.006316
0 0.063250 0.177895 0.005000 0.007018
0 0.076750 0.196667 0.005000 0.008772
0 0.081375 0.198947 0.006250 0.005614
0 0.144375 0.089649 0.002750 0.004561
0 0.149125 0.060702 0.001750 0.002105
0 0.153750 0.058421 0.001500 0.002456
0 0.199750 0.039474 0.002000 0.003158
0 0.210000 0.033684 0.001500 0.002105
0 0.240250 0.038947 0.002000 0.002807
0 0.249750 0.026491 0.002000 0.003158
0 0.242375 0.019298 0.002750 0.003509
0 0.088750 0.213684 0.008500 0.010526
0 0.192875 0.312632 0.012750 0.016140
0 0.283375 0.213509 0.013250 0.017895
0 0.393500 0.088421 0.008000 0.014737
0 0.501250 0.143333 0.009000 0.016491
0 0.504625 0.133509 0.007250 0.015789
0 0.551750 0.056667 0.008000 0.010877
0 0.568500 0.019298 0.006000 0.009123
0 0.564875 0.017368 0.003750 0.005965
0 0.611500 0.033158 0.004500 0.005263
0 0.924125 0.068772 0.001750 0.002807
0 0.762250 0.015965 0.002500 0.003860
0 0.730875 0.005965 0.001750 0.003509
0 0.027250 0.229649 0.004500 0.005263
