0 0.632375 0.030871 0.010250 0.017803
0 0.416375 0.123674 0.020250 0.034470
0 0.087875 0.492614 0.027250 0.043561
0 0.177375 0.330492 0.029250 0.039773
0 0.187250 0.370455 0.028500 0.040909
0 0.024250 0.624621 0.031000 0.043182
0 0.273000 0.302652 0.025000 0.034848
0 0.308250 0.271212 0.025000 0.041667
0 0.397375 0.165909 0.016750 0.029545
0 0.341125 0.208333 0.022250 0.037121
0 0.425250 0.179167 0.023000 0.034091
0 0.458000 0.120455 0.016000 0.028788
0 0.480000 0.162311 0.017500 0.029924
0 0.563375 0.078788 0.013250 0.027273
0 0.242000 0.289773 0.022000 0.040152
0 0.317250 0.213447 0.021000 0.035985
0 0.491250 0.086932 0.016000 0.028409
0 0.582875 0.035417 0.010750 0.022348
0 0.046250 0.528598 0.024500 0.032955
0 0.388875 0.210795 0.019750 0.035227
0 0.582250 0.082955 0.014000 0.025000
0 0.622250 0.037121 0.010500 0.021212
0 0.555750 0.036553 0.012500 0.020833
0 0.542375 0.081818 0.014750 0.028030
0 0.618750 0.015720 0.008000 0.014773
0 0.597875 0.046023 0.013250 0.021591
0 0.567000 0.019129 0.009500 0.018561
0 0.459875 0.014205 0.009750 0.015530
0 0.056625 0.555303 0.034750 0.047727
0 0.520375 0.062500 0.011750 0.015909
0 0.554125 0.060038 0.009750 0.018561
0 0.142625 0.491667 0.029750 0.044697
0 0.644750 0.005114 0.008500 0.009470
0 0.574375 0.026515 0.009250 0.018939
0 0.202250 0.071402 0.010000 0.017803
0 0.719000 0.008333 0.008000 0.014394
0 0.656750 0.006818 0.009500 0.012879
0 0.585125 0.009280 0.009750 0.017803
0 0.006250 0.561932 0.012000 0.043561
0 0.784375 0.040152 0.009250 0.012879
0 0.373000 0.211553 0.014000 0.028409
0 0.596375 0.022538 0.010750 0.017803
0 0.136000 0.466098 0.043500 0.038258
0 0.527000 0.091856 0.017500 0.024621
0 0.520875 0.077462 0.009750 0.017045
0 0.646000 0.031439 0.014500 0.021212
0 0.201875 0.134091 0.014750 0.015909
