0 0.416750 0.185227 0.023000 0.037121
0 0.275125 0.216477 0.019250 0.043561
0 0.295625 0.269318 0.020250 0.043939
0 0.646500 0.038636 0.010000 0.019697
0 0.703750 0.035227 0.009500 0.017424
0 0.007125 0.472348 0.013750 0.032576
0 0.011500 0.873864 0.022500 0.057576
0 0.007500 0.705492 0.014500 0.051136
0 0.055125 0.625379 0.031750 0.046212
0 0.009000 0.557576 0.017500 0.037121
0 0.112750 0.549053 0.037000 0.048106
0 0.055375 0.461932 0.026250 0.040530
0 0.056250 0.424811 0.025500 0.041288
0 0.101125 0.456250 0.025750 0.033712
0 0.144625 0.461174 0.031750 0.057197
0 0.199000 0.419886 0.027500 0.042045
0 0.197500 0.367235 0.026000 0.034470
0 0.201375 0.259470 0.025750 0.040909
0 0.335125 0.290530 0.025750 0.043939
0 0.356750 0.371591 0.028000 0.048485
0 0.379375 0.277273 0.021750 0.032576
0 0.345000 0.227083 0.022500 0.039773
0 0.459250 0.215909 0.023500 0.037121
0 0.449500 0.158333 0.015500 0.033333
0 0.495750 0.172159 0.020000 0.032955
0 0.471500 0.103977 0.014000 0.029167
0 0.517500 0.122348 0.018000 0.028030
0 0.515875 0.096591 0.017250 0.025758
0 0.526875 0.085417 0.010250 0.021591
0 0.548625 0.085038 0.015750 0.023864
0 0.590750 0.062879 0.011500 0.021970
0 0.593875 0.046402 0.011250 0.017803
0 0.607500 0.026894 0.011500 0.020455
0 0.595750 0.028220 0.010500 0.018561
0 0.614875 0.014773 0.011750 0.018182
0 0.616125 0.064015 0.016750 0.025000
0 0.668000 0.035227 0.012000 0.020455
0 0.648500 0.016098 0.008500 0.014773
0 0.650000 0.004167 0.009500 0.007576
0 0.675250 0.006439 0.009500 0.012121
0 0.677875 0.031629 0.008250 0.017045
0 0.699625 0.009659 0.010250 0.016288
0 0.710000 0.009848 0.010000 0.015152
0 0.720375 0.003598 0.005750 0.006439
0 0.738875 0.005492 0.008250 0.010227
0 0.257125 0.047917 0.009750 0.014773
0 0.245375 0.050000 0.009750 0.011364
0 0.235250 0.047538 0.011000 0.011742
