0 0.072125 0.514205 0.030750 0.047348
0 0.010750 0.551515 0.021000 0.043939
0 0.176000 0.328598 0.021500 0.040530
0 0.495250 0.086364 0.015500 0.023485
0 0.089000 0.304924 0.021500 0.031818
0 0.101750 0.440909 0.027500 0.042424
0 0.139750 0.462500 0.028500 0.046212
0 0.399875 0.133712 0.015250 0.027273
0 0.440625 0.131818 0.017250 0.029545
0 0.551625 0.067235 0.012750 0.022348
0 0.315250 0.250568 0.021500 0.039773
0 0.609250 0.081061 0.014000 0.025758
0 0.135125 0.372727 0.023750 0.040909
0 0.355125 0.185038 0.017750 0.035227
0 0.654750 0.072159 0.013000 0.021591
0 0.452750 0.062500 0.012500 0.019697
0 0.536125 0.092614 0.014750 0.026136
0 0.526375 0.048485 0.010750 0.018182
0 0.485000 0.116098 0.016000 0.031439
0 0.570750 0.075947 0.015000 0.024621
0 0.262250 0.354735 0.031500 0.047348
0 0.510500 0.069129 0.012000 0.023106
0 0.432125 0.171023 0.018250 0.029924
0 0.203375 0.348485 0.024750 0.041667
0 0.243000 0.137121 0.011000 0.023485
0 0.225000 0.164394 0.014500 0.022727
0 0.249000 0.303220 0.024500 0.039015
0 0.190000 0.101136 0.008000 0.013636
0 0.457625 0.101326 0.014250 0.026136
0 0.256625 0.174432 0.015250 0.025379
0 0.537500 0.136932 0.015000 0.024621
0 0.545750 0.017424 0.010000 0.015909
0 0.533875 0.023485 0.009250 0.015909
0 0.572125 0.034659 0.009250 0.017803
0 0.222000 0.088258 0.010500 0.016667
0 0.023750 0.624811 0.030000 0.042045
0 0.573750 0.008712 0.009000 0.015152
0 0.213625 0.083333 0.007750 0.014394
0 0.372250 0.196591 0.021500 0.038636
0 0.285875 0.319886 0.030750 0.039015
0 0.309250 0.226705 0.016500 0.019318
0 0.210000 0.105682 0.011000 0.020455
0 0.494250 0.108144 0.015000 0.026136
0 0.590625 0.003977 0.009250 0.007197
0 0.968875 0.115341 0.006250 0.010227
