0 0.056625 0.696212 0.022750 0.036364
0 0.145250 0.449053 0.028500 0.044318
0 0.083375 0.614583 0.034250 0.051894
0 0.080500 0.515909 0.028000 0.043939
0 0.096000 0.457197 0.026000 0.043182
0 0.406500 0.183333 0.016500 0.030303
0 0.199875 0.367614 0.026250 0.042045
0 0.261250 0.378788 0.032000 0.051515
0 0.159500 0.376326 0.026000 0.047348
0 0.335375 0.188258 0.021250 0.034091
0 0.161500 0.494508 0.025500 0.037500
0 0.664125 0.005871 0.007750 0.010985
0 0.468000 0.107765 0.015500 0.028409
0 0.231875 0.281439 0.021250 0.037879
0 0.024875 0.547917 0.026250 0.049621
0 0.635500 0.026894 0.009500 0.016667
0 0.447000 0.143750 0.018500 0.030682
0 0.350750 0.245076 0.021500 0.036364
0 0.198000 0.116477 0.013000 0.022348
0 0.379250 0.166856 0.017000 0.032197
0 0.514500 0.128220 0.018500 0.029167
0 0.431125 0.216098 0.019750 0.030682
0 0.581125 0.016288 0.009750 0.018939
0 0.451375 0.183333 0.016750 0.031061
0 0.528750 0.068561 0.013500 0.022727
0 0.533000 0.097538 0.016000 0.026894
0 0.623750 0.007008 0.008500 0.013258
0 0.229750 0.082765 0.009000 0.017803
0 0.365500 0.221780 0.020500 0.038258
0 0.647000 0.005682 0.010000 0.010606
0 0.246875 0.328977 0.020250 0.039015
0 0.595875 0.043750 0.010750 0.017803
0 0.171125 0.110606 0.010250 0.017424
0 0.561000 0.037879 0.016500 0.025000
0 0.555875 0.058712 0.012750 0.022727
0 0.610125 0.024811 0.010250 0.018561
0 0.404125 0.123485 0.011750 0.023485
0 0.289750 0.326326 0.028500 0.048106
0 0.567875 0.019697 0.009250 0.016667
0 0.312125 0.220076 0.016750 0.031061
0 0.551000 0.089773 0.011500 0.020455
0 0.594500 0.073864 0.012000 0.019697
0 0.477000 0.109280 0.008500 0.020833
0 0.597875 0.003788 0.009250 0.006818
0 0.687500 0.038447 0.010000 0.021591
0 0.738750 0.012500 0.009500 0.013636
