0 0.274750 0.354510 0.025000 0.040784
0 0.296000 0.032353 0.010500 0.017647
0 0.586750 0.042353 0.012500 0.021961
0 0.370375 0.081961 0.014750 0.022745
0 0.112500 0.551961 0.031500 0.041961
0 0.625625 0.019804 0.010750 0.019216
0 0.113000 0.427059 0.029500 0.048627
0 0.608750 0.029608 0.011500 0.020784
0 0.291125 0.277451 0.023750 0.036471
0 0.572875 0.011569 0.010250 0.017647
0 0.239250 0.580000 0.039500 0.051765
0 0.147625 0.477255 0.030750 0.042353
0 0.082750 0.113137 0.007000 0.012941
0 0.049250 0.665686 0.030000 0.041961
0 0.313625 0.090196 0.012750 0.022745
0 0.557750 0.005294 0.009000 0.009020
0 0.611500 0.003725 0.008500 0.006667
0 0.068375 0.123529 0.007750 0.013333
0 0.073500 0.065686 0.006000 0.010588
0 0.188750 0.679608 0.039000 0.050196
0 0.294125 0.874118 0.049250 0.076863
0 0.426125 0.027059 0.011250 0.018039
0 0.096875 0.027255 0.004750 0.005882
0 0.083000 0.052745 0.007500 0.012157
0 0.004500 0.537255 0.008500 0.048627
0 0.078875 0.040588 0.004750 0.007451
0 0.291625 0.085882 0.015250 0.025098
0 0.416625 0.032745 0.010250 0.014510
0 0.996625 0.104706 0.006750 0.013333
0 0.028250 0.058627 0.004000 0.005098
0 0.019875 0.064902 0.003250 0.004314
0 0.015375 0.070784 0.001750 0.002745
