0 0.445250 0.054167 0.010500 0.017424
0 0.025500 0.604545 0.029500 0.046212
0 0.522375 0.101705 0.015750 0.023106
0 0.135625 0.464015 0.035250 0.046970
0 0.582500 0.038636 0.010500 0.017424
0 0.362750 0.202462 0.023000 0.037500
0 0.293375 0.292045 0.025750 0.043939
0 0.240375 0.400379 0.025750 0.045455
0 0.153125 0.577462 0.032250 0.042803
0 0.488125 0.112500 0.013750 0.028030
0 0.435375 0.145833 0.020750 0.031818
0 0.365500 0.243371 0.019500 0.034470
0 0.275000 0.271212 0.019500 0.034091
0 0.566375 0.076894 0.011750 0.022727
0 0.405250 0.169508 0.016500 0.026894
0 0.577125 0.095076 0.014750 0.026515
0 0.597375 0.017803 0.010250 0.018182
0 0.262125 0.171970 0.012250 0.021970
0 0.192000 0.098485 0.008500 0.015152
0 0.513000 0.032008 0.010500 0.024621
0 0.611250 0.007765 0.008500 0.014773
0 0.540875 0.068561 0.011250 0.022727
0 0.490375 0.084280 0.013250 0.023864
0 0.506125 0.072159 0.013750 0.020076
0 0.520250 0.125947 0.013500 0.023106
0 0.589750 0.006439 0.010000 0.012121
0 0.534250 0.042235 0.012500 0.023106
0 0.566000 0.010227 0.010500 0.018939
0 0.452875 0.091856 0.015750 0.030682
0 0.247500 0.130114 0.012500 0.021591
0 0.217500 0.091856 0.009000 0.016288
0 0.226250 0.081439 0.009000 0.016667
0 0.651500 0.074811 0.014000 0.023864
0 0.058625 0.674811 0.027250 0.035985
0 0.216250 0.405871 0.021000 0.044318
0 0.004750 0.732765 0.009000 0.040530
0 0.239250 0.147917 0.015000 0.022348
0 0.210250 0.087311 0.009500 0.017045
0 0.175875 0.919508 0.061750 0.073864
