0 0.085875 0.424242 0.025250 0.037121
0 0.037375 0.532008 0.028750 0.042803
0 0.198125 0.403598 0.028250 0.044318
0 0.231375 0.328220 0.021750 0.041288
0 0.407625 0.141098 0.018750 0.034470
0 0.469250 0.136932 0.018000 0.030682
0 0.618625 0.008144 0.009250 0.015530
0 0.292875 0.283712 0.028250 0.043939
0 0.651500 0.073485 0.013500 0.024242
0 0.217125 0.659848 0.046750 0.063636
0 0.546125 0.040152 0.010250 0.017424
0 0.246875 0.375189 0.026250 0.035985
0 0.505250 0.091856 0.015500 0.026136
0 0.221250 0.078977 0.007000 0.013258
0 0.330875 0.300947 0.032250 0.053409
0 0.220000 0.183333 0.018500 0.028788
0 0.116250 0.469508 0.032000 0.041288
0 0.261625 0.167045 0.015250 0.023485
0 0.536250 0.076894 0.014500 0.025000
0 0.239500 0.074053 0.008500 0.014773
0 0.451875 0.098485 0.013250 0.022727
0 0.500250 0.063258 0.014000 0.023485
0 0.634500 0.004735 0.008500 0.008712
0 0.360250 0.229356 0.023500 0.035227
0 0.175375 0.381629 0.031250 0.045076
0 0.591375 0.038068 0.013750 0.018561
0 0.551750 0.059280 0.013500 0.022348
0 0.535500 0.048485 0.010000 0.017424
0 0.571875 0.038826 0.009250 0.017045
0 0.590375 0.017424 0.010750 0.018939
0 0.604750 0.122538 0.013000 0.022348
0 0.559125 0.009659 0.010250 0.017803
0 0.204500 0.099242 0.008500 0.015152
0 0.612875 0.030114 0.012750 0.020076
0 0.235750 0.154167 0.017500 0.028788
0 0.047750 0.610606 0.029000 0.049242
0 0.652125 0.005114 0.008250 0.009470
0 0.548125 0.009659 0.008250 0.017045
0 0.322125 0.197727 0.019250 0.028788
0 0.578625 0.011174 0.007750 0.012500
0 0.796500 0.634280 0.061000 0.097348
0 0.229000 0.080303 0.009500 0.017424
0 0.437500 0.193182 0.020500 0.039394
0 0.429000 0.125379 0.024500 0.031818
