0 0.081625 0.554735 0.028750 0.043561
0 0.187750 0.315720 0.024000 0.039015
0 0.356000 0.231629 0.021000 0.035985
0 0.139625 0.423295 0.031750 0.044318
0 0.081000 0.481439 0.030000 0.049242
0 0.147625 0.368371 0.022250 0.035985
0 0.561750 0.099811 0.013500 0.026894
0 0.243250 0.316856 0.022500 0.038258
0 0.559125 0.019318 0.009750 0.016667
0 0.428875 0.199811 0.019750 0.033712
0 0.138250 0.149242 0.011000 0.018939
0 0.206000 0.346212 0.024000 0.041667
0 0.462875 0.115909 0.015750 0.024242
0 0.323625 0.310227 0.019750 0.037879
0 0.315625 0.209091 0.017750 0.033333
0 0.533750 0.044318 0.011500 0.021970
0 0.279875 0.219318 0.018250 0.035606
0 0.514125 0.072538 0.011250 0.021591
0 0.559125 0.052652 0.013250 0.021970
0 0.582500 0.028409 0.012000 0.020455
0 0.025375 0.534848 0.023250 0.034091
0 0.405750 0.196780 0.021000 0.035227
0 0.485750 0.122727 0.014500 0.028030
0 0.022625 0.496023 0.025750 0.038258
0 0.358000 0.171212 0.021500 0.034848
0 0.531000 0.109091 0.014000 0.025000
0 0.194875 0.077273 0.012250 0.019697
0 0.441500 0.130303 0.014000 0.025758
0 0.163250 0.134091 0.011000 0.018182
0 0.523625 0.136932 0.019750 0.029167
0 0.156125 0.120076 0.011750 0.019697
0 0.417500 0.140909 0.019000 0.033333
0 0.299625 0.243182 0.019250 0.035606
0 0.620125 0.005871 0.009250 0.010985
0 0.587000 0.005871 0.009500 0.010985
0 0.622125 0.021780 0.011250 0.016288
0 0.204250 0.401515 0.023500 0.038636
0 0.593000 0.027273 0.008500 0.016667
0 0.487875 0.105492 0.017250 0.010985
0 0.541875 0.073295 0.012750 0.020833
0 0.487375 0.170833 0.020750 0.028788
0 0.559625 0.008902 0.012250 0.013258
0 0.869375 0.047727 0.006250 0.010606
0 0.869125 0.002083 0.005750 0.003409
