0 0.402000 0.133333 0.013000 0.021739
0 0.587375 0.087138 0.012750 0.020652
0 0.377000 0.149457 0.013500 0.021377
0 0.326750 0.099457 0.011000 0.018478
0 0.505250 0.036413 0.010000 0.017754
0 0.290750 0.128442 0.011500 0.019928
0 0.488875 0.100906 0.013250 0.025000
0 0.628375 0.032246 0.009750 0.015942
0 0.446500 0.111957 0.011500 0.021014
0 0.036375 0.761775 0.032250 0.053986
0 0.289000 0.113043 0.011000 0.015942
0 0.079875 0.232065 0.011250 0.016304
0 0.613000 0.030435 0.008000 0.013768
0 0.110750 0.202899 0.011500 0.018116
0 0.489375 0.006159 0.007750 0.011594
0 0.448250 0.045290 0.008500 0.014493
0 0.598250 0.010145 0.007500 0.011594
0 0.371625 0.070471 0.009250 0.014855
0 0.341875 0.072101 0.009750 0.014493
0 0.089250 0.221377 0.008500 0.013768
0 0.576625 0.007609 0.007750 0.010870
0 0.181250 0.093478 0.006500 0.010145
0 0.523375 0.007428 0.007250 0.009783
0 0.611750 0.100725 0.013000 0.021739
0 0.019875 0.178986 0.005250 0.007971
0 0.500875 0.014493 0.007750 0.012319
0 0.544125 0.006341 0.007750 0.010507
0 0.020750 0.214130 0.006500 0.010145
0 0.036625 0.195833 0.007250 0.010507
0 0.043125 0.182971 0.006750 0.010145
0 0.626250 0.019384 0.007000 0.011232
0 0.642250 0.015217 0.008000 0.012319
0 0.055875 0.155072 0.004750 0.007246
0 0.086375 0.188406 0.008750 0.013768
0 0.019750 0.206703 0.006500 0.009058
0 0.002500 0.189674 0.004000 0.007609
0 0.069625 0.206159 0.008750 0.015217
0 0.077000 0.152174 0.005500 0.011594
0 0.067750 0.148007 0.004500 0.005435
0 0.038250 0.151993 0.003500 0.006884
0 0.032125 0.170833 0.005750 0.008333
0 0.026250 0.159058 0.003500 0.005797
0 0.012500 0.181522 0.004500 0.006522
0 0.653625 0.003623 0.004750 0.006522
0 0.667125 0.003080 0.005750 0.005435
0 0.683750 0.002717 0.006500 0.004710
0 0.707750 0.018116 0.007500 0.009420
0 0.731125 0.030435 0.005250 0.008696
0 0.735875 0.035688 0.004750 0.009058
0 0.732500 0.010870 0.005000 0.007971
0 0.741750 0.011051 0.004500 0.009783
0 0.747000 0.014312 0.004000 0.006884
0 0.755500 0.006522 0.004500 0.006522
0 0.777125 0.011413 0.003750 0.006159
0 0.723125 0.004529 0.006750 0.008333
0 0.643250 0.004348 0.006500 0.007971
0 0.829375 0.012138 0.002750 0.003986
0 0.820125 0.013587 0.002250 0.004710
0 0.921875 0.062138 0.003250 0.003986
0 0.913875 0.042935 0.001750 0.003986
0 0.908875 0.042572 0.002250 0.002536
0 0.915875 0.046739 0.001750 0.003623
