0 0.052125 0.509091 0.030250 0.050758
0 0.100000 0.473106 0.025500 0.045455
0 0.568250 0.029167 0.013000 0.021212
0 0.454000 0.167992 0.020000 0.035227
0 0.157000 0.402652 0.024000 0.040152
0 0.273375 0.231250 0.021250 0.035985
0 0.108375 0.581818 0.026250 0.043182
0 0.128750 0.407955 0.025500 0.040152
0 0.489375 0.067045 0.011250 0.021212
0 0.539500 0.112879 0.013000 0.024242
0 0.471750 0.101705 0.014500 0.026136
0 0.627500 0.025189 0.011000 0.018561
0 0.175250 0.491288 0.029000 0.040152
0 0.258000 0.297348 0.020000 0.037879
0 0.220250 0.334470 0.024000 0.044697
0 0.010375 0.572917 0.020250 0.043561
0 0.193500 0.340341 0.021500 0.039773
0 0.512000 0.140341 0.016000 0.027652
0 0.421250 0.121023 0.016500 0.029924
0 0.205375 0.086553 0.009750 0.017045
0 0.321875 0.298485 0.027750 0.045455
0 0.089000 0.638068 0.032500 0.045076
0 0.492125 0.126326 0.015750 0.027652
0 0.522375 0.082197 0.013750 0.025000
0 0.550625 0.058523 0.011750 0.023106
0 0.587500 0.127841 0.014000 0.024621
0 0.641750 0.013447 0.010500 0.017045
0 0.601875 0.060606 0.011750 0.021212
0 0.215875 0.112500 0.013250 0.022727
0 0.610875 0.004924 0.007750 0.009091
0 0.593250 0.023106 0.010500 0.018182
0 0.704750 0.007765 0.010500 0.014773
0 0.662375 0.017614 0.008750 0.014015
0 0.136500 0.168371 0.009500 0.016288
0 0.375375 0.200947 0.024250 0.037500
0 0.339250 0.200000 0.023000 0.030303
0 0.233875 0.074242 0.009250 0.015909
0 0.584250 0.085038 0.015500 0.020833
0 0.340625 0.258144 0.021750 0.035985
0 0.676250 0.005114 0.009500 0.009470
0 0.602125 0.008144 0.010250 0.015530
0 0.609125 0.050758 0.011250 0.016667
0 0.419500 0.779545 0.051500 0.068939
0 0.034625 0.727273 0.050750 0.074242
0 0.594250 0.003598 0.007000 0.006439
