0 0.587000 0.050189 0.010500 0.019318
0 0.203125 0.617803 0.034250 0.044697
0 0.253625 0.176894 0.014250 0.024242
0 0.045500 0.642045 0.033500 0.049242
0 0.232250 0.427652 0.031000 0.046212
0 0.337000 0.233333 0.020000 0.035606
0 0.460625 0.064394 0.012250 0.021212
0 0.191000 0.100568 0.008000 0.014015
0 0.380625 0.248295 0.021250 0.041288
0 0.412500 0.132386 0.014500 0.026894
0 0.470500 0.164205 0.017500 0.027652
0 0.651875 0.074621 0.013750 0.023485
0 0.173500 0.448864 0.026500 0.042424
0 0.521500 0.042235 0.010500 0.019318
0 0.032625 0.750568 0.037250 0.053409
0 0.526000 0.090720 0.017000 0.027652
0 0.620625 0.041667 0.012750 0.019697
0 0.608250 0.028030 0.010000 0.018939
0 0.541875 0.027083 0.010750 0.017045
0 0.058750 0.549811 0.037500 0.055682
0 0.455750 0.130871 0.012500 0.022348
0 0.041000 0.524242 0.022000 0.032576
0 0.571750 0.043182 0.011000 0.018939
0 0.227875 0.159659 0.015750 0.020833
0 0.554375 0.048106 0.010750 0.020455
0 0.495625 0.109091 0.015750 0.025758
0 0.240375 0.133712 0.013250 0.022727
0 0.224375 0.085038 0.010750 0.017045
0 0.584375 0.022538 0.008250 0.014773
0 0.304250 0.292235 0.021000 0.036742
0 0.570625 0.022159 0.009250 0.016288
0 0.571875 0.006629 0.009750 0.012500
0 0.538625 0.004735 0.007250 0.008712
0 0.543500 0.016667 0.010000 0.014394
0 0.548375 0.082765 0.014250 0.022348
0 0.495500 0.088826 0.011000 0.017803
0 0.216000 0.096212 0.014500 0.018939
0 0.542875 0.069508 0.015750 0.020076
0 0.565500 0.060795 0.017000 0.021591
0 0.647875 0.002273 0.010250 0.003788
