0 0.059875 0.526515 0.031250 0.048485
0 0.046250 0.670076 0.032000 0.053030
0 0.146250 0.468750 0.031500 0.048106
0 0.298375 0.319129 0.024250 0.040530
0 0.161625 0.367235 0.024750 0.044318
0 0.388750 0.219697 0.021500 0.034848
0 0.346625 0.208712 0.019250 0.039394
0 0.430250 0.118182 0.016500 0.028030
0 0.534000 0.097727 0.014500 0.025758
0 0.493500 0.097538 0.013000 0.026894
0 0.343250 0.251894 0.025000 0.040909
0 0.641375 0.045455 0.009250 0.015152
0 0.543750 0.154545 0.018500 0.031061
0 0.156625 0.143939 0.013750 0.021212
0 0.220500 0.374811 0.029000 0.046591
0 0.660375 0.028030 0.009250 0.017424
0 0.202750 0.109848 0.011000 0.018182
0 0.598000 0.027841 0.010000 0.016288
0 0.477000 0.157197 0.018500 0.031818
0 0.419625 0.177083 0.018750 0.036742
0 0.594125 0.079167 0.017250 0.028788
0 0.643500 0.012879 0.008500 0.015152
0 0.260000 0.298485 0.023000 0.034848
0 0.523125 0.143371 0.014750 0.027652
0 0.605000 0.045265 0.010500 0.019318
0 0.541500 0.082955 0.013500 0.023485
0 0.557125 0.076326 0.015750 0.026136
0 0.445875 0.167424 0.016250 0.028030
0 0.185750 0.100379 0.010500 0.019697
0 0.479250 0.129735 0.013000 0.021591
0 0.569250 0.045833 0.010500 0.018182
0 0.379750 0.171212 0.019000 0.030303
0 0.156500 0.574432 0.031500 0.039773
0 0.625250 0.070644 0.011000 0.019318
0 0.619875 0.022159 0.009750 0.017803
0 0.201250 0.069508 0.010500 0.017803
0 0.573625 0.096780 0.018250 0.026894
0 0.664375 0.006439 0.007250 0.012121
0 0.671625 0.003788 0.007250 0.006818
0 0.675625 0.430682 0.028250 0.043182
0 0.674500 0.014394 0.009000 0.016667
0 0.714625 0.004545 0.007750 0.008333
0 0.033125 0.561174 0.028750 0.044318
0 0.186000 0.482008 0.040500 0.051894
0 0.707625 0.007386 0.011250 0.014015
0 0.742125 0.001705 0.005250 0.002652
