0 0.273375 0.218371 0.021250 0.032955
0 0.430500 0.101894 0.015000 0.023485
0 0.457125 0.043561 0.012250 0.018182
0 0.041750 0.369886 0.019000 0.027652
0 0.127000 0.564583 0.031000 0.042045
0 0.186250 0.442424 0.026500 0.041667
0 0.256625 0.271023 0.018750 0.030682
0 0.104375 0.272917 0.014750 0.023864
0 0.061500 0.542424 0.022500 0.033333
0 0.238250 0.337311 0.023500 0.040530
0 0.488125 0.030871 0.012250 0.016288
0 0.160500 0.396970 0.024000 0.038636
0 0.305875 0.220455 0.017750 0.034091
0 0.288000 0.272727 0.021500 0.030303
0 0.407875 0.123485 0.013250 0.025758
0 0.205375 0.302083 0.027750 0.040530
0 0.361500 0.143182 0.013500 0.021212
0 0.073750 0.330114 0.020500 0.029924
0 0.406125 0.082765 0.015250 0.023864
0 0.109750 0.444508 0.027500 0.037500
0 0.372250 0.165530 0.020000 0.034091
0 0.477125 0.075947 0.013250 0.021591
0 0.065375 0.287311 0.018250 0.026136
0 0.017000 0.415152 0.020000 0.028788
0 0.321375 0.192614 0.016250 0.028409
0 0.856375 0.193750 0.012250 0.020076
0 0.347750 0.190909 0.015000 0.025000
0 0.880750 0.212311 0.015500 0.023106
0 0.462500 0.056818 0.011500 0.018182
0 0.331625 0.039773 0.007750 0.014394
0 0.350000 0.036742 0.009500 0.016667
0 0.328500 0.146780 0.017500 0.027652
0 0.501750 0.042614 0.012000 0.023106
0 0.882250 0.245833 0.014000 0.021970
0 0.312625 0.062121 0.012250 0.017424
0 0.512625 0.031250 0.010250 0.017803
0 0.580500 0.062121 0.011500 0.017424
0 0.602875 0.051894 0.011750 0.016667
0 0.534500 0.008144 0.010000 0.015530
0 0.687625 0.012500 0.007750 0.012121
0 0.373375 0.111932 0.013250 0.021591
0 0.369125 0.028220 0.011250 0.017803
0 0.357875 0.028598 0.007750 0.014015
0 0.696750 0.022348 0.008000 0.019697
0 0.092750 0.574053 0.000000 0.000379
0 0.005250 0.666667 0.010000 0.049242
0 0.249125 0.029167 0.006750 0.012121
0 0.240375 0.025947 0.005750 0.010985
0 0.233375 0.033902 0.006250 0.011742
0 0.222750 0.033902 0.004500 0.010227
0 0.521375 0.012500 0.008750 0.014394
0 0.548375 0.002652 0.006750 0.004545
