0 0.132250 0.396970 0.031000 0.048485
0 0.035625 0.706629 0.030750 0.045076
0 0.026000 0.607008 0.033000 0.054167
0 0.264375 0.353977 0.025250 0.040530
0 0.156875 0.497159 0.038250 0.057197
0 0.313250 0.233712 0.019000 0.036364
0 0.355000 0.173485 0.017500 0.030303
0 0.195125 0.392614 0.034750 0.051894
0 0.686875 0.384659 0.031750 0.045833
0 0.346750 0.258523 0.023500 0.037500
0 0.132625 0.610795 0.029250 0.042045
0 0.461750 0.175758 0.019500 0.036364
0 0.662750 0.028030 0.010500 0.018939
0 0.436875 0.153977 0.017250 0.028409
0 0.622375 0.025379 0.008250 0.013636
0 0.513125 0.166288 0.019250 0.034848
0 0.250250 0.334280 0.020500 0.039015
0 0.495250 0.155303 0.017000 0.029545
0 0.028750 0.333144 0.016000 0.029167
0 0.600750 0.049053 0.012500 0.023106
0 0.542250 0.081250 0.017500 0.026136
0 0.407875 0.199242 0.018250 0.034848
0 0.468875 0.114394 0.015250 0.028788
0 0.587875 0.025379 0.012750 0.019697
0 0.145125 0.220644 0.014250 0.024621
0 0.514250 0.107197 0.015000 0.026515
0 0.625250 0.077083 0.015000 0.023864
0 0.581875 0.080492 0.016750 0.026136
0 0.557875 0.108523 0.012250 0.022348
0 0.568000 0.042992 0.011500 0.024621
0 0.527125 0.096970 0.013250 0.026515
0 0.632750 0.014394 0.010000 0.017424
0 0.639750 0.046591 0.013000 0.019697
0 0.310750 0.290152 0.036500 0.053788
0 0.642625 0.019318 0.008250 0.013636
0 0.369125 0.209848 0.025750 0.039394
0 0.673375 0.020265 0.008750 0.015530
0 0.705375 0.007955 0.008750 0.012879
0 0.657625 0.015152 0.007750 0.013636
0 0.693625 0.003598 0.009250 0.006439
0 0.198875 0.070455 0.010250 0.016667
0 0.639125 0.006818 0.007750 0.010606
0 0.331000 0.200568 0.019500 0.033712
0 0.105500 0.542614 0.028500 0.039773
0 0.728500 0.002652 0.005500 0.004545
0 0.013625 0.592614 0.021750 0.042803
