0 0.118000 0.591477 0.033500 0.058712
0 0.118125 0.471780 0.031750 0.050379
0 0.289750 0.301326 0.024000 0.040530
0 0.183125 0.428788 0.027750 0.046212
0 0.077000 0.489583 0.026500 0.044318
0 0.623125 0.008144 0.009250 0.015530
0 0.215000 0.309091 0.026500 0.044697
0 0.599125 0.062121 0.011750 0.018939
0 0.559125 0.111553 0.015250 0.023864
0 0.691000 0.018750 0.009000 0.016288
0 0.644500 0.007386 0.009500 0.014015
0 0.389875 0.169129 0.018250 0.033712
0 0.541500 0.075189 0.012000 0.023864
0 0.624000 0.346023 0.027000 0.046591
0 0.374625 0.202273 0.022250 0.039394
0 0.585250 0.112121 0.012500 0.023485
0 0.507000 0.118182 0.015500 0.029545
0 0.448000 0.145833 0.017500 0.033333
0 0.575375 0.071780 0.012750 0.021591
0 0.664125 0.026515 0.010250 0.015909
0 0.590625 0.027652 0.011250 0.021970
0 0.688875 0.004735 0.006750 0.008712
0 0.583500 0.053977 0.014000 0.023864
0 0.318500 0.239205 0.017500 0.032955
0 0.629500 0.023485 0.010000 0.017424
0 0.520250 0.106439 0.014000 0.025000
0 0.666375 0.007008 0.008750 0.013258
0 0.177250 0.095076 0.010000 0.017424
0 0.286875 0.261174 0.021750 0.033712
0 0.477750 0.136174 0.015000 0.027652
0 0.630625 0.042992 0.011750 0.020076
0 0.705625 0.009280 0.007250 0.013258
0 0.185750 0.136364 0.011000 0.019697
0 0.456750 0.095833 0.014500 0.022727
0 0.195250 0.512311 0.031000 0.045076
0 0.625625 0.073295 0.012250 0.020076
0 0.616125 0.039773 0.010750 0.017424
0 0.271125 0.073295 0.010750 0.017045
0 0.363625 0.527273 0.037750 0.073485
0 0.198375 0.071023 0.010250 0.017045
0 0.663125 0.047917 0.010250 0.017045
0 0.659125 0.004924 0.006250 0.009091
0 0.676250 0.004735 0.008000 0.008712
0 0.137125 0.107955 0.007250 0.012121
0 0.199125 0.925000 0.042250 0.078030
0 0.042125 0.845076 0.045750 0.062879
0 0.061875 0.741667 0.042250 0.073485
0 0.018750 0.666098 0.037000 0.057955
0 0.032125 0.577462 0.034250 0.051894
0 0.290125 0.548106 0.000250 0.000758
0 0.268750 0.557008 0.036500 0.069318
0 0.232750 0.396212 0.041000 0.060606
0 0.436500 0.200189 0.019500 0.032197
0 0.428375 0.146591 0.017750 0.035606
0 0.748500 0.003409 0.009500 0.006061
