0 0.259750 0.167647 0.015500 0.032549
0 0.379000 0.078235 0.013000 0.023922
0 0.275000 0.216471 0.019500 0.031373
0 0.323750 0.087059 0.014000 0.023529
0 0.266750 0.366471 0.025500 0.042745
0 0.203625 0.388431 0.029250 0.043529
0 0.216250 0.617451 0.035000 0.061569
0 0.171750 0.100392 0.012000 0.020392
0 0.619000 0.018039 0.011500 0.021176
0 0.159125 0.270588 0.020750 0.035294
0 0.122625 0.154706 0.011250 0.020000
0 0.600625 0.033922 0.010750 0.020000
0 0.010750 0.485882 0.021000 0.034510
0 0.229375 0.104314 0.011750 0.021176
0 0.175250 0.311176 0.019000 0.027843
0 0.290000 0.040980 0.011000 0.020784
0 0.436250 0.079804 0.014500 0.026275
0 0.565875 0.031569 0.013750 0.020000
0 0.308875 0.072745 0.012750 0.021569
0 0.076875 0.568431 0.024250 0.045098
0 0.061250 0.475686 0.022500 0.042353
0 0.151500 0.747843 0.045000 0.061176
0 0.419500 0.031569 0.010000 0.018431
0 0.500125 0.023922 0.011250 0.021176
0 0.232375 0.079608 0.011250 0.021176
0 0.319250 0.034314 0.012000 0.020000
0 0.482125 0.023725 0.009750 0.019216
0 0.429125 0.021765 0.009750 0.018431
0 0.343750 0.019216 0.010500 0.018824
0 0.374625 0.007255 0.009750 0.012941
0 0.049250 0.098431 0.006500 0.010980
0 0.018625 0.093333 0.006750 0.010196
0 0.058750 0.080980 0.005500 0.008235
0 0.078625 0.116471 0.008250 0.013333
0 0.306375 0.896275 0.048750 0.080392
0 0.069125 0.121765 0.005750 0.012941
0 0.034875 0.107843 0.006250 0.012549
0 0.032000 0.083137 0.004000 0.007059
0 0.064250 0.085294 0.005000 0.009804
0 0.074875 0.065490 0.004750 0.009412
0 0.086000 0.052157 0.004500 0.008627
0 0.447375 0.066078 0.015750 0.027059
0 0.507750 0.015490 0.008000 0.013725
0 0.534375 0.001961 0.006750 0.003137
0 0.819125 0.028824 0.008250 0.008235
0 0.938125 0.037647 0.002750 0.007843
0 0.953250 0.045882 0.004500 0.008627
