0 0.108375 0.315152 0.023750 0.034848
0 0.143500 0.363447 0.022000 0.036742
0 0.181125 0.234091 0.018250 0.026515
0 0.453625 0.159848 0.019250 0.032576
0 0.242125 0.348674 0.024750 0.040530
0 0.429375 0.182955 0.022250 0.037879
0 0.296125 0.263636 0.019750 0.032576
0 0.117625 0.538826 0.025750 0.039773
0 0.666500 0.017614 0.009500 0.016288
0 0.053125 0.581250 0.036750 0.060227
0 0.350375 0.218371 0.019750 0.030682
0 0.640750 0.030114 0.009000 0.015530
0 0.511625 0.150189 0.017250 0.029167
0 0.227500 0.397348 0.026500 0.045455
0 0.690875 0.006250 0.008250 0.011742
0 0.526750 0.076136 0.011500 0.020455
0 0.493500 0.114583 0.015500 0.026894
0 0.014125 0.664015 0.027750 0.045455
0 0.205000 0.401326 0.022500 0.042803
0 0.313500 0.363636 0.021000 0.038636
0 0.077250 0.479924 0.024500 0.046212
0 0.319500 0.248864 0.026500 0.041667
0 0.562750 0.072538 0.010500 0.019318
0 0.591500 0.029735 0.011000 0.020833
0 0.389375 0.246402 0.020250 0.037500
0 0.458625 0.106250 0.015750 0.027652
0 0.486500 0.087500 0.012500 0.023485
0 0.295750 0.339773 0.019500 0.036364
0 0.202625 0.070076 0.008750 0.015152
0 0.602500 0.016098 0.009000 0.016288
0 0.617500 0.034659 0.009000 0.014773
0 0.585250 0.082765 0.013000 0.023106
0 0.549125 0.061364 0.013750 0.022727
0 0.634625 0.003598 0.006750 0.006439
0 0.135875 0.466098 0.032750 0.049621
0 0.597125 0.060417 0.012250 0.020076
0 0.554500 0.106629 0.011000 0.019318
0 0.395375 0.175189 0.021250 0.033712
0 0.671500 0.004924 0.007000 0.009091
0 0.655875 0.019129 0.006750 0.012500
0 0.573125 0.046970 0.008750 0.015909
0 0.715500 0.004735 0.009000 0.008712
0 0.678250 0.012121 0.009500 0.015909
0 0.610625 0.013258 0.007250 0.015909
0 0.610500 0.007765 0.007500 0.011742
0 0.630375 0.014394 0.008750 0.014394
0 0.643750 0.004167 0.007500 0.007576
0 0.128000 0.435227 0.030000 0.033333
0 0.651250 0.004167 0.006500 0.007576
0 0.012250 0.617235 0.024000 0.042803
0 0.702125 0.003220 0.005750 0.005682
