0 0.432375 0.205303 0.021250 0.036364
0 0.466500 0.050947 0.011000 0.017803
0 0.343625 0.232197 0.025750 0.040152
0 0.486875 0.183144 0.017250 0.032955
0 0.546875 0.046780 0.013250 0.024621
0 0.264000 0.286174 0.024000 0.039773
0 0.417625 0.144697 0.017250 0.029545
0 0.512500 0.056250 0.014500 0.028409
0 0.487875 0.146212 0.016250 0.031061
0 0.526375 0.134091 0.013750 0.024242
0 0.365875 0.205871 0.017750 0.032197
0 0.198750 0.406629 0.030500 0.038258
0 0.036375 0.718371 0.027750 0.037500
0 0.102625 0.531250 0.025250 0.045833
0 0.287250 0.339015 0.023000 0.038636
0 0.329375 0.178788 0.019750 0.037879
0 0.617000 0.004924 0.009000 0.009091
0 0.392000 0.163636 0.015500 0.026515
0 0.250125 0.140720 0.013750 0.021591
0 0.573875 0.016098 0.010250 0.017803
0 0.651125 0.072917 0.014750 0.024621
0 0.410750 0.220644 0.019000 0.038258
0 0.257250 0.178788 0.016500 0.026515
0 0.231625 0.154545 0.014750 0.021212
0 0.587500 0.007008 0.010500 0.013258
0 0.584750 0.038636 0.010000 0.017424
0 0.310875 0.260795 0.016750 0.029167
0 0.030250 0.566477 0.031500 0.042045
0 0.124250 0.516477 0.029500 0.035985
0 0.181500 0.386174 0.025000 0.032955
0 0.530125 0.081629 0.013250 0.025379
0 0.194000 0.099053 0.009000 0.014015
0 0.710625 0.004356 0.008250 0.007955
0 0.449375 0.149242 0.013250 0.024242
0 0.442875 0.136742 0.014750 0.030303
0 0.601250 0.010985 0.012000 0.017424
0 0.499000 0.107008 0.015500 0.023106
0 0.046875 0.977462 0.050250 0.045076
0 0.220500 0.087689 0.007500 0.012500
0 0.221125 0.081629 0.014250 0.013258
0 0.216625 0.014773 0.006750 0.008333
0 0.475500 0.088826 0.013000 0.026136
