0 0.020375 0.611174 0.028750 0.040530
0 0.251000 0.244508 0.022000 0.034470
0 0.209125 0.399811 0.024250 0.037500
0 0.085500 0.438258 0.029000 0.040909
0 0.115875 0.489015 0.025250 0.037121
0 0.046000 0.560227 0.023000 0.034848
0 0.491000 0.154167 0.016500 0.028788
0 0.341500 0.179167 0.020000 0.032576
0 0.389875 0.169129 0.014750 0.024621
0 0.247750 0.285417 0.024000 0.032197
0 0.354500 0.143750 0.016500 0.030682
0 0.205125 0.326894 0.023750 0.040909
0 0.143000 0.380114 0.022000 0.039015
0 0.482375 0.051136 0.011750 0.018939
0 0.265750 0.081439 0.011000 0.018939
0 0.289125 0.082008 0.010750 0.018561
0 0.196000 0.176894 0.012500 0.021970
0 0.283625 0.189773 0.017250 0.029545
0 0.178125 0.198864 0.013750 0.022727
0 0.191500 0.203220 0.013000 0.022348
0 0.312750 0.063447 0.011000 0.018561
0 0.308500 0.043750 0.007500 0.011742
0 0.703375 0.034470 0.007750 0.013636
0 0.285500 0.108144 0.012500 0.022348
0 0.032250 0.381061 0.018500 0.027273
0 0.434125 0.094886 0.013250 0.024621
0 0.460250 0.108144 0.013500 0.023864
0 0.068750 0.318561 0.019000 0.028788
0 0.378625 0.107008 0.012750 0.021591
0 0.229000 0.131250 0.012000 0.020833
0 0.122125 0.249242 0.016750 0.025000
0 0.382875 0.134280 0.016250 0.024621
0 0.017125 0.375000 0.016250 0.028030
0 0.213375 0.172727 0.015250 0.024242
0 0.046875 0.355682 0.017750 0.028030
0 0.274500 0.092803 0.010500 0.018939
0 0.241875 0.130682 0.012750 0.021970
0 0.612750 0.108902 0.013000 0.019318
0 0.557375 0.011742 0.008750 0.014394
0 0.359500 0.007386 0.007500 0.011742
0 0.590500 0.096212 0.011500 0.018182
0 0.084375 0.332576 0.019750 0.027273
0 0.450500 0.053220 0.011000 0.018561
0 0.178125 0.328977 0.019250 0.035227
0 0.217625 0.138068 0.011250 0.020076
0 0.250750 0.127652 0.012000 0.017424
0 0.002625 0.430492 0.004750 0.029924
0 0.577000 0.004167 0.009000 0.007576
0 0.493625 0.003220 0.008750 0.005682
0 0.508875 0.006629 0.009250 0.012500
0 0.213125 0.038068 0.007250 0.011742
0 0.831500 0.983144 0.033000 0.033712
0 0.088375 0.311364 0.018250 0.018939
0 0.071125 0.277083 0.018750 0.025379
0 0.239125 0.037311 0.006750 0.012500
0 0.252375 0.037500 0.009250 0.012121
0 0.324125 0.011364 0.008250 0.012121
0 0.331500 0.054356 0.008500 0.018561
0 0.343500 0.052083 0.011000 0.016288
0 0.526000 0.007576 0.009500 0.013636
0 0.595375 0.013258 0.008750 0.012121
0 0.588750 0.003598 0.007500 0.006439
0 0.940875 0.054924 0.004250 0.007576
0 0.904750 0.023295 0.003000 0.005682
0 0.871625 0.015909 0.006250 0.008333
