0 0.298250 0.252462 0.023500 0.032955
0 0.494625 0.156250 0.016750 0.026894
0 0.132875 0.408523 0.025750 0.046591
0 0.273750 0.230492 0.020500 0.033712
0 0.452750 0.049811 0.010500 0.020076
0 0.214500 0.113826 0.009000 0.016288
0 0.047500 0.772538 0.035000 0.039015
0 0.358625 0.169886 0.018750 0.031439
0 0.425250 0.106250 0.012000 0.023106
0 0.462875 0.109848 0.014750 0.025758
0 0.295375 0.060227 0.011250 0.018939
0 0.238125 0.341477 0.022250 0.030682
0 0.280000 0.074432 0.009000 0.015530
0 0.403250 0.160985 0.017000 0.028788
0 0.031875 0.616477 0.026250 0.044318
0 0.382250 0.133712 0.015500 0.028788
0 0.190125 0.339583 0.023250 0.029924
0 0.529375 0.005871 0.007750 0.010985
0 0.296125 0.077652 0.009250 0.015909
0 0.499625 0.066288 0.012750 0.021970
0 0.633750 0.071212 0.010500 0.016667
0 0.104750 0.233902 0.013000 0.020833
0 0.318500 0.183333 0.015500 0.028030
0 0.380500 0.108333 0.014500 0.025758
0 0.448625 0.103030 0.011750 0.021970
0 0.605875 0.035038 0.010750 0.019318
0 0.476500 0.082008 0.013000 0.023864
0 0.364000 0.049242 0.012000 0.018939
0 0.536250 0.021591 0.010000 0.014394
0 0.119875 0.243750 0.016250 0.025379
0 0.176125 0.177462 0.010750 0.020076
0 0.513250 0.033144 0.009500 0.020076
0 0.320250 0.059848 0.012500 0.021212
0 0.572375 0.061364 0.013250 0.019697
0 0.110875 0.262311 0.013750 0.021591
0 0.323500 0.044886 0.009000 0.014015
0 0.487625 0.037311 0.010250 0.016288
0 0.460875 0.038447 0.009750 0.018561
0 0.138125 0.185985 0.011750 0.018939
0 0.243375 0.115909 0.011750 0.018939
0 0.259000 0.081439 0.011000 0.017424
0 0.067750 0.292803 0.012500 0.021212
0 0.219125 0.302083 0.024750 0.039773
0 0.309250 0.072159 0.008500 0.020833
0 0.257250 0.100947 0.011500 0.018561
0 0.572750 0.008144 0.010500 0.015530
0 0.351750 0.034848 0.009500 0.016667
0 0.187750 0.168182 0.016500 0.025000
0 0.225250 0.127462 0.014500 0.021591
0 0.068625 0.645833 0.029250 0.038636
0 0.006125 0.807197 0.011750 0.054545
0 0.037000 0.344318 0.017500 0.027273
0 0.031250 0.353409 0.011000 0.019697
0 0.056000 0.284091 0.011500 0.027273
0 0.095750 0.089583 0.004500 0.010227
0 0.247500 0.040152 0.008500 0.014394
0 0.240875 0.035417 0.007250 0.013258
0 0.286000 0.091288 0.012500 0.023485
0 0.323250 0.021212 0.009000 0.014394
0 0.519875 0.047917 0.013750 0.021591
0 0.907875 0.030114 0.003750 0.007197
