0 0.087500 0.453598 0.028000 0.042045
0 0.021750 0.542235 0.027000 0.042045
0 0.316125 0.232197 0.020250 0.034091
0 0.281625 0.326136 0.022750 0.038636
0 0.235875 0.294318 0.020250 0.037121
0 0.081875 0.574811 0.032750 0.049621
0 0.655125 0.073674 0.014750 0.023864
0 0.360000 0.159091 0.017500 0.031061
0 0.488750 0.137311 0.019000 0.032197
0 0.535875 0.052841 0.011250 0.020076
0 0.140125 0.402273 0.026250 0.044697
0 0.561625 0.019129 0.007750 0.013258
0 0.244875 0.128220 0.011750 0.020833
0 0.263125 0.249053 0.019750 0.037500
0 0.347500 0.198485 0.020000 0.031818
0 0.459750 0.065720 0.012500 0.020076
0 0.545750 0.081818 0.016000 0.026515
0 0.569125 0.073864 0.010250 0.018182
0 0.371875 0.237689 0.024250 0.038258
0 0.189000 0.337879 0.021000 0.040909
0 0.195250 0.097727 0.009000 0.015909
0 0.227250 0.164394 0.015000 0.021970
0 0.214875 0.410227 0.022750 0.037879
0 0.479500 0.064773 0.012000 0.023485
0 0.490625 0.085985 0.014750 0.029545
0 0.614875 0.010985 0.009250 0.015909
0 0.518000 0.111364 0.016000 0.023485
0 0.261500 0.170455 0.015000 0.025758
0 0.572250 0.054356 0.009500 0.017045
0 0.470250 0.123485 0.014500 0.025758
0 0.620500 0.045644 0.012500 0.019318
0 0.216625 0.082576 0.008750 0.015152
0 0.586500 0.022159 0.009000 0.016288
0 0.289750 0.298864 0.022500 0.032576
0 0.522625 0.093371 0.011250 0.019318
0 0.396875 0.186174 0.019750 0.032955
0 0.461500 0.184280 0.022500 0.035227
0 0.428250 0.182765 0.017500 0.029924
0 0.146875 0.493939 0.032250 0.044697
0 0.537125 0.039773 0.010750 0.012121
0 0.232875 0.081629 0.008250 0.011742
0 0.590500 0.042992 0.010500 0.018561
0 0.023125 0.619886 0.022250 0.035985
0 0.227250 0.084470 0.008000 0.015909
0 0.566750 0.007197 0.012500 0.009848
