0 0.046875 0.464962 0.024750 0.039773
0 0.102500 0.512879 0.028000 0.040909
0 0.141250 0.446780 0.029000 0.045076
0 0.208125 0.421023 0.025250 0.040530
0 0.339750 0.287311 0.028000 0.045076
0 0.217375 0.329545 0.021250 0.038636
0 0.213875 0.463636 0.027250 0.042424
0 0.465125 0.136174 0.015250 0.029167
0 0.547125 0.053409 0.010750 0.018182
0 0.303500 0.264015 0.022500 0.035606
0 0.222000 0.145076 0.014500 0.023485
0 0.435250 0.123106 0.018000 0.029545
0 0.602875 0.038068 0.010250 0.018561
0 0.211375 0.205303 0.018750 0.027273
0 0.414875 0.189015 0.020750 0.037121
0 0.483500 0.182197 0.019500 0.031818
0 0.641750 0.029356 0.008000 0.014773
0 0.242750 0.349621 0.026000 0.036364
0 0.480250 0.103409 0.014000 0.025758
0 0.601125 0.015152 0.009750 0.015909
0 0.529125 0.074811 0.011250 0.021591
0 0.626625 0.005871 0.007250 0.010985
0 0.577875 0.074242 0.015750 0.025758
0 0.370750 0.195076 0.020500 0.032576
0 0.106875 0.557008 0.029750 0.040530
0 0.562250 0.064205 0.011000 0.020833
0 0.554125 0.093371 0.015250 0.026894
0 0.680750 0.014394 0.007500 0.013636
0 0.529750 0.124432 0.011000 0.019318
0 0.512250 0.093182 0.012500 0.021970
0 0.634750 0.049242 0.011000 0.018939
0 0.012375 0.689583 0.024250 0.045833
0 0.614625 0.013068 0.008250 0.014773
0 0.651125 0.003788 0.006750 0.006818
0 0.718250 0.007955 0.008500 0.015152
0 0.667875 0.019318 0.007750 0.015152
0 0.646875 0.016288 0.007750 0.013636
0 0.631750 0.017992 0.009500 0.014773
0 0.544500 0.187311 0.016500 0.023106
0 0.027625 0.604356 0.034750 0.051894
0 0.654125 0.029735 0.009250 0.014773
0 0.670375 0.004735 0.008750 0.008712
0 0.525625 0.056818 0.010250 0.015152
0 0.024750 0.548864 0.034500 0.046970
0 0.193375 0.077083 0.011750 0.016288
0 0.371375 0.232765 0.029750 0.039015
