0 0.558750 0.015556 0.008500 0.014815
0 0.015625 0.734074 0.030750 0.041481
0 0.108000 0.430741 0.024500 0.034074
0 0.198500 0.443519 0.029500 0.041111
0 0.415250 0.139444 0.016000 0.027778
0 0.065125 0.500926 0.022750 0.040370
0 0.155125 0.404259 0.025750 0.041111
0 0.236750 0.334815 0.021000 0.033333
0 0.023750 0.638519 0.032500 0.040000
0 0.199500 0.331481 0.020000 0.031852
0 0.239000 0.156667 0.011500 0.019259
0 0.247250 0.043148 0.007000 0.010741
0 0.547250 0.227407 0.019500 0.029630
0 0.251125 0.107778 0.010250 0.016296
0 0.016125 0.450000 0.024250 0.030370
0 0.074625 0.315926 0.017750 0.027407
0 0.476250 0.174444 0.017000 0.027407
0 0.296125 0.078148 0.008750 0.014074
0 0.712000 0.135741 0.013500 0.022593
0 0.518625 0.016296 0.007750 0.014815
0 0.311000 0.198148 0.018500 0.031852
0 0.115500 0.234630 0.013500 0.021111
0 0.453125 0.137037 0.012750 0.020741
0 0.174375 0.209815 0.012750 0.020370
0 0.338500 0.201111 0.018500 0.027407
0 0.480375 0.093148 0.012750 0.021852
0 0.477125 0.060370 0.011750 0.017778
0 0.430875 0.123148 0.012250 0.019630
0 0.073250 0.552407 0.024500 0.027778
0 0.554750 0.047037 0.011000 0.017037
0 0.308250 0.068148 0.010000 0.016296
0 0.242750 0.125741 0.010500 0.017407
0 0.094375 0.297963 0.016250 0.021852
0 0.501875 0.075556 0.012750 0.021481
0 0.026125 0.390000 0.017250 0.024444
0 0.579250 0.027593 0.008500 0.014444
0 0.219875 0.153333 0.012250 0.020741
0 0.144500 0.233519 0.014500 0.021852
0 0.275125 0.096111 0.009750 0.017407
0 0.349375 0.179444 0.013750 0.022593
0 0.188750 0.177037 0.009500 0.017037
0 0.312750 0.084630 0.010500 0.016667
0 0.059125 0.358704 0.019750 0.025556
0 0.394375 0.068519 0.011250 0.018519
0 0.378875 0.063704 0.010750 0.018519
0 0.452500 0.099630 0.013000 0.020000
0 0.141625 0.575185 0.026750 0.035556
0 0.208750 0.172593 0.012500 0.021481
0 0.261500 0.127407 0.010500 0.018519
0 0.347000 0.070000 0.010000 0.017778
0 0.468625 0.030926 0.008750 0.013704
0 0.283375 0.108148 0.009250 0.015556
0 0.394875 0.153889 0.013250 0.021852
0 0.386625 0.127222 0.014750 0.020370
0 0.143125 0.210370 0.013250 0.018519
0 0.567750 0.005370 0.007500 0.010000
0 0.376125 0.198889 0.014750 0.020000
0 0.007875 0.599259 0.015250 0.037778
0 0.497875 0.058519 0.010750 0.015556
0 0.407250 0.065556 0.009000 0.016296
0 0.253000 0.053889 0.007500 0.013704
0 0.582500 0.008148 0.008500 0.014815
0 0.059125 0.384259 0.018750 0.024815
0 0.103500 0.323889 0.017000 0.024074
0 0.440750 0.030370 0.008000 0.009630
0 0.536500 0.039815 0.009500 0.014444
0 0.445375 0.039630 0.011250 0.017037
0 0.225125 0.067963 0.007750 0.012963
0 0.458375 0.119074 0.011750 0.019630
0 0.416875 0.044630 0.010250 0.016667
0 0.538125 0.012778 0.008750 0.015185
0 0.408625 0.090370 0.013750 0.025185
0 0.408500 0.047037 0.009500 0.017778
0 0.480000 0.033148 0.014500 0.014444
0 0.474875 0.075185 0.008750 0.015556
0 0.915375 0.035741 0.002750 0.004074
0 0.897375 0.025370 0.002250 0.004074
0 0.889750 0.018889 0.003000 0.003704
0 0.907625 0.028519 0.002250 0.003704
0 0.101500 0.118519 0.005000 0.006667
