0 0.075250 0.538148 0.027500 0.036296
0 0.317375 0.134444 0.013250 0.021481
0 0.881875 0.839259 0.039750 0.053333
0 0.413875 0.038519 0.010250 0.016296
0 0.018250 0.748704 0.033500 0.042593
0 0.367625 0.158519 0.014750 0.025185
0 0.163125 0.431667 0.022750 0.043333
0 0.068875 0.473889 0.029250 0.044074
0 0.606500 0.056667 0.010500 0.017778
0 0.030125 0.503333 0.027750 0.040741
0 0.184000 0.250370 0.017500 0.028148
0 0.111875 0.377963 0.021250 0.032222
0 0.415500 0.308704 0.026500 0.053704
0 0.017750 0.588148 0.027500 0.037778
0 0.035375 0.663148 0.030250 0.041852
0 0.979375 0.427593 0.019750 0.029259
0 0.217250 0.386667 0.020000 0.036296
0 0.029125 0.385185 0.015750 0.023704
0 0.309375 0.219074 0.015750 0.029259
0 0.511250 0.060370 0.011000 0.019259
0 0.156500 0.478704 0.026500 0.035185
0 0.441000 0.125556 0.015500 0.025185
0 0.293250 0.109815 0.011000 0.020370
0 0.225500 0.307037 0.017000 0.030370
0 0.237250 0.270556 0.018000 0.029259
0 0.172375 0.572778 0.035750 0.041852
0 0.328875 0.194815 0.012750 0.022963
0 0.011375 0.342778 0.014250 0.020370
0 0.196000 0.315000 0.022000 0.035926
0 0.502500 0.017778 0.009000 0.013333
0 0.291500 0.263148 0.020000 0.031481
0 0.469125 0.027222 0.009250 0.014444
0 0.323250 0.076111 0.011500 0.018889
0 0.237750 0.347778 0.021500 0.037778
0 0.205750 0.231667 0.019500 0.028519
0 0.479875 0.075556 0.014250 0.021481
0 0.139250 0.227222 0.014000 0.021852
0 0.582625 0.055741 0.008750 0.014444
0 0.036000 0.430556 0.018500 0.029259
0 0.309750 0.102407 0.010500 0.017407
0 0.404125 0.140000 0.014250 0.023704
0 0.410750 0.100185 0.013000 0.024074
0 0.170500 0.180185 0.011500 0.020370
0 0.067250 0.434259 0.021500 0.030741
0 0.353750 0.205556 0.015500 0.027407
0 0.115750 0.409630 0.018000 0.031852
0 0.250875 0.131111 0.011250 0.017778
0 0.194250 0.146481 0.009500 0.015926
0 0.425500 0.027963 0.009000 0.014444
0 0.368000 0.132037 0.014000 0.026296
0 0.027875 0.299444 0.012750 0.026296
0 0.475750 0.099259 0.013500 0.021481
0 0.087250 0.326111 0.019000 0.028519
0 0.135750 0.265185 0.016500 0.023704
0 0.394500 0.042222 0.009000 0.016296
0 0.212500 0.180741 0.012000 0.020000
0 0.309375 0.071852 0.010750 0.019259
0 0.275000 0.251481 0.017500 0.028889
0 0.062875 0.370000 0.017250 0.028148
0 0.158125 0.287407 0.022250 0.032593
0 0.465500 0.065926 0.010000 0.015556
0 0.278125 0.084074 0.009750 0.015556
0 0.263625 0.205000 0.015250 0.024815
0 0.459750 0.081667 0.011500 0.018889
0 0.151500 0.211667 0.011500 0.018889
0 0.274000 0.126667 0.010500 0.017037
0 0.569125 0.018148 0.008250 0.014074
0 0.127750 0.356667 0.019000 0.026667
0 0.556125 0.031111 0.008750 0.016296
0 0.493750 0.043889 0.010500 0.015926
0 0.118250 0.251667 0.017000 0.026296
0 0.162250 0.154630 0.011000 0.017407
0 0.358875 0.041667 0.007750 0.011481
0 0.233625 0.192778 0.014750 0.023333
0 0.074125 0.315370 0.015250 0.024074
0 0.153000 0.190000 0.012500 0.018519
0 0.247875 0.212593 0.013750 0.024444
0 0.139250 0.127037 0.007000 0.011852
0 0.116250 0.298519 0.014000 0.026667
0 0.532500 0.046852 0.011500 0.018889
0 0.081750 0.270741 0.015000 0.021481
0 0.168125 0.231111 0.014250 0.024444
0 0.490250 0.055926 0.009500 0.016296
0 0.112750 0.223704 0.013500 0.020000
0 0.382125 0.070926 0.010750 0.017407
0 0.486375 0.016852 0.009250 0.014444
0 0.356625 0.162778 0.012750 0.025556
0 0.234625 0.163704 0.016250 0.022963
0 0.446500 0.024444 0.009000 0.012593
0 0.266000 0.083148 0.009500 0.015926
0 0.243250 0.150000 0.013000 0.020000
0 0.429625 0.100556 0.012750 0.020370
0 0.542250 0.031852 0.009500 0.016296
0 0.132375 0.304815 0.020750 0.031852
0 0.434250 0.027778 0.009000 0.014815
0 0.549500 0.011667 0.009000 0.014444
0 0.095500 0.283148 0.013000 0.022593
0 0.530500 0.018704 0.007500 0.012222
0 0.343375 0.075556 0.008250 0.014074
0 0.011875 0.427222 0.015750 0.021852
0 0.978000 0.124444 0.006000 0.009630
0 0.120500 0.124444 0.008000 0.013333
0 0.003750 0.394815 0.007000 0.020741
0 0.577500 0.013889 0.008000 0.014444
0 0.061500 0.777593 0.031500 0.044815
0 0.524250 0.010370 0.008500 0.014074
0 0.062625 0.273519 0.013250 0.018148
0 0.993625 0.137407 0.007750 0.013333
0 0.372250 0.071111 0.010000 0.017037
0 0.586000 0.005000 0.008000 0.009259
0 0.587750 0.019259 0.008500 0.012593
0 0.403375 0.041111 0.009250 0.016296
0 0.094875 0.673148 0.038750 0.053704
0 0.514500 0.041296 0.011500 0.016667
0 0.037375 0.954444 0.034250 0.055556
0 0.004000 0.609444 0.007500 0.038889
0 0.028750 0.468148 0.026000 0.036296
0 0.013625 0.452778 0.018250 0.032963
0 0.013625 0.390926 0.015250 0.016667
0 0.045000 0.314815 0.020000 0.022222
0 0.068125 0.308519 0.011750 0.023704
0 0.045125 0.271111 0.013750 0.022963
0 0.073125 0.276111 0.009250 0.026296
0 0.051500 0.357407 0.012500 0.020000
0 0.037125 0.345926 0.017750 0.025185
0 0.027500 0.327222 0.018500 0.022593
0 0.176625 0.250556 0.011750 0.024815
0 0.141375 0.211296 0.010750 0.016667
0 0.155000 0.181111 0.010500 0.015556
0 0.146250 0.107407 0.007000 0.011111
0 0.141125 0.081667 0.004750 0.008519
0 0.179000 0.200185 0.008000 0.021852
0 0.187875 0.198519 0.013250 0.022963
0 0.192875 0.176667 0.008250 0.019259
0 0.198500 0.162407 0.011000 0.015185
0 0.201250 0.181481 0.010500 0.017037
0 0.212875 0.206296 0.013750 0.020741
0 0.235250 0.139259 0.010500 0.014074
0 0.270000 0.119259 0.008500 0.015556
0 0.351375 0.067963 0.010750 0.017407
0 0.479375 0.023889 0.008750 0.012222
0 0.417000 0.032593 0.008500 0.011852
0 0.523750 0.032037 0.007500 0.012963
0 0.538125 0.004444 0.009750 0.008148
0 0.603875 0.007963 0.008250 0.012222
0 0.594375 0.002222 0.006750 0.003704
0 0.623000 0.003148 0.006500 0.005556
0 0.817500 0.972963 0.043000 0.054074
0 0.961625 0.084444 0.003250 0.004444
0 0.953875 0.080000 0.003250 0.005926
0 0.943750 0.067593 0.003500 0.005556
0 0.036500 0.403519 0.018500 0.015926
