0 0.103250 0.305492 0.023000 0.036742
0 0.163125 0.351136 0.024250 0.038636
0 0.130625 0.446780 0.027750 0.045833
0 0.151625 0.533144 0.030750 0.044318
0 0.071250 0.609848 0.030500 0.047727
0 0.083375 0.436553 0.026250 0.043561
0 0.680000 0.007386 0.007500 0.013258
0 0.390625 0.165530 0.018750 0.035606
0 0.414125 0.221212 0.019750 0.036364
0 0.429500 0.186742 0.022000 0.035606
0 0.253750 0.295833 0.017500 0.034848
0 0.609625 0.011742 0.009250 0.015909
0 0.197000 0.395833 0.023000 0.045455
0 0.372375 0.183144 0.019250 0.033712
0 0.613875 0.029356 0.010750 0.019318
0 0.360250 0.254735 0.021500 0.039015
0 0.468375 0.114394 0.015250 0.027273
0 0.453375 0.146780 0.017750 0.032955
0 0.290875 0.211553 0.021250 0.041288
0 0.579375 0.051136 0.013250 0.021212
0 0.500500 0.075379 0.012500 0.022727
0 0.505750 0.137689 0.016000 0.027652
0 0.549000 0.055682 0.012000 0.018939
0 0.655500 0.073106 0.015000 0.022727
0 0.076375 0.543939 0.026250 0.039394
0 0.666250 0.008712 0.008000 0.014394
0 0.156500 0.139015 0.014500 0.021212
0 0.207250 0.067614 0.010500 0.014773
0 0.580875 0.008712 0.010250 0.016667
0 0.619750 0.005871 0.010500 0.010985
0 0.538375 0.107008 0.016250 0.024621
0 0.550125 0.080114 0.018250 0.030682
0 0.635625 0.018561 0.009250 0.016667
0 0.637625 0.006629 0.008750 0.012500
0 0.316750 0.331818 0.020500 0.038636
0 0.326750 0.256629 0.022500 0.030682
0 0.793000 0.631061 0.060500 0.096970
0 0.276500 0.305682 0.029500 0.039394
0 0.220375 0.040341 0.006750 0.010985
0 0.253000 0.041856 0.012000 0.019318
0 0.322000 0.007765 0.011500 0.014773
