0 0.361000 0.172727 0.017000 0.028030
0 0.173750 0.212311 0.013000 0.020833
0 0.162125 0.366288 0.025250 0.036364
0 0.150500 0.201705 0.013000 0.023106
0 0.064750 0.567045 0.028500 0.040909
0 0.065875 0.289394 0.015750 0.025758
0 0.385750 0.140341 0.016000 0.026894
0 0.300875 0.256250 0.020750 0.034470
0 0.109625 0.292803 0.019750 0.027273
0 0.207625 0.129356 0.010750 0.018561
0 0.054750 0.505682 0.022500 0.039394
0 0.784250 0.024053 0.008000 0.013258
0 0.374625 0.112311 0.014250 0.020833
0 0.325125 0.042424 0.009750 0.014394
0 0.183875 0.187689 0.012750 0.023864
0 0.051375 0.343750 0.013750 0.028409
0 0.273250 0.249621 0.017500 0.028788
0 0.308375 0.206818 0.014750 0.025000
0 0.449625 0.059470 0.012250 0.022727
0 0.100125 0.485985 0.029750 0.030303
0 0.207500 0.167614 0.014000 0.023864
0 0.455875 0.094508 0.014750 0.023864
0 0.286375 0.081250 0.011750 0.020833
0 0.314125 0.065720 0.011750 0.019318
0 0.220375 0.302462 0.018750 0.028409
0 0.110875 0.237879 0.013250 0.023485
0 0.698375 0.022727 0.008250 0.016667
0 0.006625 0.449242 0.012750 0.028030
0 0.473000 0.022348 0.008500 0.015152
0 0.476375 0.068750 0.013250 0.021591
0 0.463500 0.035606 0.010500 0.021970
0 0.323250 0.173864 0.019000 0.031818
0 0.213000 0.396780 0.026000 0.035985
0 0.011125 0.572159 0.021750 0.039015
0 0.142000 0.240152 0.015000 0.029545
0 0.339375 0.035606 0.010250 0.019697
0 0.031125 0.652273 0.030750 0.036364
0 0.269375 0.083712 0.012750 0.020455
0 0.066000 0.366477 0.018500 0.028409
0 0.512375 0.003977 0.007750 0.007197
0 0.244250 0.109280 0.010500 0.018561
0 0.214500 0.146780 0.013500 0.019318
0 0.256500 0.106439 0.011500 0.021212
0 0.478500 0.052462 0.012000 0.013258
0 0.681750 0.011364 0.008500 0.014394
0 0.852875 0.019886 0.005250 0.010227
0 0.492875 0.003788 0.006750 0.006818
0 0.106000 0.264205 0.015000 0.024621
0 0.373000 0.021970 0.010000 0.016667
0 0.257625 0.319129 0.022250 0.031439
0 0.233375 0.031250 0.006750 0.012500
0 0.244875 0.033712 0.008750 0.012121
0 0.161000 0.019697 0.003000 0.005303
0 0.090125 0.118182 0.004250 0.014394
0 0.465875 0.085038 0.015250 0.023106
0 0.513750 0.017614 0.012000 0.016288
0 0.542125 0.002083 0.006250 0.003409
