0 0.325500 0.276894 0.031000 0.042424
0 0.187875 0.327652 0.021250 0.034848
0 0.263875 0.309280 0.022750 0.040530
0 0.464000 0.194508 0.022000 0.040530
0 0.351125 0.177083 0.019250 0.032955
0 0.542625 0.039015 0.009750 0.016667
0 0.651750 0.073864 0.014500 0.025000
0 0.142750 0.396591 0.028500 0.037879
0 0.260750 0.173864 0.013000 0.023485
0 0.126250 0.443182 0.027000 0.037121
0 0.434750 0.164773 0.021000 0.035606
0 0.388500 0.200947 0.021000 0.032197
0 0.087250 0.405682 0.025000 0.038636
0 0.305750 0.255114 0.022500 0.038258
0 0.471000 0.070644 0.012500 0.021591
0 0.534375 0.067045 0.012750 0.021212
0 0.098625 0.516288 0.025250 0.033333
0 0.191750 0.098485 0.008000 0.014394
0 0.404000 0.162500 0.015500 0.027273
0 0.015250 0.672727 0.030000 0.056061
0 0.250250 0.136174 0.012500 0.024621
0 0.224625 0.165530 0.014750 0.022727
0 0.571125 0.097348 0.014250 0.022727
0 0.472250 0.152841 0.016500 0.031439
0 0.214500 0.083144 0.009000 0.015530
0 0.572625 0.060417 0.014250 0.020833
0 0.479250 0.123674 0.016500 0.026136
0 0.579750 0.025189 0.009500 0.015530
0 0.225875 0.085038 0.009750 0.016288
0 0.581250 0.040909 0.010000 0.015909
0 0.263625 0.274811 0.019250 0.028409
0 0.458625 0.133144 0.012250 0.023106
0 0.034750 0.494886 0.023500 0.039015
0 0.092250 0.964773 0.034500 0.062121
0 0.603500 0.004545 0.010500 0.008333
0 0.199500 0.368371 0.039500 0.045833
0 0.217750 0.093750 0.009000 0.012500
0 0.545875 0.022538 0.012250 0.018561
0 0.568875 0.004545 0.009750 0.008333
