0 0.076250 0.613258 0.031500 0.050000
0 0.611125 0.018561 0.009750 0.017424
0 0.536625 0.029735 0.012750 0.020833
0 0.362375 0.228598 0.022750 0.038258
0 0.026750 0.591477 0.027000 0.051136
0 0.191750 0.385038 0.026500 0.046591
0 0.224125 0.077841 0.007250 0.012500
0 0.569250 0.018939 0.009500 0.017424
0 0.213625 0.192614 0.017750 0.029924
0 0.433875 0.185417 0.016750 0.031439
0 0.517500 0.039773 0.012500 0.021212
0 0.455625 0.123295 0.014750 0.027652
0 0.094500 0.475000 0.024500 0.040152
0 0.397125 0.154356 0.015750 0.029924
0 0.259250 0.260606 0.019500 0.033333
0 0.280750 0.519886 0.044000 0.068561
0 0.275250 0.331629 0.026500 0.042803
0 0.227750 0.161174 0.013500 0.023864
0 0.564375 0.044318 0.011750 0.022727
0 0.652000 0.072917 0.014000 0.023106
0 0.514125 0.085795 0.013750 0.024621
0 0.158750 0.386742 0.023000 0.044697
0 0.476750 0.089773 0.014500 0.026515
0 0.536000 0.135417 0.016000 0.029167
0 0.603375 0.119886 0.013250 0.021591
0 0.256875 0.172727 0.013250 0.021212
0 0.136250 0.474432 0.033000 0.045833
0 0.583625 0.056629 0.010250 0.017803
0 0.234750 0.316288 0.022000 0.041667
0 0.196000 0.094508 0.009000 0.014773
0 0.311375 0.262689 0.025250 0.035985
0 0.330000 0.217235 0.022000 0.037500
0 0.609000 0.003977 0.008500 0.007197
0 0.489000 0.131439 0.024000 0.040909
0 0.533250 0.048295 0.012500 0.019318
0 0.243500 0.075568 0.010000 0.012500
0 0.238000 0.073295 0.005000 0.012500
0 0.578375 0.015341 0.008750 0.016288
