0 0.018375 0.511364 0.027250 0.042424
0 0.073625 0.446970 0.023250 0.040152
0 0.522250 0.064394 0.011500 0.020455
0 0.396750 0.200568 0.024000 0.039015
0 0.342375 0.240530 0.020250 0.034091
0 0.651000 0.074621 0.014000 0.025758
0 0.184125 0.336174 0.025250 0.039773
0 0.193875 0.409659 0.023750 0.032197
0 0.468875 0.133333 0.018250 0.031818
0 0.240750 0.258523 0.021000 0.038258
0 0.546625 0.040530 0.009750 0.018182
0 0.406125 0.146780 0.015750 0.029167
0 0.521750 0.122538 0.016000 0.029924
0 0.289375 0.294508 0.029750 0.043561
0 0.127250 0.364773 0.023500 0.036364
0 0.037125 0.573106 0.030750 0.045455
0 0.509500 0.160227 0.019000 0.034848
0 0.374750 0.198295 0.015500 0.028409
0 0.221750 0.168561 0.014500 0.021970
0 0.446250 0.169508 0.019000 0.030682
0 0.143125 0.453030 0.024750 0.036364
0 0.515125 0.095076 0.016750 0.026515
0 0.189750 0.099432 0.008000 0.014015
0 0.268125 0.162500 0.012750 0.022727
0 0.566375 0.088636 0.013750 0.024242
0 0.477500 0.078030 0.015000 0.023485
0 0.480000 0.104735 0.016000 0.024621
0 0.259250 0.132765 0.011500 0.020833
0 0.575625 0.022159 0.008250 0.014015
0 0.567250 0.033902 0.008500 0.013258
0 0.560875 0.060038 0.010250 0.017803
0 0.225000 0.085227 0.009500 0.015152
0 0.219250 0.082955 0.009500 0.016667
0 0.214875 0.093939 0.008250 0.015152
0 0.332625 0.230303 0.026750 0.035606
0 0.435000 0.141856 0.015500 0.026894
0 0.550125 0.015530 0.012750 0.021970
0 0.603500 0.005871 0.008500 0.010985
