0 0.456125 0.167992 0.021250 0.034470
0 0.378250 0.229735 0.022500 0.038258
0 0.508875 0.134280 0.017750 0.031439
0 0.159000 0.446780 0.024000 0.038258
0 0.043625 0.502841 0.025250 0.039773
0 0.529750 0.037311 0.012500 0.020076
0 0.246250 0.371591 0.028000 0.039394
0 0.332875 0.237500 0.020250 0.036364
0 0.623125 0.014015 0.008250 0.015152
0 0.517625 0.091288 0.016250 0.025000
0 0.651375 0.073295 0.014250 0.026136
0 0.177625 0.112500 0.012250 0.019697
0 0.122625 0.307576 0.021250 0.034848
0 0.135250 0.435985 0.031000 0.043182
0 0.426375 0.119886 0.015750 0.029924
0 0.420500 0.158902 0.015500 0.028409
0 0.480500 0.084470 0.013500 0.022727
0 0.570125 0.024242 0.008750 0.015909
0 0.076000 0.588068 0.038500 0.048864
0 0.582750 0.059091 0.013500 0.021970
0 0.596000 0.037689 0.010500 0.019318
0 0.579625 0.020455 0.009750 0.018939
0 0.608250 0.034470 0.011000 0.020455
0 0.556125 0.072159 0.011250 0.021591
0 0.209375 0.066288 0.011250 0.016667
0 0.152000 0.137689 0.012500 0.020833
0 0.234000 0.334848 0.025500 0.033333
0 0.623625 0.003409 0.007750 0.006061
0 0.645625 0.008712 0.011750 0.016667
0 0.476625 0.124621 0.016750 0.026515
0 0.010125 0.692803 0.019750 0.046970
0 0.253250 0.041288 0.011500 0.017424
0 0.582875 0.098674 0.017250 0.032197
0 0.599250 0.015152 0.013000 0.016667
