0 0.060125 0.494508 0.026750 0.042045
0 0.135250 0.508523 0.036500 0.054924
0 0.327875 0.188826 0.017250 0.029167
0 0.239500 0.318939 0.022000 0.042424
0 0.371000 0.193750 0.019000 0.029924
0 0.503000 0.082386 0.013500 0.023864
0 0.139250 0.413447 0.023000 0.039015
0 0.267000 0.308144 0.025000 0.046591
0 0.278625 0.273295 0.021250 0.032197
0 0.172625 0.333712 0.022750 0.039394
0 0.473125 0.151515 0.017250 0.028030
0 0.328875 0.257386 0.021250 0.040530
0 0.056875 0.329735 0.020750 0.029924
0 0.562500 0.070265 0.014000 0.023106
0 0.135875 0.155682 0.012750 0.021970
0 0.521500 0.118561 0.018500 0.032576
0 0.390125 0.164015 0.019250 0.032576
0 0.165000 0.110417 0.010500 0.017045
0 0.521125 0.069129 0.011750 0.022348
0 0.183375 0.106818 0.012250 0.018939
0 0.585625 0.026515 0.010750 0.015909
0 0.592125 0.050189 0.010750 0.017803
0 0.427750 0.186932 0.019000 0.029924
0 0.565375 0.012879 0.009250 0.015152
0 0.432125 0.132765 0.014250 0.026136
0 0.608500 0.005492 0.008500 0.010227
0 0.454000 0.120644 0.014500 0.024621
0 0.299875 0.548864 0.028250 0.039394
0 0.430250 0.045455 0.010000 0.015909
0 0.053500 0.631629 0.035000 0.051136
0 0.214250 0.365530 0.022500 0.038636
0 0.200250 0.074053 0.010500 0.014773
0 0.378500 0.220644 0.023500 0.033712
0 0.542875 0.101894 0.014250 0.018939
0 0.549000 0.073864 0.011000 0.019697
