0 0.576625 0.016856 0.009750 0.015530
0 0.329375 0.282197 0.022250 0.037879
0 0.057375 0.498485 0.027250 0.039394
0 0.513625 0.052841 0.010750 0.020833
0 0.077875 0.541667 0.027750 0.043939
0 0.264250 0.163068 0.015000 0.021591
0 0.014375 0.596591 0.028250 0.054545
0 0.268375 0.326515 0.026250 0.040152
0 0.505125 0.105114 0.014750 0.027652
0 0.304375 0.528409 0.039250 0.068939
0 0.222500 0.078598 0.008000 0.014015
0 0.206500 0.199811 0.016000 0.027652
0 0.295250 0.260227 0.020000 0.033333
0 0.164000 0.345833 0.022500 0.040152
0 0.420000 0.171023 0.023000 0.035985
0 0.481375 0.082576 0.014750 0.023485
0 0.210125 0.349811 0.027250 0.051894
0 0.520875 0.072159 0.013750 0.023106
0 0.135875 0.420833 0.029250 0.045455
0 0.651250 0.072348 0.013500 0.022727
0 0.200375 0.094508 0.009750 0.017803
0 0.565000 0.057576 0.014000 0.025000
0 0.464750 0.107955 0.015000 0.029545
0 0.599750 0.121402 0.016000 0.027652
0 0.613375 0.014205 0.012250 0.019318
0 0.581125 0.036364 0.013250 0.022727
0 0.221250 0.161742 0.014000 0.022727
0 0.557000 0.028598 0.013500 0.021591
0 0.395375 0.227083 0.027250 0.047348
0 0.353125 0.222348 0.019750 0.035606
0 0.379750 0.156439 0.021500 0.035606
0 0.677000 0.005114 0.009000 0.009470
0 0.237375 0.312500 0.027750 0.040152
0 0.630750 0.005114 0.010500 0.009470
0 0.156875 0.469886 0.025750 0.045833
0 0.243125 0.073106 0.009250 0.016667
0 0.009625 0.675758 0.018750 0.053030
0 0.602125 0.015720 0.008750 0.015530
0 0.656500 0.004167 0.007500 0.007576
0 0.237625 0.075000 0.004750 0.014394
0 0.500125 0.147348 0.023250 0.039394
0 0.646625 0.002841 0.006250 0.004924
