0 0.578125 0.028977 0.009250 0.016288
0 0.212375 0.429356 0.025250 0.043561
0 0.417250 0.197917 0.021500 0.038258
0 0.558625 0.018561 0.008750 0.015152
0 0.035375 0.630114 0.031750 0.049621
0 0.134000 0.420076 0.026500 0.042424
0 0.552125 0.063636 0.012250 0.021970
0 0.598500 0.037121 0.010500 0.018182
0 0.384375 0.164962 0.018750 0.032197
0 0.283875 0.288258 0.020750 0.037121
0 0.517000 0.095833 0.014000 0.025758
0 0.081000 0.458144 0.022500 0.039773
0 0.236750 0.326136 0.023500 0.038636
0 0.123375 0.486174 0.024250 0.041288
0 0.216875 0.090530 0.011250 0.018182
0 0.649625 0.073864 0.014250 0.023485
0 0.441750 0.162500 0.017000 0.034091
0 0.521375 0.069697 0.010750 0.018939
0 0.457500 0.029735 0.013000 0.017803
0 0.388000 0.252462 0.022500 0.039015
0 0.403750 0.146970 0.018500 0.030303
0 0.561875 0.085038 0.013750 0.024621
0 0.525125 0.052083 0.011750 0.020076
0 0.482000 0.128409 0.014500 0.028788
0 0.567500 0.041477 0.011500 0.018561
0 0.573750 0.006439 0.009000 0.012121
0 0.608750 0.015152 0.011000 0.017424
0 0.628750 0.009848 0.009500 0.016667
0 0.228000 0.082008 0.009500 0.015530
0 0.246500 0.092424 0.014000 0.021970
0 0.202625 0.072538 0.010750 0.017803
0 0.513750 0.134470 0.011000 0.021970
0 0.258875 0.037311 0.011250 0.018561
0 0.308000 0.237689 0.022000 0.035227
0 0.371875 0.245265 0.018250 0.035227
0 0.619000 0.004356 0.008000 0.007955
0 0.447625 0.127273 0.015750 0.028030
0 0.211250 0.376894 0.025000 0.040152
0 0.007250 0.637311 0.014000 0.044318
