0 0.076000 0.495076 0.029000 0.050000
0 0.496500 0.109470 0.015500 0.028030
0 0.101375 0.316477 0.017250 0.031439
0 0.356625 0.316098 0.026250 0.036742
0 0.290250 0.310417 0.023000 0.039773
0 0.203750 0.314015 0.020500 0.035606
0 0.665375 0.005492 0.008250 0.010227
0 0.132125 0.429924 0.023250 0.042424
0 0.153000 0.496212 0.032000 0.046212
0 0.463500 0.154735 0.021500 0.035985
0 0.465625 0.104924 0.013250 0.025000
0 0.327000 0.226894 0.017500 0.033333
0 0.663625 0.041856 0.011250 0.017803
0 0.594500 0.042045 0.009000 0.014394
0 0.246375 0.361932 0.023750 0.038258
0 0.341625 0.287311 0.017750 0.032955
0 0.531250 0.076515 0.010500 0.019697
0 0.594000 0.060417 0.011000 0.020833
0 0.387250 0.187121 0.015000 0.028030
0 0.497625 0.080114 0.014250 0.024621
0 0.609250 0.056439 0.010000 0.015152
0 0.556125 0.105492 0.015250 0.022348
0 0.425625 0.159659 0.022750 0.035227
0 0.627500 0.023295 0.009000 0.016288
0 0.580625 0.079167 0.014250 0.027273
0 0.272250 0.367803 0.033500 0.045455
0 0.680250 0.009280 0.010500 0.016288
0 0.201750 0.067235 0.011500 0.019318
0 0.623750 0.006250 0.009500 0.011742
0 0.553375 0.058523 0.010750 0.022348
0 0.740000 0.004735 0.008000 0.008712
0 0.160750 0.112689 0.008000 0.014015
0 0.182000 0.377652 0.026000 0.041667
0 0.697375 0.006439 0.009750 0.012121
0 0.184875 0.429735 0.027750 0.041288
0 0.060125 0.599242 0.037250 0.055303
0 0.426250 0.217235 0.022500 0.031439
0 0.666125 0.025000 0.009750 0.015909
0 0.513500 0.158712 0.024000 0.040909
0 0.559000 0.052273 0.014000 0.027273
0 0.033625 0.625189 0.023250 0.044318
0 0.023375 0.589962 0.030750 0.035985
0 0.360625 0.235985 0.023250 0.034091
0 0.645875 0.006439 0.006250 0.012121
0 0.652875 0.010417 0.009250 0.018561
0 0.777750 0.003220 0.005500 0.005682
0 0.717000 0.006250 0.010000 0.011742
