0 0.255556 0.605000 0.050556 0.053704
0 0.160139 0.593889 0.044167 0.049259
0 0.093889 0.664074 0.042778 0.051852
0 0.058194 0.630556 0.050278 0.040370
0 0.054444 0.787222 0.039444 0.049259
0 0.013333 0.759815 0.026111 0.044815
0 0.013889 0.581296 0.024444 0.029259
0 0.058611 0.451296 0.023333 0.024074
0 0.054028 0.387407 0.021944 0.028148
0 0.116528 0.444815 0.026944 0.036296
0 0.137222 0.386296 0.024444 0.036296
0 0.230417 0.339259 0.028056 0.037037
0 0.260278 0.412222 0.026667 0.045926
0 0.304167 0.337963 0.039444 0.051481
0 0.312917 0.381667 0.023611 0.027778
0 0.374167 0.248333 0.026667 0.037407
0 0.399722 0.261111 0.025556 0.037778
0 0.402361 0.145556 0.021389 0.033333
0 0.470139 0.139259 0.017500 0.032593
0 0.511806 0.174074 0.020833 0.035556
0 0.537917 0.146111 0.018056 0.027778
0 0.576250 0.177778 0.020278 0.032593
0 0.563611 0.122963 0.017222 0.030370
0 0.594167 0.153519 0.014444 0.024815
0 0.607639 0.092593 0.013611 0.025926
0 0.654583 0.110926 0.016389 0.032222
0 0.640139 0.084259 0.015278 0.029259
0 0.634444 0.056296 0.012222 0.025926
0 0.689444 0.067778 0.012222 0.023704
0 0.684028 0.043889 0.008611 0.016667
0 0.704306 0.049630 0.009722 0.014815
0 0.731528 0.030185 0.008056 0.015926
0 0.739444 0.025741 0.007778 0.014444
0 0.750694 0.021667 0.009722 0.013704
0 0.760556 0.037963 0.010000 0.010741
0 0.760278 0.009630 0.008889 0.011852
0 0.316528 0.068333 0.007500 0.010000
0 0.291389 0.069630 0.010000 0.013333
0 0.283194 0.082037 0.010278 0.012963
0 0.264722 0.055185 0.006667 0.008889
0 0.283472 0.044630 0.008056 0.010000
0 0.200417 0.035741 0.004722 0.007037
0 0.188056 0.038148 0.003889 0.005926
0 0.107639 0.167778 0.010833 0.016296
0 0.123472 0.137593 0.005833 0.010741
0 0.100000 0.159074 0.009444 0.010000
0 0.098472 0.142778 0.006944 0.009259
0 0.092917 0.137778 0.006944 0.009630
0 0.080833 0.181296 0.010000 0.011481
0 0.068611 0.172037 0.008889 0.012963
0 0.065278 0.162778 0.010000 0.010000
0 0.065833 0.186667 0.009444 0.009630
0 0.055972 0.181481 0.007500 0.009630
0 0.034444 0.202593 0.008333 0.009630
0 0.038194 0.189630 0.009722 0.008889
0 0.038056 0.198148 0.007778 0.008889
0 0.020417 0.200370 0.006389 0.011111
0 0.014722 0.202963 0.007222 0.011852
0 0.021944 0.214444 0.009444 0.009630
0 0.009583 0.223333 0.008056 0.014074
0 0.024583 0.120185 0.003056 0.006296
