0 0.140750 0.247727 0.015000 0.021970
0 0.221125 0.508523 0.030750 0.050379
0 0.343500 0.034659 0.009500 0.015530
0 0.375250 0.112311 0.014500 0.022348
0 0.326125 0.055492 0.012250 0.021591
0 0.108375 0.187121 0.010250 0.015909
0 0.278125 0.247538 0.020250 0.031439
0 0.589000 0.068750 0.011500 0.017045
0 0.263250 0.227273 0.021500 0.026515
0 0.676250 0.039962 0.010000 0.017045
0 0.244625 0.035038 0.006250 0.008712
0 0.239875 0.025568 0.005750 0.009470
0 0.233125 0.033712 0.005750 0.011364
0 0.226125 0.035795 0.004750 0.009470
0 0.221500 0.049621 0.007000 0.009091
0 0.365500 0.029167 0.008500 0.014394
0 0.373250 0.024432 0.007000 0.014015
0 0.587250 0.047538 0.011000 0.018561
0 0.680500 0.070076 0.009500 0.015152
