0 0.299250 0.260877 0.019000 0.027018
0 0.226375 0.316140 0.016250 0.026667
0 0.567875 0.360000 0.021250 0.035789
0 0.523250 0.342982 0.025500 0.034035
0 0.250625 0.146491 0.011250 0.017895
0 0.234250 0.288596 0.018000 0.028421
0 0.479250 0.143860 0.013500 0.021053
0 0.165500 0.330877 0.020500 0.033684
0 0.036375 0.286491 0.011250 0.018596
0 0.418875 0.111754 0.010750 0.017895
0 0.664125 0.060526 0.008250 0.012281
0 0.405875 0.162456 0.014750 0.024561
0 0.565750 0.108070 0.011500 0.019649
0 0.663750 0.117544 0.011000 0.017544
0 0.283375 0.239123 0.016750 0.025614
0 0.376625 0.236140 0.019250 0.029474
0 0.121000 0.458421 0.030000 0.037544
0 0.033750 0.371579 0.014000 0.021053
0 0.081250 0.327018 0.014500 0.023158
0 0.534125 0.077719 0.009750 0.014386
0 0.396375 0.154912 0.012750 0.020702
0 0.127750 0.523684 0.029500 0.045263
0 0.051500 0.318246 0.013000 0.018246
0 0.116875 0.672982 0.034250 0.049123
0 0.566750 0.329298 0.023500 0.032632
0 0.075875 0.541053 0.023750 0.032281
0 0.129625 0.210000 0.010250 0.017193
0 0.487500 0.096667 0.010000 0.014386
0 0.281625 0.188772 0.012250 0.023860
0 0.518750 0.053684 0.008500 0.013333
0 0.507125 0.188421 0.015750 0.021754
0 0.319750 0.292632 0.019500 0.027368
0 0.063250 0.725789 0.034500 0.039649
0 0.533750 0.113684 0.013000 0.021053
0 0.169125 0.306140 0.016250 0.028421
0 0.567375 0.129649 0.014750 0.022105
0 0.191000 0.118596 0.006500 0.011228
0 0.474000 0.098246 0.009000 0.015439
0 0.499625 0.144912 0.013250 0.020351
0 0.509875 0.131579 0.011250 0.018246
0 0.614000 0.062632 0.010500 0.017193
0 0.270625 0.388772 0.019250 0.029474
0 0.353250 0.246842 0.018000 0.030526
0 0.207000 0.108421 0.006500 0.011228
0 0.181500 0.620526 0.031000 0.040351
0 0.567125 0.076667 0.008750 0.015789
0 0.023500 0.351754 0.013500 0.024912
0 0.646125 0.041053 0.006750 0.010526
0 0.073875 0.502456 0.028250 0.029474
0 0.084625 0.353333 0.017250 0.024561
0 0.086625 0.197719 0.007250 0.010175
0 0.038125 0.419649 0.022750 0.028070
0 0.111875 0.230702 0.010250 0.015789
0 0.518250 0.073509 0.009000 0.013684
0 0.135125 0.117544 0.003750 0.006316
0 0.031375 0.325789 0.011750 0.020000
0 0.208375 0.284035 0.018250 0.024912
0 0.326375 0.112632 0.010750 0.014737
0 0.571000 0.051404 0.009000 0.012982
0 0.497750 0.086140 0.009000 0.016491
0 0.509875 0.090877 0.012750 0.016842
0 0.625500 0.059298 0.009500 0.016140
0 0.596250 0.067895 0.008000 0.014386
0 0.341750 0.113333 0.009000 0.014737
0 0.022000 0.317368 0.011500 0.017895
0 0.508250 0.071404 0.009500 0.015088
0 0.157000 0.222807 0.011500 0.016842
0 0.255750 0.158246 0.010500 0.016140
0 0.352250 0.124035 0.009500 0.017895
0 0.060625 0.220702 0.008250 0.011228
0 0.554250 0.017719 0.005500 0.008772
0 0.021375 0.619825 0.023750 0.032632
0 0.391250 0.105088 0.012500 0.016491
0 0.249375 0.620702 0.035250 0.047018
0 0.202000 0.129825 0.007000 0.011930
0 0.511625 0.118421 0.011250 0.016491
0 0.038000 0.182632 0.003500 0.005263
0 0.642875 0.029474 0.006250 0.009123
0 0.048625 0.224737 0.009250 0.015789
0 0.383250 0.099825 0.008500 0.016491
0 0.752750 0.019474 0.003500 0.004561
0 0.019875 0.228421 0.005750 0.008421
0 0.011750 0.434912 0.021000 0.027719
0 0.090500 0.212632 0.007500 0.011228
0 0.236625 0.176491 0.011250 0.021754
0 0.242500 0.524386 0.029000 0.047368
0 0.030750 0.194561 0.003500 0.005965
0 0.047625 0.189123 0.004750 0.007719
0 0.072000 0.203860 0.006500 0.009825
0 0.027500 0.232807 0.007000 0.011579
0 0.154125 0.981228 0.034750 0.037544
0 0.021250 0.246667 0.007000 0.010526
0 0.082375 0.207895 0.008750 0.012982
0 0.006750 0.571754 0.013000 0.034035
0 0.028375 0.220526 0.006250 0.010175
0 0.743375 0.018596 0.003750 0.004912
0 0.015750 0.193684 0.004000 0.007018
0 0.025750 0.204737 0.003500 0.005965
0 0.030875 0.205439 0.004250 0.006667
0 0.002125 0.256316 0.003750 0.010175
0 0.164750 0.218596 0.012500 0.018246
0 0.036875 0.209825 0.005750 0.008421
0 0.006875 0.246316 0.005750 0.008421
0 0.042875 0.215439 0.006750 0.010526
0 0.882250 0.070000 0.003500 0.005263
0 0.104750 0.155789 0.005000 0.007018
0 0.485875 0.066316 0.009750 0.016140
0 0.345750 0.130702 0.010000 0.016491
0 0.564250 0.050877 0.007000 0.011228
0 0.230125 0.190175 0.007750 0.014737
0 0.006250 0.516140 0.012000 0.028070
0 0.009625 0.196667 0.004250 0.006667
0 0.027375 0.264737 0.008750 0.014386
0 0.060625 0.164386 0.003750 0.006667
0 0.014750 0.237895 0.005500 0.009123
0 0.042625 0.242281 0.009250 0.014386
0 0.003750 0.273509 0.007000 0.014386
0 0.076125 0.151930 0.003750 0.006316
0 0.037750 0.188246 0.004000 0.005965
0 0.046000 0.177018 0.006000 0.008772
0 0.020125 0.255614 0.006750 0.009474
0 0.061125 0.177719 0.004750 0.006667
0 0.072625 0.196140 0.006250 0.008421
0 0.517875 0.306667 0.023250 0.034386
0 0.044500 0.201930 0.004500 0.006667
0 0.063000 0.170000 0.004500 0.007368
0 0.006625 0.264386 0.009250 0.011579
0 0.034125 0.232982 0.007750 0.011228
0 0.111000 0.759825 0.016500 0.019298
0 0.160375 0.774386 0.042750 0.046316
0 0.073375 0.818246 0.042250 0.042105
0 0.045000 0.843684 0.030000 0.041754
0 0.011250 0.678070 0.022000 0.036140
0 0.022500 0.396140 0.000000 0.000702
0 0.010750 0.353333 0.009500 0.011228
0 0.014000 0.366316 0.007500 0.014035
0 0.007750 0.257719 0.006000 0.006667
0 0.050875 0.264737 0.010750 0.012982
0 0.046375 0.259474 0.005750 0.009474
0 0.023500 0.197719 0.004500 0.005263
0 0.022500 0.190526 0.005500 0.005614
0 0.024000 0.185789 0.004000 0.003860
0 0.031750 0.186667 0.003000 0.004912
0 0.034750 0.188070 0.003000 0.005614
0 0.054500 0.175088 0.003500 0.006316
0 0.057500 0.187895 0.006000 0.008070
0 0.067000 0.197018 0.004500 0.008070
0 0.059500 0.210351 0.008000 0.008772
0 0.137000 0.088772 0.002500 0.004912
0 0.144625 0.089649 0.002250 0.003158
0 0.150375 0.089825 0.002250 0.003509
0 0.169500 0.092105 0.004500 0.005263
0 0.161250 0.073860 0.002500 0.003158
0 0.172750 0.067193 0.002500 0.003158
0 0.210375 0.044211 0.001750 0.002105
0 0.225250 0.040526 0.002500 0.003158
0 0.289375 0.013509 0.002250 0.003158
0 0.190625 0.308246 0.010750 0.017193
0 0.114250 0.271579 0.008500 0.012632
0 0.100250 0.244211 0.007000 0.014035
0 0.106250 0.239474 0.007000 0.015088
0 0.150250 0.226667 0.005000 0.013333
0 0.266875 0.215965 0.011750 0.020000
0 0.441375 0.094561 0.009250 0.013684
0 0.439000 0.088947 0.007500 0.011579
0 0.413875 0.071579 0.007250 0.012632
0 0.432375 0.064386 0.007750 0.012281
0 0.443125 0.059649 0.007750 0.010526
0 0.458875 0.054386 0.006750 0.010526
0 0.479125 0.062281 0.007250 0.013684
0 0.530750 0.060702 0.008000 0.011228
0 0.562625 0.020526 0.004750 0.007368
0 0.475250 0.013158 0.003500 0.006667
0 0.492250 0.015614 0.005000 0.007368
0 0.644750 0.067895 0.008000 0.012281
0 0.734000 0.121053 0.009000 0.013333
0 0.763000 0.019298 0.004500 0.006316
0 0.808500 0.024386 0.003000 0.004561
0 0.855875 0.051404 0.003250 0.005263
0 0.852000 0.050702 0.003000 0.004561
0 0.846500 0.047895 0.003000 0.003860
0 0.038500 0.754912 0.022500 0.029825
