0 0.514625 0.075725 0.009750 0.016667
0 0.075875 0.324094 0.018250 0.023551
0 0.210125 0.297283 0.021250 0.035870
0 0.584000 0.100362 0.012000 0.019565
0 0.200750 0.355616 0.021500 0.033696
0 0.560250 0.090217 0.010000 0.018116
0 0.618625 0.077174 0.011750 0.018116
0 0.341000 0.097826 0.009500 0.017391
0 0.504375 0.059783 0.008750 0.014493
0 0.134500 0.384601 0.018500 0.032246
0 0.331250 0.144565 0.011500 0.017391
0 0.375125 0.148007 0.012250 0.019928
0 0.358125 0.098732 0.010750 0.017754
0 0.324000 0.102174 0.010000 0.016667
0 0.478500 0.031341 0.008500 0.014130
0 0.086250 0.298913 0.016500 0.025362
0 0.172000 0.335507 0.024000 0.031884
0 0.551250 0.021014 0.008500 0.013043
0 0.550375 0.104891 0.012250 0.019203
0 0.417250 0.101812 0.010500 0.015942
0 0.672000 0.077355 0.011000 0.017029
0 0.533375 0.057246 0.010750 0.017391
0 0.617750 0.059239 0.011000 0.016304
0 0.431625 0.058152 0.009250 0.014855
0 0.487625 0.018841 0.008250 0.013768
0 0.456250 0.101268 0.012000 0.017029
0 0.395125 0.065761 0.009250 0.014130
0 0.022125 0.660688 0.030750 0.036594
0 0.440125 0.099094 0.009750 0.015580
0 0.591125 0.031159 0.008250 0.013768
0 0.574375 0.056522 0.009250 0.014493
0 0.574250 0.031159 0.008500 0.014493
0 0.653750 0.009058 0.007500 0.012319
0 0.469750 0.024457 0.008000 0.013406
0 0.684875 0.021196 0.006250 0.009783
0 0.723625 0.009783 0.005750 0.009420
0 0.628625 0.036594 0.008250 0.014493
0 0.704625 0.050906 0.007750 0.011957
0 0.512625 0.036051 0.008250 0.013406
0 0.684375 0.039312 0.007750 0.012681
0 0.019625 0.232609 0.008250 0.012319
0 0.647500 0.047645 0.010000 0.014855
0 0.013625 0.185145 0.006250 0.009420
0 0.539875 0.044203 0.010750 0.016667
0 0.117250 0.213587 0.011000 0.015580
0 0.620000 0.094928 0.011000 0.016667
0 0.084000 0.151268 0.008000 0.012681
0 0.521375 0.025181 0.007750 0.013406
0 0.727250 0.030616 0.008000 0.013406
0 0.739500 0.036413 0.008000 0.012681
0 0.298375 0.815942 0.036750 0.061594
0 0.737500 0.013406 0.006000 0.010145
0 0.558500 0.018116 0.007000 0.012319
0 0.828875 0.034058 0.004750 0.006522
0 0.587500 0.018116 0.007500 0.012319
0 0.067250 0.161232 0.006500 0.010870
0 0.698875 0.015217 0.006250 0.010145
0 0.580750 0.028804 0.007500 0.014855
0 0.017625 0.195652 0.006750 0.010145
0 0.505375 0.030254 0.007750 0.011957
0 0.778375 0.006159 0.005250 0.008696
0 0.037000 0.187500 0.005500 0.008333
0 0.043500 0.194384 0.008000 0.011957
0 0.682625 0.005797 0.006250 0.007971
0 0.037125 0.169746 0.005750 0.009783
0 0.507625 0.021739 0.007750 0.011594
0 0.002250 0.252355 0.004000 0.011957
0 0.005625 0.246377 0.006250 0.010870
0 0.016000 0.243478 0.007500 0.010870
0 0.023000 0.182246 0.005500 0.010145
0 0.023250 0.161051 0.002500 0.005435
0 0.031750 0.152899 0.004000 0.006522
0 0.037750 0.160145 0.005000 0.006522
0 0.041750 0.148551 0.003000 0.005797
0 0.046000 0.160688 0.006000 0.008333
0 0.049625 0.182971 0.007750 0.012319
0 0.061375 0.157609 0.004750 0.007246
0 0.070500 0.169928 0.005500 0.007971
0 0.074250 0.183696 0.007500 0.010145
0 0.081250 0.172464 0.006000 0.008696
0 0.085500 0.163043 0.008000 0.008696
0 0.126875 0.204167 0.013250 0.009783
0 0.507875 0.005072 0.009250 0.009420
0 0.546875 0.018297 0.005750 0.009783
0 0.604875 0.003261 0.004750 0.005797
0 0.598375 0.003986 0.005250 0.007246
0 0.616125 0.001993 0.005750 0.003261
0 0.623750 0.004167 0.005000 0.007609
0 0.630375 0.005072 0.006250 0.009420
0 0.641750 0.003804 0.005500 0.006884
0 0.699250 0.025543 0.007500 0.009058
0 0.675750 0.002717 0.004500 0.004710
0 0.688125 0.004348 0.004750 0.007971
0 0.729125 0.003804 0.005250 0.006884
0 0.735000 0.057790 0.004500 0.006884
0 0.772625 0.024275 0.004750 0.007971
0 0.766750 0.007428 0.003500 0.006884
0 0.755875 0.001812 0.003750 0.002899
0 0.788375 0.011051 0.004250 0.006159
0 0.785250 0.025000 0.004500 0.007971
0 0.807250 0.010870 0.003000 0.005797
0 0.845125 0.049275 0.004750 0.007246
0 0.856875 0.052536 0.004250 0.007971
0 0.875125 0.031884 0.002250 0.002899
0 0.873625 0.028804 0.001750 0.002536
