0 0.090375 0.478030 0.030250 0.047727
0 0.331500 0.198295 0.018500 0.032197
0 0.608500 0.027841 0.011000 0.019318
0 0.030375 0.557955 0.028250 0.045455
0 0.159750 0.414394 0.034000 0.054545
0 0.440250 0.181439 0.019000 0.033333
0 0.214875 0.322727 0.026250 0.043939
0 0.619000 0.008333 0.008500 0.015152
0 0.116125 0.573864 0.033250 0.045455
0 0.387875 0.183333 0.015250 0.028788
0 0.363125 0.226894 0.022750 0.036364
0 0.340250 0.299811 0.024000 0.040530
0 0.593625 0.006629 0.009750 0.012500
0 0.511375 0.093750 0.014750 0.026136
0 0.494625 0.139962 0.016250 0.026894
0 0.528250 0.110606 0.014500 0.028030
0 0.476875 0.112879 0.013250 0.027273
0 0.207000 0.066667 0.010500 0.015909
0 0.180625 0.114962 0.013750 0.022348
0 0.163250 0.135417 0.010000 0.016288
0 0.650250 0.073485 0.014000 0.022727
0 0.532500 0.076515 0.011000 0.020455
0 0.034625 0.685985 0.028750 0.044697
0 0.447875 0.124811 0.013250 0.023106
0 0.556875 0.046402 0.012250 0.022348
0 0.620375 0.053598 0.010750 0.018561
0 0.259500 0.358523 0.025500 0.040530
0 0.592375 0.059848 0.010250 0.018182
0 0.571000 0.011932 0.008000 0.014015
0 0.571000 0.009470 0.008500 0.015152
0 0.252625 0.042045 0.010250 0.015909
0 0.565500 0.074621 0.011000 0.018939
0 0.626625 0.004167 0.006250 0.007576
0 0.005625 0.637311 0.010750 0.042045
0 0.314125 0.014583 0.010750 0.017045
0 0.606500 0.003409 0.008500 0.006061
0 0.166250 0.148485 0.012500 0.010606
