0 0.145125 0.410038 0.024250 0.037500
0 0.569125 0.040341 0.011250 0.019318
0 0.073750 0.492235 0.027000 0.041288
0 0.415500 0.156250 0.019500 0.032955
0 0.317125 0.348295 0.020750 0.034470
0 0.582875 0.015909 0.009750 0.020455
0 0.277375 0.257765 0.020250 0.034470
0 0.190375 0.348864 0.023750 0.043182
0 0.079000 0.420076 0.023500 0.034848
0 0.316750 0.303409 0.028000 0.043182
0 0.609875 0.032386 0.011750 0.019318
0 0.243625 0.334470 0.027750 0.043182
0 0.022500 0.642045 0.036500 0.056061
0 0.371375 0.176705 0.015750 0.029924
0 0.322250 0.219886 0.019000 0.035227
0 0.534875 0.037311 0.010750 0.018561
0 0.459500 0.109091 0.018000 0.029545
0 0.217750 0.421780 0.024500 0.044318
0 0.625000 0.006818 0.010000 0.012879
0 0.644250 0.020455 0.008500 0.015909
0 0.198750 0.092424 0.009500 0.015909
0 0.519375 0.074432 0.012250 0.023864
0 0.663750 0.042235 0.011000 0.019318
0 0.509250 0.126515 0.012000 0.021970
0 0.027875 0.566288 0.028750 0.048485
0 0.480250 0.141098 0.025000 0.036742
0 0.570250 0.071970 0.016000 0.027273
0 0.597750 0.056629 0.011500 0.020076
0 0.451625 0.140720 0.013750 0.026894
0 0.591375 0.116856 0.013750 0.023864
0 0.609000 0.050947 0.010500 0.022348
0 0.419250 0.211932 0.019500 0.037500
0 0.610125 0.071402 0.012750 0.023106
0 0.146875 0.524432 0.035750 0.057197
0 0.630375 0.078788 0.012250 0.020455
0 0.354125 0.247159 0.024250 0.035227
0 0.142000 0.453220 0.026500 0.037500
0 0.635750 0.061742 0.009000 0.015909
0 0.060500 0.566288 0.037000 0.059848
0 0.658750 0.020076 0.011000 0.018182
0 0.585500 0.040909 0.009500 0.017424
0 0.657875 0.003220 0.007750 0.005682
0 0.639125 0.003598 0.006750 0.006439
0 0.234500 0.080492 0.013500 0.018561
0 0.262875 0.037879 0.008250 0.016667
0 0.284875 0.027652 0.007250 0.011364
0 0.560250 0.070076 0.013000 0.024242
