0 0.591375 0.016477 0.009750 0.017803
0 0.189750 0.441098 0.028000 0.042803
0 0.067625 0.339583 0.024750 0.036742
0 0.486375 0.068561 0.012250 0.019697
0 0.449875 0.055492 0.010750 0.018561
0 0.070750 0.524432 0.025000 0.039015
0 0.024875 0.500947 0.031250 0.042803
0 0.166375 0.344886 0.019750 0.036742
0 0.356125 0.197917 0.020750 0.039015
0 0.495250 0.041098 0.008500 0.014015
0 0.204125 0.088258 0.008250 0.013636
0 0.124875 0.430492 0.022750 0.035227
0 0.544750 0.029356 0.010500 0.019318
0 0.467625 0.120455 0.014750 0.025000
0 0.294250 0.233523 0.019500 0.036742
0 0.224625 0.160227 0.014750 0.021212
0 0.531000 0.114583 0.016000 0.024621
0 0.050125 0.551705 0.029250 0.049621
0 0.647125 0.074432 0.015250 0.025379
0 0.500375 0.107008 0.013750 0.026136
0 0.241875 0.133712 0.013250 0.023485
0 0.570125 0.038636 0.012250 0.019697
0 0.675375 0.007765 0.012250 0.014773
0 0.220125 0.075379 0.007750 0.012121
0 0.588125 0.060417 0.010750 0.020833
0 0.257750 0.174053 0.016500 0.029924
0 0.633625 0.004735 0.007750 0.008712
0 0.514750 0.075947 0.012000 0.020833
0 0.593875 0.003409 0.007750 0.006061
0 0.564250 0.011553 0.011000 0.018561
0 0.359000 0.166477 0.020500 0.026894
0 0.469125 0.148106 0.018250 0.030303
0 0.011250 0.631818 0.022000 0.054545
0 0.552250 0.075568 0.013000 0.020076
0 0.533375 0.093939 0.015750 0.020455
0 0.695625 0.010417 0.011250 0.016288
0 0.016625 0.593750 0.027250 0.037500
0 0.257500 0.050947 0.008500 0.013258
0 0.237250 0.073295 0.010500 0.016288
0 0.437625 0.359470 0.026250 0.042424
