0 0.229875 0.131250 0.011250 0.018561
0 0.026875 0.558712 0.029750 0.040909
0 0.123625 0.235038 0.013250 0.022348
0 0.249000 0.275000 0.021000 0.038636
0 0.427375 0.141288 0.011750 0.022727
0 0.107000 0.482955 0.025500 0.040909
0 0.037250 0.624242 0.034500 0.044697
0 0.267125 0.233333 0.016750 0.029545
0 0.391625 0.040341 0.010250 0.017803
0 0.488375 0.172917 0.020750 0.033712
0 0.135250 0.496970 0.031000 0.048485
0 0.295500 0.221591 0.020500 0.031818
0 0.218000 0.288258 0.020500 0.037121
0 0.285500 0.077841 0.010500 0.018561
0 0.235375 0.102841 0.009250 0.016288
0 0.454500 0.112121 0.015000 0.023485
0 0.103375 0.235227 0.014250 0.022727
0 0.300875 0.192803 0.016250 0.022727
0 0.751250 0.045833 0.009000 0.015152
0 0.632500 0.069508 0.010000 0.017045
0 0.445750 0.099432 0.013500 0.026136
0 0.384250 0.110038 0.014500 0.025379
0 0.525125 0.056250 0.011750 0.020833
0 0.005375 0.365152 0.010250 0.025000
0 0.994500 0.468561 0.010500 0.028788
0 0.185875 0.182576 0.013250 0.021970
0 0.345500 0.049053 0.010500 0.020833
0 0.367125 0.030871 0.010750 0.020076
0 0.203875 0.148106 0.011250 0.021970
0 0.257500 0.086553 0.011000 0.017045
0 0.480250 0.051705 0.010500 0.018561
0 0.333000 0.058333 0.011500 0.017424
0 0.260500 0.103977 0.012500 0.020833
0 0.316875 0.062689 0.011250 0.022348
0 0.132250 0.207576 0.013000 0.023485
0 0.154875 0.202083 0.011750 0.020076
0 0.538125 0.004545 0.007750 0.008333
0 0.154750 0.183712 0.013500 0.020455
0 0.215375 0.120644 0.009250 0.017803
0 0.082125 0.274242 0.013750 0.018182
0 0.529500 0.012879 0.008000 0.015152
0 0.191750 0.157765 0.010000 0.015530
0 0.489375 0.052462 0.010750 0.018561
0 0.308375 0.051894 0.008750 0.018182
0 0.514625 0.037121 0.010750 0.018939
0 0.502750 0.022727 0.008500 0.016667
0 0.498125 0.030871 0.011750 0.020076
0 0.434625 0.010985 0.008250 0.014394
0 0.117125 0.097159 0.007250 0.012500
0 0.022375 0.388636 0.024750 0.031818
0 0.052500 0.322917 0.016000 0.023106
0 0.041500 0.325379 0.013000 0.029545
0 0.100750 0.061742 0.004000 0.006818
0 0.241125 0.034848 0.005250 0.013636
0 0.246750 0.039394 0.007500 0.010606
0 0.277625 0.020076 0.008750 0.012879
0 0.219750 0.144129 0.009500 0.019318
0 0.234250 0.118371 0.010500 0.010985
0 0.392875 0.027462 0.010750 0.010985
0 0.340000 0.200379 0.018500 0.029545
0 0.525000 0.004924 0.007500 0.009091
0 0.560750 0.002841 0.009000 0.004924
0 0.931500 0.050568 0.003500 0.005682
0 0.923500 0.039015 0.003000 0.004545
0 0.912250 0.041856 0.003000 0.004167
0 0.903000 0.032386 0.002500 0.004167
0 0.895625 0.024811 0.003250 0.004924
0 0.976750 0.107008 0.005500 0.010985
0 0.988625 0.111364 0.003750 0.006818
0 0.994625 0.125000 0.004750 0.008333
