0 0.213875 0.424811 0.030250 0.045833
0 0.049250 0.613068 0.035500 0.047348
0 0.240250 0.311174 0.025000 0.037500
0 0.155750 0.464583 0.028000 0.048864
0 0.261500 0.190530 0.015500 0.025758
0 0.298875 0.251136 0.020250 0.035606
0 0.568875 0.035985 0.012250 0.021212
0 0.222375 0.078409 0.007750 0.013636
0 0.342625 0.278788 0.025750 0.036364
0 0.285625 0.335227 0.027250 0.044697
0 0.447500 0.151136 0.019000 0.034848
0 0.099625 0.431061 0.027750 0.050000
0 0.384500 0.207008 0.021000 0.035227
0 0.221000 0.192045 0.019500 0.032576
0 0.651875 0.073674 0.014250 0.023864
0 0.551625 0.046023 0.012750 0.020833
0 0.626375 0.005682 0.009750 0.010606
0 0.479250 0.132576 0.018500 0.029545
0 0.547000 0.081061 0.014500 0.026515
0 0.458625 0.118182 0.018750 0.029545
0 0.246375 0.150758 0.014250 0.026515
0 0.397125 0.151705 0.017250 0.031439
0 0.441875 0.203598 0.020250 0.035227
0 0.196000 0.372727 0.027500 0.047727
0 0.532750 0.037121 0.010500 0.019697
0 0.514375 0.073674 0.010250 0.018561
0 0.577625 0.021780 0.009750 0.015530
0 0.575375 0.008144 0.008750 0.014015
0 0.479500 0.087689 0.012500 0.023106
0 0.511125 0.113826 0.019750 0.027652
0 0.600625 0.034470 0.011750 0.021212
0 0.206500 0.093561 0.010500 0.017424
0 0.247500 0.071780 0.009500 0.016288
0 0.265250 0.502652 0.049000 0.062879
0 0.608750 0.007008 0.010500 0.013258
0 0.577125 0.141098 0.014250 0.023864
0 0.479500 0.083712 0.014000 0.027273
0 0.380250 0.185606 0.015500 0.024242
0 0.634875 0.003788 0.006750 0.006818
