0 0.319750 0.267992 0.023500 0.041288
0 0.078375 0.449053 0.032750 0.049621
0 0.198500 0.433902 0.032500 0.053409
0 0.241500 0.292803 0.023500 0.039394
0 0.107750 0.490341 0.026500 0.042045
0 0.551375 0.049811 0.011750 0.020833
0 0.419625 0.124242 0.016750 0.027273
0 0.536125 0.042803 0.010250 0.018939
0 0.199750 0.368371 0.025000 0.038258
0 0.502375 0.053977 0.009250 0.017045
0 0.327500 0.228409 0.019500 0.033333
0 0.271500 0.226894 0.019500 0.035606
0 0.389000 0.225758 0.024500 0.043939
0 0.156000 0.371780 0.022500 0.036742
0 0.491250 0.075568 0.013000 0.026894
0 0.455375 0.152841 0.014250 0.026136
0 0.582750 0.034280 0.012000 0.020833
0 0.491125 0.166667 0.015250 0.031818
0 0.048125 0.613068 0.031250 0.047348
0 0.584000 0.007576 0.009000 0.013636
0 0.521375 0.089015 0.014250 0.025000
0 0.412750 0.161553 0.014500 0.028409
0 0.513875 0.123674 0.019250 0.025379
0 0.563125 0.030303 0.008250 0.015152
0 0.438875 0.164583 0.014750 0.028409
0 0.538250 0.020833 0.008500 0.015152
0 0.177500 0.106250 0.010500 0.017045
0 0.267500 0.304545 0.027500 0.040909
0 0.371000 0.188258 0.022500 0.038636
0 0.474875 0.124053 0.018250 0.027652
0 0.571375 0.018371 0.010750 0.014773
0 0.539000 0.023106 0.008500 0.014394
0 0.015625 0.562879 0.030750 0.039394
0 0.101250 0.568939 0.026500 0.049242
0 0.186250 0.093750 0.012000 0.014015
0 0.312625 0.228220 0.012750 0.035227
0 0.547875 0.017045 0.009750 0.018939
0 0.555000 0.014015 0.010500 0.019697
0 0.572375 0.002462 0.006250 0.004167
0 0.596000 0.037121 0.013500 0.018182
