0 0.156500 0.182963 0.013000 0.022222
0 0.062125 0.584074 0.025750 0.040000
0 0.430750 0.088889 0.012000 0.019259
0 0.319625 0.135185 0.013750 0.021481
0 0.069000 0.314259 0.013500 0.020370
0 0.149250 0.219259 0.013000 0.020741
0 0.151875 0.423333 0.025750 0.036296
0 0.040625 0.520741 0.027250 0.037037
0 0.082000 0.382037 0.020500 0.029259
0 0.101625 0.348148 0.016750 0.024444
0 0.462000 0.084815 0.014500 0.022963
0 0.201125 0.250741 0.016250 0.027407
0 0.408250 0.147407 0.013500 0.022963
0 0.242750 0.212037 0.017000 0.028519
0 0.187375 0.232593 0.013250 0.024444
0 0.108500 0.438704 0.024000 0.030000
0 0.321125 0.215556 0.018250 0.028889
0 0.435750 0.127407 0.015500 0.026667
0 0.348125 0.165741 0.020750 0.032222
0 0.495625 0.070741 0.011250 0.017778
0 0.244500 0.309444 0.018000 0.030741
0 0.045625 0.428889 0.023750 0.031111
0 0.312500 0.178704 0.018000 0.024815
0 0.564500 0.041667 0.010000 0.015926
0 0.980125 0.443889 0.013750 0.021852
0 0.219250 0.197963 0.013500 0.022593
0 0.022500 0.360000 0.015000 0.024444
0 0.510875 0.053704 0.010750 0.017778
0 0.383875 0.137593 0.012250 0.021852
0 0.479125 0.066111 0.009250 0.017407
0 0.023375 0.478148 0.017750 0.030370
0 0.485375 0.043889 0.009750 0.016667
0 0.514125 0.104074 0.012250 0.020000
0 0.075625 0.278889 0.013250 0.021481
0 0.280375 0.217407 0.013750 0.025185
0 0.195750 0.169074 0.013500 0.022593
0 0.025750 0.394259 0.015500 0.023333
0 0.051250 0.390000 0.018000 0.026667
0 0.305750 0.076667 0.011000 0.017037
0 0.124125 0.327778 0.016250 0.028148
0 0.145500 0.346481 0.020000 0.032963
0 0.044375 0.336111 0.017750 0.024815
0 0.153000 0.283333 0.017000 0.029630
0 0.094250 0.308704 0.014500 0.026296
0 0.201500 0.354074 0.021500 0.030370
0 0.252625 0.246296 0.017750 0.030370
0 0.116625 0.307222 0.013750 0.019630
0 0.133500 0.187963 0.011000 0.018889
0 0.453750 0.107593 0.011000 0.020370
0 0.493625 0.100926 0.012750 0.020370
0 0.077625 0.489074 0.021750 0.032963
0 0.182750 0.164630 0.011000 0.021852
0 0.121500 0.246481 0.013000 0.020370
0 0.009125 0.411111 0.016750 0.025926
0 0.102625 0.237593 0.011250 0.018889
0 0.007125 0.478519 0.013750 0.031852
0 0.095375 0.504259 0.024250 0.030000
0 0.222875 0.160185 0.009750 0.016667
0 0.221250 0.303889 0.015500 0.027778
0 0.233500 0.149815 0.011000 0.018148
0 0.160750 0.246667 0.018500 0.023704
0 0.517250 0.040926 0.008000 0.012963
0 0.332625 0.067963 0.008750 0.015926
0 0.126625 0.280926 0.013250 0.022593
0 0.532750 0.067963 0.010500 0.018148
0 0.383500 0.058148 0.011500 0.016296
0 0.539000 0.036296 0.009000 0.014074
0 0.418875 0.040000 0.008250 0.014815
0 0.342875 0.058704 0.009750 0.016667
0 0.185875 0.343889 0.013250 0.034444
0 0.261000 0.044074 0.006500 0.010370
0 0.276625 0.119815 0.010250 0.018889
0 0.633625 0.003889 0.006750 0.007037
0 0.428750 0.046111 0.010000 0.015185
0 0.318000 0.070926 0.009000 0.015185
0 0.351125 0.058704 0.009250 0.016667
0 0.609125 0.005185 0.007250 0.009630
0 0.060875 0.352222 0.020750 0.030370
0 0.097125 0.265000 0.014250 0.024815
0 0.120500 0.156667 0.008500 0.014074
0 0.291875 0.107222 0.012250 0.018148
0 0.389375 0.345556 0.027750 0.048889
0 0.483625 0.086852 0.010750 0.020370
0 0.105125 0.130556 0.008250 0.013704
0 0.144750 0.397407 0.021500 0.025926
0 0.117500 0.272963 0.010500 0.021481
0 0.032000 0.330741 0.011500 0.019259
0 0.526500 0.021296 0.008500 0.013704
0 0.003125 0.389630 0.005750 0.018519
0 0.369250 0.045741 0.008000 0.013704
0 0.420000 0.107037 0.014000 0.024444
0 0.477000 0.003148 0.008000 0.005556
0 0.537875 0.051481 0.008750 0.014074
0 0.312375 0.069444 0.007250 0.014444
0 0.278875 0.036667 0.006250 0.009630
0 0.036375 0.420741 0.016750 0.034074
0 0.005000 0.369444 0.009500 0.020370
0 0.072625 0.396296 0.014750 0.025185
0 0.084375 0.361296 0.022750 0.018889
0 0.061375 0.266481 0.013250 0.011481
0 0.074500 0.266296 0.011500 0.006667
0 0.086500 0.299444 0.010500 0.017407
0 0.092375 0.171481 0.007750 0.011852
0 0.131250 0.094074 0.005500 0.009630
0 0.246250 0.252407 0.012500 0.026296
0 0.263000 0.128889 0.009000 0.014815
0 0.221500 0.039630 0.004500 0.006667
0 0.393250 0.054444 0.012000 0.013333
0 0.492250 0.003889 0.007000 0.007037
0 0.501250 0.002037 0.006000 0.003333
0 0.532875 0.022778 0.008250 0.012963
0 0.549375 0.014074 0.006750 0.014074
0 0.559250 0.007407 0.007500 0.012593
0 0.558500 0.017407 0.007500 0.008889
0 0.555750 0.027593 0.010000 0.015926
0 0.580250 0.013519 0.011500 0.010741
0 0.593500 0.011296 0.009500 0.012222
0 0.997625 0.429444 0.004750 0.018889
0 0.922250 0.041111 0.002000 0.003704
0 0.912000 0.030741 0.003000 0.003704
0 0.106125 0.051481 0.002250 0.003704
