0 0.041875 0.512037 0.025250 0.038148
0 0.287500 0.087593 0.008500 0.015185
0 0.105125 0.453519 0.025750 0.034444
0 0.168875 0.711111 0.033250 0.050370
0 0.269625 0.237963 0.016750 0.026296
0 0.134125 0.490370 0.027750 0.036296
0 0.042375 0.623148 0.034250 0.043333
0 0.488375 0.168519 0.015250 0.025926
0 0.213125 0.077963 0.006750 0.012222
0 0.166750 0.257963 0.017500 0.028519
0 0.315875 0.061852 0.010250 0.017037
0 0.118250 0.257037 0.014000 0.022963
0 0.068500 0.442407 0.023000 0.032963
0 0.426750 0.147593 0.015500 0.027778
0 0.232875 0.270000 0.018750 0.029630
0 0.306500 0.246667 0.019500 0.029630
0 0.203375 0.383519 0.024750 0.032222
0 0.486875 0.075370 0.012750 0.021852
0 0.273375 0.270741 0.020250 0.028889
0 0.173625 0.370741 0.023250 0.034815
0 0.435625 0.097407 0.013250 0.023704
0 0.098375 0.274815 0.017250 0.026667
0 0.232625 0.133333 0.009250 0.015556
0 0.535875 0.043704 0.010750 0.017778
0 0.023625 0.442222 0.018250 0.026667
0 0.139250 0.238519 0.016000 0.025185
0 0.399750 0.194074 0.019000 0.026667
0 0.156875 0.199074 0.012250 0.020370
0 0.400750 0.092593 0.011500 0.018519
0 0.189125 0.194444 0.013250 0.020741
0 0.359625 0.190000 0.015250 0.022222
0 0.452625 0.119074 0.014750 0.025556
0 0.361000 0.066111 0.008500 0.014444
0 0.455125 0.083333 0.014250 0.022222
0 0.498000 0.105185 0.014000 0.023704
0 0.388375 0.066852 0.012250 0.018889
0 0.407625 0.136667 0.015250 0.030370
0 0.050250 0.958889 0.040000 0.050370
0 0.524000 0.086667 0.011000 0.018519
0 0.306500 0.216296 0.016500 0.025185
0 0.244250 0.141111 0.011500 0.020000
0 0.499750 0.045370 0.010500 0.018148
0 0.261375 0.115000 0.011750 0.016667
0 0.365750 0.170556 0.016500 0.023333
0 0.272750 0.100185 0.007500 0.012963
0 0.334125 0.193704 0.017250 0.031111
0 0.508625 0.071667 0.010750 0.018148
0 0.329250 0.073889 0.008500 0.015185
0 0.350375 0.060370 0.008750 0.017037
0 0.272875 0.117593 0.009750 0.015926
0 0.033875 0.583148 0.029250 0.037407
0 0.509125 0.037222 0.008750 0.014444
0 0.463250 0.046481 0.009000 0.014444
0 0.560625 0.003704 0.007250 0.006667
0 0.206375 0.157593 0.010750 0.019630
0 0.514500 0.022963 0.008500 0.015556
0 0.308250 0.103333 0.008000 0.011852
0 0.152500 0.116667 0.008000 0.013333
0 0.193125 0.180000 0.011750 0.017037
0 0.222750 0.161852 0.011000 0.017037
0 0.592875 0.004444 0.007250 0.008148
0 0.088250 0.571667 0.029500 0.041852
0 0.649625 0.003519 0.007250 0.006296
0 0.539875 0.031296 0.009750 0.015185
0 0.028375 0.420185 0.016250 0.024074
0 0.088250 0.270556 0.011000 0.018148
0 0.152125 0.229630 0.017250 0.019259
0 0.133125 0.224074 0.011250 0.013333
0 0.091625 0.086296 0.005250 0.006667
0 0.122250 0.059074 0.004000 0.006296
0 0.237250 0.059259 0.006000 0.011852
0 0.295500 0.105185 0.009500 0.018519
0 0.358750 0.141111 0.013000 0.022222
0 0.387750 0.052037 0.009500 0.012963
0 0.320625 0.080370 0.011750 0.020000
0 0.503500 0.002037 0.005500 0.003333
0 0.579000 0.002222 0.008500 0.003704
0 0.622875 0.005185 0.006750 0.009630
0 0.724250 0.013704 0.007500 0.011111
0 0.886125 0.029259 0.002750 0.005185
0 0.857250 0.024815 0.003500 0.004444
