0 0.017750 0.534659 0.034500 0.048106
0 0.243500 0.292614 0.023500 0.037500
0 0.502000 0.147159 0.022000 0.032197
0 0.240625 0.335038 0.024750 0.039015
0 0.640625 0.028409 0.010250 0.019697
0 0.164500 0.371591 0.027000 0.046970
0 0.544500 0.112879 0.015000 0.024242
0 0.129750 0.495265 0.031500 0.046591
0 0.107250 0.460417 0.024000 0.039773
0 0.210500 0.293939 0.022500 0.034848
0 0.472750 0.100379 0.014500 0.028030
0 0.497250 0.070265 0.012000 0.021591
0 0.662625 0.048106 0.010250 0.018182
0 0.444250 0.116477 0.014000 0.026136
0 0.429000 0.156629 0.020000 0.031439
0 0.350625 0.157955 0.021250 0.036364
0 0.343250 0.226894 0.018000 0.030303
0 0.522000 0.107386 0.017000 0.027652
0 0.193125 0.075379 0.012250 0.017424
0 0.529875 0.085985 0.013250 0.020455
0 0.612125 0.048864 0.010750 0.018939
0 0.570000 0.064394 0.013500 0.023485
0 0.544375 0.023674 0.009750 0.015530
0 0.371250 0.261364 0.022000 0.039394
0 0.675000 0.003788 0.008000 0.006818
0 0.159375 0.116288 0.009750 0.015152
0 0.023625 0.499811 0.021750 0.026136
0 0.616875 0.011364 0.008750 0.015909
0 0.466500 0.138447 0.012000 0.020833
0 0.580125 0.042235 0.008750 0.014773
0 0.542875 0.063636 0.013250 0.021212
0 0.982750 0.102841 0.006500 0.009470
0 0.960000 0.091098 0.006500 0.009470
0 0.930875 0.045265 0.004750 0.007955
0 0.593625 0.006250 0.008750 0.010227
0 0.678000 0.018182 0.010500 0.017424
