0 0.284306 0.593333 0.056944 0.052593
0 0.189722 0.716481 0.046111 0.055926
0 0.064583 0.800185 0.041389 0.053704
0 0.010000 0.741852 0.019444 0.041481
0 0.102222 0.663519 0.049444 0.048519
0 0.079444 0.620556 0.053333 0.055185
0 0.036250 0.562778 0.030833 0.033704
0 0.075417 0.437037 0.022500 0.029630
0 0.063611 0.378148 0.022778 0.031111
0 0.150556 0.380926 0.027778 0.037407
0 0.134444 0.427407 0.025000 0.034815
0 0.287361 0.387037 0.030278 0.042963
0 0.260556 0.325556 0.030000 0.040741
0 0.314444 0.320926 0.028333 0.047037
0 0.341528 0.335000 0.027500 0.038148
0 0.431389 0.250556 0.022222 0.030741
0 0.450139 0.236852 0.023056 0.041111
0 0.413750 0.156667 0.022500 0.030370
0 0.480833 0.135741 0.019444 0.035926
0 0.551389 0.167407 0.018889 0.036296
0 0.549167 0.130556 0.021667 0.032222
0 0.589167 0.139074 0.021111 0.031481
0 0.597500 0.110370 0.017778 0.026667
0 0.641667 0.143519 0.018333 0.031481
0 0.615972 0.065741 0.015278 0.026296
0 0.651806 0.077037 0.016389 0.028148
0 0.668611 0.069630 0.013889 0.029630
0 0.287639 0.080926 0.013056 0.019630
0 0.305000 0.064630 0.010000 0.015185
0 0.319028 0.069444 0.009722 0.018148
0 0.094028 0.136111 0.007500 0.009259
0 0.094444 0.153333 0.007778 0.011111
0 0.107500 0.168148 0.009444 0.011852
0 0.090694 0.175185 0.006944 0.011852
0 0.099444 0.172963 0.010000 0.009630
0 0.064444 0.163519 0.011667 0.012963
0 0.068750 0.170370 0.009167 0.012593
0 0.066806 0.187037 0.009722 0.009630
0 0.053889 0.182037 0.009444 0.010000
0 0.038056 0.187593 0.010000 0.011481
0 0.034861 0.207037 0.010833 0.015556
0 0.023333 0.197222 0.006667 0.010741
0 0.017083 0.202593 0.008056 0.011111
0 0.020833 0.214630 0.008889 0.010741
0 0.008194 0.226111 0.009167 0.015185
