0 0.545750 0.065399 0.010500 0.017754
0 0.164625 0.258514 0.016250 0.023551
0 0.528125 0.080435 0.010250 0.017391
0 0.287375 0.109239 0.011750 0.019203
0 0.148500 0.278804 0.015000 0.027174
0 0.509000 0.059239 0.010500 0.016304
0 0.334125 0.096014 0.011750 0.019565
0 0.676625 0.043659 0.007750 0.013406
0 0.236000 0.612862 0.040500 0.051812
0 0.530750 0.032609 0.008500 0.013768
0 0.460375 0.140942 0.012750 0.021739
0 0.416500 0.106341 0.011000 0.017029
0 0.510375 0.045471 0.008750 0.013406
0 0.391250 0.148732 0.014000 0.020652
0 0.019250 0.397283 0.019500 0.028623
0 0.238500 0.518116 0.031000 0.055797
0 0.106500 0.214493 0.012000 0.018116
0 0.325500 0.151268 0.013000 0.019203
0 0.462750 0.040399 0.008500 0.014130
0 0.723375 0.020652 0.005750 0.009420
0 0.546000 0.036775 0.008000 0.012681
0 0.469750 0.131522 0.014000 0.022464
0 0.563625 0.022826 0.007250 0.011594
0 0.018250 0.202899 0.005500 0.007971
0 0.583750 0.006522 0.007000 0.012319
0 0.747500 0.006159 0.005500 0.009420
0 0.664500 0.038587 0.008000 0.015580
0 0.057500 0.159964 0.006000 0.009783
0 0.911500 0.141848 0.007500 0.011957
0 0.050000 0.210326 0.008500 0.011957
0 0.079500 0.153804 0.006500 0.010507
0 0.437125 0.101812 0.013750 0.021014
0 0.035625 0.167029 0.005250 0.007971
0 0.872125 0.138406 0.008750 0.013043
0 0.636000 0.005435 0.008500 0.010145
0 0.069125 0.192029 0.007250 0.007971
0 0.704375 0.039312 0.007750 0.011232
0 0.755125 0.026268 0.005750 0.009783
0 0.714625 0.039674 0.006750 0.010507
0 0.680750 0.008696 0.006000 0.007971
0 0.006250 0.230978 0.007500 0.013406
0 0.006625 0.218297 0.005750 0.011957
0 0.038375 0.218297 0.008250 0.012681
0 0.046000 0.170471 0.006500 0.009783
0 0.048125 0.157790 0.005750 0.008333
0 0.077500 0.163587 0.006000 0.007609
0 0.086250 0.161232 0.008000 0.008696
0 0.078750 0.172464 0.008000 0.007971
0 0.081125 0.182428 0.008250 0.011957
0 0.061875 0.186957 0.006250 0.005797
0 0.045500 0.189493 0.007500 0.011594
0 0.467500 0.013768 0.006500 0.012319
0 0.524375 0.005072 0.008250 0.009420
0 0.619875 0.004529 0.008750 0.008333
0 0.603500 0.003442 0.008500 0.006159
0 0.687750 0.003080 0.007500 0.005435
0 0.733625 0.031341 0.006750 0.009783
0 0.736500 0.018116 0.007500 0.010870
0 0.740625 0.015036 0.005750 0.009783
0 0.720625 0.007065 0.005250 0.007609
0 0.774750 0.024094 0.006000 0.006884
0 0.802000 0.020471 0.004000 0.006884
0 0.849375 0.047464 0.004250 0.007971
0 0.840375 0.045109 0.004750 0.008333
0 0.859250 0.056703 0.004500 0.007609
0 0.916625 0.059420 0.002750 0.005072
0 0.921000 0.062319 0.003000 0.005072
0 0.930250 0.069384 0.003000 0.004710
