0 0.548500 0.107576 0.015500 0.026515
0 0.280500 0.246970 0.018000 0.032576
0 0.513625 0.107765 0.014750 0.023864
0 0.593625 0.114773 0.011750 0.021212
0 0.642625 0.018371 0.010250 0.017045
0 0.336000 0.241288 0.019000 0.035606
0 0.549500 0.070644 0.012500 0.022348
0 0.537250 0.089773 0.011500 0.021212
0 0.432375 0.164205 0.016750 0.029924
0 0.606875 0.058902 0.010750 0.018561
0 0.634000 0.074432 0.010000 0.021591
0 0.583125 0.065720 0.012250 0.020833
0 0.573375 0.108144 0.012750 0.023106
0 0.704750 0.010227 0.008000 0.015152
0 0.666875 0.017992 0.009750 0.017045
0 0.503500 0.126705 0.014500 0.026136
0 0.041125 0.819508 0.045250 0.050379
0 0.105500 0.723106 0.038000 0.057576
0 0.021750 0.637311 0.031500 0.052652
0 0.110125 0.640909 0.033250 0.056061
0 0.073375 0.538068 0.027250 0.051136
0 0.021375 0.535985 0.027750 0.040909
0 0.008000 0.572727 0.015000 0.040909
0 0.100625 0.460606 0.029250 0.040909
0 0.064250 0.501136 0.020000 0.037121
0 0.145250 0.542803 0.037500 0.059848
0 0.207625 0.483523 0.031250 0.048106
0 0.180875 0.434091 0.033750 0.046970
0 0.256250 0.417614 0.031500 0.051136
0 0.232875 0.341288 0.032750 0.047727
0 0.278375 0.310606 0.023250 0.044697
0 0.318875 0.351136 0.024750 0.040909
0 0.332250 0.288447 0.030500 0.048106
0 0.357500 0.210038 0.022000 0.029167
0 0.329125 0.202841 0.020250 0.029924
0 0.475625 0.154167 0.017250 0.030303
0 0.468750 0.091288 0.015500 0.025758
0 0.481000 0.111174 0.021500 0.027652
0 0.647875 0.043750 0.014250 0.020076
0 0.637750 0.040720 0.008500 0.019318
0 0.625500 0.034280 0.009500 0.017045
0 0.599625 0.021970 0.011750 0.018939
0 0.632000 0.006818 0.008000 0.012879
0 0.650625 0.002273 0.007250 0.003788
0 0.673250 0.043561 0.009000 0.017424
0 0.687625 0.005303 0.007250 0.009848
0 0.716750 0.004735 0.009000 0.008712
0 0.195500 0.070644 0.013500 0.023864
0 0.267125 0.034091 0.010750 0.016667
