0 0.107125 0.424053 0.021250 0.046591
0 0.379000 0.204167 0.020000 0.044697
0 0.207250 0.237121 0.016500 0.030303
0 0.326000 0.247538 0.019000 0.043561
0 0.531500 0.102652 0.021000 0.031061
0 0.480375 0.190341 0.019750 0.037500
0 0.473250 0.153788 0.018500 0.033333
0 0.280000 0.208144 0.019500 0.044318
0 0.706875 0.034848 0.010250 0.017424
0 0.367875 0.261932 0.023750 0.043561
0 0.414000 0.158902 0.020000 0.040530
0 0.474250 0.094886 0.014000 0.029167
0 0.591375 0.064962 0.012250 0.021591
0 0.416125 0.251705 0.018250 0.036742
0 0.594250 0.043561 0.011500 0.020455
0 0.503000 0.162121 0.017000 0.028788
0 0.685125 0.029167 0.009750 0.016667
0 0.660375 0.038826 0.011250 0.019318
0 0.010375 0.702652 0.020250 0.044697
0 0.056500 0.619508 0.029500 0.048864
0 0.117125 0.534091 0.039750 0.057576
0 0.144375 0.463447 0.037250 0.049621
0 0.222625 0.360227 0.029250 0.044697
0 0.195625 0.350947 0.024250 0.042045
0 0.056250 0.426136 0.021500 0.027273
0 0.058625 0.457197 0.022250 0.037121
0 0.007750 0.472727 0.015000 0.037879
0 0.013750 0.559848 0.018500 0.031061
0 0.007500 0.860227 0.014500 0.037121
0 0.122875 0.988068 0.033750 0.023864
0 0.396500 0.326894 0.027500 0.048485
0 0.518125 0.117424 0.017750 0.030303
0 0.522000 0.082576 0.011500 0.021970
0 0.540625 0.090720 0.014750 0.023864
0 0.618875 0.063447 0.016250 0.023864
0 0.596375 0.024432 0.011750 0.018561
0 0.616500 0.026705 0.011500 0.018561
0 0.620375 0.011174 0.009750 0.017045
0 0.635125 0.002083 0.005250 0.003409
0 0.646625 0.039394 0.011750 0.017424
0 0.653500 0.005114 0.006500 0.009470
0 0.659750 0.014773 0.010500 0.012879
0 0.676375 0.003409 0.008750 0.006061
0 0.703000 0.006061 0.007000 0.011364
0 0.717250 0.013068 0.008000 0.012500
0 0.721250 0.003409 0.007000 0.006061
0 0.740500 0.004545 0.007000 0.008333
0 0.726625 0.004924 0.005750 0.009091
0 0.710125 0.003030 0.007250 0.005303
0 0.250000 0.037879 0.008000 0.012879
0 0.221000 0.018182 0.004500 0.009848
0 0.231625 0.050379 0.012250 0.014394
0 0.211625 0.058902 0.007250 0.012500
0 0.188000 0.038258 0.005500 0.006818
0 0.178250 0.032008 0.005000 0.008712
0 0.144625 0.060038 0.004750 0.008712
0 0.142250 0.129167 0.006500 0.010606
