0 0.520625 0.112121 0.014250 0.025000
0 0.343250 0.238258 0.021500 0.038636
0 0.540875 0.105871 0.014250 0.024621
0 0.490375 0.129924 0.014250 0.025000
0 0.548375 0.071023 0.011750 0.020833
0 0.642625 0.022727 0.010750 0.018939
0 0.573375 0.109659 0.013250 0.023864
0 0.425000 0.130303 0.016500 0.031061
0 0.580250 0.068939 0.011500 0.020455
0 0.664250 0.021780 0.011000 0.019318
0 0.598875 0.115720 0.012750 0.023106
0 0.666750 0.040720 0.011500 0.018561
0 0.041750 0.846212 0.044500 0.056818
0 0.096375 0.748674 0.041250 0.055682
0 0.105750 0.646212 0.033000 0.058333
0 0.046750 0.604356 0.034500 0.052652
0 0.040000 0.532765 0.037000 0.037500
0 0.011000 0.643371 0.021500 0.051136
0 0.094875 0.482955 0.025750 0.045455
0 0.100625 0.534848 0.035250 0.039394
0 0.147500 0.545076 0.033500 0.048485
0 0.202375 0.497727 0.029750 0.055303
0 0.163500 0.445644 0.031000 0.042803
0 0.218875 0.361364 0.035250 0.050000
0 0.256750 0.419886 0.030500 0.059470
0 0.323500 0.352083 0.025000 0.045076
0 0.277500 0.320455 0.025000 0.045455
0 0.261750 0.249811 0.027000 0.043561
0 0.329875 0.290909 0.032250 0.050000
0 0.339750 0.201515 0.016500 0.029545
0 0.359125 0.217614 0.020250 0.035227
0 0.424375 0.170833 0.025750 0.040909
0 0.454375 0.161742 0.019250 0.031818
0 0.268625 0.034091 0.011750 0.016667
0 0.195750 0.071591 0.010000 0.018182
0 0.473625 0.090720 0.015250 0.026894
0 0.477875 0.112500 0.015250 0.027273
0 0.582625 0.049053 0.016750 0.017803
0 0.600750 0.062500 0.011500 0.020455
0 0.595875 0.028598 0.010750 0.023106
0 0.619250 0.069697 0.013000 0.023485
0 0.631875 0.053977 0.013250 0.020076
0 0.620000 0.041288 0.008500 0.012879
0 0.643875 0.044129 0.012250 0.019318
0 0.635375 0.008712 0.008750 0.014394
0 0.654500 0.006061 0.009000 0.011364
0 0.705125 0.012311 0.011250 0.017803
0 0.689125 0.006629 0.009250 0.012500
0 0.758875 0.057576 0.011250 0.019697
0 0.708000 0.036932 0.000000 0.000379
0 0.724500 0.003977 0.006500 0.007197
0 0.714375 0.004545 0.006250 0.008333
0 0.737000 0.003220 0.008000 0.005682
