0 0.455125 0.044318 0.012250 0.018939
0 0.150750 0.456439 0.029500 0.046212
0 0.065625 0.503030 0.029250 0.043182
0 0.230500 0.334091 0.025500 0.035606
0 0.288000 0.181818 0.017000 0.029545
0 0.111750 0.259848 0.013000 0.023485
0 0.386125 0.158523 0.016750 0.026894
0 0.271375 0.264205 0.022750 0.030682
0 0.529000 0.020833 0.009500 0.016667
0 0.032250 0.333523 0.019000 0.026136
0 0.411375 0.115341 0.012750 0.024621
0 0.140500 0.375189 0.027000 0.038258
0 0.158500 0.348674 0.019500 0.028409
0 0.196500 0.297727 0.022000 0.037121
0 0.023500 0.557955 0.027000 0.043939
0 0.135875 0.241856 0.015250 0.023106
0 0.024875 0.388826 0.018250 0.031439
0 0.303875 0.214205 0.018250 0.032955
0 0.499250 0.036932 0.009500 0.017045
0 0.848750 0.175758 0.013500 0.020455
0 0.390000 0.033902 0.011500 0.019318
0 0.069875 0.335795 0.016250 0.023864
0 0.348875 0.157008 0.017750 0.025379
0 0.306125 0.069886 0.011750 0.020076
0 0.523375 0.043182 0.010750 0.019697
0 0.442875 0.125568 0.013750 0.023106
0 0.114875 0.413636 0.022250 0.029545
0 0.696625 0.022538 0.008250 0.015530
0 0.808125 0.105682 0.010750 0.018182
0 0.332375 0.041288 0.008750 0.012121
0 0.566125 0.009659 0.012250 0.017045
0 0.684125 0.008712 0.009250 0.016667
0 0.373375 0.114015 0.013750 0.018939
0 0.204750 0.267992 0.016500 0.020833
0 0.552125 0.003788 0.006750 0.006818
0 0.187625 0.186174 0.012750 0.020076
0 0.244250 0.099053 0.012500 0.020833
0 0.293125 0.076705 0.009750 0.018561
0 0.180000 0.176894 0.009500 0.015909
0 0.064125 0.549242 0.033750 0.037121
0 0.242875 0.267992 0.018250 0.027652
0 0.006000 0.396780 0.011500 0.030682
0 0.009250 0.756439 0.018000 0.045455
0 0.216375 0.029545 0.005250 0.010606
0 0.231250 0.036364 0.006500 0.010606
0 0.239000 0.025758 0.006000 0.010606
0 0.244625 0.032765 0.007250 0.011742
0 0.350125 0.053409 0.010750 0.018182
0 0.344625 0.035227 0.010750 0.010606
0 0.351000 0.031250 0.007500 0.012500
0 0.370250 0.029924 0.011500 0.014394
0 0.511000 0.006439 0.010000 0.012121
0 0.533625 0.001515 0.005250 0.002273
0 0.804500 0.003220 0.005000 0.005682
