0 0.284578 0.598039 0.024038 0.043137
0 0.755362 0.238936 0.021080 0.036415
0 0.891457 0.602521 0.021080 0.033053
0 0.322300 0.070588 0.012204 0.022409
0 0.842825 0.573389 0.021450 0.035294
0 0.956176 0.612325 0.022559 0.032493
0 0.833580 0.110084 0.007396 0.014006
0 0.828402 0.273950 0.018491 0.034734
0 0.880178 0.144538 0.008136 0.014566
0 0.374815 0.342297 0.018861 0.030252
0 0.149223 0.246499 0.021820 0.039216
0 0.119822 0.235294 0.017751 0.031373
0 0.121672 0.194398 0.019231 0.029132
0 0.156620 0.152941 0.013683 0.026891
0 0.214682 0.078711 0.014423 0.027451
0 0.259985 0.136695 0.010355 0.024650
0 0.287167 0.104482 0.018121 0.029692
0 0.308802 0.047339 0.012574 0.025210
0 0.356324 0.093277 0.016642 0.031933
0 0.438794 0.374230 0.022559 0.033613
0 0.365754 0.590196 0.022189 0.042017
0 0.740385 0.621289 0.022189 0.043697
0 0.971339 0.064706 0.002589 0.006162
0 0.996487 0.284034 0.007027 0.021289
0 0.978550 0.400280 0.012574 0.024090
0 0.977256 0.456583 0.011464 0.020168
0 0.996672 0.405042 0.006657 0.020168
