0 0.511649 0.386555 0.030695 0.069468
0 0.290126 0.579832 0.024778 0.041457
0 0.362796 0.554622 0.023669 0.041457
0 0.344675 0.077311 0.013314 0.025770
0 0.278846 0.075350 0.012574 0.026331
0 0.852626 0.256863 0.014423 0.026331
0 0.165680 0.145658 0.013314 0.024650
0 0.122226 0.236415 0.015902 0.029132
0 0.323964 0.063025 0.015533 0.028571
0 0.882027 0.148459 0.008876 0.016807
0 0.873336 0.305042 0.015902 0.029692
0 0.208765 0.091597 0.015163 0.029692
0 0.238720 0.058543 0.012944 0.024090
0 0.991309 0.308403 0.016642 0.031933
0 0.139978 0.178151 0.018121 0.032493
0 0.833950 0.112605 0.008876 0.015686
0 0.852996 0.583473 0.021820 0.037535
0 0.490570 0.491877 0.041050 0.064986
0 0.352256 0.165826 0.020340 0.026891
0 0.311391 0.110084 0.011095 0.016246
0 0.241494 0.139776 0.017751 0.031933
0 0.243343 0.171989 0.017012 0.030252
0 0.194896 0.280112 0.022189 0.035854
0 0.169194 0.228291 0.024778 0.031933
0 0.114090 0.365826 0.033654 0.041457
0 0.161428 0.367787 0.032175 0.045378
0 0.724482 0.232213 0.021450 0.042017
0 0.808987 0.282353 0.024038 0.036975
0 0.961723 0.251261 0.012944 0.024090
0 0.992604 0.401401 0.013314 0.024090
0 0.979290 0.454622 0.011834 0.020728
0 0.969490 0.541176 0.021820 0.029132
0 0.988905 0.570868 0.022189 0.032493
0 0.915496 0.457983 0.024778 0.038655
0 0.740385 0.607283 0.025888 0.040336
