0 0.181583 0.170308 0.017751 0.030252
0 0.368898 0.252101 0.023299 0.050420
0 0.432322 0.217087 0.021450 0.038655
0 0.152922 0.207003 0.017382 0.031933
0 0.322670 0.276471 0.027737 0.052101
0 0.504253 0.315966 0.023299 0.043697
0 0.437685 0.173669 0.021820 0.039216
0 0.792160 0.316527 0.019231 0.034734
0 0.221709 0.075070 0.015163 0.028011
0 0.352996 0.129692 0.015902 0.028571
0 0.818602 0.244538 0.018121 0.036415
0 0.250185 0.220448 0.021080 0.038655
0 0.453402 0.278992 0.023669 0.047059
0 0.672707 0.284034 0.024408 0.050420
0 0.604845 0.185994 0.022559 0.038095
0 0.247966 0.161905 0.017382 0.032493
0 0.137759 0.380112 0.024038 0.040896
0 0.723743 0.189916 0.017751 0.032493
0 0.322855 0.184034 0.019231 0.036415
0 0.279956 0.335854 0.024408 0.054342
0 0.780880 0.226891 0.016642 0.030252
0 0.109652 0.276751 0.023299 0.032493
0 0.523669 0.250420 0.019231 0.038095
0 0.273299 0.080952 0.015533 0.027451
0 0.757951 0.307003 0.019601 0.035854
0 0.958395 0.311485 0.015902 0.029132
0 0.226701 0.130252 0.016272 0.027451
0 0.313240 0.107563 0.016272 0.030252
0 0.877959 0.452101 0.019970 0.035854
0 0.624630 0.296078 0.022189 0.039776
0 0.227256 0.104482 0.015902 0.026331
0 0.882212 0.289636 0.015902 0.028011
0 0.389238 0.196639 0.020340 0.038095
0 0.382766 0.311765 0.023669 0.042017
0 0.874260 0.410644 0.023669 0.036975
0 0.979105 0.373669 0.017382 0.031373
0 0.797892 0.245938 0.016642 0.032493
0 0.928994 0.280952 0.015533 0.026331
0 0.849852 0.317367 0.018491 0.034174
0 0.591901 0.220168 0.019601 0.034734
0 0.861317 0.226611 0.016272 0.030812
0 0.261464 0.153782 0.017751 0.031933
0 0.073040 0.116246 0.013683 0.019608
0 0.150703 0.055742 0.008506 0.017367
0 0.108913 0.150700 0.013683 0.029132
0 0.169194 0.120448 0.012204 0.023529
0 0.181768 0.133613 0.012944 0.024090
0 0.152922 0.164426 0.015163 0.026331
0 0.203587 0.152661 0.023299 0.019608
0 0.199519 0.173669 0.016642 0.025770
0 0.203957 0.199440 0.016642 0.031373
0 0.204142 0.070028 0.013314 0.022409
0 0.241309 0.054342 0.009985 0.021289
0 0.249815 0.049300 0.012944 0.022409
0 0.289201 0.049300 0.011095 0.025770
0 0.300111 0.048739 0.012204 0.023529
0 0.323040 0.046218 0.012944 0.020728
0 0.325444 0.070028 0.013314 0.022409
0 0.251664 0.090196 0.015163 0.029132
0 0.103550 0.350700 0.026627 0.041457
0 0.188794 0.340056 0.025518 0.041457
0 0.193602 0.308964 0.023299 0.030812
0 0.205251 0.384034 0.026627 0.053221
0 0.277367 0.415406 0.031805 0.053221
0 0.183987 0.522969 0.024778 0.044258
0 0.259246 0.581513 0.034024 0.051541
0 0.350592 0.389076 0.029586 0.061064
0 0.488351 0.362745 0.032914 0.050980
0 0.493158 0.546218 0.037352 0.053782
0 0.533469 0.443978 0.040311 0.055462
0 0.620377 0.364146 0.030695 0.042577
0 0.672337 0.227451 0.027367 0.036975
0 0.671228 0.194398 0.019970 0.031373
0 0.726331 0.246218 0.017751 0.028571
0 0.759615 0.277031 0.018491 0.026331
0 0.714497 0.378711 0.028107 0.054902
0 0.677885 0.494398 0.030325 0.044258
0 0.794933 0.384594 0.030695 0.044258
0 0.887389 0.335854 0.019601 0.034174
0 0.924556 0.333333 0.017751 0.029132
0 0.921967 0.389636 0.016272 0.025210
0 0.939349 0.436415 0.022929 0.033613
0 0.944896 0.482913 0.025888 0.033613
0 0.989090 0.491877 0.021820 0.031373
0 0.977441 0.432213 0.024408 0.029692
0 0.990570 0.354622 0.014423 0.022409
0 0.975777 0.327451 0.014423 0.020728
0 0.996857 0.314566 0.006287 0.027451
0 0.757581 0.029972 0.009246 0.010644
0 0.308062 0.872549 0.035503 0.054342
