0 0.166235 0.151821 0.012944 0.023529
0 0.119453 0.191877 0.015533 0.028571
0 0.736871 0.234734 0.020340 0.039216
0 0.527552 0.174510 0.017382 0.031933
0 0.848743 0.596919 0.026627 0.038655
0 0.589682 0.325210 0.028476 0.045378
0 0.322670 0.064706 0.014423 0.028571
0 0.116309 0.234454 0.016642 0.029692
0 0.285318 0.601120 0.022559 0.040336
0 0.881287 0.148739 0.008136 0.015126
0 0.733728 0.059944 0.011095 0.020168
0 0.830067 0.106162 0.008506 0.015126
0 0.206176 0.083193 0.014423 0.027451
0 0.262759 0.138375 0.010725 0.021289
0 0.134615 0.271429 0.019231 0.034174
0 0.283099 0.111485 0.017382 0.033613
0 0.295858 0.119888 0.008136 0.016807
0 0.358358 0.095798 0.017751 0.028011
0 0.364090 0.594118 0.021820 0.034174
0 0.739275 0.608964 0.023669 0.047059
0 0.888683 0.605322 0.023669 0.035294
0 0.972078 0.483754 0.020340 0.030812
0 0.979105 0.455742 0.011464 0.017367
0 0.978920 0.391036 0.014053 0.024650
0 0.996117 0.405602 0.007766 0.022409
0 0.831731 0.297479 0.022189 0.035854
