0 0.165865 0.374510 0.026997 0.045378
0 0.330067 0.055742 0.014423 0.026331
0 0.363720 0.558543 0.025518 0.044818
0 0.190459 0.296639 0.021450 0.040896
0 0.286058 0.577311 0.022559 0.044258
0 0.169933 0.229412 0.019601 0.034174
0 0.117973 0.236695 0.016272 0.028571
0 0.164941 0.149020 0.013314 0.024650
0 0.118343 0.355462 0.027367 0.043137
0 0.239275 0.055462 0.012574 0.022409
0 0.135725 0.176471 0.014793 0.031373
0 0.883321 0.150980 0.008506 0.015126
0 0.951368 0.611765 0.021820 0.036975
0 0.834320 0.108683 0.009615 0.016807
0 0.211723 0.080672 0.012944 0.022409
0 0.988905 0.306162 0.014053 0.031933
0 0.964867 0.262745 0.011834 0.021289
0 0.349112 0.079552 0.013314 0.031373
0 0.274963 0.075910 0.015163 0.027451
0 0.249445 0.174510 0.019601 0.033053
0 0.232618 0.159664 0.017751 0.026891
0 0.309172 0.109524 0.009615 0.017367
0 0.295858 0.121849 0.007396 0.015126
0 0.348558 0.176471 0.021820 0.032493
0 0.500370 0.478992 0.030325 0.063866
0 0.501664 0.384874 0.035133 0.057143
0 0.737981 0.608123 0.028476 0.042017
0 0.850037 0.566387 0.026257 0.039216
0 0.841346 0.376190 0.015533 0.017367
0 0.809726 0.272549 0.021080 0.033053
0 0.722263 0.242577 0.022929 0.038095
0 0.856879 0.280392 0.020710 0.034174
0 0.993898 0.400280 0.012204 0.024090
0 0.978735 0.457143 0.012204 0.016807
