0 0.840294 0.362667 0.012353 0.016667
0 0.541912 0.456667 0.017941 0.026000
0 0.767647 0.453667 0.018824 0.025333
0 0.829265 0.441833 0.022647 0.027000
0 0.787353 0.477333 0.024118 0.028000
0 0.265588 0.616833 0.027059 0.034333
0 0.745735 0.499833 0.024412 0.031000
0 0.776176 0.377500 0.014706 0.020333
0 0.332059 0.613333 0.027647 0.032000
0 0.532794 0.553167 0.024412 0.035667
0 0.902206 0.381000 0.013235 0.015333
0 0.728824 0.359833 0.012353 0.017667
0 0.468676 0.578000 0.027353 0.034667
0 0.850000 0.354500 0.011176 0.014333
0 0.323676 0.563167 0.026765 0.035000
0 0.493824 0.719833 0.034118 0.049667
0 0.565882 0.499167 0.024706 0.028333
0 0.626324 0.505000 0.027941 0.036000
0 0.717059 0.399333 0.015882 0.022000
0 0.795882 0.392833 0.015294 0.022333
0 0.536029 0.614667 0.030294 0.037333
0 0.606471 0.425667 0.018235 0.027333
0 0.395735 0.545500 0.027353 0.026333
0 0.205735 0.688833 0.035000 0.039667
0 0.760294 0.406833 0.016471 0.022333
0 0.478676 0.466167 0.022059 0.027000
0 0.641765 0.444667 0.018824 0.028000
0 0.945882 0.370333 0.012941 0.016667
0 0.814412 0.326333 0.010000 0.013333
0 0.567941 0.446000 0.022353 0.032667
0 0.803088 0.425833 0.015588 0.023667
0 0.708235 0.487500 0.020588 0.033000
0 0.165882 0.655833 0.028824 0.039667
0 0.283824 0.744333 0.041176 0.040667
0 0.406471 0.516167 0.025882 0.032333
0 0.685441 0.393500 0.013235 0.019667
0 0.750588 0.390833 0.015882 0.019667
0 0.403382 0.598833 0.033235 0.036333
0 0.197941 0.753333 0.032353 0.033333
0 0.827353 0.305000 0.009412 0.012000
0 0.822353 0.347000 0.012941 0.016667
0 0.640735 0.382333 0.015588 0.022000
0 0.057500 0.730000 0.029706 0.046000
0 0.952941 0.318167 0.010000 0.012333
0 0.655147 0.408333 0.016765 0.024667
0 0.244706 0.393167 0.010000 0.012333
0 0.886912 0.345667 0.013235 0.021333
0 0.689853 0.613833 0.023235 0.027667
0 0.779706 0.280167 0.009412 0.013667
0 0.729853 0.434500 0.015588 0.021000
0 0.597794 0.517500 0.026176 0.035667
0 0.840588 0.318000 0.011765 0.015333
0 0.768676 0.345833 0.013235 0.017667
0 0.883971 0.301167 0.009706 0.013000
0 0.274853 0.423000 0.010882 0.014000
0 0.857206 0.322500 0.010882 0.013000
0 0.962794 0.342167 0.009706 0.017000
0 0.895000 0.323667 0.010000 0.012667
0 0.118235 0.715333 0.037647 0.040000
0 0.957647 0.304167 0.009412 0.011667
0 0.901471 0.307500 0.009412 0.011667
0 0.899265 0.393667 0.016176 0.022667
0 0.159412 0.398333 0.009412 0.010667
0 0.912500 0.369833 0.012647 0.015667
0 0.985147 0.315667 0.008529 0.011333
0 0.081912 0.426000 0.007941 0.010000
0 0.918382 0.340500 0.012059 0.013667
0 0.950000 0.286167 0.008235 0.009667
0 0.956471 0.370167 0.010000 0.014333
0 0.922941 0.284500 0.007647 0.011000
0 0.887353 0.292500 0.008235 0.009667
0 0.927206 0.302833 0.008529 0.011000
0 0.058824 0.426833 0.008824 0.010333
0 0.088235 0.408500 0.007059 0.008333
0 0.176912 0.383667 0.006765 0.008667
0 0.098235 0.423333 0.009412 0.010667
0 0.097353 0.914333 0.038824 0.056667
0 0.923088 0.317833 0.009706 0.011000
0 0.862353 0.296333 0.008824 0.012000
0 0.077500 0.413833 0.007941 0.009667
0 0.302353 0.326500 0.007059 0.009000
0 0.530000 0.595167 0.027647 0.023000
0 0.116176 0.417500 0.007647 0.009667
0 0.905735 0.295333 0.008529 0.010667
0 0.781029 0.318333 0.010294 0.012667
0 0.221618 0.372667 0.008529 0.009333
0 0.123235 0.411833 0.008824 0.011667
0 0.936618 0.330833 0.008529 0.011667
0 0.115882 0.398167 0.008235 0.009667
0 0.706618 0.240333 0.005000 0.006000
0 0.126176 0.381667 0.007059 0.008667
0 0.945000 0.299167 0.008824 0.010333
0 0.243676 0.376000 0.010294 0.010667
0 0.128971 0.392167 0.007941 0.009000
0 0.962794 0.278333 0.007353 0.009333
0 0.940588 0.313667 0.009412 0.012667
0 0.188676 0.381333 0.008529 0.010000
0 0.074706 0.422167 0.008235 0.009667
0 0.993088 0.307833 0.007941 0.010333
0 0.153235 0.383667 0.007059 0.008667
0 0.993382 0.295667 0.007353 0.010000
0 0.170735 0.377667 0.006176 0.008000
0 0.327647 0.323167 0.007647 0.009667
0 0.846765 0.308500 0.008824 0.011000
0 0.175441 0.371500 0.006176 0.006333
0 0.820147 0.263833 0.007941 0.011000
0 0.922353 0.324333 0.010588 0.012000
0 0.141324 0.400167 0.008529 0.009667
0 0.976324 0.294667 0.007941 0.010000
0 0.216324 0.785667 0.053824 0.052000
0 0.165147 0.958500 0.045000 0.057667
0 0.043088 0.823000 0.042059 0.046000
0 0.777941 0.343000 0.012353 0.017333
0 0.828529 0.393333 0.011765 0.018000
0 0.892647 0.339667 0.005294 0.013333
0 0.931324 0.310500 0.007353 0.013000
0 0.945882 0.285333 0.004118 0.008000
0 0.969118 0.288667 0.006471 0.011333
0 0.973529 0.279167 0.004706 0.007667
0 0.983971 0.284500 0.006765 0.008333
0 0.992206 0.274333 0.006176 0.010000
0 0.724706 0.235000 0.004706 0.005333
0 0.714706 0.242833 0.005882 0.005000
0 0.353382 0.268500 0.005000 0.005667
0 0.314118 0.273833 0.004706 0.004333
0 0.308235 0.275167 0.003529 0.005000
0 0.302059 0.267333 0.001765 0.003333
0 0.196618 0.370000 0.007353 0.007333
0 0.193235 0.373667 0.009412 0.008667
0 0.140147 0.371167 0.008529 0.008333
0 0.161912 0.369000 0.007353 0.004667
0 0.130735 0.407167 0.010294 0.012333
0 0.109265 0.400833 0.005588 0.009000
0 0.098676 0.401833 0.010294 0.011667
0 0.089853 0.417000 0.007353 0.010000
0 0.062059 0.418500 0.008824 0.010333
0 0.992794 0.592333 0.014412 0.038667
