0 0.508506 0.375070 0.032544 0.059944
0 0.491494 0.476471 0.036982 0.061064
0 0.243343 0.057423 0.012574 0.022969
0 0.874075 0.270588 0.020340 0.033613
0 0.713203 0.228291 0.020340 0.038655
0 0.227626 0.146499 0.012204 0.022969
0 0.805473 0.285434 0.021450 0.037535
0 0.833025 0.112325 0.008506 0.015126
0 0.117788 0.233613 0.018861 0.030252
0 0.166605 0.226050 0.018121 0.027451
0 0.884061 0.148179 0.009985 0.016246
0 0.906620 0.308964 0.019601 0.034174
0 0.735392 0.603641 0.018121 0.031933
0 0.969490 0.256583 0.014423 0.026891
0 0.173262 0.146779 0.012944 0.023529
0 0.920303 0.335014 0.022559 0.036975
0 0.358543 0.555742 0.023299 0.043697
0 0.126664 0.186275 0.017382 0.030812
0 0.247041 0.158543 0.018491 0.030252
0 0.219490 0.082913 0.015902 0.025770
0 0.275518 0.074510 0.017751 0.030252
0 0.316383 0.062185 0.014423 0.028011
0 0.346524 0.079272 0.016272 0.024090
0 0.356139 0.157983 0.018491 0.028011
0 0.297892 0.117647 0.007027 0.015686
0 0.135170 0.284594 0.021820 0.035854
0 0.117604 0.350420 0.026627 0.036415
0 0.141272 0.376471 0.028107 0.033613
0 0.286612 0.573669 0.023669 0.036975
0 0.883691 0.451821 0.025518 0.038655
0 0.933617 0.483473 0.021820 0.034734
0 0.979105 0.452101 0.013683 0.021289
0 0.995377 0.329132 0.009246 0.024090
0 0.992788 0.403361 0.014423 0.023529
0 0.997781 0.215686 0.004438 0.013445
0 0.990754 0.573669 0.018491 0.036975
0 0.861132 0.623249 0.029216 0.038655
