0 0.842500 0.448333 0.021471 0.028000
0 0.724412 0.437167 0.017647 0.023667
0 0.802206 0.421167 0.018529 0.023667
0 0.621912 0.420500 0.016765 0.025667
0 0.710588 0.501500 0.021765 0.027000
0 0.335000 0.552500 0.027059 0.031000
0 0.813529 0.394167 0.019412 0.021667
0 0.205000 0.695833 0.034706 0.037667
0 0.756618 0.502000 0.021471 0.031333
0 0.683529 0.390833 0.015294 0.020333
0 0.786029 0.320167 0.012059 0.015667
0 0.657059 0.442000 0.019412 0.026000
0 0.546176 0.513000 0.024706 0.029333
0 0.790735 0.474500 0.021471 0.027667
0 0.499853 0.518000 0.023235 0.035333
0 0.606029 0.358000 0.014412 0.018667
0 0.450147 0.623167 0.035588 0.043000
0 0.754559 0.448000 0.018529 0.030000
0 0.574412 0.447000 0.023529 0.028667
0 0.915441 0.403167 0.016765 0.019000
0 0.469853 0.566333 0.024412 0.029333
0 0.258235 0.618833 0.028824 0.035000
0 0.163824 0.647167 0.027647 0.037667
0 0.822941 0.346667 0.013529 0.016667
0 0.424118 0.537500 0.026471 0.030333
0 0.689853 0.613667 0.023824 0.027333
0 0.538676 0.624500 0.033824 0.041667
0 0.842353 0.364000 0.012353 0.017333
0 0.477353 0.471000 0.021176 0.027333
0 0.307500 0.748000 0.036176 0.043333
0 0.741176 0.395667 0.015882 0.019333
0 0.708529 0.365667 0.014118 0.020667
0 0.632500 0.500167 0.032647 0.039000
0 0.532647 0.581000 0.027059 0.032667
0 0.341912 0.592000 0.026176 0.033333
0 0.850735 0.354000 0.012059 0.015333
0 0.887206 0.346333 0.010882 0.021333
0 0.758676 0.392333 0.015588 0.021333
0 0.642206 0.380500 0.016765 0.023000
0 0.948382 0.373333 0.016765 0.019333
0 0.585441 0.339000 0.012059 0.018667
0 0.597500 0.524000 0.027353 0.037333
0 0.772941 0.346167 0.013529 0.017667
0 0.958529 0.342833 0.011176 0.015667
0 0.856912 0.322500 0.010294 0.013000
0 0.809412 0.322167 0.010000 0.013667
0 0.756324 0.365667 0.014412 0.020000
0 0.058824 0.704333 0.031765 0.035333
0 0.097500 0.423667 0.009706 0.012000
0 0.217206 0.780667 0.041471 0.052000
0 0.557647 0.446667 0.013529 0.022000
0 0.915588 0.369500 0.014706 0.021667
0 0.768235 0.364167 0.012353 0.018333
0 0.903382 0.309833 0.009118 0.012333
0 0.126471 0.812500 0.038824 0.044333
0 0.840147 0.316833 0.008529 0.012333
0 0.088235 0.409000 0.007059 0.009333
0 0.147941 0.398667 0.008824 0.011333
0 0.121618 0.411167 0.009706 0.011667
0 0.908382 0.295333 0.008529 0.010667
0 0.864118 0.298000 0.008824 0.012000
0 0.934412 0.326333 0.009412 0.012000
0 0.921029 0.284167 0.007941 0.010333
0 0.081324 0.426500 0.009706 0.011667
0 0.661618 0.409000 0.020882 0.024667
0 0.828235 0.306167 0.009412 0.013667
0 0.994265 0.308167 0.007353 0.009667
0 0.918382 0.320833 0.009118 0.013000
0 0.988235 0.316333 0.007647 0.011333
0 0.902500 0.380167 0.013235 0.015000
0 0.060294 0.427000 0.008824 0.010667
0 0.122500 0.715167 0.035000 0.041000
0 0.698676 0.268167 0.006765 0.009000
0 0.917941 0.341167 0.014706 0.015000
0 0.234706 0.398000 0.011765 0.014000
0 0.238529 0.375500 0.008235 0.009667
0 0.935882 0.313667 0.008235 0.010667
0 0.893971 0.323000 0.010882 0.014667
0 0.964412 0.305833 0.008235 0.011667
0 0.153824 0.382333 0.007647 0.009333
0 0.990147 0.283500 0.006765 0.008333
0 0.891471 0.293667 0.008235 0.010667
0 0.118824 0.400000 0.007647 0.009333
0 0.194853 0.904833 0.041471 0.047667
0 0.121765 0.384833 0.006471 0.011667
0 0.949265 0.316167 0.009118 0.011667
0 0.071765 0.413500 0.008235 0.010333
0 0.926765 0.320333 0.008824 0.012667
0 0.158971 0.398833 0.008529 0.009667
0 0.800441 0.232167 0.004412 0.005667
0 0.178382 0.383000 0.006765 0.008000
0 0.643824 0.251500 0.006471 0.008333
0 0.073971 0.422167 0.007941 0.010333
0 0.847794 0.307167 0.009118 0.012333
0 0.883235 0.299167 0.008235 0.011000
0 0.189853 0.380167 0.007941 0.009667
0 0.982206 0.296000 0.007353 0.009333
0 0.993235 0.273833 0.006471 0.008333
0 0.109853 0.400833 0.007353 0.009667
0 0.170441 0.378167 0.006765 0.008333
0 0.965735 0.287500 0.006765 0.009000
0 0.944559 0.299167 0.007941 0.009667
0 0.832794 0.393333 0.014412 0.016667
0 0.926324 0.322667 0.009118 0.013333
0 0.131912 0.966833 0.064412 0.059667
0 0.219265 0.991000 0.032647 0.018000
0 0.040588 0.839833 0.046471 0.054333
0 0.956912 0.371667 0.009118 0.017333
0 0.781029 0.347000 0.011471 0.023333
0 0.930294 0.307667 0.008824 0.011333
0 0.926176 0.304333 0.008824 0.012667
0 0.946029 0.286333 0.009118 0.011333
0 0.960882 0.278000 0.006471 0.010000
0 0.974118 0.279667 0.007647 0.009333
0 0.992500 0.296333 0.007941 0.008667
0 0.703382 0.241333 0.006176 0.007333
0 0.720735 0.242833 0.004412 0.006333
0 0.724265 0.235500 0.005000 0.007667
0 0.849118 0.220333 0.002941 0.004667
0 0.313382 0.274167 0.005000 0.004333
0 0.304559 0.276000 0.003824 0.004667
0 0.227353 0.373000 0.011176 0.011333
0 0.196029 0.372000 0.006176 0.008667
0 0.177647 0.371833 0.005882 0.009000
0 0.173382 0.372667 0.006176 0.006000
0 0.141471 0.371667 0.008235 0.009333
0 0.152647 0.375833 0.007059 0.005667
0 0.135147 0.387667 0.009118 0.011333
0 0.128676 0.390167 0.005000 0.009000
0 0.115735 0.394333 0.007941 0.005333
0 0.095882 0.403667 0.007647 0.006000
0 0.102941 0.399500 0.005882 0.009000
0 0.034706 0.452333 0.010000 0.014000
