0 0.440459 0.251541 0.021450 0.056022
0 0.453033 0.164426 0.018491 0.039776
0 0.321006 0.049020 0.012574 0.024090
0 0.899963 0.454622 0.018861 0.038655
0 0.272374 0.078992 0.017382 0.031373
0 0.675851 0.196359 0.010725 0.020728
0 0.214312 0.194398 0.015163 0.029132
0 0.309172 0.030252 0.013314 0.021289
0 0.306768 0.146499 0.018121 0.029692
0 0.318972 0.071709 0.009985 0.019048
0 0.182322 0.190756 0.019231 0.033053
0 0.676036 0.228852 0.018491 0.033053
0 0.990939 0.345938 0.015902 0.035294
0 0.164756 0.176751 0.012944 0.022969
0 0.367788 0.143697 0.019601 0.037535
0 0.950629 0.289076 0.012944 0.025770
0 0.278661 0.217367 0.023299 0.033613
0 0.202293 0.139216 0.017012 0.028571
0 0.102811 0.301401 0.023669 0.033613
0 0.102811 0.241457 0.025888 0.032493
0 0.147374 0.158824 0.015163 0.030812
0 0.176775 0.129132 0.017012 0.025210
0 0.186945 0.157423 0.015902 0.024650
0 0.235577 0.131373 0.019231 0.026331
0 0.220969 0.095518 0.015163 0.021849
0 0.206361 0.073950 0.012574 0.022409
0 0.234098 0.049580 0.014053 0.024090
0 0.258691 0.070588 0.012204 0.022409
0 0.291975 0.036975 0.011464 0.021289
0 0.325629 0.134454 0.021080 0.030252
0 0.264423 0.156303 0.025888 0.031373
0 0.247411 0.175350 0.022189 0.034734
0 0.339312 0.214566 0.021820 0.038095
0 0.414941 0.193557 0.023669 0.040896
0 0.371857 0.272549 0.029956 0.037535
0 0.340422 0.363585 0.026257 0.051541
0 0.281250 0.416807 0.032914 0.058263
0 0.215052 0.454062 0.026257 0.050980
0 0.130178 0.481232 0.030325 0.044818
0 0.156250 0.554062 0.028476 0.051541
0 0.208765 0.531373 0.032914 0.054342
0 0.313240 0.577871 0.036243 0.065546
0 0.380732 0.557143 0.038092 0.059944
0 0.456546 0.481793 0.037352 0.045938
0 0.404401 0.370308 0.032175 0.051541
0 0.484652 0.304482 0.032914 0.046499
0 0.501849 0.215686 0.025888 0.042577
0 0.544194 0.196359 0.020340 0.035294
0 0.619083 0.191317 0.025148 0.031933
0 0.606509 0.220728 0.019970 0.039216
0 0.565089 0.317087 0.022189 0.052661
0 0.537537 0.346779 0.029216 0.051541
0 0.567678 0.445658 0.036243 0.055462
0 0.665311 0.417927 0.031065 0.043697
0 0.625000 0.289916 0.023669 0.042017
0 0.666420 0.271989 0.022929 0.049860
0 0.713018 0.184034 0.016272 0.028571
0 0.735947 0.271709 0.017751 0.034734
0 0.785133 0.236415 0.019231 0.032493
0 0.805843 0.251261 0.021450 0.035294
0 0.771080 0.298039 0.019970 0.038095
0 0.780880 0.331653 0.024778 0.035854
0 0.822115 0.322129 0.024408 0.040336
0 0.856879 0.313725 0.020710 0.034734
0 0.841531 0.257143 0.017382 0.031373
0 0.872226 0.240056 0.018861 0.030812
0 0.834689 0.401681 0.031065 0.045938
0 0.747226 0.413725 0.028476 0.050980
0 0.759430 0.489076 0.034393 0.042577
0 0.891457 0.405042 0.023299 0.036975
0 0.896820 0.328291 0.022929 0.038095
0 0.904401 0.295238 0.016642 0.029132
0 0.931213 0.332213 0.017012 0.035854
0 0.930288 0.393277 0.021080 0.026891
0 0.945636 0.427731 0.022929 0.036415
0 0.988536 0.428011 0.020710 0.030252
0 0.995007 0.398599 0.009985 0.020728
0 0.957470 0.504202 0.025148 0.030252
0 0.993898 0.484314 0.012204 0.028571
