0 0.163831 0.392997 0.023669 0.047619
0 0.189349 0.319888 0.025888 0.044818
0 0.738720 0.241457 0.021820 0.038095
0 0.981139 0.265826 0.012574 0.022969
0 0.201738 0.092437 0.012944 0.024650
0 0.833580 0.107563 0.008136 0.014566
0 0.168454 0.143978 0.015163 0.025770
0 0.881842 0.147339 0.007766 0.014566
0 0.815643 0.273109 0.021080 0.034174
0 0.250740 0.054622 0.012574 0.025210
0 0.119268 0.188796 0.017382 0.028011
0 0.122226 0.234454 0.018861 0.030812
0 0.168639 0.221569 0.021450 0.031933
0 0.284578 0.084034 0.013683 0.029132
0 0.329327 0.056863 0.014423 0.027451
0 0.350592 0.076751 0.015533 0.025770
0 0.361132 0.112325 0.021820 0.034174
0 0.228920 0.164146 0.017012 0.020168
0 0.240015 0.184874 0.017751 0.024650
0 0.123706 0.375070 0.029216 0.037535
0 0.285318 0.608403 0.025518 0.048179
0 0.365754 0.595798 0.025148 0.031933
0 0.506472 0.462745 0.044009 0.063866
0 0.490754 0.383754 0.038462 0.053782
0 0.856509 0.281513 0.022189 0.035294
0 0.890348 0.318207 0.021820 0.033613
0 0.990939 0.302801 0.012204 0.025210
0 0.993713 0.400000 0.012574 0.022409
0 0.975592 0.449580 0.012574 0.017367
0 0.835059 0.571709 0.026627 0.035294
0 0.955621 0.611485 0.022189 0.031933
0 0.738351 0.609804 0.023299 0.036415
