0 0.535588 0.631333 0.033529 0.038667
0 0.754853 0.370667 0.015000 0.020667
0 0.779559 0.394667 0.015588 0.021333
0 0.731176 0.345167 0.012941 0.018333
0 0.869412 0.425500 0.017647 0.021000
0 0.828529 0.393167 0.015294 0.021667
0 0.749118 0.446167 0.018235 0.027000
0 0.795441 0.420667 0.016765 0.025333
0 0.421029 0.611000 0.029118 0.038000
0 0.687353 0.614333 0.024118 0.028000
0 0.601029 0.489000 0.022647 0.030000
0 0.645294 0.414333 0.019412 0.025333
0 0.249853 0.620667 0.029706 0.031333
0 0.383088 0.522500 0.029118 0.036333
0 0.680000 0.480500 0.020000 0.029000
0 0.925441 0.417833 0.015000 0.019000
0 0.486029 0.664667 0.035000 0.038000
0 0.155588 0.662167 0.028824 0.038333
0 0.491029 0.577167 0.025588 0.033000
0 0.821029 0.450667 0.022059 0.028667
0 0.807353 0.353833 0.013529 0.017000
0 0.774706 0.473000 0.018235 0.025333
0 0.544559 0.509667 0.024412 0.035333
0 0.375147 0.618500 0.029706 0.037000
0 0.619412 0.386333 0.018235 0.024000
0 0.684265 0.415167 0.020882 0.020333
0 0.489412 0.493667 0.021176 0.029333
0 0.325441 0.566333 0.027353 0.034000
0 0.706765 0.442333 0.020588 0.024000
0 0.353529 0.481000 0.021176 0.030000
0 0.658529 0.399333 0.015294 0.019333
0 0.936618 0.373500 0.012059 0.015667
0 0.311765 0.615333 0.030588 0.040000
0 0.801029 0.437667 0.016176 0.024000
0 0.270441 0.749333 0.036765 0.050667
0 0.549853 0.598833 0.032059 0.034333
0 0.541765 0.453333 0.018235 0.024667
0 0.737059 0.500833 0.026471 0.031667
0 0.589559 0.534667 0.030882 0.040000
0 0.944706 0.346333 0.011765 0.016000
0 0.096471 0.803500 0.039412 0.043667
0 0.773971 0.284667 0.008529 0.012000
0 0.033971 0.714000 0.032647 0.033333
0 0.425735 0.549833 0.023824 0.032333
0 0.201176 0.685167 0.038824 0.039667
0 0.167059 0.864000 0.034118 0.039333
0 0.628529 0.451333 0.019412 0.026000
0 0.845441 0.300833 0.009706 0.013000
0 0.587794 0.421833 0.016765 0.021000
0 0.809412 0.318000 0.009412 0.013333
0 0.881912 0.359333 0.012647 0.016667
0 0.703676 0.370000 0.013235 0.020000
0 0.803971 0.333000 0.012059 0.014667
0 0.912794 0.355333 0.012059 0.014667
0 0.819853 0.368500 0.013235 0.017000
0 0.876176 0.397500 0.013529 0.019000
0 0.117353 0.719167 0.041176 0.039000
0 0.866618 0.304333 0.009706 0.012667
0 0.833971 0.363667 0.012647 0.016667
0 0.843088 0.329833 0.012059 0.013667
0 0.175588 0.393333 0.008235 0.010667
0 0.583971 0.445333 0.019706 0.028000
0 0.267794 0.375167 0.010882 0.011667
0 0.875882 0.331000 0.011176 0.016000
0 0.101324 0.424833 0.009706 0.012333
0 0.119559 0.415667 0.007941 0.010000
0 0.827794 0.314833 0.009118 0.013667
0 0.893676 0.295667 0.009118 0.012000
0 0.957500 0.289833 0.007941 0.010333
0 0.910441 0.310167 0.008529 0.011000
0 0.910735 0.329000 0.012647 0.016000
0 0.981471 0.307667 0.008824 0.010667
0 0.922500 0.321500 0.009118 0.012333
0 0.970000 0.320500 0.008824 0.011667
0 0.773529 0.343500 0.012353 0.017667
0 0.947059 0.324167 0.009412 0.011667
0 0.076765 0.430167 0.008824 0.010333
0 0.784118 0.336500 0.011765 0.015000
0 0.699412 0.238000 0.004706 0.006000
0 0.237059 0.884333 0.050000 0.058000
0 0.882500 0.313000 0.009706 0.013333
0 0.995882 0.284000 0.007059 0.009333
0 0.902206 0.323333 0.009706 0.012000
0 0.774853 0.320500 0.013235 0.016333
0 0.060588 0.427500 0.008235 0.010333
0 0.913088 0.299000 0.007941 0.010000
0 0.878971 0.347833 0.010882 0.012333
0 0.990147 0.274667 0.006176 0.008000
0 0.842794 0.257500 0.006765 0.009000
0 0.188676 0.387167 0.008529 0.010333
0 0.079118 0.418833 0.010000 0.011667
0 0.106618 0.401333 0.006176 0.008000
0 0.081324 0.409500 0.006765 0.007667
0 0.804559 0.308833 0.009118 0.010333
0 0.936618 0.299333 0.008529 0.011333
0 0.174412 0.374667 0.005882 0.007333
0 0.921029 0.304167 0.008529 0.010333
0 0.940000 0.287500 0.007647 0.010333
0 0.115735 0.408833 0.007353 0.009000
0 0.115147 0.398667 0.006176 0.007333
0 0.708088 0.241167 0.005000 0.006333
0 0.165588 0.379333 0.006471 0.008000
0 0.992647 0.299500 0.008235 0.011000
0 0.964118 0.289000 0.007059 0.009333
0 0.185735 0.374667 0.006176 0.007333
0 0.927353 0.450833 0.017059 0.025000
0 0.152353 0.397000 0.009412 0.012667
0 0.126176 0.396667 0.007059 0.007333
0 0.914412 0.285167 0.007059 0.009667
0 0.822059 0.503500 0.020000 0.026333
0 0.112353 0.420000 0.008235 0.010000
0 0.978235 0.300333 0.007647 0.009333
0 0.983676 0.282667 0.007353 0.010000
0 0.157941 0.772500 0.042353 0.048333
0 0.974412 0.282333 0.007059 0.008667
0 0.180441 0.382000 0.006765 0.008667
0 0.896618 0.354833 0.010294 0.013667
0 0.121176 0.392167 0.005882 0.007000
0 0.119265 0.384333 0.006765 0.008000
0 0.089265 0.964167 0.045588 0.062333
0 0.263382 0.989167 0.036765 0.021667
0 0.038824 0.806667 0.030588 0.048000
0 0.476176 0.506500 0.018824 0.023000
0 0.755294 0.356500 0.011176 0.008333
0 0.930735 0.319167 0.009118 0.013000
0 0.921618 0.282167 0.007941 0.009000
0 0.963676 0.279500 0.006765 0.009000
0 0.984706 0.296667 0.007059 0.010667
0 0.998676 0.300167 0.002647 0.009000
0 0.688676 0.239000 0.004412 0.005333
0 0.506912 0.282167 0.005000 0.007000
0 0.311912 0.274667 0.003235 0.004667
0 0.314706 0.273833 0.002353 0.004333
0 0.304559 0.276500 0.002647 0.004333
0 0.305294 0.270667 0.002353 0.004000
0 0.310147 0.269667 0.002059 0.004000
0 0.299559 0.366833 0.009118 0.009667
0 0.294118 0.370500 0.005882 0.007667
0 0.212206 0.371500 0.010294 0.009667
0 0.193676 0.371333 0.006765 0.008000
0 0.190441 0.379000 0.011471 0.007333
0 0.146471 0.369833 0.006471 0.005667
0 0.153676 0.369000 0.005588 0.004667
0 0.147794 0.379833 0.004412 0.005000
0 0.151618 0.384500 0.005588 0.007000
0 0.152941 0.378833 0.005294 0.007000
0 0.134706 0.385333 0.007059 0.008000
0 0.069265 0.420667 0.009118 0.007333
