0 0.510910 0.389636 0.032175 0.057703
0 0.189719 0.336134 0.020710 0.039216
0 0.326553 0.059104 0.013314 0.024090
0 0.206546 0.090196 0.015902 0.025770
0 0.132581 0.359664 0.021080 0.041457
0 0.146820 0.426050 0.022929 0.045378
0 0.727256 0.227171 0.017382 0.033053
0 0.128513 0.231653 0.015902 0.029692
0 0.232803 0.161625 0.015902 0.030812
0 0.802515 0.273950 0.017012 0.032493
0 0.278107 0.086555 0.018491 0.031933
0 0.159948 0.153221 0.014423 0.026331
0 0.164201 0.223810 0.015533 0.030812
0 0.351516 0.076190 0.013683 0.024650
0 0.880917 0.150700 0.007396 0.013445
0 0.845229 0.115126 0.008506 0.015126
0 0.211354 0.202801 0.015902 0.031373
0 0.864090 0.315686 0.018861 0.035294
0 0.246857 0.056863 0.014423 0.026331
0 0.739645 0.610084 0.022929 0.038095
0 0.358728 0.121849 0.018491 0.034174
0 0.143861 0.177311 0.018491 0.028571
0 0.296043 0.114846 0.007766 0.012325
0 0.287907 0.602241 0.026257 0.042577
0 0.371302 0.591877 0.027367 0.038655
0 0.504253 0.483754 0.039571 0.064426
0 0.944896 0.357703 0.018491 0.037535
0 0.992049 0.309804 0.011464 0.030252
0 0.989090 0.268347 0.010725 0.020168
0 0.857064 0.581793 0.021820 0.033053
0 0.963018 0.609804 0.022189 0.029692
0 0.976701 0.451821 0.013314 0.019608
0 0.994638 0.399440 0.010725 0.023529
