0 0.121302 0.192997 0.017012 0.029692
0 0.154216 0.410924 0.023669 0.046499
0 0.345229 0.274230 0.020340 0.037535
0 0.800481 0.263585 0.018121 0.034174
0 0.719859 0.243697 0.019601 0.036975
0 0.231139 0.220168 0.015533 0.028011
0 0.247596 0.055462 0.012204 0.021289
0 0.116679 0.380392 0.018861 0.035854
0 0.165680 0.156022 0.013314 0.024090
0 0.160318 0.235854 0.021820 0.029132
0 0.116124 0.243417 0.022189 0.028571
0 0.228365 0.172269 0.017382 0.029692
0 0.217086 0.078431 0.016272 0.026891
0 0.274593 0.080952 0.015163 0.028571
0 0.295303 0.119328 0.009246 0.015686
0 0.314534 0.103361 0.008506 0.017367
0 0.326368 0.060504 0.012204 0.028011
0 0.350222 0.078151 0.014793 0.025210
0 0.359467 0.119048 0.019231 0.035294
0 0.282729 0.606162 0.026997 0.044818
0 0.368528 0.589916 0.023299 0.043697
0 0.741309 0.611765 0.022559 0.041457
0 0.858358 0.582633 0.025888 0.039216
0 0.831916 0.375070 0.027737 0.039776
0 0.921598 0.433333 0.024408 0.036415
0 0.960984 0.369188 0.015902 0.030252
0 0.993713 0.399440 0.012574 0.022409
0 0.978365 0.452941 0.012944 0.022969
0 0.987056 0.267507 0.012574 0.018487
0 0.949704 0.334734 0.017012 0.024090
0 0.991309 0.313165 0.012204 0.029132
0 0.826553 0.109524 0.008876 0.017367
0 0.883321 0.150420 0.009246 0.016246
0 0.774963 0.072829 0.010725 0.019048
0 0.763129 0.063866 0.009246 0.016807
