0 0.103125 0.316872 0.017188 0.040123
0 0.052734 0.288066 0.015885 0.030864
0 0.036979 0.211934 0.010937 0.025720
0 0.046094 0.373200 0.017708 0.041667
0 0.529427 0.037809 0.010937 0.024177
0 0.152734 0.316872 0.020052 0.047325
0 0.572656 0.103395 0.011979 0.027778
0 0.102083 0.413837 0.017708 0.042695
0 0.035156 0.276749 0.015104 0.037037
0 0.272005 0.347479 0.017969 0.044753
0 0.195833 0.253601 0.017188 0.038066
0 0.837630 0.213735 0.014323 0.029321
0 0.600260 0.109053 0.011979 0.027778
0 0.694531 0.331276 0.017188 0.040123
0 0.568099 0.028549 0.010677 0.024177
0 0.953516 0.251286 0.012760 0.026235
0 0.992188 0.208076 0.008854 0.020062
0 0.226693 0.342593 0.017969 0.039095
0 0.624870 0.317644 0.016927 0.041667
0 0.017969 0.367541 0.016667 0.035494
0 0.546484 0.012603 0.011198 0.024177
0 0.948307 0.180041 0.009635 0.021605
0 0.289714 0.289095 0.021094 0.043210
0 0.958073 0.227109 0.010937 0.023148
0 0.022135 0.332047 0.014583 0.031379
0 0.488542 0.008230 0.010937 0.015432
0 0.932031 0.269805 0.015104 0.031379
0 0.937370 0.225823 0.010677 0.023663
0 0.152083 0.370370 0.019271 0.049383
0 0.969661 0.228138 0.010156 0.023148
0 0.462500 0.306070 0.023958 0.054527
0 0.589453 0.249486 0.015885 0.034979
0 0.596615 0.154578 0.014063 0.034465
0 0.981250 0.291409 0.013021 0.029321
0 0.905599 0.242027 0.012760 0.026235
0 0.738151 0.317387 0.015885 0.040123
0 0.971875 0.160237 0.011458 0.020062
0 0.995703 0.239969 0.008594 0.022119
0 0.789193 0.323045 0.015365 0.037037
0 0.962240 0.188014 0.010937 0.023148
0 0.972135 0.177726 0.010417 0.021091
0 0.523568 0.338735 0.020052 0.049897
0 0.662370 0.267233 0.013281 0.030350
0 0.003516 0.358025 0.006510 0.036008
0 0.995052 0.186728 0.009375 0.020576
0 0.950130 0.160751 0.009115 0.019033
0 0.075000 0.577932 0.032292 0.060185
0 0.347917 0.364198 0.030729 0.057613
0 0.374089 0.315329 0.021094 0.044239
0 0.424089 0.236883 0.020573 0.046811
0 0.551302 0.145319 0.020833 0.039609
0 0.748698 0.260031 0.017708 0.037551
0 0.824870 0.318416 0.015885 0.030864
0 0.869141 0.363683 0.017448 0.036008
0 0.882552 0.385545 0.016667 0.037551
0 0.931771 0.311214 0.010937 0.028807
0 0.856120 0.225051 0.012240 0.028292
0 0.980729 0.232253 0.009375 0.024177
0 0.948438 0.127572 0.008333 0.016461
0 0.994010 0.399949 0.011979 0.032407
0 0.884505 0.111368 0.010156 0.022119
0 0.821615 0.085648 0.010937 0.022119
0 0.467578 0.004887 0.004948 0.008745
0 0.501172 0.009774 0.009115 0.017490
0 0.511589 0.008488 0.008073 0.013889
