0 0.131510 0.305813 0.017708 0.039609
0 0.064062 0.337449 0.021354 0.048354
0 0.801302 0.273920 0.018229 0.041667
0 0.750911 0.298868 0.015365 0.036008
0 0.668620 0.260031 0.017448 0.044753
0 0.289323 0.277006 0.018229 0.040638
0 0.039583 0.266204 0.016146 0.036523
0 0.535937 0.218107 0.019271 0.041152
0 0.600130 0.278292 0.016406 0.038066
0 0.955859 0.329990 0.018490 0.040638
0 0.410417 0.344650 0.027083 0.054527
0 0.986979 0.306842 0.017188 0.038580
0 0.230078 0.319444 0.022135 0.048354
0 0.112891 0.259774 0.016406 0.036008
0 0.945964 0.228909 0.011198 0.024691
0 0.371745 0.260802 0.016927 0.037037
0 0.099479 0.393004 0.020313 0.047325
0 0.453516 0.361368 0.022656 0.052984
0 0.468359 0.291409 0.022135 0.051955
0 0.507161 0.396091 0.023177 0.060700
0 0.969922 0.251800 0.011719 0.025206
0 0.350000 0.346451 0.024479 0.054012
0 0.164974 0.334362 0.019010 0.041152
0 0.984375 0.272634 0.013021 0.024691
0 0.760677 0.380144 0.016667 0.041152
0 0.235937 0.267747 0.019792 0.043724
0 0.432682 0.263117 0.019010 0.044753
0 0.894401 0.300926 0.016406 0.029835
0 0.003385 0.359053 0.006250 0.027778
0 0.007943 0.284465 0.011719 0.023663
0 0.012891 0.313786 0.015365 0.029835
0 0.045052 0.305298 0.015625 0.025206
0 0.088021 0.279835 0.019271 0.033951
0 0.118359 0.413323 0.020573 0.047840
0 0.199219 0.364198 0.023958 0.047325
0 0.283073 0.346965 0.024479 0.043724
0 0.439063 0.221708 0.018229 0.044239
0 0.517708 0.313529 0.024479 0.048868
0 0.539974 0.280864 0.021615 0.043210
0 0.571615 0.352881 0.027083 0.056584
0 0.613802 0.262603 0.016146 0.042695
0 0.633854 0.405093 0.027083 0.059156
0 0.675000 0.354424 0.025521 0.052469
0 0.802865 0.328704 0.020313 0.041152
0 0.863021 0.293467 0.019271 0.037551
0 0.885807 0.325360 0.012240 0.026235
0 0.887109 0.268519 0.010677 0.030864
0 0.909635 0.244342 0.014583 0.029835
0 0.926432 0.311471 0.014323 0.028292
0 0.945703 0.257973 0.010156 0.030350
0 0.912500 0.400206 0.021354 0.038066
