0 0.819401 0.211677 0.013281 0.029321
0 0.200911 0.177726 0.015365 0.037551
0 0.728255 0.246399 0.014323 0.032922
0 0.326953 0.141975 0.015885 0.037037
0 0.862760 0.260288 0.011979 0.026749
0 0.165755 0.179012 0.015365 0.032922
0 0.283073 0.282665 0.018750 0.045782
0 0.156120 0.270576 0.020573 0.046296
0 0.951042 0.282922 0.011979 0.027778
0 0.010677 0.347222 0.015104 0.033951
0 0.019010 0.275463 0.013021 0.030350
0 0.977734 0.285494 0.011719 0.026749
0 0.493099 0.224023 0.018490 0.041667
0 0.987891 0.249743 0.010677 0.024177
0 0.984896 0.195216 0.009896 0.022119
0 0.601562 0.138889 0.011979 0.026749
0 0.571094 0.092593 0.014583 0.031893
0 0.593490 0.067901 0.013021 0.029835
0 0.942318 0.237912 0.010677 0.025206
0 0.923698 0.322531 0.011979 0.027778
0 0.693880 0.296296 0.016406 0.037037
0 0.954688 0.182870 0.009896 0.022119
0 0.866797 0.323302 0.010677 0.021091
0 0.825911 0.333076 0.014323 0.033436
0 0.263932 0.366770 0.020573 0.053498
0 0.516797 0.183385 0.013281 0.029321
0 0.778646 0.310185 0.014063 0.034979
0 0.971615 0.188014 0.011458 0.031379
0 0.510938 0.416152 0.026042 0.053498
0 0.567448 0.304527 0.020313 0.044239
0 0.961458 0.220165 0.010417 0.021605
0 0.895964 0.282150 0.012240 0.028292
0 0.744141 0.302726 0.020573 0.056070
0 0.636328 0.279578 0.016927 0.042695
0 0.900651 0.375514 0.010156 0.023663
0 0.198047 0.303498 0.019531 0.048354
0 0.038281 0.415895 0.021354 0.035494
0 0.064714 0.382716 0.022135 0.042181
0 0.094271 0.334362 0.022917 0.044239
0 0.179948 0.397891 0.025521 0.050926
0 0.145052 0.371914 0.022396 0.042181
0 0.544401 0.262860 0.014844 0.047325
0 0.640625 0.338477 0.025521 0.053498
0 0.551823 0.390689 0.015104 0.045782
0 0.802865 0.299126 0.012500 0.028292
0 0.851302 0.356996 0.014063 0.028807
0 0.918099 0.240226 0.015365 0.028807
0 0.945052 0.210391 0.008854 0.020576
0 0.993099 0.399949 0.013802 0.033436
