0 0.138151 0.275977 0.016406 0.036523
0 0.410286 0.131944 0.015885 0.034465
0 0.311849 0.254887 0.021615 0.055041
0 0.121484 0.327675 0.016927 0.040123
0 0.932161 0.194702 0.012760 0.026235
0 0.169010 0.182356 0.013021 0.029321
0 0.605469 0.083333 0.010937 0.025720
0 0.827214 0.256173 0.014323 0.034979
0 0.854427 0.245113 0.013542 0.031379
0 0.215625 0.168981 0.013021 0.032407
0 0.263932 0.276492 0.019010 0.043724
0 0.016927 0.271605 0.014583 0.036008
0 0.917578 0.258488 0.011198 0.027263
0 0.504687 0.248971 0.017188 0.041152
0 0.374870 0.303241 0.020052 0.046811
0 0.629427 0.222994 0.015104 0.036523
0 0.108984 0.301698 0.015365 0.034465
0 0.567969 0.088735 0.011979 0.028292
0 0.438672 0.352109 0.023177 0.054012
0 0.492448 0.308128 0.026562 0.053498
0 0.955078 0.203961 0.011198 0.015947
0 0.897396 0.200103 0.012500 0.027778
0 0.726562 0.301955 0.016667 0.044239
0 0.935286 0.244599 0.011719 0.028292
0 0.065495 0.276749 0.013281 0.029835
0 0.882161 0.326646 0.014323 0.034979
0 0.214062 0.340278 0.020833 0.049897
0 0.922396 0.213477 0.011979 0.024691
0 0.810156 0.183899 0.010937 0.024177
0 0.874349 0.220165 0.011198 0.026749
0 0.023698 0.457047 0.018750 0.041667
0 0.368359 0.219136 0.017969 0.044239
0 0.955599 0.216564 0.010156 0.021605
0 0.451953 0.321502 0.018490 0.043210
0 0.871224 0.285751 0.013802 0.032407
0 0.904036 0.273148 0.011198 0.028807
0 0.761979 0.274691 0.017188 0.042181
0 0.984375 0.240484 0.010417 0.025206
0 0.728776 0.222994 0.014844 0.032407
0 0.995703 0.404835 0.008594 0.037037
0 0.615885 0.305813 0.018229 0.046811
0 0.177083 0.308642 0.020313 0.040123
0 0.031510 0.424640 0.025521 0.039609
0 0.005859 0.388117 0.011198 0.035494
0 0.041406 0.316101 0.017708 0.040638
0 0.165365 0.362654 0.027083 0.054527
0 0.273177 0.342335 0.021875 0.062243
0 0.390234 0.397377 0.036719 0.066358
0 0.445052 0.268519 0.023438 0.047325
0 0.570964 0.301440 0.025260 0.050412
0 0.567318 0.236883 0.025260 0.048868
0 0.600521 0.130658 0.014063 0.032922
0 0.680208 0.272891 0.025000 0.039609
0 0.653516 0.469136 0.031510 0.056584
0 0.778516 0.261060 0.017448 0.044753
0 0.811719 0.375772 0.020833 0.043724
0 0.820964 0.306327 0.018490 0.035494
0 0.940234 0.210134 0.009115 0.023148
0 0.888281 0.227623 0.013021 0.028292
0 0.987500 0.199588 0.008333 0.018519
0 0.998568 0.210905 0.002865 0.019547
