0 0.650130 0.283951 0.016927 0.039095
0 0.491406 0.330761 0.018750 0.054527
0 0.612370 0.320730 0.016406 0.037551
0 0.303646 0.299383 0.019271 0.046296
0 0.795182 0.250257 0.012240 0.029321
0 0.288411 0.240484 0.017448 0.045782
0 0.770703 0.280350 0.016406 0.040123
0 0.712500 0.055041 0.011458 0.026749
0 0.098698 0.306327 0.015625 0.037551
0 0.572005 0.110082 0.015365 0.033951
0 0.494010 0.028035 0.010417 0.024177
0 0.916276 0.222737 0.011719 0.026749
0 0.549089 0.026749 0.010677 0.024691
0 0.586198 0.020576 0.010937 0.024691
0 0.549609 0.379630 0.020052 0.063786
0 0.027865 0.278549 0.012500 0.030350
0 0.948568 0.237912 0.011198 0.024177
0 0.618880 0.044239 0.010156 0.023663
0 0.867969 0.217335 0.011979 0.027263
0 0.945052 0.149177 0.009375 0.021605
0 0.036068 0.341307 0.016927 0.037551
0 0.993099 0.213477 0.011198 0.024691
0 0.880078 0.173611 0.009635 0.022119
0 0.533724 0.010288 0.010677 0.019547
0 0.827995 0.311471 0.017448 0.038580
0 0.618620 0.070473 0.010156 0.023663
0 0.590234 0.053241 0.010677 0.024177
0 0.593750 0.154321 0.015104 0.034979
0 0.758984 0.330247 0.021094 0.045267
0 0.640495 0.034722 0.010156 0.024177
0 0.943359 0.214506 0.011719 0.024691
0 0.665234 0.033693 0.010156 0.023148
0 0.535677 0.029064 0.010937 0.024177
0 0.905469 0.225566 0.012500 0.027263
0 0.750911 0.069959 0.010156 0.023663
0 0.803255 0.093364 0.009635 0.022119
0 0.849479 0.250000 0.013542 0.030864
0 0.766406 0.082562 0.009896 0.023148
0 0.735156 0.075874 0.010417 0.024177
0 0.833333 0.101595 0.009375 0.021091
0 0.785026 0.075103 0.009115 0.021605
0 0.702865 0.077160 0.011458 0.025720
0 0.522526 0.025977 0.010677 0.023148
0 0.219661 0.341564 0.020052 0.053498
0 0.838411 0.135545 0.011719 0.026235
0 0.531901 0.047068 0.010677 0.024177
0 0.779297 0.135288 0.010156 0.025720
0 0.923698 0.218621 0.010937 0.024691
0 0.825130 0.254372 0.013802 0.035494
0 0.359635 0.347737 0.018750 0.046296
0 0.546484 0.447788 0.022656 0.055041
0 0.004557 0.379115 0.008594 0.048354
0 0.826432 0.211420 0.012240 0.028807
0 0.651693 0.063272 0.011198 0.025720
0 0.401432 0.292438 0.023177 0.046811
0 0.851042 0.113683 0.010937 0.023663
0 0.678125 0.058642 0.010417 0.023663
0 0.062500 0.349537 0.023438 0.041667
0 0.096354 0.404321 0.025521 0.044239
0 0.170703 0.295782 0.019531 0.030864
0 0.166016 0.330247 0.022135 0.041152
0 0.177604 0.394547 0.025521 0.045267
0 0.360547 0.111626 0.020052 0.047325
0 0.384375 0.361111 0.025521 0.058642
0 0.572917 0.409979 0.022917 0.056584
0 0.684896 0.368827 0.022917 0.055556
0 0.711068 0.248971 0.019531 0.046296
0 0.902734 0.377315 0.019531 0.041667
0 0.937370 0.369084 0.020052 0.033436
0 0.918229 0.350051 0.015625 0.032407
0 0.924870 0.312500 0.018490 0.029321
0 0.885417 0.296039 0.013021 0.028292
0 0.957552 0.274949 0.015104 0.026235
0 0.971875 0.260031 0.009375 0.024177
0 0.971875 0.229681 0.011458 0.026235
0 0.966667 0.128344 0.007812 0.015947
0 0.929818 0.128601 0.009635 0.019547
0 0.997005 0.176440 0.005990 0.021605
0 0.960286 0.197788 0.011198 0.022119
0 0.958203 0.334619 0.016406 0.038580
0 0.924219 0.280607 0.020313 0.027263
0 0.861458 0.132716 0.011979 0.021605
0 0.891146 0.104424 0.007292 0.019547
0 0.728125 0.069959 0.011458 0.023663
0 0.808333 0.076903 0.008333 0.014918
0 0.560156 0.023663 0.011979 0.020576
