0 0.068099 0.257459 0.017448 0.036523
0 0.286719 0.242798 0.025521 0.058642
0 0.162760 0.344650 0.020313 0.043210
0 0.817708 0.239969 0.013021 0.032407
0 0.813672 0.295525 0.017969 0.041667
0 0.488932 0.299897 0.016927 0.050412
0 0.757552 0.301955 0.020833 0.047325
0 0.678906 0.007716 0.007812 0.014403
0 0.836458 0.259774 0.015104 0.034979
0 0.765365 0.251029 0.015625 0.038066
0 0.714974 0.260031 0.015885 0.040638
0 0.938932 0.249743 0.012240 0.028292
0 0.377083 0.288323 0.019271 0.044753
0 0.234505 0.312757 0.021615 0.052469
0 0.994271 0.201132 0.011458 0.026749
0 0.047526 0.367027 0.021615 0.048868
0 0.900911 0.314300 0.014844 0.047325
0 0.898828 0.260802 0.012760 0.030864
0 0.025391 0.274949 0.015885 0.034465
0 0.991406 0.225823 0.010937 0.025720
0 0.993750 0.403035 0.012500 0.038580
0 0.569271 0.242284 0.019271 0.044239
0 0.146354 0.377829 0.021875 0.048868
0 0.923177 0.305813 0.011979 0.029321
0 0.975521 0.243313 0.019792 0.039095
0 0.663151 0.299383 0.023698 0.047325
0 0.378516 0.080504 0.021615 0.049897
0 0.219010 0.779321 0.042708 0.093621
0 0.956380 0.245113 0.010677 0.026235
0 0.449089 0.394033 0.027344 0.064815
0 0.015365 0.444444 0.028646 0.059671
0 0.449479 0.225309 0.021875 0.060700
0 0.618099 0.010288 0.015365 0.019547
0 0.433464 0.115484 0.031510 0.069444
0 0.338802 0.366512 0.028125 0.049897
0 0.593880 0.320216 0.029948 0.065329
0 0.596094 0.379372 0.034375 0.065329
0 0.030078 0.356996 0.014844 0.059671
0 0.005208 0.307356 0.009896 0.048868
0 0.871224 0.306842 0.015365 0.045782
0 0.901042 0.426955 0.022917 0.049383
0 0.910677 0.246399 0.012500 0.057613
0 0.988411 0.298868 0.013802 0.052469
