0 0.138021 0.281379 0.016146 0.036008
0 0.961719 0.307870 0.013021 0.031379
0 0.551693 0.372428 0.019531 0.045267
0 0.123958 0.274434 0.016146 0.036523
0 0.055599 0.306842 0.014844 0.032407
0 0.176302 0.201132 0.014583 0.034979
0 0.323177 0.225051 0.017708 0.039609
0 0.331120 0.183128 0.016927 0.036008
0 0.527214 0.449846 0.023698 0.055041
0 0.120443 0.524691 0.024219 0.062757
0 0.436589 0.362140 0.022135 0.051440
0 0.521354 0.282922 0.017708 0.039095
0 0.450911 0.314815 0.017969 0.041152
0 0.034505 0.373971 0.015885 0.041152
0 0.237630 0.252829 0.019010 0.038580
0 0.015234 0.506430 0.020573 0.044753
0 0.805078 0.289609 0.014844 0.033951
0 0.011328 0.419753 0.018490 0.047325
0 0.277214 0.198817 0.016927 0.042695
0 0.057031 0.549640 0.022396 0.054012
0 0.049740 0.323302 0.015104 0.033436
0 0.992969 0.371914 0.013021 0.030864
0 0.898958 0.267747 0.012500 0.028292
0 0.637891 0.275720 0.016927 0.037037
0 0.076432 0.289866 0.014844 0.032407
0 0.211068 0.213992 0.017448 0.039095
0 0.723307 0.241512 0.015885 0.038580
0 0.916276 0.258488 0.012240 0.028292
0 0.585156 0.288580 0.019792 0.046296
0 0.055859 0.344907 0.014844 0.034465
0 0.210938 0.414609 0.031771 0.055556
0 0.180208 0.272119 0.018229 0.041152
0 0.668490 0.335648 0.019271 0.045782
0 0.027995 0.683128 0.024219 0.056584
0 0.307943 0.342593 0.021615 0.050412
0 0.008203 0.357510 0.015885 0.036008
0 0.892448 0.298611 0.013542 0.031379
0 0.160286 0.296039 0.022135 0.036523
0 0.772005 0.304527 0.016927 0.038066
0 0.141797 0.579475 0.022135 0.048868
0 0.370703 0.307870 0.020573 0.054012
0 0.084245 0.258488 0.013281 0.030350
0 0.417969 0.166152 0.020833 0.043210
0 0.911849 0.363169 0.016406 0.037037
0 0.072266 0.666924 0.022135 0.050926
0 0.104818 0.259516 0.013802 0.032407
0 0.071875 0.242284 0.013021 0.026749
0 0.047396 0.437243 0.017708 0.040123
0 0.266536 0.286780 0.016406 0.036523
0 0.694531 0.317130 0.020313 0.050926
0 0.163411 0.383745 0.024740 0.054527
0 0.975130 0.284722 0.012760 0.030350
0 0.922266 0.297068 0.013802 0.031379
0 0.816797 0.311728 0.016406 0.038066
0 0.007812 0.598251 0.015104 0.045267
0 0.004818 0.329733 0.009115 0.032922
0 0.405990 0.602623 0.033854 0.070473
0 0.430599 0.494856 0.034635 0.057613
0 0.326432 0.617284 0.049219 0.076132
0 0.279818 0.388374 0.027344 0.050412
0 0.355990 0.394547 0.030729 0.057613
0 0.397005 0.146862 0.018490 0.031379
0 0.084635 0.396348 0.033333 0.066358
0 0.004297 0.442387 0.008073 0.036008
0 0.036198 0.295525 0.013021 0.036523
0 0.597266 0.406379 0.020052 0.049383
0 0.718229 0.382973 0.020833 0.044753
0 0.758073 0.356739 0.022396 0.046811
0 0.879557 0.325360 0.015885 0.044753
0 0.944141 0.329733 0.013281 0.029835
0 0.973177 0.348765 0.013021 0.026749
0 0.998047 0.312500 0.003906 0.024177
0 0.218750 0.292438 0.027604 0.042695
0 0.075521 0.474023 0.027083 0.060185
0 0.951302 0.110597 0.006771 0.017490
