0 0.216276 0.167953 0.014323 0.036523
0 0.176693 0.193416 0.014844 0.034979
0 0.046484 0.261574 0.015885 0.036523
0 0.138021 0.345679 0.018229 0.042181
0 0.753776 0.375000 0.015365 0.036008
0 0.434375 0.274177 0.020833 0.046296
0 0.042969 0.341307 0.017708 0.039609
0 0.604036 0.319702 0.019531 0.044753
0 0.026562 0.290381 0.015625 0.035494
0 0.090755 0.365484 0.017969 0.041667
0 0.598437 0.075103 0.011979 0.026749
0 0.414193 0.318416 0.021094 0.047325
0 0.826823 0.281121 0.014583 0.032407
0 0.929427 0.243570 0.013542 0.029321
0 0.451693 0.222222 0.018490 0.046296
0 0.715625 0.246914 0.015104 0.032922
0 0.069401 0.355710 0.016927 0.041667
0 0.207813 0.250772 0.023958 0.052984
0 0.983073 0.284208 0.014063 0.031379
0 0.598698 0.268261 0.016146 0.038580
0 0.330599 0.258488 0.019010 0.040638
0 0.380859 0.104938 0.013802 0.032922
0 0.893099 0.274434 0.012240 0.029321
0 0.635938 0.242541 0.016146 0.037551
0 0.995313 0.279578 0.009375 0.030350
0 0.936979 0.277778 0.015104 0.032922
0 0.893229 0.241770 0.013021 0.028807
0 0.870443 0.274177 0.012760 0.029835
0 0.602344 0.142233 0.012500 0.030350
0 0.853776 0.341821 0.016927 0.039609
0 0.109766 0.317644 0.015365 0.037551
0 0.022526 0.274691 0.011719 0.029835
0 0.896484 0.161523 0.008594 0.019547
0 0.037760 0.215535 0.014583 0.030864
0 0.917318 0.361368 0.022135 0.047840
0 0.894661 0.193158 0.009115 0.022119
0 0.318359 0.339763 0.024740 0.047840
0 0.994661 0.398920 0.010677 0.042695
0 0.773307 0.261574 0.014323 0.033436
0 0.087370 0.328447 0.020052 0.030350
0 0.177734 0.326903 0.023698 0.046811
0 0.211589 0.326132 0.022135 0.044239
0 0.359505 0.388374 0.026302 0.049383
0 0.389974 0.245628 0.021094 0.046811
0 0.515365 0.255144 0.023438 0.042181
0 0.532943 0.314043 0.025260 0.063272
0 0.632682 0.305298 0.019531 0.045782
0 0.574609 0.085391 0.012760 0.028807
0 0.758333 0.301698 0.021354 0.045782
0 0.800911 0.299640 0.020573 0.038580
0 0.808333 0.172582 0.011979 0.031379
0 0.854036 0.251029 0.019531 0.036008
0 0.964974 0.226080 0.008594 0.027263
0 0.980339 0.236368 0.010677 0.023148
0 0.982682 0.311986 0.014844 0.027263
