0 0.380990 0.406893 0.026562 0.065844
0 0.066536 0.418467 0.020052 0.047840
0 0.864974 0.294239 0.015885 0.036008
0 0.276823 0.291152 0.019792 0.044239
0 0.934635 0.304270 0.013542 0.032407
0 0.027734 0.363169 0.019010 0.041152
0 0.796224 0.389403 0.016927 0.039095
0 0.632292 0.344650 0.021354 0.048354
0 0.150130 0.355195 0.022135 0.044753
0 0.770312 0.278035 0.015625 0.037551
0 0.440625 0.341564 0.027604 0.066872
0 0.588672 0.262346 0.015885 0.037037
0 0.785286 0.366255 0.016406 0.037037
0 0.041797 0.438014 0.022656 0.049897
0 0.962760 0.285494 0.012500 0.028807
0 0.130208 0.468364 0.028646 0.066358
0 0.085026 0.423611 0.022656 0.048868
0 0.320833 0.126800 0.013021 0.032407
0 0.842318 0.306584 0.014844 0.036008
0 0.991276 0.294753 0.011198 0.025720
0 0.935677 0.272119 0.012500 0.028807
0 0.233854 0.144547 0.016667 0.032922
0 0.566276 0.349023 0.022135 0.051955
0 0.916276 0.274177 0.012760 0.028807
0 0.812370 0.316615 0.015365 0.036523
0 0.070573 0.268004 0.015104 0.032922
0 0.739974 0.300926 0.017448 0.039095
0 0.180859 0.437243 0.020052 0.046296
0 0.972917 0.339506 0.011979 0.026749
0 0.006510 0.376286 0.012500 0.040638
0 0.350521 0.358796 0.023958 0.058128
0 0.238281 0.363426 0.026562 0.058128
0 0.951042 0.293467 0.013542 0.030350
0 0.100651 0.342335 0.017448 0.042695
0 0.868750 0.343879 0.016146 0.036523
0 0.003125 0.269290 0.005729 0.025206
0 0.032422 0.560957 0.023698 0.042695
0 0.009766 0.473765 0.019010 0.049383
0 0.027083 0.299897 0.018750 0.042181
0 0.078906 0.291409 0.017708 0.038580
0 0.116146 0.282665 0.021354 0.036523
0 0.122005 0.381687 0.022656 0.049383
0 0.246224 0.304012 0.029948 0.060700
0 0.302474 0.452418 0.033594 0.052984
0 0.240755 0.227109 0.019010 0.019033
0 0.408594 0.276235 0.025000 0.058642
0 0.502083 0.299383 0.020833 0.038066
0 0.517448 0.346708 0.029167 0.047325
0 0.639062 0.259774 0.027083 0.056584
0 0.667578 0.305556 0.026823 0.049383
0 0.694271 0.226595 0.021354 0.041667
0 0.702995 0.311214 0.020573 0.043210
0 0.725521 0.334362 0.022917 0.046296
0 0.914974 0.342078 0.021094 0.036008
0 0.947786 0.368313 0.015365 0.031893
0 0.987500 0.218879 0.007812 0.018004
