0 0.704427 0.272891 0.016146 0.037551
0 0.459115 0.317644 0.018750 0.044753
0 0.199609 0.164352 0.014844 0.035494
0 0.729427 0.286265 0.015625 0.035494
0 0.600260 0.144033 0.017708 0.040123
0 0.825130 0.222994 0.017448 0.035494
0 0.160026 0.179527 0.013802 0.032922
0 0.529036 0.329990 0.016927 0.042695
0 0.347135 0.348251 0.023958 0.053498
0 0.760026 0.420010 0.022656 0.054012
0 0.625260 0.307613 0.017188 0.037037
0 0.583984 0.237654 0.018490 0.042181
0 0.152604 0.341564 0.021354 0.048354
0 0.508854 0.357510 0.030208 0.077160
0 0.364193 0.325617 0.021094 0.054527
0 0.970703 0.258230 0.013281 0.027778
0 0.652474 0.257459 0.015885 0.035494
0 0.781510 0.227109 0.015104 0.031379
0 0.227734 0.256430 0.017969 0.042695
0 0.810417 0.202932 0.015104 0.033436
0 0.934245 0.191615 0.013802 0.026235
0 0.814453 0.281379 0.014323 0.033951
0 0.034766 0.280350 0.015365 0.036008
0 0.010807 0.339506 0.016927 0.034979
0 0.094271 0.361368 0.019792 0.042695
0 0.071615 0.346965 0.019792 0.046811
0 0.052083 0.288837 0.017708 0.035494
0 0.155990 0.433385 0.019271 0.040638
0 0.232552 0.386060 0.021354 0.049897
0 0.235026 0.355453 0.025260 0.030864
0 0.423958 0.394033 0.023438 0.043210
0 0.623958 0.352109 0.027604 0.048868
0 0.578516 0.087191 0.014844 0.030350
0 0.603255 0.086420 0.013281 0.032922
0 0.677604 0.366770 0.025521 0.054527
0 0.748568 0.272634 0.015885 0.040123
0 0.785807 0.328447 0.019531 0.041667
0 0.865885 0.268519 0.016146 0.038066
0 0.878776 0.306842 0.017448 0.034465
0 0.856380 0.355453 0.019531 0.041152
0 0.930729 0.290638 0.016667 0.031893
0 0.885286 0.246656 0.013281 0.027263
0 0.906250 0.245628 0.016146 0.028292
0 0.938281 0.225823 0.011979 0.023663
0 0.943490 0.248714 0.011979 0.027263
0 0.958464 0.235082 0.011719 0.021605
0 0.983073 0.207562 0.009896 0.021091
0 0.995703 0.230710 0.008594 0.024177
0 0.994141 0.400977 0.011719 0.041667
