0 0.482682 0.294753 0.016927 0.043210
0 0.360417 0.136831 0.013542 0.029835
0 0.238932 0.299126 0.018490 0.045782
0 0.017708 0.286008 0.015104 0.034979
0 0.118099 0.322531 0.018490 0.041152
0 0.092057 0.373971 0.019531 0.038066
0 0.315625 0.348508 0.021354 0.062243
0 0.440495 0.031893 0.008594 0.020576
0 0.801562 0.280607 0.013542 0.032407
0 0.555599 0.276749 0.022656 0.054527
0 0.171484 0.287294 0.017969 0.039609
0 0.175391 0.394033 0.026302 0.057613
0 0.863281 0.326903 0.014063 0.032407
0 0.929818 0.280607 0.012760 0.029321
0 0.956510 0.262346 0.011979 0.027778
0 0.305859 0.262346 0.022656 0.046296
0 0.770052 0.244342 0.011979 0.026749
0 0.665755 0.206019 0.017969 0.039609
0 0.451693 0.279835 0.015885 0.040123
0 0.767839 0.283436 0.012760 0.031893
0 0.006510 0.349794 0.012500 0.036008
0 0.791276 0.362140 0.013281 0.030864
0 0.014714 0.363683 0.014323 0.034979
0 0.891276 0.294239 0.014323 0.026749
0 0.605078 0.023148 0.014844 0.032922
0 0.187760 0.416409 0.023438 0.048868
0 0.952995 0.283436 0.012240 0.028807
0 0.990234 0.269290 0.012240 0.027263
0 0.637891 0.331790 0.017969 0.042181
0 0.371875 0.296811 0.024479 0.061728
0 0.892188 0.266718 0.010937 0.027263
0 0.005729 0.412551 0.010937 0.036008
0 0.025391 0.276749 0.012240 0.032922
0 0.045964 0.298611 0.014323 0.034465
0 0.069141 0.359053 0.015885 0.038066
0 0.120443 0.419496 0.019010 0.040638
0 0.465755 0.331790 0.023177 0.044239
0 0.620964 0.271605 0.022656 0.045267
0 0.691406 0.290895 0.025521 0.055041
0 0.582552 0.011317 0.015104 0.020576
0 0.744401 0.314815 0.018490 0.036008
0 0.853906 0.291924 0.017708 0.035494
0 0.985547 0.298868 0.017969 0.029835
0 0.850260 0.316872 0.011979 0.042181
