0 0.360677 0.327418 0.019792 0.049897
0 0.152214 0.300154 0.019531 0.044753
0 0.295573 0.343621 0.027083 0.061728
0 0.066146 0.281893 0.018750 0.043210
0 0.748698 0.310957 0.020313 0.048868
0 0.925521 0.284979 0.013021 0.030864
0 0.458984 0.265689 0.017448 0.047840
0 0.090885 0.393004 0.018750 0.043210
0 0.072656 0.355710 0.016667 0.037551
0 0.669531 0.292695 0.018229 0.043210
0 0.120182 0.339249 0.016406 0.036523
0 0.516406 0.293724 0.018229 0.044239
0 0.113411 0.263632 0.016927 0.038580
0 0.964844 0.301698 0.011979 0.028292
0 0.120964 0.227366 0.012240 0.026749
0 0.671615 0.332819 0.018229 0.043210
0 0.620443 0.271605 0.019531 0.042181
0 0.120703 0.403549 0.022135 0.050926
0 0.699609 0.282407 0.014844 0.037037
0 0.038802 0.414609 0.021875 0.054527
0 0.833724 0.252315 0.012240 0.027263
0 0.924740 0.250000 0.010417 0.025720
0 0.032031 0.268519 0.017188 0.034979
0 0.959896 0.216049 0.009375 0.021605
0 0.574740 0.237912 0.015104 0.039609
0 0.911198 0.312757 0.012500 0.032922
0 0.216536 0.332047 0.019531 0.046811
0 0.981250 0.228652 0.009375 0.021091
0 0.846745 0.316872 0.015885 0.036008
0 0.486068 0.307613 0.019010 0.046296
0 0.457292 0.449331 0.028125 0.075617
0 0.894401 0.292695 0.013281 0.030864
0 0.574870 0.244599 0.014844 0.037551
0 0.547005 0.323817 0.018490 0.052984
0 0.986589 0.283693 0.010677 0.025206
0 0.996354 0.283693 0.007292 0.025206
0 0.003906 0.288837 0.007292 0.032407
0 0.120703 0.179012 0.021615 0.031893
0 0.220964 0.406893 0.026823 0.054527
0 0.382943 0.377572 0.026302 0.048354
0 0.614844 0.343621 0.021354 0.042181
0 0.751563 0.269290 0.023958 0.045782
0 0.801302 0.335134 0.014583 0.037551
0 0.819401 0.349280 0.020573 0.046296
0 0.818359 0.252058 0.016927 0.044239
0 0.860286 0.268519 0.019010 0.032922
0 0.871615 0.299640 0.017708 0.039609
0 0.924740 0.153807 0.012500 0.022634
0 0.937500 0.221708 0.009896 0.025720
0 0.959896 0.259774 0.014063 0.029835
0 0.985286 0.257202 0.010677 0.023663
0 0.994531 0.396605 0.010937 0.032922
0 0.614193 0.017747 0.014844 0.027263
0 0.569792 0.005144 0.008854 0.009259
