0 0.402604 0.147891 0.015104 0.035494
0 0.370833 0.296039 0.019271 0.048868
0 0.542448 0.356739 0.019792 0.048868
0 0.115495 0.272377 0.015885 0.037551
0 0.960417 0.303241 0.011458 0.026235
0 0.278776 0.200617 0.016406 0.038066
0 0.913672 0.255916 0.012760 0.028292
0 0.073568 0.292438 0.015885 0.033436
0 0.727474 0.244856 0.015885 0.037037
0 0.423958 0.160494 0.017188 0.039095
0 0.719401 0.391204 0.019531 0.045782
0 0.507161 0.297840 0.020052 0.046296
0 0.578906 0.303755 0.018750 0.041667
0 0.121354 0.551183 0.032813 0.049897
0 0.213281 0.206019 0.015625 0.035494
0 0.800391 0.290638 0.015365 0.036008
0 0.077604 0.484825 0.025000 0.061214
0 0.088411 0.377829 0.022656 0.055041
0 0.447396 0.319959 0.019271 0.046296
0 0.038021 0.445988 0.018229 0.041152
0 0.270964 0.291924 0.014844 0.036523
0 0.696615 0.319187 0.019792 0.044753
0 0.073438 0.239712 0.013542 0.028807
0 0.031901 0.377315 0.016927 0.038580
0 0.816536 0.312757 0.016927 0.040123
0 0.180469 0.271091 0.019271 0.045267
0 0.077865 0.707305 0.028646 0.073045
0 0.636458 0.285751 0.015625 0.036523
0 0.316927 0.193158 0.015625 0.038580
0 0.215495 0.420010 0.029427 0.068416
0 0.976172 0.287551 0.010677 0.025720
0 0.234766 0.266204 0.015885 0.036523
0 0.532161 0.442387 0.022135 0.053498
0 0.024089 0.673097 0.036719 0.066358
0 0.082682 0.264660 0.016406 0.038580
0 0.057292 0.340278 0.015104 0.033436
0 0.890104 0.297582 0.014063 0.033436
0 0.056380 0.547325 0.025260 0.058642
0 0.665625 0.351080 0.019792 0.043724
0 0.993229 0.371656 0.010937 0.025206
0 0.996615 0.311471 0.006771 0.025206
0 0.010286 0.423868 0.017969 0.047325
0 0.007682 0.587191 0.014844 0.045782
0 0.017057 0.447016 0.017969 0.039095
0 0.173828 0.196502 0.014323 0.033951
0 0.015234 0.337706 0.015885 0.034465
0 0.131641 0.407665 0.018490 0.041667
0 0.339714 0.236368 0.015365 0.030350
0 0.897526 0.264146 0.012240 0.028292
0 0.168359 0.205504 0.013281 0.032407
0 0.045312 0.322274 0.015104 0.032407
0 0.280339 0.389403 0.023698 0.056584
0 0.014714 0.508488 0.023698 0.048868
0 0.422005 0.509774 0.030469 0.075103
0 0.098958 0.261060 0.014583 0.051955
0 0.398438 0.617798 0.041667 0.082305
0 0.329036 0.626543 0.046615 0.087449
0 0.154427 0.606481 0.048958 0.075103
0 0.051042 0.306327 0.016667 0.024177
0 0.036979 0.296296 0.016667 0.037037
0 0.135156 0.278549 0.019271 0.042695
0 0.161328 0.291924 0.017448 0.032407
0 0.216406 0.296296 0.022396 0.046296
0 0.314323 0.325874 0.031771 0.057099
0 0.359375 0.386317 0.034375 0.058642
0 0.436068 0.369342 0.029948 0.068930
0 0.589323 0.370370 0.028125 0.049383
0 0.756901 0.339249 0.023698 0.044753
0 0.777214 0.308642 0.023698 0.051440
0 0.874609 0.316358 0.017969 0.041152
0 0.909375 0.355710 0.021875 0.044753
0 0.920833 0.299126 0.017708 0.036523
0 0.946615 0.339506 0.015104 0.028807
0 0.970052 0.353395 0.018750 0.030864
0 0.988021 0.158951 0.006771 0.011317
0 0.004818 0.319187 0.009115 0.043724
