0 0.424740 0.341821 0.019792 0.046811
0 0.056250 0.273920 0.014063 0.033436
0 0.037500 0.336934 0.019792 0.046296
0 0.923828 0.313272 0.013281 0.031893
0 0.766406 0.252058 0.015625 0.034979
0 0.315755 0.234825 0.016927 0.040638
0 0.578125 0.260031 0.018750 0.043724
0 0.943880 0.321502 0.013281 0.031893
0 0.501693 0.263889 0.019010 0.043210
0 0.275521 0.300669 0.017188 0.042695
0 0.123047 0.367284 0.019010 0.043210
0 0.375260 0.296296 0.018750 0.047325
0 0.916406 0.236368 0.011458 0.027263
0 0.563151 0.327932 0.020573 0.051955
0 0.065365 0.354424 0.021875 0.053498
0 0.180208 0.289352 0.019792 0.049897
0 0.025130 0.289095 0.012240 0.027778
0 0.905469 0.239455 0.011979 0.026235
0 0.635807 0.232510 0.022135 0.045267
0 0.104818 0.281379 0.017448 0.040123
0 0.982943 0.244599 0.011198 0.024177
0 0.949089 0.267490 0.013281 0.029835
0 0.226953 0.332047 0.015885 0.040638
0 0.477083 0.303498 0.019792 0.046296
0 0.007292 0.333333 0.014063 0.043210
0 0.509375 0.010031 0.010417 0.019033
0 0.975000 0.235597 0.010937 0.023663
0 0.378516 0.111883 0.010677 0.023148
0 0.822005 0.348251 0.017969 0.042181
0 0.685026 0.255401 0.017448 0.039609
0 0.692969 0.302984 0.016146 0.037037
0 0.127995 0.334105 0.022135 0.046811
0 0.930729 0.272377 0.011979 0.029321
0 0.355859 0.363940 0.021094 0.049897
0 0.242708 0.316615 0.019271 0.049897
0 0.995964 0.261831 0.008073 0.025720
0 0.015234 0.282407 0.009635 0.027778
0 0.293229 0.360082 0.026042 0.062757
0 0.457161 0.237654 0.024740 0.059671
0 0.554688 0.290123 0.021875 0.054527
0 0.615365 0.281379 0.023438 0.045267
0 0.641406 0.343364 0.027604 0.044753
0 0.711458 0.236883 0.019271 0.033436
0 0.767188 0.286523 0.019792 0.038066
0 0.761198 0.333333 0.023958 0.039095
0 0.824219 0.301955 0.021875 0.040123
0 0.861979 0.299897 0.017708 0.038066
0 0.884896 0.360340 0.017188 0.038580
0 0.883984 0.292181 0.014844 0.033951
0 0.893359 0.257202 0.013281 0.030864
0 0.976823 0.286523 0.012500 0.024691
0 0.978906 0.262346 0.009375 0.024691
0 0.953646 0.236883 0.012500 0.026235
0 0.996745 0.289095 0.006510 0.023663
