0 0.067708 0.414866 0.019792 0.045782
0 0.202344 0.165381 0.016146 0.036523
0 0.443359 0.139918 0.013802 0.031893
0 0.163542 0.184671 0.013542 0.030864
0 0.984505 0.256173 0.010677 0.024691
0 0.263672 0.423097 0.024740 0.060185
0 0.611458 0.063272 0.013021 0.028807
0 0.445964 0.342593 0.018490 0.046296
0 0.876302 0.281636 0.011979 0.027263
0 0.163932 0.356224 0.022656 0.056070
0 0.991927 0.222479 0.010937 0.023148
0 0.316797 0.295010 0.018490 0.046811
0 0.672526 0.297325 0.016406 0.040123
0 0.226953 0.359053 0.016927 0.042181
0 0.975391 0.324074 0.012240 0.028807
0 0.909245 0.263889 0.011719 0.027778
0 0.930859 0.235340 0.010156 0.024177
0 0.607161 0.137346 0.014844 0.032922
0 0.971354 0.212191 0.010937 0.023148
0 0.602083 0.013889 0.014063 0.026749
0 0.945964 0.220936 0.010156 0.023148
0 0.323307 0.281893 0.017448 0.041152
0 0.834766 0.297582 0.012760 0.030350
0 0.022266 0.289866 0.015365 0.033436
0 0.908984 0.292953 0.012240 0.029321
0 0.446484 0.009259 0.011198 0.017490
0 0.036328 0.335391 0.020573 0.043210
0 0.212630 0.493313 0.025260 0.062757
0 0.908333 0.203189 0.010937 0.023663
0 0.948047 0.255916 0.010677 0.025206
0 0.950651 0.314300 0.012240 0.027778
0 0.908073 0.222737 0.010937 0.024691
0 0.926432 0.272891 0.011719 0.028292
0 0.120443 0.350566 0.019010 0.042695
0 0.927604 0.188014 0.009896 0.023148
0 0.869141 0.311986 0.016927 0.030350
0 0.967969 0.284979 0.010417 0.025720
0 0.008333 0.405093 0.016146 0.045782
0 0.021615 0.267490 0.011979 0.013374
0 0.091406 0.322274 0.016146 0.034465
0 0.068880 0.353652 0.017969 0.036523
0 0.174219 0.280350 0.022396 0.051440
0 0.216146 0.403549 0.025000 0.057099
0 0.333854 0.350823 0.031250 0.062757
0 0.430339 0.222994 0.016406 0.037551
0 0.518620 0.480453 0.029948 0.062757
0 0.539193 0.287294 0.026302 0.055041
0 0.578776 0.088477 0.015885 0.032922
0 0.630208 0.306584 0.021875 0.046296
0 0.701823 0.271862 0.020833 0.042695
0 0.720313 0.337963 0.021875 0.053498
0 0.752995 0.240998 0.019531 0.044753
0 0.816536 0.195473 0.012760 0.033951
0 0.792057 0.277521 0.013802 0.032407
0 0.787630 0.304784 0.013281 0.027263
0 0.843359 0.265947 0.017448 0.033951
0 0.882422 0.225051 0.014323 0.031379
0 0.892969 0.279321 0.013542 0.026749
0 0.893750 0.307356 0.013542 0.026235
0 0.994401 0.403807 0.011198 0.032922
