0 0.261979 0.315844 0.020833 0.048354
0 0.527474 0.350566 0.021094 0.048868
0 0.213672 0.150977 0.012760 0.030350
0 0.034245 0.382716 0.019010 0.046296
0 0.189323 0.370885 0.021875 0.054527
0 0.596615 0.087963 0.012500 0.028807
0 0.171484 0.170525 0.016927 0.039609
0 0.121745 0.350051 0.020573 0.046811
0 0.916927 0.321245 0.013542 0.032407
0 0.067057 0.263889 0.015365 0.028807
0 0.366667 0.305298 0.017708 0.038580
0 0.047266 0.281893 0.016406 0.037037
0 0.344922 0.375257 0.021615 0.054012
0 0.095703 0.272634 0.015885 0.033951
0 0.937760 0.301183 0.011979 0.028292
0 0.619010 0.209105 0.014063 0.034465
0 0.871875 0.334877 0.013542 0.031893
0 0.687760 0.350566 0.020833 0.048868
0 0.031250 0.264146 0.014063 0.032407
0 0.492578 0.272891 0.016927 0.040638
0 0.607161 0.144547 0.013281 0.030864
0 0.018490 0.326646 0.019271 0.041152
0 0.848177 0.261831 0.015104 0.030864
0 0.419010 0.362912 0.022917 0.058128
0 0.552474 0.313529 0.015885 0.041667
0 0.731771 0.347994 0.017188 0.042695
0 0.613672 0.251029 0.020052 0.045267
0 0.434245 0.274949 0.020573 0.046811
0 0.900391 0.276492 0.010677 0.025206
0 0.783073 0.359311 0.018229 0.040638
0 0.515625 0.217335 0.016667 0.039609
0 0.692578 0.276492 0.018490 0.041667
0 0.735026 0.290895 0.019010 0.041667
0 0.579427 0.093364 0.013542 0.030350
0 0.578906 0.316358 0.018750 0.043210
0 0.991927 0.254630 0.009375 0.021605
0 0.973828 0.182613 0.009635 0.020576
0 0.802344 0.166409 0.010937 0.024177
0 0.809505 0.302469 0.015365 0.036008
0 0.912109 0.243056 0.011719 0.024177
0 0.946745 0.225309 0.010677 0.025720
0 0.808984 0.238683 0.016927 0.036008
0 0.161198 0.290895 0.017708 0.042695
0 0.994401 0.227623 0.009115 0.022119
0 0.906510 0.202675 0.010417 0.021605
0 0.140104 0.250514 0.019271 0.051440
0 0.888281 0.229681 0.009896 0.023148
0 0.055599 0.430041 0.025260 0.053498
0 0.062630 0.585648 0.031510 0.068416
0 0.030469 0.289609 0.016146 0.032922
0 0.233984 0.317130 0.025781 0.059156
0 0.571484 0.460905 0.032552 0.064815
0 0.632682 0.333076 0.027344 0.050926
0 0.764323 0.251543 0.019792 0.037037
0 0.794661 0.277006 0.016927 0.032407
0 0.842708 0.323302 0.020313 0.041667
0 0.896354 0.337449 0.017188 0.036008
0 0.955990 0.270062 0.011979 0.027778
0 0.953255 0.304527 0.013802 0.029835
0 0.980729 0.262088 0.011458 0.031379
0 0.975521 0.223508 0.008854 0.022119
0 0.975260 0.202418 0.008854 0.020062
0 0.952865 0.219136 0.006771 0.022634
0 0.994792 0.396605 0.010417 0.034979
