0 0.362891 0.318673 0.019531 0.046811
0 0.161328 0.306584 0.017448 0.042181
0 0.588802 0.317130 0.020833 0.046811
0 0.880729 0.268776 0.011979 0.028292
0 0.604688 0.238426 0.014063 0.034465
0 0.420443 0.298097 0.019531 0.043724
0 0.848437 0.266461 0.013542 0.030864
0 0.076953 0.343621 0.021615 0.048354
0 0.245312 0.289609 0.019792 0.050412
0 0.349870 0.238169 0.014323 0.033951
0 0.059375 0.286523 0.014583 0.040123
0 0.485026 0.283693 0.020052 0.049897
0 0.877474 0.306842 0.011198 0.026235
0 0.288932 0.291409 0.017448 0.041667
0 0.647396 0.241512 0.014583 0.035494
0 0.795182 0.248971 0.013281 0.029835
0 0.258724 0.348508 0.023698 0.055041
0 0.890755 0.234568 0.011719 0.027778
0 0.025781 0.262346 0.013542 0.029835
0 0.046094 0.389403 0.019792 0.048354
0 0.737240 0.280607 0.017708 0.042695
0 0.216667 0.283693 0.017708 0.040638
0 0.915495 0.193158 0.010677 0.022119
0 0.910156 0.282407 0.014583 0.026749
0 0.983203 0.255144 0.010677 0.021605
0 0.681250 0.257459 0.014583 0.037551
0 0.484766 0.240998 0.016927 0.021091
0 0.027734 0.300154 0.016927 0.032407
0 0.901953 0.352366 0.012760 0.029835
0 0.542448 0.278549 0.013021 0.033436
0 0.977995 0.263889 0.010677 0.022634
0 0.972526 0.230453 0.010156 0.018519
0 0.992188 0.255916 0.010937 0.022119
0 0.988151 0.213735 0.010677 0.021091
0 0.998307 0.270576 0.003385 0.021605
0 0.014974 0.429270 0.021615 0.041667
0 0.006120 0.378344 0.011719 0.033436
0 0.006510 0.307613 0.012500 0.033951
0 0.134635 0.379372 0.023438 0.047840
0 0.193620 0.321245 0.022135 0.035494
0 0.009896 0.775463 0.019271 0.052984
0 0.283984 0.219907 0.024219 0.050926
0 0.321224 0.417695 0.028385 0.058642
0 0.402995 0.253601 0.021615 0.049383
0 0.666146 0.291409 0.024479 0.040638
0 0.765885 0.371656 0.021875 0.050926
0 0.816276 0.301698 0.019010 0.040638
0 0.948177 0.269033 0.016146 0.032922
0 0.941797 0.344650 0.017448 0.034979
0 0.920312 0.327418 0.017708 0.030350
0 0.921745 0.265432 0.014323 0.034979
0 0.945182 0.234311 0.011198 0.020062
