0 0.423568 0.262860 0.019010 0.046296
0 0.119271 0.398920 0.023438 0.058128
0 0.133203 0.320473 0.020052 0.047325
0 0.247656 0.282922 0.019792 0.045267
0 0.200911 0.298868 0.017969 0.042181
0 0.742969 0.246914 0.015625 0.037037
0 0.844792 0.297840 0.017708 0.038066
0 0.177734 0.418724 0.020573 0.047325
0 0.795312 0.326646 0.018750 0.041152
0 0.232161 0.330247 0.022135 0.049383
0 0.849219 0.235597 0.013542 0.028807
0 0.644661 0.260545 0.017448 0.039609
0 0.974740 0.294239 0.012500 0.026749
0 0.324870 0.329475 0.020052 0.045782
0 0.493490 0.238683 0.015625 0.041152
0 0.071875 0.295525 0.019792 0.039609
0 0.184505 0.347222 0.024219 0.056584
0 0.971224 0.222222 0.010677 0.022634
0 0.611849 0.200874 0.016927 0.038580
0 0.951823 0.252572 0.010937 0.023663
0 0.903125 0.242027 0.011458 0.025206
0 0.838672 0.326903 0.016927 0.038580
0 0.547005 0.255401 0.014323 0.035494
0 0.880859 0.235082 0.012760 0.027778
0 0.907552 0.278549 0.011458 0.025206
0 0.802344 0.273405 0.016146 0.037551
0 0.363672 0.251800 0.021094 0.044753
0 0.491016 0.342593 0.023177 0.055556
0 0.054427 0.298097 0.014583 0.037551
0 0.935156 0.243056 0.010937 0.024177
0 0.695703 0.283436 0.019010 0.041152
0 0.319271 0.421296 0.028646 0.077160
0 0.833073 0.227623 0.013542 0.029321
0 0.953516 0.275720 0.011719 0.025720
0 0.376953 0.368827 0.028906 0.058642
0 0.994661 0.259259 0.009635 0.021605
0 0.005469 0.355710 0.010417 0.032407
0 0.020443 0.279578 0.016927 0.031379
0 0.057161 0.384516 0.023698 0.040638
0 0.080859 0.436471 0.020052 0.039609
0 0.513411 0.310442 0.028906 0.055041
0 0.575391 0.300412 0.023698 0.047325
0 0.624609 0.344907 0.027865 0.054012
0 0.880078 0.303498 0.020573 0.034979
0 0.911589 0.125772 0.009635 0.021091
0 0.911328 0.326132 0.011719 0.019547
0 0.941276 0.309414 0.016927 0.036523
0 0.959505 0.333591 0.010156 0.024177
0 0.960417 0.377315 0.015104 0.028292
0 0.776042 0.337191 0.022396 0.041667
0 0.705990 0.344136 0.025521 0.036008
0 0.982422 0.216049 0.011198 0.017490
0 0.560286 0.014146 0.013802 0.022119
0 0.814193 0.242798 0.015885 0.027778
0 0.579557 0.362140 0.027344 0.050412
0 0.111198 0.299640 0.025000 0.043724
