0 0.771094 0.354167 0.019271 0.049897
0 0.215885 0.347222 0.020833 0.048354
0 0.221875 0.173354 0.014063 0.032922
0 0.608984 0.305556 0.019010 0.042181
0 0.929167 0.291667 0.014583 0.033951
0 0.695182 0.217850 0.013802 0.029321
0 0.836979 0.293210 0.012500 0.029835
0 0.826953 0.251286 0.012240 0.028292
0 0.131510 0.305041 0.018229 0.043210
0 0.753516 0.242027 0.015365 0.036523
0 0.399609 0.313272 0.019010 0.043210
0 0.170833 0.168724 0.012500 0.028807
0 0.472786 0.253344 0.019531 0.041667
0 0.827474 0.322531 0.014844 0.032922
0 0.308203 0.299126 0.022656 0.047840
0 0.561979 0.248457 0.018229 0.042181
0 0.866927 0.308385 0.014583 0.034465
0 0.492578 0.300154 0.019010 0.042695
0 0.602214 0.089249 0.011198 0.026235
0 0.505078 0.358025 0.021615 0.050412
0 0.016276 0.386574 0.020052 0.046811
0 0.401042 0.382716 0.026042 0.053498
0 0.577214 0.088220 0.012240 0.027263
0 0.973568 0.212706 0.011719 0.024177
0 0.369922 0.238426 0.020573 0.042695
0 0.033724 0.269290 0.014844 0.032407
0 0.984896 0.211677 0.011979 0.024177
0 0.056510 0.330761 0.020313 0.047325
0 0.792448 0.279835 0.014583 0.033951
0 0.808333 0.176698 0.011458 0.025206
0 0.895703 0.325360 0.013281 0.030350
0 0.318099 0.398920 0.021094 0.049897
0 0.996354 0.237397 0.007292 0.026235
0 0.245182 0.280607 0.016406 0.039609
0 0.089974 0.346451 0.022135 0.042695
0 0.197656 0.302469 0.016667 0.040123
0 0.977995 0.255658 0.013802 0.030864
0 0.947135 0.210134 0.010937 0.022119
0 0.680469 0.270319 0.015625 0.033436
0 0.270313 0.368313 0.020313 0.050412
0 0.597005 0.394805 0.019010 0.047840
0 0.582161 0.131430 0.011719 0.029321
0 0.012500 0.313014 0.017708 0.038580
0 0.960938 0.224023 0.010417 0.025206
0 0.668880 0.368056 0.021094 0.047840
0 0.925130 0.244856 0.010156 0.022634
0 0.020182 0.278549 0.013281 0.032407
0 0.332943 0.520833 0.033594 0.066358
0 0.633333 0.260545 0.022917 0.051955
0 0.698438 0.304270 0.020313 0.046811
0 0.738021 0.332305 0.021875 0.044239
0 0.795312 0.338992 0.018750 0.042181
0 0.857422 0.264403 0.017448 0.034979
0 0.861198 0.230967 0.011979 0.029835
0 0.913021 0.236626 0.014583 0.031893
0 0.943229 0.182099 0.010417 0.022634
0 0.952344 0.281121 0.010937 0.029321
0 0.961719 0.275463 0.009375 0.029321
0 0.998437 0.198817 0.003125 0.016975
0 0.993880 0.404064 0.012240 0.038580
