0 0.927344 0.285237 0.013542 0.030350
0 0.444141 0.082562 0.012240 0.027263
0 0.139844 0.330247 0.019271 0.044239
0 0.178385 0.349023 0.016146 0.037551
0 0.792448 0.360597 0.017708 0.041152
0 0.366146 0.383230 0.020313 0.057613
0 0.265885 0.293981 0.025000 0.047840
0 0.322786 0.312757 0.017448 0.046296
0 0.903125 0.274691 0.014063 0.030864
0 0.720313 0.295267 0.022396 0.049383
0 0.138151 0.367284 0.019531 0.046296
0 0.563281 0.265175 0.019792 0.041667
0 0.498958 0.245885 0.016146 0.033951
0 0.043620 0.359311 0.018490 0.046811
0 0.829297 0.303241 0.015365 0.035494
0 0.662760 0.301440 0.020833 0.049383
0 0.041146 0.420010 0.021354 0.050926
0 0.073177 0.395576 0.018750 0.045267
0 0.025260 0.380658 0.020313 0.050412
0 0.843359 0.259774 0.013281 0.029835
0 0.947526 0.266975 0.012760 0.028807
0 0.129818 0.447274 0.019531 0.047840
0 0.987891 0.282922 0.012240 0.024691
0 0.427474 0.307613 0.025260 0.064815
0 0.009115 0.301183 0.016667 0.037551
0 0.084766 0.338477 0.015365 0.036008
0 0.004427 0.376029 0.008333 0.034979
0 0.016406 0.280350 0.009375 0.015432
0 0.173828 0.331790 0.019531 0.044239
0 0.195964 0.282665 0.024219 0.048868
0 0.298438 0.381430 0.030729 0.061214
0 0.500521 0.335648 0.033333 0.057099
0 0.579688 0.314300 0.025521 0.040123
0 0.601953 0.219907 0.023698 0.047840
0 0.728125 0.356224 0.033854 0.057099
0 0.788802 0.308642 0.015104 0.028807
0 0.739714 0.261574 0.017448 0.038580
0 0.757812 0.260031 0.016667 0.036523
0 0.796484 0.235082 0.016927 0.038066
0 0.838151 0.245113 0.013802 0.029321
0 0.851172 0.309928 0.016406 0.030350
0 0.848307 0.373200 0.019531 0.036523
0 0.885677 0.316615 0.018750 0.036523
0 0.918750 0.335391 0.015625 0.034979
0 0.966146 0.351852 0.014063 0.034979
0 0.970703 0.326903 0.013802 0.027263
