0 0.375521 0.070473 0.012500 0.029835
0 0.246875 0.316358 0.022396 0.047325
0 0.325130 0.328704 0.021615 0.051440
0 0.047396 0.273405 0.013021 0.032407
0 0.705599 0.260545 0.014844 0.032407
0 0.205990 0.399949 0.023958 0.047840
0 0.035547 0.427469 0.018490 0.042181
0 0.818359 0.242798 0.011198 0.025720
0 0.121224 0.289866 0.017448 0.041667
0 0.887240 0.260545 0.011979 0.027263
0 0.483203 0.294239 0.017969 0.044239
0 0.015234 0.286780 0.013281 0.031379
0 0.072005 0.313014 0.016406 0.038580
0 0.960026 0.277778 0.012240 0.027778
0 0.964323 0.336163 0.013542 0.032407
0 0.992839 0.268519 0.011719 0.027778
0 0.294792 0.318930 0.021875 0.052469
0 0.826953 0.276235 0.012240 0.027778
0 0.162760 0.332305 0.020833 0.042181
0 0.625781 0.288066 0.019792 0.047325
0 0.041016 0.367027 0.020052 0.046811
0 0.803385 0.319702 0.014063 0.032407
0 0.075651 0.387088 0.016927 0.038580
0 0.007682 0.354167 0.014844 0.025206
0 0.996094 0.340535 0.007812 0.033951
0 0.864062 0.356481 0.015625 0.033951
0 0.021484 0.273405 0.011719 0.028292
0 0.930859 0.306584 0.012240 0.027778
0 0.091667 0.360340 0.020313 0.044753
0 0.906510 0.346193 0.012500 0.029835
0 0.006120 0.392490 0.011719 0.041152
0 0.149609 0.399177 0.029427 0.051440
0 0.273958 0.363683 0.025000 0.051440
0 0.282031 0.431327 0.028125 0.046811
0 0.332292 0.263374 0.024479 0.045267
0 0.419661 0.292695 0.035156 0.057613
0 0.475781 0.389660 0.035417 0.059156
0 0.630599 0.352881 0.026823 0.042181
0 0.629948 0.243056 0.021354 0.042695
0 0.695443 0.337449 0.029427 0.046296
0 0.688411 0.285751 0.021094 0.043724
0 0.720182 0.320988 0.015885 0.036008
0 0.773958 0.302469 0.022917 0.039095
0 0.826562 0.376029 0.023438 0.050412
0 0.861458 0.306070 0.014063 0.031893
0 0.895182 0.308128 0.014323 0.042181
0 0.865234 0.235082 0.014323 0.028807
0 0.943490 0.266461 0.017188 0.028807
