0 0.433984 0.261060 0.020052 0.052984
0 0.651953 0.028035 0.013281 0.030350
0 0.992057 0.214506 0.011198 0.022634
0 0.567187 0.264660 0.019792 0.050926
0 0.801823 0.262346 0.013542 0.031893
0 0.951693 0.293467 0.012760 0.029321
0 0.869271 0.275463 0.016667 0.034465
0 0.484766 0.334105 0.020573 0.048868
0 0.587500 0.092850 0.013021 0.029321
0 0.896224 0.255916 0.011198 0.027263
0 0.986849 0.191101 0.010677 0.021091
0 0.962109 0.198045 0.010156 0.021605
0 0.906901 0.197016 0.011719 0.022634
0 0.866927 0.234311 0.011458 0.030350
0 0.626172 0.332819 0.018490 0.045267
0 0.904948 0.159979 0.009896 0.021605
0 0.970573 0.214249 0.010417 0.023148
0 0.385547 0.285237 0.021094 0.042695
0 0.033594 0.279064 0.015625 0.036523
0 0.008073 0.297068 0.015625 0.036523
0 0.827734 0.302212 0.015885 0.038580
0 0.480859 0.006173 0.010677 0.011317
0 0.997526 0.363683 0.004948 0.023663
0 0.631250 0.010031 0.014583 0.019033
0 0.946484 0.201646 0.009635 0.020576
0 0.605339 0.014403 0.013802 0.027778
0 0.207031 0.418724 0.020313 0.047325
0 0.930078 0.170782 0.009635 0.021605
0 0.130599 0.552984 0.036719 0.055556
0 0.059115 0.423868 0.022917 0.045267
0 0.006120 0.399434 0.011719 0.037551
0 0.103125 0.348765 0.021875 0.036008
0 0.293620 0.316872 0.023698 0.055556
0 0.279818 0.304527 0.015885 0.047325
0 0.381380 0.346193 0.023698 0.043210
0 0.415885 0.135802 0.023438 0.040123
0 0.499870 0.386317 0.030990 0.047325
0 0.600911 0.153549 0.014323 0.031379
0 0.567187 0.106224 0.014063 0.030350
0 0.674609 0.276492 0.016927 0.046811
0 0.724609 0.389660 0.020052 0.048868
0 0.802083 0.208591 0.012500 0.031379
0 0.814974 0.150206 0.010677 0.025720
0 0.843099 0.242798 0.014844 0.042181
0 0.902344 0.355195 0.019271 0.046811
0 0.925260 0.326646 0.010937 0.028807
0 0.933854 0.346451 0.014063 0.022119
0 0.989453 0.399691 0.016406 0.032922
0 0.871094 0.105195 0.011458 0.026235
