0 0.017188 0.369084 0.018229 0.043724
0 0.982161 0.255916 0.011198 0.027263
0 0.416146 0.119342 0.013542 0.031893
0 0.068620 0.289352 0.019010 0.045782
0 0.322656 0.267747 0.022396 0.043724
0 0.205599 0.171553 0.015885 0.038580
0 0.061198 0.414352 0.018750 0.043724
0 0.024609 0.282922 0.012240 0.023663
0 0.650391 0.320730 0.017969 0.045782
0 0.597917 0.221451 0.016667 0.036523
0 0.161458 0.200103 0.019792 0.040123
0 0.309115 0.307613 0.019792 0.042181
0 0.444792 0.366512 0.020313 0.048868
0 0.501302 0.252315 0.023438 0.050926
0 0.885026 0.293724 0.013281 0.032922
0 0.174349 0.344136 0.016406 0.036008
0 0.944271 0.275720 0.010417 0.024691
0 0.806641 0.184414 0.011198 0.026235
0 0.913281 0.231481 0.013542 0.029835
0 0.123307 0.388632 0.021094 0.050926
0 0.977995 0.223765 0.009115 0.022634
0 0.953385 0.185957 0.009896 0.023148
0 0.139453 0.322531 0.021094 0.050412
0 0.924349 0.307613 0.013802 0.031893
0 0.033724 0.289095 0.012760 0.028807
0 0.593359 0.076646 0.014323 0.038066
0 0.963411 0.263117 0.010677 0.025206
0 0.889323 0.154578 0.009896 0.019033
0 0.925260 0.218364 0.010937 0.024177
0 0.465625 0.287037 0.018229 0.042181
0 0.895312 0.233539 0.013021 0.029835
0 0.516927 0.297325 0.023438 0.049383
0 0.606510 0.297325 0.016667 0.041152
0 0.630208 0.241512 0.014063 0.035494
0 0.666927 0.401235 0.025000 0.065844
0 0.215365 0.295525 0.022396 0.050926
0 0.595703 0.137603 0.016406 0.036523
0 0.568880 0.089506 0.013802 0.027778
0 0.699740 0.287551 0.017188 0.036008
0 0.716667 0.337963 0.014063 0.033951
0 0.765625 0.310700 0.015625 0.031893
0 0.931250 0.246914 0.010937 0.025720
0 0.952474 0.227366 0.009115 0.018519
0 0.971224 0.207562 0.011198 0.016975
0 0.986328 0.203447 0.007031 0.013889
0 0.994010 0.222222 0.007292 0.019547
0 0.995182 0.401492 0.009635 0.032407
