0 0.802865 0.292181 0.015104 0.034979
0 0.425130 0.165381 0.017448 0.038580
0 0.145052 0.283951 0.016146 0.037037
0 0.123047 0.281121 0.017969 0.040638
0 0.366276 0.281121 0.020573 0.049897
0 0.269401 0.289609 0.014323 0.034979
0 0.075781 0.291667 0.014063 0.031893
0 0.647135 0.268261 0.019792 0.044753
0 0.697526 0.231996 0.016927 0.041152
0 0.755729 0.349280 0.020833 0.047325
0 0.721615 0.381687 0.018229 0.041152
0 0.962500 0.305041 0.011458 0.028807
0 0.665104 0.355710 0.020313 0.045782
0 0.507031 0.299126 0.019792 0.046811
0 0.053646 0.559928 0.019792 0.048868
0 0.279818 0.196502 0.014844 0.034979
0 0.592318 0.299383 0.016927 0.038066
0 0.538151 0.357767 0.020052 0.050926
0 0.020182 0.500000 0.025781 0.061728
0 0.028906 0.374486 0.016667 0.037037
0 0.992578 0.368313 0.012240 0.028807
0 0.245703 0.266975 0.015885 0.038066
0 0.082292 0.262088 0.014063 0.032407
0 0.205599 0.421811 0.027865 0.065844
0 0.218620 0.195216 0.014844 0.032407
0 0.007682 0.351852 0.014844 0.034979
0 0.452995 0.312757 0.018490 0.046296
0 0.039583 0.433385 0.017708 0.040638
0 0.696094 0.316872 0.019271 0.044239
0 0.018099 0.698560 0.019010 0.049383
0 0.163281 0.302212 0.018229 0.039609
0 0.901302 0.273148 0.009896 0.023663
0 0.976302 0.353395 0.011979 0.028807
0 0.975391 0.284979 0.010677 0.025720
0 0.071745 0.245370 0.013281 0.028807
0 0.181120 0.289609 0.018490 0.043210
0 0.872266 0.311728 0.016406 0.033951
0 0.818099 0.309928 0.016406 0.039609
0 0.011458 0.414352 0.017708 0.039609
0 0.051693 0.357510 0.016406 0.037037
0 0.888932 0.298354 0.014323 0.032922
0 0.328125 0.183128 0.014583 0.032922
0 0.458594 0.286265 0.019271 0.045782
0 0.008073 0.588992 0.015625 0.044239
0 0.119792 0.555556 0.022396 0.048354
0 0.945833 0.334362 0.011979 0.028807
0 0.106771 0.256944 0.015104 0.035494
0 0.167969 0.213992 0.014063 0.032922
0 0.915104 0.252829 0.009896 0.023148
0 0.163932 0.392233 0.020573 0.048868
0 0.033464 0.283693 0.013281 0.029321
0 0.389844 0.594650 0.025521 0.063786
0 0.534766 0.465535 0.021094 0.054527
0 0.314844 0.628086 0.042708 0.084362
0 0.077995 0.715535 0.042969 0.061728
0 0.138411 0.620370 0.037240 0.067901
0 0.080469 0.370113 0.022396 0.051955
0 0.052344 0.325874 0.023958 0.034465
0 0.218099 0.284979 0.027344 0.049383
0 0.281380 0.387603 0.034635 0.051955
0 0.361198 0.387346 0.035417 0.057613
0 0.439844 0.364969 0.033333 0.049897
0 0.413281 0.509774 0.034896 0.074074
0 0.405078 0.148920 0.018490 0.032407
0 0.589323 0.374486 0.028646 0.050412
0 0.776302 0.315844 0.021354 0.047325
0 0.899219 0.345936 0.022917 0.044753
0 0.922266 0.296296 0.017448 0.033951
0 0.998177 0.311728 0.003646 0.021605
