0 0.225130 0.250772 0.016927 0.037551
0 0.386458 0.082819 0.014063 0.031893
0 0.908333 0.266204 0.014063 0.031379
0 0.026042 0.328704 0.015625 0.037037
0 0.269141 0.314815 0.021094 0.049383
0 0.687500 0.308385 0.016667 0.037551
0 0.518620 0.382202 0.020052 0.050412
0 0.117708 0.384259 0.020313 0.047325
0 0.367318 0.251029 0.017969 0.040123
0 0.113151 0.269290 0.013281 0.030350
0 0.335807 0.300412 0.020573 0.051440
0 0.236328 0.354167 0.022135 0.052984
0 0.409245 0.281636 0.018490 0.045782
0 0.007422 0.316358 0.014323 0.037037
0 0.751953 0.255401 0.017448 0.039609
0 0.964453 0.260545 0.010156 0.023148
0 0.446354 0.352109 0.018750 0.045782
0 0.940104 0.299640 0.013021 0.030350
0 0.990755 0.291409 0.010677 0.024177
0 0.157031 0.366255 0.020313 0.046296
0 0.030469 0.273663 0.011979 0.028807
0 0.816016 0.237140 0.013281 0.028807
0 0.879036 0.306842 0.015885 0.034465
0 0.907943 0.309156 0.015365 0.034979
0 0.072266 0.361883 0.018490 0.040638
0 0.764583 0.352623 0.019271 0.046811
0 0.069271 0.279835 0.014063 0.031893
0 0.926042 0.229938 0.011458 0.025720
0 0.975130 0.210134 0.011198 0.022119
0 0.863411 0.278807 0.013802 0.030864
0 0.881120 0.260545 0.012760 0.030350
0 0.958854 0.297325 0.012500 0.029835
0 0.856641 0.366255 0.017969 0.032922
0 0.814974 0.335134 0.015365 0.037551
0 0.020833 0.426955 0.022396 0.044239
0 0.052604 0.363940 0.018750 0.044753
0 0.207943 0.340278 0.024219 0.046811
0 0.494401 0.224280 0.020052 0.044239
0 0.517578 0.298868 0.022656 0.052469
0 0.591536 0.296296 0.018490 0.040123
0 0.598958 0.349280 0.023438 0.045267
0 0.649089 0.302726 0.017969 0.040638
0 0.701693 0.366770 0.024740 0.054527
0 0.659766 0.254115 0.017969 0.041152
0 0.752865 0.311986 0.021354 0.035494
0 0.790495 0.313272 0.017969 0.031893
0 0.824740 0.289866 0.015625 0.030350
0 0.952865 0.334877 0.012500 0.033951
0 0.968620 0.231481 0.009635 0.021605
