0 0.140625 0.364198 0.020313 0.050412
0 0.365625 0.345936 0.028125 0.060185
0 0.055078 0.381944 0.019010 0.045782
0 0.956641 0.313272 0.012760 0.029835
0 0.374870 0.111111 0.014844 0.034979
0 0.115365 0.413323 0.020833 0.051955
0 0.492318 0.421553 0.025781 0.062243
0 0.600911 0.241512 0.020052 0.045782
0 0.035156 0.273405 0.015625 0.031379
0 0.541016 0.033179 0.012240 0.026235
0 0.875651 0.180556 0.011198 0.025720
0 0.460807 0.339249 0.026823 0.054012
0 0.194141 0.395062 0.024740 0.047325
0 0.584896 0.152263 0.014063 0.032922
0 0.949609 0.189558 0.010156 0.024177
0 0.810286 0.299126 0.014323 0.033436
0 0.524740 0.024434 0.012500 0.029321
0 0.703255 0.325103 0.021615 0.051440
0 0.006120 0.385288 0.011719 0.037037
0 0.299740 0.345165 0.021875 0.051440
0 0.747266 0.257716 0.017969 0.047325
0 0.932031 0.205504 0.009896 0.023148
0 0.993880 0.330761 0.012240 0.036008
0 0.506250 0.028035 0.013542 0.030350
0 0.097526 0.323560 0.015365 0.034979
0 0.905859 0.218879 0.010677 0.025206
0 0.995443 0.236626 0.008594 0.021605
0 0.814323 0.338735 0.016667 0.038580
0 0.605599 0.094650 0.013281 0.031893
0 0.214714 0.293210 0.015365 0.036008
0 0.840234 0.311728 0.014844 0.034979
0 0.576302 0.106224 0.014063 0.032407
0 0.882292 0.133745 0.008854 0.019547
0 0.914453 0.102623 0.008073 0.019033
0 0.832943 0.104681 0.009115 0.019033
0 0.011328 0.305041 0.014844 0.036008
0 0.031250 0.315329 0.018229 0.033951
0 0.130599 0.319444 0.019010 0.047325
0 0.103516 0.375257 0.022656 0.038580
0 0.209635 0.336420 0.027604 0.043210
0 0.260417 0.405864 0.032813 0.062757
0 0.584375 0.298868 0.025521 0.058642
0 0.652995 0.259002 0.022135 0.046811
0 0.769141 0.315329 0.020573 0.043210
0 0.788672 0.286008 0.014323 0.031893
0 0.821354 0.256687 0.017708 0.034979
0 0.836849 0.231481 0.012240 0.025720
0 0.868750 0.268776 0.015625 0.037551
0 0.906380 0.253344 0.014323 0.023148
0 0.887240 0.221451 0.011979 0.026235
0 0.929948 0.367798 0.016667 0.031893
0 0.901953 0.376543 0.017969 0.034979
0 0.989193 0.197788 0.011198 0.021091
0 0.960156 0.153807 0.010937 0.023663
0 0.951693 0.144033 0.005469 0.013374
0 0.933073 0.139403 0.007812 0.018519
0 0.938021 0.177984 0.007812 0.021605
0 0.887630 0.105453 0.009635 0.021605
0 0.794922 0.103652 0.011198 0.019033
