0 0.181641 0.257202 0.018490 0.045267
0 0.531901 0.216564 0.019531 0.039095
0 0.352604 0.299640 0.018750 0.043724
0 0.239714 0.283951 0.020052 0.041152
0 0.269531 0.205247 0.018750 0.043210
0 0.165625 0.293724 0.019792 0.049383
0 0.360156 0.227366 0.017188 0.044239
0 0.433724 0.228652 0.017448 0.039609
0 0.421875 0.306842 0.018750 0.044753
0 0.653385 0.265175 0.019792 0.039609
0 0.127604 0.275463 0.017708 0.042695
0 0.380469 0.256944 0.021875 0.041667
0 0.981380 0.315072 0.012760 0.027263
0 0.846354 0.250772 0.012500 0.027263
0 0.763802 0.266461 0.017188 0.038066
0 0.496875 0.278807 0.015104 0.039095
0 0.991406 0.262346 0.010937 0.024691
0 0.942708 0.245628 0.011458 0.026235
0 0.404427 0.009774 0.010417 0.018519
0 0.274479 0.255916 0.019792 0.046811
0 0.976302 0.247942 0.011458 0.024691
0 0.896224 0.255658 0.011719 0.024691
0 0.883464 0.267233 0.011198 0.023148
0 0.736198 0.276749 0.014583 0.036008
0 0.814583 0.352881 0.016667 0.041152
0 0.025260 0.280864 0.014583 0.029835
0 0.063021 0.355453 0.020833 0.043210
0 0.131771 0.320216 0.022917 0.038580
0 0.205078 0.364455 0.026823 0.041667
0 0.492057 0.266718 0.026302 0.050926
0 0.544401 0.286523 0.022656 0.047325
0 0.586849 0.262088 0.025260 0.050926
0 0.650391 0.316872 0.024219 0.042181
0 0.680078 0.242798 0.015365 0.043210
0 0.746875 0.323302 0.019271 0.044753
0 0.810026 0.293467 0.021615 0.041667
0 0.859375 0.287294 0.015104 0.031379
0 0.883073 0.309414 0.016667 0.038580
0 0.900130 0.341821 0.015365 0.035494
0 0.920182 0.330247 0.015885 0.030864
0 0.944271 0.317901 0.014583 0.027778
0 0.915365 0.283436 0.012500 0.026749
0 0.944531 0.215535 0.009896 0.023663
0 0.995964 0.229938 0.008073 0.022634
0 0.708333 0.456019 0.024479 0.045782
