0 0.302083 0.171811 0.014063 0.032922
0 0.258333 0.193416 0.015625 0.033951
0 0.055339 0.340278 0.019531 0.041667
0 0.474479 0.338992 0.021354 0.050412
0 0.102865 0.433899 0.021354 0.047840
0 0.202865 0.215792 0.015104 0.034465
0 0.621354 0.242027 0.017188 0.038580
0 0.060156 0.298354 0.015625 0.034979
0 0.676172 0.234053 0.014844 0.033951
0 0.163151 0.312243 0.021094 0.046296
0 0.149740 0.226337 0.017188 0.040123
0 0.109766 0.323302 0.017969 0.041667
0 0.537630 0.349537 0.017969 0.042695
0 0.069271 0.586677 0.026042 0.056070
0 0.096484 0.276749 0.020052 0.045267
0 0.226693 0.407407 0.021615 0.053498
0 0.253906 0.272119 0.014583 0.033951
0 0.901172 0.308642 0.012240 0.026749
0 0.904557 0.346193 0.013281 0.030864
0 0.959375 0.406379 0.013021 0.030864
0 0.676172 0.289609 0.014323 0.034979
0 0.774089 0.292438 0.016406 0.038580
0 0.426432 0.274691 0.020052 0.046296
0 0.594922 0.322274 0.021615 0.043724
0 0.035156 0.428498 0.018229 0.041152
0 0.014844 0.498457 0.023438 0.051440
0 0.174349 0.434671 0.028385 0.065844
0 0.046094 0.314815 0.018229 0.039095
0 0.807552 0.288066 0.016146 0.037037
0 0.562630 0.414609 0.020052 0.048354
0 0.076823 0.259259 0.018229 0.041152
0 0.010286 0.406893 0.019531 0.044239
0 0.034505 0.330247 0.016927 0.036008
0 0.289453 0.385288 0.022135 0.050412
0 0.930078 0.304012 0.012240 0.026749
0 0.029167 0.369856 0.017708 0.038066
0 0.076042 0.239712 0.019271 0.040123
0 0.085286 0.265175 0.017969 0.041667
0 0.945703 0.316615 0.013281 0.029321
0 0.297005 0.313786 0.021094 0.048354
0 0.204818 0.270576 0.011719 0.029835
0 0.619661 0.412037 0.020052 0.051440
0 0.177995 0.349537 0.022135 0.051955
0 0.936458 0.383745 0.012500 0.030864
0 0.323047 0.561214 0.028385 0.053498
0 0.266667 0.508230 0.033333 0.059671
0 0.348047 0.473251 0.034115 0.066872
0 0.096875 0.674126 0.035937 0.069444
0 0.013802 0.590021 0.027083 0.061728
0 0.069401 0.394290 0.033594 0.059156
0 0.035026 0.282922 0.013802 0.026749
0 0.362240 0.317644 0.025000 0.048868
0 0.421224 0.331790 0.026823 0.054527
0 0.814063 0.335648 0.026562 0.048868
0 0.841797 0.226595 0.015365 0.029321
0 0.861198 0.303241 0.015625 0.037551
0 0.979557 0.269290 0.013802 0.020062
0 0.970052 0.309671 0.017708 0.038066
