0 0.146484 0.341564 0.022656 0.054527
0 0.460156 0.160751 0.021875 0.050926
0 0.180729 0.265175 0.028125 0.046811
0 0.340755 0.284465 0.037240 0.067901
0 0.581380 0.291152 0.017448 0.042181
0 0.953255 0.315844 0.014323 0.032922
0 0.988021 0.247428 0.011979 0.025720
0 0.942448 0.237397 0.011979 0.028292
0 0.879167 0.240998 0.015104 0.034465
0 0.453385 0.334362 0.023438 0.054527
0 0.217969 0.237912 0.021354 0.051955
0 0.823438 0.252315 0.015625 0.032407
0 0.094922 0.385545 0.016927 0.040638
0 0.726302 0.284208 0.017708 0.046811
0 0.012109 0.351852 0.019531 0.044239
0 0.035937 0.287809 0.020313 0.039609
0 0.436849 0.146348 0.019010 0.052984
0 0.652474 0.357767 0.030469 0.051955
0 0.528125 0.367541 0.025000 0.055041
0 0.785807 0.259002 0.017969 0.038580
0 0.958854 0.253086 0.011458 0.026749
0 0.690885 0.298354 0.018750 0.049383
0 0.923438 0.260545 0.010417 0.025206
0 0.218750 0.287551 0.031250 0.057613
0 0.303255 0.384002 0.028385 0.059156
0 0.757682 0.313529 0.019531 0.049897
0 0.589844 0.188272 0.017188 0.051440
0 0.499349 0.268776 0.022135 0.055041
0 0.605339 0.357510 0.028385 0.066872
0 0.636198 0.297068 0.016146 0.040638
0 0.448568 0.623200 0.048177 0.100309
0 0.036328 0.432870 0.017969 0.040638
0 0.714323 0.370628 0.022396 0.050926
0 0.995573 0.407922 0.008854 0.037037
0 0.238542 0.409208 0.045312 0.067387
0 0.091667 0.312757 0.030729 0.054527
0 0.898828 0.299640 0.013281 0.032407
0 0.023568 0.275720 0.012240 0.038066
0 0.012240 0.388632 0.019792 0.039609
0 0.196875 0.353138 0.025521 0.050926
0 0.255859 0.315072 0.028906 0.070473
0 0.554557 0.168210 0.022656 0.043210
0 0.596615 0.119599 0.017708 0.037551
0 0.826042 0.289095 0.020833 0.034979
0 0.804167 0.335905 0.019792 0.047325
0 0.860156 0.303498 0.017708 0.028807
0 0.899219 0.422582 0.018229 0.048868
0 0.962630 0.228652 0.010156 0.022119
0 0.996094 0.220679 0.007812 0.023663
0 0.997786 0.244084 0.004427 0.018004
0 0.621224 0.006944 0.013802 0.012860
