0 0.283724 0.198817 0.015885 0.036523
0 0.802734 0.293724 0.014323 0.031893
0 0.120182 0.515689 0.019531 0.042695
0 0.640495 0.279835 0.016927 0.034979
0 0.723177 0.383230 0.018229 0.043210
0 0.521484 0.291409 0.017969 0.042695
0 0.263802 0.302726 0.016667 0.038580
0 0.425000 0.172325 0.015104 0.033951
0 0.962370 0.306327 0.011719 0.029321
0 0.215234 0.416667 0.027865 0.063786
0 0.992839 0.372428 0.012240 0.029835
0 0.233073 0.210391 0.015104 0.037037
0 0.454557 0.320730 0.017969 0.044753
0 0.182943 0.284979 0.016406 0.036008
0 0.707031 0.313272 0.016667 0.039095
0 0.586068 0.293210 0.021615 0.050412
0 0.077865 0.288066 0.014583 0.033951
0 0.364193 0.393776 0.035677 0.065329
0 0.327214 0.233282 0.016406 0.038580
0 0.055469 0.350566 0.016667 0.038580
0 0.060937 0.540123 0.021354 0.049383
0 0.013021 0.416667 0.018229 0.041152
0 0.040755 0.445988 0.017969 0.041152
0 0.056641 0.309156 0.015365 0.032922
0 0.030599 0.388632 0.017448 0.040638
0 0.975521 0.290381 0.011458 0.028292
0 0.119792 0.272377 0.016667 0.036523
0 0.974609 0.347222 0.012240 0.029835
0 0.008594 0.617541 0.016667 0.045782
0 0.593359 0.395319 0.020052 0.045782
0 0.676172 0.375772 0.020573 0.045782
0 0.179427 0.254115 0.017188 0.038066
0 0.082682 0.697788 0.027865 0.068416
0 0.722786 0.225309 0.014844 0.032922
0 0.816146 0.313786 0.014583 0.032922
0 0.160286 0.384516 0.020052 0.047840
0 0.282031 0.381687 0.021875 0.051440
0 0.553776 0.428241 0.021615 0.051955
0 0.126172 0.477623 0.018490 0.040638
0 0.305729 0.330761 0.021354 0.049383
0 0.718229 0.241770 0.015625 0.034979
0 0.134245 0.282150 0.013802 0.031379
0 0.109115 0.292953 0.013542 0.031379
0 0.146094 0.584877 0.026042 0.059671
0 0.107422 0.244342 0.012760 0.029835
0 0.333073 0.182099 0.017188 0.039095
0 0.758724 0.284722 0.014844 0.035494
0 0.010677 0.346193 0.017708 0.038066
0 0.544922 0.350051 0.021094 0.047840
0 0.356510 0.299383 0.019792 0.050412
0 0.021354 0.460905 0.018750 0.043210
0 0.181380 0.192130 0.014844 0.035494
0 0.013932 0.514918 0.017969 0.040123
0 0.097917 0.299897 0.012500 0.027778
0 0.402604 0.153807 0.013021 0.029835
0 0.758594 0.358539 0.014583 0.036008
0 0.943229 0.326646 0.012500 0.030864
0 0.408073 0.629630 0.034375 0.062757
0 0.327344 0.622171 0.044792 0.080761
0 0.085547 0.407665 0.044010 0.065329
0 0.034245 0.299383 0.013802 0.033951
0 0.082552 0.261574 0.018750 0.028292
0 0.078646 0.237140 0.019271 0.023663
0 0.148047 0.268261 0.020573 0.040638
0 0.225651 0.254630 0.017969 0.039095
0 0.217839 0.299126 0.027344 0.048868
0 0.425391 0.512860 0.039323 0.054527
0 0.442578 0.368313 0.022656 0.059671
0 0.528906 0.456533 0.027604 0.059156
0 0.875781 0.322274 0.016667 0.035494
0 0.892578 0.296039 0.016927 0.031379
0 0.892448 0.256430 0.021875 0.037551
0 0.917969 0.251543 0.014063 0.025720
0 0.920052 0.301698 0.021875 0.029321
0 0.911589 0.353909 0.024219 0.047325
0 0.997526 0.308899 0.004948 0.025206
