0 0.252344 0.061214 0.011979 0.027778
0 0.197396 0.185700 0.015625 0.040123
0 0.774740 0.295010 0.014063 0.032407
0 0.089714 0.447788 0.021615 0.050926
0 0.084245 0.321502 0.019010 0.048354
0 0.603125 0.086934 0.011458 0.025720
0 0.110937 0.291667 0.018750 0.042181
0 0.165625 0.173611 0.013542 0.032407
0 0.508203 0.356481 0.021615 0.050412
0 0.574089 0.085648 0.011198 0.026235
0 0.164323 0.322531 0.022396 0.053498
0 0.110937 0.182356 0.012500 0.030350
0 0.600651 0.131687 0.012760 0.030864
0 0.128776 0.424640 0.026823 0.048868
0 0.560286 0.293210 0.021615 0.049383
0 0.967057 0.222737 0.011198 0.024691
0 0.125781 0.334619 0.021875 0.050926
0 0.417187 0.357767 0.026042 0.060185
0 0.361328 0.354938 0.020052 0.045267
0 0.964583 0.270319 0.010417 0.026235
0 0.006510 0.407150 0.012500 0.038580
0 0.024219 0.265947 0.015625 0.029835
0 0.600000 0.212449 0.016146 0.037037
0 0.608203 0.313272 0.019010 0.044239
0 0.858594 0.291667 0.011458 0.027778
0 0.495833 0.283951 0.017188 0.041152
0 0.067448 0.409208 0.019271 0.047840
0 0.930208 0.254115 0.010937 0.023663
0 0.913932 0.246656 0.010677 0.024177
0 0.916276 0.323045 0.013281 0.029835
0 0.022917 0.292438 0.020313 0.039609
0 0.018880 0.334877 0.024740 0.037037
0 0.248177 0.273405 0.023438 0.049897
0 0.262109 0.353909 0.026823 0.057613
0 0.344531 0.403035 0.025000 0.055041
0 0.415234 0.282665 0.028385 0.060185
0 0.695833 0.272634 0.020313 0.054527
0 0.721875 0.330761 0.026562 0.050412
0 0.788411 0.360854 0.016406 0.032407
0 0.817839 0.212191 0.012760 0.030350
0 0.801823 0.088735 0.010417 0.025206
0 0.863542 0.238940 0.015625 0.032407
0 0.873828 0.342850 0.016927 0.030350
0 0.897526 0.289095 0.011719 0.028807
0 0.978906 0.326903 0.015625 0.026235
0 0.994531 0.294753 0.009896 0.020576
0 0.993099 0.299897 0.001302 0.003086
0 0.980599 0.255144 0.011198 0.023663
0 0.994531 0.404578 0.010937 0.035494
0 0.989323 0.212963 0.004687 0.012346
