0 0.016406 0.308385 0.014583 0.031379
0 0.075911 0.338477 0.018490 0.041152
0 0.370052 0.170267 0.017708 0.040123
0 0.008464 0.350566 0.015365 0.034465
0 0.057552 0.402521 0.016667 0.039609
0 0.400781 0.133230 0.016146 0.036008
0 0.793099 0.166152 0.011198 0.022634
0 0.771615 0.347479 0.014063 0.033436
0 0.611458 0.341307 0.019271 0.045782
0 0.883984 0.322788 0.015365 0.034465
0 0.356771 0.267490 0.017188 0.042181
0 0.419922 0.327932 0.023177 0.050926
0 0.950521 0.287809 0.012500 0.030350
0 0.072396 0.409465 0.019271 0.042181
0 0.925781 0.314043 0.014063 0.031379
0 0.028646 0.419496 0.019271 0.044753
0 0.774219 0.263374 0.012500 0.030864
0 0.318620 0.367027 0.022656 0.056070
0 0.796484 0.387603 0.014844 0.034465
0 0.691667 0.231996 0.016667 0.036008
0 0.118490 0.274691 0.017188 0.034979
0 0.187630 0.397634 0.026823 0.066872
0 0.831120 0.298097 0.014323 0.033436
0 0.514062 0.351595 0.019792 0.050926
0 0.184896 0.230453 0.016667 0.039095
0 0.149349 0.253601 0.015885 0.033951
0 0.298698 0.448817 0.021875 0.058128
0 0.979167 0.285237 0.013542 0.032407
0 0.552214 0.359568 0.020052 0.049383
0 0.502344 0.315586 0.018229 0.042695
0 0.041406 0.262860 0.013542 0.030864
0 0.062109 0.277263 0.014323 0.027778
0 0.922266 0.274434 0.012240 0.029321
0 0.105990 0.479938 0.019792 0.047325
0 0.115365 0.292181 0.018750 0.034979
0 0.908203 0.283693 0.013281 0.031379
0 0.165234 0.581276 0.033073 0.062757
0 0.035156 0.766204 0.036458 0.048868
0 0.045052 0.471451 0.027604 0.050926
0 0.054427 0.326132 0.020313 0.043210
0 0.101432 0.331019 0.022135 0.044753
0 0.114583 0.333591 0.018229 0.049897
0 0.086849 0.448560 0.031510 0.059671
0 0.170964 0.262603 0.017969 0.043724
0 0.295052 0.344136 0.024479 0.053498
0 0.590625 0.273663 0.019792 0.047325
0 0.631120 0.258745 0.025260 0.052469
0 0.659375 0.316872 0.021875 0.054527
0 0.699349 0.324588 0.016406 0.039095
0 0.712760 0.344650 0.021875 0.045267
0 0.733464 0.294239 0.019010 0.036008
0 0.800781 0.309156 0.017708 0.039095
0 0.852865 0.349794 0.019271 0.036008
0 0.856901 0.288580 0.016927 0.048354
0 0.937891 0.369342 0.014323 0.036008
0 0.900651 0.324331 0.012240 0.027263
0 0.956120 0.330761 0.009635 0.028807
0 0.989323 0.296039 0.010937 0.019033
0 0.997526 0.286008 0.004948 0.019547
