0 0.792839 0.378344 0.019010 0.042695
0 0.366536 0.306327 0.022135 0.055041
0 0.176953 0.389146 0.019010 0.044753
0 0.312240 0.186471 0.015625 0.034465
0 0.895573 0.327160 0.014063 0.032922
0 0.750651 0.375000 0.017448 0.043210
0 0.221094 0.209619 0.016667 0.039609
0 0.497526 0.156121 0.015885 0.034465
0 0.951432 0.271862 0.010677 0.025206
0 0.577083 0.322016 0.018229 0.041152
0 0.295182 0.393261 0.020052 0.051955
0 0.055990 0.320216 0.018229 0.037551
0 0.816406 0.255401 0.013542 0.030350
0 0.648828 0.303498 0.019010 0.045267
0 0.223958 0.413066 0.027083 0.059671
0 0.033333 0.371914 0.018229 0.042181
0 0.085938 0.397119 0.027083 0.054527
0 0.721224 0.314300 0.014844 0.033951
0 0.010547 0.351337 0.016927 0.037037
0 0.584896 0.205247 0.016146 0.036008
0 0.338021 0.236368 0.014583 0.035494
0 0.175391 0.256173 0.017969 0.043210
0 0.479427 0.301440 0.018229 0.042181
0 0.075911 0.291924 0.017969 0.038580
0 0.612891 0.355967 0.018490 0.044239
0 0.012109 0.604681 0.021615 0.049897
0 0.587891 0.485854 0.025781 0.065329
0 0.053125 0.363683 0.018750 0.043210
0 0.761068 0.311471 0.017448 0.040638
0 0.351823 0.202675 0.015625 0.037037
0 0.126042 0.271605 0.016146 0.038066
0 0.842448 0.296039 0.014583 0.035494
0 0.054427 0.584619 0.025000 0.056070
0 0.659505 0.371914 0.017969 0.039095
0 0.039844 0.444959 0.020313 0.047325
0 0.827604 0.337706 0.016667 0.038580
0 0.081250 0.261831 0.016667 0.033951
0 0.164844 0.206790 0.015625 0.036008
0 0.009375 0.409979 0.018229 0.043210
0 0.622786 0.437500 0.022135 0.056070
0 0.280469 0.278292 0.016146 0.037037
0 0.471875 0.346193 0.021354 0.053498
0 0.031510 0.294496 0.016667 0.035494
0 0.827214 0.047840 0.008073 0.018519
0 0.003516 0.327932 0.006510 0.036523
0 0.937109 0.316358 0.014844 0.032922
0 0.217839 0.283951 0.020573 0.041152
0 0.165104 0.556584 0.047396 0.063786
0 0.133724 0.574074 0.020573 0.039095
0 0.052734 0.652263 0.034635 0.058642
0 0.154948 0.743313 0.032813 0.048354
0 0.074349 0.478909 0.028385 0.047325
0 0.070443 0.245113 0.015885 0.034465
0 0.105729 0.257202 0.023438 0.043210
0 0.234635 0.266718 0.021875 0.046811
0 0.352734 0.428755 0.033594 0.055041
0 0.383594 0.367027 0.030208 0.050926
0 0.867448 0.289866 0.016146 0.034465
0 0.963672 0.352366 0.017969 0.038066
0 0.972266 0.290638 0.013802 0.030864
0 0.978646 0.275206 0.011458 0.025720
0 0.993880 0.328189 0.012240 0.028807
0 0.850000 0.075103 0.007292 0.013374
0 0.874870 0.014146 0.004948 0.011831
0 0.915495 0.023663 0.004427 0.011317
