0 0.944010 0.296811 0.015104 0.034979
0 0.755729 0.408179 0.018750 0.043724
0 0.813021 0.276235 0.015104 0.036008
0 0.283464 0.278035 0.013281 0.031379
0 0.789323 0.382202 0.018229 0.044239
0 0.728125 0.317644 0.016667 0.035494
0 0.226432 0.407150 0.025781 0.062243
0 0.306380 0.197531 0.016406 0.036008
0 0.062370 0.511317 0.025260 0.057613
0 0.340104 0.233539 0.015104 0.034979
0 0.510547 0.168210 0.016406 0.040123
0 0.605729 0.459877 0.021354 0.052469
0 0.283333 0.409722 0.022396 0.056070
0 0.401823 0.279064 0.016667 0.038580
0 0.620964 0.356224 0.017448 0.042695
0 0.029948 0.290123 0.015104 0.031893
0 0.076693 0.293724 0.015365 0.033951
0 0.049089 0.317387 0.016927 0.034979
0 0.647396 0.296811 0.016146 0.038066
0 0.574740 0.295010 0.020833 0.045782
0 0.238151 0.266718 0.013281 0.033436
0 0.855208 0.314300 0.014063 0.033951
0 0.166667 0.358025 0.017188 0.041152
0 0.071354 0.471193 0.019792 0.042181
0 0.589323 0.202675 0.015104 0.032922
0 0.245312 0.199846 0.014063 0.032407
0 0.031120 0.381687 0.019531 0.042181
0 0.017578 0.587449 0.020573 0.048354
0 0.130208 0.491255 0.026042 0.068930
0 0.112370 0.267490 0.015365 0.036008
0 0.676302 0.393776 0.016667 0.039609
0 0.358464 0.197274 0.014323 0.033436
0 0.110286 0.238426 0.013281 0.031379
0 0.175521 0.204733 0.014063 0.034979
0 0.477344 0.290123 0.018229 0.043210
0 0.186198 0.262603 0.014063 0.033436
0 0.367318 0.346451 0.019010 0.044753
0 0.952474 0.272634 0.014323 0.031893
0 0.032943 0.455761 0.017448 0.044239
0 0.141016 0.279064 0.013802 0.033436
0 0.010547 0.344650 0.017969 0.037037
0 0.168099 0.274177 0.013802 0.032922
0 0.355208 0.397891 0.023438 0.059156
0 0.016016 0.412809 0.017969 0.040638
0 0.071094 0.248457 0.011979 0.024691
0 0.838281 0.326389 0.014583 0.035494
0 0.220182 0.279064 0.015365 0.035494
0 0.061979 0.336934 0.017708 0.039095
0 0.943620 0.334619 0.017448 0.040638
0 0.120833 0.676698 0.055208 0.068416
0 0.060677 0.627058 0.035937 0.052469
0 0.172266 0.546039 0.053385 0.066358
0 0.083464 0.267233 0.019531 0.026235
0 0.466667 0.338477 0.026042 0.054527
0 0.763672 0.311214 0.021615 0.047325
0 0.759896 0.198302 0.021354 0.044753
0 0.870052 0.282665 0.016146 0.036523
0 0.893620 0.320473 0.017448 0.042181
0 0.963281 0.341049 0.017708 0.044239
0 0.973568 0.305813 0.013802 0.035494
0 0.967578 0.259516 0.010156 0.035494
0 0.994661 0.576903 0.010677 0.032407
