0 0.786068 0.224023 0.012240 0.029321
0 0.189062 0.255658 0.019271 0.043210
0 0.702344 0.214763 0.017188 0.033436
0 0.143099 0.288323 0.021615 0.038580
0 0.405729 0.272634 0.022396 0.040123
0 0.164844 0.347222 0.023958 0.054527
0 0.821745 0.235597 0.013802 0.032922
0 0.247786 0.269033 0.019531 0.043210
0 0.932422 0.242798 0.009635 0.022634
0 0.135677 0.375514 0.023958 0.054527
0 0.527734 0.223765 0.017969 0.039095
0 0.045573 0.319187 0.015104 0.032407
0 0.020182 0.425669 0.021094 0.041667
0 0.932292 0.269290 0.009375 0.023148
0 0.500521 0.313529 0.020313 0.045782
0 0.017839 0.324074 0.016406 0.036008
0 0.075000 0.443930 0.022917 0.049383
0 0.912630 0.277521 0.009635 0.022119
0 0.973437 0.267490 0.010417 0.023663
0 0.862500 0.240998 0.010937 0.026235
0 0.672396 0.314558 0.017188 0.040638
0 0.906380 0.242284 0.009635 0.022634
0 0.053516 0.277521 0.015365 0.033436
0 0.672656 0.229424 0.018229 0.044239
0 0.725391 0.323560 0.020573 0.044239
0 0.951693 0.293210 0.011198 0.025720
0 0.064323 0.349794 0.018750 0.040123
0 0.853906 0.291667 0.013021 0.029835
0 0.336328 0.224023 0.025781 0.056070
0 0.873047 0.266461 0.014323 0.030864
0 0.239844 0.318158 0.022917 0.044753
0 0.868229 0.226080 0.010937 0.025206
0 0.826042 0.275463 0.010937 0.027263
0 0.013151 0.282407 0.012760 0.026749
0 0.111589 0.287551 0.019010 0.042181
0 0.202083 0.395576 0.023438 0.046296
0 0.262370 0.443930 0.030469 0.052469
0 0.238802 0.449074 0.019792 0.043210
0 0.330469 0.298868 0.025000 0.050412
0 0.401432 0.368827 0.032552 0.059671
0 0.597656 0.345422 0.025521 0.061214
0 0.647656 0.260545 0.020313 0.042695
0 0.753385 0.242541 0.019792 0.036523
0 0.783724 0.352366 0.016927 0.039095
0 0.815365 0.314558 0.010417 0.025206
0 0.788672 0.289609 0.016927 0.034979
0 0.879427 0.397634 0.019792 0.036008
0 0.885156 0.342593 0.013542 0.039095
0 0.902214 0.300412 0.016406 0.026749
0 0.913672 0.222737 0.011719 0.022634
0 0.951302 0.230967 0.015104 0.026749
0 0.980859 0.248714 0.009635 0.018004
0 0.978516 0.305556 0.010156 0.025720
