0 0.894792 0.221708 0.010937 0.025720
0 0.108724 0.293467 0.014844 0.035494
0 0.696354 0.343621 0.017708 0.043210
0 0.404948 0.345422 0.019792 0.043724
0 0.202604 0.397119 0.024479 0.057613
0 0.825000 0.279578 0.012500 0.029321
0 0.050260 0.337449 0.015625 0.036008
0 0.841016 0.319959 0.015885 0.034979
0 0.739844 0.303241 0.014063 0.034465
0 0.161328 0.183385 0.013281 0.030350
0 0.591536 0.136317 0.011719 0.028807
0 0.023047 0.276749 0.013802 0.030864
0 0.903776 0.206790 0.011719 0.026749
0 0.714193 0.300412 0.015885 0.040123
0 0.612500 0.077675 0.010937 0.025720
0 0.920052 0.270062 0.011979 0.028807
0 0.558984 0.306070 0.017969 0.041152
0 0.204948 0.163580 0.012500 0.030864
0 0.928385 0.239455 0.010417 0.025206
0 0.218880 0.261831 0.015885 0.036008
0 0.527474 0.378344 0.021615 0.049897
0 0.903385 0.278807 0.011458 0.029835
0 0.027083 0.393776 0.019271 0.046811
0 0.148698 0.375772 0.021875 0.047840
0 0.866797 0.231996 0.014844 0.031893
0 0.575521 0.085391 0.012500 0.026749
0 0.969792 0.216564 0.012500 0.026749
0 0.993359 0.226595 0.011198 0.025206
0 0.099740 0.365484 0.021354 0.048868
0 0.299740 0.299126 0.020833 0.046811
0 0.200000 0.309928 0.017188 0.041667
0 0.852734 0.269290 0.012240 0.029321
0 0.986198 0.260288 0.010937 0.024691
0 0.795052 0.307356 0.016667 0.036523
0 0.979948 0.329733 0.014583 0.026749
0 0.888542 0.297840 0.016667 0.038066
0 0.943229 0.252315 0.012500 0.027263
0 0.924349 0.188529 0.011719 0.027263
0 0.971745 0.290381 0.011719 0.027263
0 0.926953 0.312757 0.012760 0.029835
0 0.138672 0.510545 0.029948 0.060185
0 0.120703 0.427212 0.027865 0.055041
0 0.016797 0.361368 0.017969 0.036523
0 0.060547 0.276492 0.019010 0.031379
0 0.070833 0.355710 0.028125 0.048868
0 0.297917 0.350566 0.028125 0.070473
0 0.389583 0.508745 0.028125 0.064815
0 0.443750 0.439558 0.030729 0.062243
0 0.610156 0.384259 0.024479 0.055556
0 0.676693 0.262088 0.019010 0.047840
0 0.770443 0.258230 0.016406 0.043210
0 0.840755 0.136317 0.012760 0.025720
0 0.941927 0.218364 0.013021 0.024177
0 0.994661 0.402263 0.010677 0.033951
