0 0.031120 0.279064 0.012240 0.029321
0 0.182682 0.221451 0.015365 0.041667
0 0.430859 0.063786 0.011719 0.026749
0 0.608724 0.165123 0.013802 0.033951
0 0.614193 0.087706 0.011198 0.025206
0 0.365104 0.098508 0.011458 0.026235
0 0.498568 0.483796 0.015365 0.035494
0 0.412891 0.045267 0.011198 0.027778
0 0.558464 0.540895 0.012240 0.033436
0 0.392318 0.087449 0.015365 0.038066
0 0.375911 0.058385 0.009115 0.021091
0 0.684375 0.245885 0.014063 0.033951
0 0.834245 0.074846 0.009115 0.023148
0 0.548698 0.492541 0.015625 0.030350
0 0.160286 0.130916 0.012240 0.038580
0 0.376563 0.323560 0.029687 0.024691
0 0.365625 0.372171 0.022917 0.048868
0 0.444401 0.287037 0.021615 0.055556
0 0.425651 0.244856 0.015885 0.032922
0 0.669531 0.297325 0.016667 0.044239
0 0.597396 0.106224 0.013021 0.032407
0 0.597135 0.583076 0.016146 0.054012
0 0.500391 0.575103 0.023698 0.051440
0 0.807031 0.086163 0.013021 0.022119
0 0.783724 0.067387 0.012760 0.023663
0 0.928516 0.204733 0.014844 0.027778
0 0.958203 0.223765 0.013802 0.019547
