0 0.160156 0.376543 0.023958 0.055556
0 0.019792 0.277006 0.015104 0.034465
0 0.391016 0.264146 0.025260 0.054012
0 0.255208 0.287809 0.025000 0.051955
0 0.297656 0.342335 0.024479 0.056070
0 0.445703 0.264146 0.020052 0.046811
0 0.065885 0.297582 0.021354 0.042695
0 0.029036 0.280607 0.016406 0.038580
0 0.569010 0.294753 0.018750 0.041152
0 0.860677 0.294753 0.015625 0.033951
0 0.604688 0.080761 0.011979 0.026749
0 0.565495 0.370370 0.022135 0.055556
0 0.509115 0.320988 0.030208 0.067901
0 0.707552 0.253344 0.019792 0.040638
0 0.919141 0.254372 0.009115 0.020062
0 0.025391 0.465792 0.027865 0.056070
0 0.929427 0.231996 0.012500 0.027778
0 0.021484 0.342078 0.014844 0.034979
0 0.929818 0.277263 0.012240 0.027778
0 0.733203 0.062500 0.014844 0.035494
0 0.573047 0.098508 0.016927 0.033436
0 0.377865 0.343879 0.025000 0.052984
0 0.188021 0.332562 0.025000 0.057099
0 0.609505 0.141975 0.014844 0.034979
0 0.871094 0.251543 0.013542 0.033951
0 0.070833 0.250257 0.016146 0.036523
0 0.312760 0.305041 0.022396 0.052469
0 0.944401 0.127572 0.007552 0.020576
0 0.117318 0.336420 0.019010 0.050412
0 0.850651 0.324588 0.017448 0.034979
0 0.828125 0.280350 0.016667 0.038066
0 0.004167 0.354681 0.007812 0.031379
0 0.948568 0.270319 0.011198 0.024177
0 0.022656 0.390175 0.019271 0.042695
0 0.089583 0.405350 0.023958 0.049383
0 0.234766 0.372171 0.022656 0.054012
0 0.747266 0.314815 0.015885 0.047325
0 0.451432 0.380144 0.023698 0.054527
0 0.306250 0.733539 0.028125 0.078189
0 0.945443 0.232767 0.011719 0.026235
0 0.789062 0.281121 0.018750 0.034465
0 0.910547 0.317644 0.013802 0.028292
0 0.622526 0.280093 0.020573 0.047840
0 0.889062 0.339763 0.015625 0.036523
0 0.906771 0.269033 0.009896 0.026749
0 0.716797 0.390432 0.019010 0.048354
0 0.971745 0.264146 0.011198 0.027263
0 0.905339 0.245885 0.012240 0.028807
0 0.984896 0.175412 0.008333 0.016461
0 0.691146 0.299640 0.030729 0.051955
0 0.811589 0.266975 0.017969 0.036008
0 0.888542 0.251543 0.015104 0.033951
0 0.961458 0.228395 0.007812 0.018519
0 0.968229 0.221451 0.009896 0.024177
0 0.984635 0.202675 0.008333 0.020576
0 0.985807 0.246656 0.013802 0.026235
0 0.990104 0.306584 0.010937 0.029835
0 0.952344 0.416924 0.016667 0.026235
0 0.997005 0.407665 0.005990 0.029321
