0 0.340234 0.292695 0.023177 0.055556
0 0.400521 0.129372 0.016667 0.041667
0 0.301432 0.286008 0.023698 0.051440
0 0.639844 0.054270 0.013542 0.026235
0 0.200651 0.336934 0.021615 0.050412
0 0.532031 0.028035 0.009375 0.021091
0 0.228125 0.242541 0.018229 0.040638
0 0.085417 0.326903 0.019271 0.039609
0 0.024870 0.343364 0.015365 0.032407
0 0.513411 0.349280 0.024219 0.057613
0 0.580208 0.051698 0.012500 0.027263
0 0.594531 0.152006 0.013542 0.032407
0 0.845443 0.287551 0.014323 0.031893
0 0.857682 0.098508 0.011719 0.025206
0 0.747917 0.218879 0.018229 0.042695
0 0.329948 0.387603 0.022396 0.054012
0 0.294271 0.438014 0.025000 0.056070
0 0.499609 0.287294 0.020052 0.047840
0 0.397266 0.342593 0.021615 0.052469
0 0.543099 0.026235 0.010156 0.018519
0 0.711328 0.290381 0.018490 0.043724
0 0.574870 0.105967 0.014323 0.030864
0 0.647135 0.298097 0.021875 0.046811
0 0.141667 0.393776 0.019792 0.045782
0 0.103125 0.347222 0.018229 0.044239
0 0.092057 0.274177 0.016927 0.034979
0 0.008594 0.336420 0.015104 0.043210
0 0.048177 0.386831 0.019792 0.044239
0 0.961198 0.183642 0.013542 0.026749
0 0.046745 0.294753 0.009115 0.026749
0 0.057943 0.295010 0.013802 0.027263
0 0.169271 0.327932 0.018229 0.039609
0 0.283724 0.362397 0.024740 0.035494
0 0.603385 0.273405 0.018229 0.045782
0 0.609115 0.357510 0.026562 0.062757
0 0.666927 0.346965 0.026562 0.054012
0 0.780990 0.309156 0.017188 0.036008
0 0.832422 0.264146 0.013281 0.031379
0 0.899349 0.345936 0.016406 0.034465
0 0.932682 0.361883 0.016406 0.034465
0 0.954688 0.312243 0.010417 0.026749
0 0.995703 0.322274 0.008594 0.031379
0 0.996745 0.222479 0.006510 0.019033
0 0.975911 0.202932 0.008073 0.023148
0 0.941016 0.200103 0.010677 0.024691
0 0.929167 0.187500 0.009375 0.021091
0 0.901693 0.194702 0.015365 0.027263
0 0.871745 0.193416 0.014844 0.028807
0 0.608333 0.097737 0.016146 0.030864
0 0.624740 0.049383 0.012500 0.024691
0 0.484896 0.013374 0.015104 0.024691
