0 0.522917 0.241770 0.019271 0.043210
0 0.551302 0.266461 0.020313 0.043210
0 0.110286 0.302984 0.018490 0.041152
0 0.218359 0.311471 0.016406 0.041667
0 0.880208 0.293210 0.011458 0.027778
0 0.533464 0.302984 0.023698 0.053498
0 0.662630 0.313529 0.017448 0.039609
0 0.605859 0.302726 0.021615 0.049897
0 0.434245 0.181842 0.017969 0.041667
0 0.045052 0.290895 0.015104 0.035494
0 0.273568 0.121914 0.015365 0.032922
0 0.091536 0.305813 0.017448 0.041667
0 0.282031 0.260802 0.021875 0.047325
0 0.909245 0.319702 0.011198 0.026235
0 0.315104 0.309671 0.018750 0.046296
0 0.337630 0.246656 0.017448 0.044753
0 0.703906 0.238426 0.019792 0.043724
0 0.908594 0.271348 0.010937 0.025206
0 0.028776 0.270319 0.014844 0.034465
0 0.405208 0.298354 0.020833 0.047325
0 0.723958 0.306584 0.018750 0.037037
0 0.075651 0.286008 0.016927 0.038066
0 0.989583 0.267747 0.009375 0.020062
0 0.330469 0.800669 0.031771 0.069444
0 0.458854 0.248200 0.017708 0.046811
0 0.979948 0.233025 0.008854 0.019547
0 0.354297 0.260288 0.021094 0.052469
0 0.768750 0.276235 0.017188 0.034979
0 0.584635 0.231739 0.022396 0.055041
0 0.955859 0.268519 0.009635 0.021605
0 0.941146 0.222222 0.008333 0.019547
0 0.382292 0.381687 0.019271 0.047325
0 0.971875 0.213992 0.009375 0.018519
0 0.004687 0.277263 0.008854 0.036008
0 0.038281 0.335391 0.013021 0.032922
0 0.011849 0.392747 0.016406 0.031379
0 0.189844 0.353909 0.021354 0.046296
0 0.651953 0.291924 0.022656 0.047840
0 0.826172 0.269290 0.012240 0.022119
0 0.816927 0.340021 0.025000 0.048354
0 0.880599 0.246142 0.014844 0.030350
0 0.850651 0.238940 0.013281 0.026235
0 0.932682 0.350566 0.017448 0.039609
0 0.933464 0.306327 0.016927 0.030350
0 0.936589 0.242027 0.011719 0.028292
0 0.981380 0.301440 0.012760 0.033951
0 0.971615 0.261831 0.011458 0.027778
0 0.995443 0.235082 0.009115 0.016461
0 0.997005 0.320473 0.005990 0.019547
