0 0.597396 0.080247 0.012500 0.029835
0 0.227734 0.168467 0.016927 0.037551
0 0.531380 0.025206 0.010677 0.026749
0 0.226562 0.016718 0.009896 0.024177
0 0.619010 0.163580 0.014063 0.036008
0 0.972266 0.183385 0.009635 0.021091
0 0.046615 0.298611 0.014583 0.032407
0 0.028125 0.281121 0.017188 0.036523
0 0.264453 0.008488 0.008594 0.015947
0 0.578385 0.110854 0.014063 0.033436
0 0.855729 0.183899 0.014583 0.027263
0 0.881510 0.170525 0.008854 0.024177
0 0.900911 0.186214 0.012240 0.022634
0 0.936849 0.167953 0.011719 0.024177
0 0.972917 0.259516 0.012500 0.024177
0 0.938932 0.312757 0.012760 0.030864
0 0.977344 0.335905 0.013021 0.028807
0 0.980078 0.384516 0.014844 0.032407
