0 0.589974 0.252572 0.022135 0.050412
0 0.467969 0.010545 0.012500 0.020062
0 0.512891 0.021348 0.011198 0.025206
0 0.090885 0.406379 0.023438 0.054527
0 0.204557 0.333076 0.021094 0.049897
0 0.574740 0.107510 0.015625 0.034979
0 0.414062 0.117027 0.016146 0.034465
0 0.131250 0.314558 0.017708 0.037551
0 0.862760 0.279835 0.014063 0.032922
0 0.486849 0.010802 0.011719 0.020576
0 0.097396 0.267747 0.017708 0.038580
0 0.966667 0.204990 0.010417 0.022119
0 0.595443 0.154064 0.017969 0.038580
0 0.657813 0.013889 0.013542 0.026749
0 0.956510 0.299383 0.013542 0.030864
0 0.244141 0.242798 0.016927 0.037037
0 0.445182 0.349280 0.024219 0.053498
0 0.332161 0.428498 0.027865 0.062757
0 0.945573 0.200874 0.010937 0.022119
0 0.714063 0.118570 0.013021 0.031379
0 0.680729 0.208591 0.017708 0.038580
0 0.164974 0.442901 0.022656 0.055556
0 0.392578 0.007202 0.010677 0.013374
0 0.608203 0.112654 0.013802 0.031893
0 0.498047 0.258745 0.014323 0.032922
0 0.679427 0.216821 0.020833 0.046811
0 0.031380 0.384259 0.016927 0.031893
0 0.063672 0.340021 0.015365 0.030864
0 0.053255 0.320988 0.020573 0.040123
0 0.038151 0.272634 0.015885 0.033951
0 0.259115 0.434156 0.025000 0.062757
0 0.336198 0.324074 0.021354 0.052469
0 0.528125 0.394547 0.031771 0.064815
0 0.556901 0.335905 0.026302 0.051440
0 0.632943 0.313786 0.023698 0.049383
0 0.716536 0.308385 0.025781 0.048868
0 0.794401 0.286523 0.021094 0.043210
0 0.835807 0.343364 0.022656 0.045782
0 0.883203 0.271091 0.019531 0.037037
0 0.832943 0.232253 0.016927 0.029321
0 0.848698 0.137088 0.010937 0.022119
0 0.858203 0.155607 0.015365 0.025206
0 0.872135 0.105453 0.009375 0.020576
0 0.922656 0.187243 0.009375 0.020576
0 0.903516 0.227109 0.013802 0.029321
0 0.916146 0.136317 0.010417 0.019547
0 0.966276 0.164352 0.010156 0.021091
0 0.941927 0.354167 0.017708 0.028292
0 0.943359 0.330504 0.014323 0.018004
0 0.911198 0.355195 0.016146 0.036523
0 0.991667 0.313529 0.014063 0.028292
0 0.985938 0.218107 0.009896 0.019547
0 0.998177 0.212449 0.003646 0.017490
0 0.658203 0.065329 0.011719 0.025720
0 0.649349 0.056327 0.007552 0.021091
0 0.622266 0.005144 0.005990 0.009259
