0 0.160417 0.183385 0.014063 0.032407
0 0.852865 0.314043 0.016146 0.037551
0 0.392188 0.223765 0.016146 0.039095
0 0.569661 0.092593 0.013802 0.030864
0 0.684375 0.230710 0.021354 0.040638
0 0.196615 0.173611 0.014583 0.034465
0 0.257552 0.253601 0.018229 0.044239
0 0.590885 0.132716 0.012500 0.028807
0 0.055990 0.328447 0.023438 0.049897
0 0.238281 0.334877 0.024479 0.061728
0 0.502604 0.244342 0.017708 0.044239
0 0.612760 0.080761 0.011979 0.026749
0 0.572526 0.301955 0.019531 0.044239
0 0.910937 0.219136 0.011458 0.024691
0 0.822266 0.295267 0.014844 0.034979
0 0.314063 0.098251 0.010937 0.025720
0 0.010547 0.318930 0.017448 0.040123
0 0.415755 0.297068 0.019531 0.045782
0 0.227474 0.082047 0.013281 0.035494
0 0.070573 0.377058 0.023958 0.053498
0 0.032552 0.266204 0.015104 0.039609
0 0.880859 0.263117 0.011198 0.027263
0 0.632552 0.296553 0.014583 0.033436
0 0.180208 0.274691 0.022917 0.054527
0 0.910677 0.254115 0.013021 0.028807
0 0.172656 0.364455 0.024479 0.052984
0 0.829167 0.332047 0.016146 0.038580
0 0.363021 0.334619 0.018750 0.048868
0 0.144661 0.309671 0.019531 0.050412
0 0.823958 0.215535 0.013542 0.028807
0 0.808073 0.370628 0.018229 0.042695
0 0.046094 0.266204 0.010937 0.030350
0 0.957031 0.215535 0.013542 0.026749
0 0.329818 0.247942 0.017448 0.041152
0 0.661589 0.318673 0.025260 0.059156
0 0.747396 0.271348 0.012500 0.032407
0 0.186719 0.728138 0.033333 0.073560
0 0.111328 0.393004 0.023698 0.058642
0 0.037500 0.437500 0.028646 0.056070
0 0.446224 0.258745 0.031510 0.053498
0 0.512109 0.306842 0.032552 0.057099
0 0.587630 0.277778 0.026823 0.057613
0 0.723568 0.300154 0.022656 0.046811
0 0.780208 0.314815 0.024479 0.046296
0 0.912891 0.332819 0.017448 0.028807
0 0.925521 0.306070 0.018229 0.029835
0 0.939974 0.283951 0.017969 0.024691
0 0.938802 0.257973 0.015625 0.031379
0 0.943620 0.208848 0.011198 0.025720
0 0.971224 0.240741 0.013281 0.023663
0 0.983984 0.216307 0.011719 0.026235
0 0.992057 0.192387 0.009635 0.022634
0 0.997266 0.249228 0.005469 0.019033
0 0.993880 0.402778 0.012240 0.037037
