0 0.591406 0.323302 0.018229 0.040638
0 0.882552 0.362654 0.015625 0.034979
0 0.229297 0.204733 0.015365 0.036008
0 0.171484 0.413580 0.019010 0.041152
0 0.371745 0.262603 0.015885 0.037551
0 0.268620 0.223251 0.014844 0.037037
0 0.383984 0.227109 0.018490 0.042695
0 0.888411 0.263889 0.013281 0.029835
0 0.435417 0.397634 0.025000 0.058642
0 0.042839 0.276492 0.013281 0.029321
0 0.453776 0.256173 0.017969 0.039095
0 0.315755 0.251286 0.015885 0.035494
0 0.333594 0.174126 0.014063 0.032407
0 0.702865 0.294496 0.016667 0.037551
0 0.091406 0.560700 0.025521 0.060700
0 0.023438 0.519547 0.018750 0.045267
0 0.503906 0.280093 0.021875 0.046811
0 0.863542 0.368827 0.017188 0.039095
0 0.928776 0.283693 0.009115 0.021091
0 0.832031 0.303241 0.016667 0.038580
0 0.655729 0.237140 0.021354 0.043210
0 0.603255 0.174383 0.019531 0.044239
0 0.169401 0.243570 0.016406 0.039609
0 0.256380 0.292953 0.015885 0.034465
0 0.027604 0.391718 0.019271 0.040638
0 0.117448 0.671811 0.025521 0.057613
0 0.090234 0.260031 0.015365 0.032407
0 0.740365 0.345422 0.015104 0.036523
0 0.602604 0.310700 0.019271 0.042181
0 0.092708 0.295267 0.016146 0.034979
0 0.067708 0.312757 0.016667 0.033951
0 0.286589 0.444702 0.028385 0.057099
0 0.196745 0.370628 0.019010 0.047840
0 0.007422 0.427469 0.014323 0.039095
0 0.989844 0.314043 0.011458 0.028292
0 0.147005 0.297068 0.015365 0.034465
0 0.763672 0.307613 0.016406 0.040123
0 0.119271 0.254372 0.014583 0.043724
0 0.321094 0.587449 0.032813 0.083333
0 0.086849 0.469650 0.019010 0.044239
0 0.930729 0.315329 0.016667 0.034979
0 0.019922 0.307870 0.016927 0.034465
0 0.779687 0.370885 0.015625 0.036008
0 0.758854 0.452932 0.020833 0.049897
0 0.067187 0.677726 0.031250 0.060185
0 0.947526 0.304012 0.012760 0.022634
0 0.844271 0.394547 0.017188 0.040123
0 0.151172 0.536780 0.026302 0.064300
0 0.177865 0.596193 0.046875 0.079218
0 0.026172 0.344136 0.015885 0.039095
0 0.029297 0.433899 0.020052 0.036523
0 0.081250 0.387346 0.019792 0.041152
0 0.481380 0.347222 0.028385 0.051440
0 0.850391 0.301183 0.015885 0.037551
0 0.916797 0.325617 0.014844 0.030864
