0 0.069271 0.292438 0.015625 0.034465
0 0.166016 0.344136 0.023177 0.053498
0 0.040495 0.332819 0.018490 0.043210
0 0.152083 0.311728 0.019271 0.040123
0 0.628906 0.347994 0.020313 0.047840
0 0.955208 0.226337 0.013021 0.028807
0 0.026562 0.304784 0.014063 0.031379
0 0.403906 0.009516 0.009896 0.018004
0 0.372135 0.312243 0.018229 0.044239
0 0.026432 0.284208 0.013802 0.030350
0 0.214062 0.346193 0.019792 0.047325
0 0.915365 0.216307 0.010937 0.023148
0 0.796354 0.260802 0.014583 0.034979
0 0.288802 0.307099 0.018750 0.042181
0 0.965625 0.278807 0.014583 0.031893
0 0.911068 0.256944 0.011198 0.025206
0 0.359115 0.230453 0.018750 0.045267
0 0.081641 0.321502 0.022135 0.043210
0 0.937500 0.318158 0.012500 0.028292
0 0.869010 0.294753 0.012500 0.027778
0 0.831641 0.326132 0.016927 0.038066
0 0.783854 0.285751 0.014583 0.040638
0 0.981641 0.235340 0.012240 0.025206
0 0.649479 0.292438 0.017708 0.040638
0 0.716927 0.276235 0.016146 0.038066
0 0.025651 0.400720 0.019531 0.043210
0 0.583333 0.340021 0.018229 0.043210
0 0.854818 0.255401 0.012760 0.029321
0 0.994922 0.287551 0.010156 0.029835
0 0.020964 0.278549 0.012760 0.030350
0 0.116406 0.407665 0.025521 0.051955
0 0.228646 0.283436 0.023438 0.039095
0 0.309375 0.287809 0.023958 0.045782
0 0.423568 0.277006 0.031510 0.056070
0 0.439844 0.353138 0.026042 0.047840
0 0.573307 0.279064 0.024740 0.054012
0 0.638021 0.248200 0.021354 0.039609
0 0.723177 0.336163 0.022917 0.048868
0 0.819922 0.302984 0.016406 0.033951
0 0.878385 0.336677 0.019792 0.045782
0 0.954036 0.425669 0.016406 0.027263
0 0.909766 0.317644 0.017448 0.034465
0 0.954948 0.253344 0.015104 0.024177
0 0.982552 0.276235 0.014583 0.030864
0 0.819661 0.086934 0.012760 0.022634
0 0.884115 0.297582 0.013021 0.031379
