0 0.373568 0.326389 0.027344 0.061214
0 0.718620 0.296296 0.022135 0.048354
0 0.199349 0.235597 0.016927 0.043210
0 0.269922 0.289609 0.027344 0.060700
0 0.190495 0.286008 0.017969 0.043210
0 0.640104 0.358539 0.023438 0.053498
0 0.735286 0.320730 0.020573 0.044753
0 0.317578 0.301698 0.021094 0.059156
0 0.609375 0.268519 0.023438 0.055556
0 0.810677 0.248457 0.015625 0.027778
0 0.102474 0.342850 0.027865 0.064300
0 0.798828 0.280864 0.020573 0.040123
0 0.047135 0.319959 0.017188 0.039095
0 0.607552 0.174383 0.021354 0.043210
0 0.575260 0.350823 0.024479 0.055556
0 0.052083 0.358025 0.017188 0.045267
0 0.899349 0.308385 0.013281 0.030350
0 0.429818 0.263374 0.028906 0.069959
0 0.770964 0.265947 0.018490 0.048354
0 0.151042 0.276749 0.019792 0.044239
0 0.942578 0.225566 0.009635 0.022119
0 0.572917 0.129630 0.020313 0.041152
0 0.934115 0.271091 0.010937 0.024691
0 0.622526 0.125000 0.020052 0.042181
0 0.899609 0.426698 0.024740 0.037551
0 0.796745 0.363426 0.022135 0.043724
0 0.276562 0.414095 0.035937 0.072016
0 0.510677 0.299640 0.019271 0.058128
0 0.017839 0.288837 0.012240 0.028292
0 0.464323 0.344393 0.021875 0.048868
0 0.551302 0.286523 0.022917 0.065844
0 0.941016 0.249228 0.010156 0.023148
0 0.994010 0.400977 0.011979 0.027263
0 0.530990 0.358025 0.029167 0.060700
0 0.892839 0.225309 0.013281 0.022634
0 0.874219 0.239198 0.016146 0.037037
0 0.836458 0.248200 0.016667 0.051955
0 0.862109 0.297325 0.015365 0.045267
0 0.839193 0.307613 0.021094 0.040123
0 0.906641 0.263117 0.019531 0.031379
0 0.878906 0.272119 0.014063 0.040123
0 0.962630 0.291924 0.020052 0.028292
0 0.955208 0.239712 0.018229 0.028807
0 0.991797 0.285494 0.013281 0.033951
0 0.974609 0.232253 0.011719 0.020062
0 0.863151 0.077932 0.010677 0.023148
0 0.615365 0.003086 0.005729 0.005144
0 0.207552 0.430298 0.023958 0.069444
0 0.147917 0.399691 0.023958 0.062757
0 0.024740 0.270576 0.020313 0.019547
0 0.005339 0.391718 0.010156 0.049897
0 0.504427 0.598251 0.052604 0.073045
