0 0.588672 0.143776 0.013281 0.029321
0 0.972396 0.260545 0.011458 0.026235
0 0.057292 0.337963 0.020313 0.043210
0 0.886458 0.254372 0.013021 0.031379
0 0.430990 0.275206 0.015625 0.037037
0 0.567969 0.302726 0.024479 0.046811
0 0.058724 0.264146 0.017969 0.037551
0 0.136068 0.317644 0.021615 0.038580
0 0.227995 0.271862 0.017969 0.050926
0 0.950260 0.232253 0.010937 0.026235
0 0.077604 0.426955 0.023958 0.053498
0 0.207292 0.331276 0.021354 0.048354
0 0.096615 0.306070 0.020833 0.052469
0 0.939453 0.273405 0.011719 0.027263
0 0.905859 0.313014 0.015365 0.029321
0 0.987630 0.322274 0.013281 0.030350
0 0.582943 0.198560 0.019531 0.041152
0 0.358464 0.292438 0.017448 0.039609
0 0.994401 0.409979 0.011198 0.024691
0 0.119922 0.382716 0.022135 0.041152
0 0.834896 0.265947 0.014583 0.030864
0 0.028906 0.276235 0.020833 0.044239
0 0.611719 0.241255 0.025521 0.045267
0 0.028516 0.405864 0.023177 0.039095
0 0.007422 0.341049 0.014323 0.051440
0 0.544271 0.159465 0.017188 0.041152
0 0.984635 0.228909 0.010937 0.024691
0 0.862240 0.311214 0.012500 0.030864
0 0.287891 0.220679 0.016927 0.047325
0 0.283594 0.284465 0.021354 0.039095
0 0.266276 0.372428 0.026302 0.062757
0 0.357161 0.358796 0.022135 0.043724
0 0.439453 0.374743 0.021615 0.039609
0 0.644661 0.333591 0.021615 0.048868
0 0.743750 0.298097 0.020313 0.041667
0 0.752214 0.268519 0.014323 0.034979
0 0.827995 0.374743 0.021094 0.048868
0 0.903906 0.420782 0.019792 0.032922
0 0.965495 0.312243 0.014323 0.030864
0 0.987109 0.257716 0.013281 0.023663
0 0.283333 0.689815 0.048958 0.112140
0 0.440365 0.777778 0.045312 0.111111
0 0.611458 0.008745 0.015625 0.016461
