0 0.787760 0.257459 0.014063 0.034465
0 0.207422 0.175669 0.015365 0.035494
0 0.858594 0.242541 0.013542 0.032407
0 0.898307 0.228395 0.013802 0.031893
0 0.055208 0.365998 0.017708 0.042695
0 0.162240 0.182613 0.013021 0.029835
0 0.216797 0.252315 0.017448 0.040638
0 0.081771 0.305041 0.017708 0.039095
0 0.753255 0.304784 0.017969 0.036523
0 0.064453 0.262603 0.014323 0.036523
0 0.846224 0.308899 0.013802 0.032407
0 0.571094 0.087963 0.012500 0.029835
0 0.333464 0.276492 0.017969 0.042695
0 0.125781 0.326389 0.019271 0.047840
0 0.029948 0.337191 0.016667 0.038580
0 0.157552 0.364198 0.021354 0.050412
0 0.544661 0.229167 0.015885 0.037551
0 0.197266 0.279064 0.019531 0.042695
0 0.758464 0.263374 0.014323 0.034979
0 0.615104 0.225309 0.016146 0.040123
0 0.949870 0.255144 0.017448 0.034979
0 0.800651 0.307870 0.015365 0.035494
0 0.667708 0.276492 0.018750 0.049897
0 0.563411 0.265689 0.015885 0.039609
0 0.883464 0.319444 0.014844 0.033951
0 0.910807 0.249486 0.015885 0.037037
0 0.975260 0.206533 0.009896 0.021091
0 0.092448 0.325103 0.018750 0.042181
0 0.618229 0.315072 0.020833 0.050926
0 0.801172 0.338220 0.016406 0.041667
0 0.900130 0.292695 0.014323 0.033951
0 0.255859 0.271348 0.019531 0.043724
0 0.244401 0.312500 0.019531 0.043724
0 0.976432 0.222737 0.009635 0.020576
0 0.816406 0.156379 0.010937 0.022634
0 0.978385 0.243313 0.009896 0.022634
0 0.607552 0.134774 0.012500 0.028807
0 0.027083 0.296296 0.012500 0.029835
0 0.263932 0.376029 0.028906 0.065844
0 0.609245 0.090021 0.012760 0.028807
0 0.923958 0.229424 0.010937 0.026749
0 0.441667 0.592593 0.031250 0.076132
0 0.372135 0.322274 0.023438 0.054012
0 0.418359 0.254630 0.017448 0.042181
0 0.522786 0.312757 0.019531 0.047325
0 0.464323 0.299126 0.023958 0.049897
0 0.957943 0.206276 0.010677 0.024691
0 0.010286 0.455247 0.020052 0.046296
0 0.022526 0.445730 0.017969 0.038580
0 0.005599 0.392233 0.010677 0.037551
0 0.024479 0.272634 0.013542 0.025720
0 0.312891 0.368056 0.030990 0.052984
0 0.477734 0.251286 0.021615 0.039609
0 0.611849 0.555556 0.024740 0.054527
0 0.709375 0.268776 0.024479 0.051955
0 0.751823 0.381430 0.018229 0.040638
0 0.809766 0.241512 0.013281 0.030350
0 0.821224 0.240998 0.010156 0.033436
0 0.916536 0.281893 0.013802 0.025720
0 0.929688 0.257973 0.014583 0.025206
0 0.947526 0.199331 0.008073 0.022119
0 0.997266 0.219393 0.005469 0.021091
0 0.994271 0.404578 0.011458 0.030350
