0 0.786458 0.379887 0.016146 0.039609
0 0.719661 0.314300 0.017969 0.042181
0 0.198047 0.357767 0.023698 0.054012
0 0.509766 0.170267 0.017448 0.040123
0 0.757422 0.382459 0.019010 0.048868
0 0.373437 0.295010 0.019271 0.044753
0 0.352083 0.199846 0.016667 0.038580
0 0.479948 0.339506 0.019792 0.047325
0 0.870443 0.287809 0.014844 0.033436
0 0.759766 0.318930 0.017969 0.040123
0 0.804167 0.240484 0.013021 0.029321
0 0.601562 0.456790 0.024479 0.058642
0 0.103906 0.662551 0.030208 0.069959
0 0.311068 0.201646 0.016406 0.037037
0 0.280208 0.293981 0.022917 0.055041
0 0.615234 0.350309 0.020052 0.051440
0 0.082812 0.263889 0.014583 0.034979
0 0.582552 0.295010 0.019792 0.043724
0 0.819141 0.285237 0.013802 0.032407
0 0.225651 0.408179 0.027865 0.063272
0 0.966927 0.355195 0.013542 0.034465
0 0.067578 0.528549 0.026302 0.067387
0 0.013411 0.337449 0.016927 0.038066
0 0.648307 0.298868 0.019010 0.044239
0 0.055208 0.356996 0.019271 0.043210
0 0.180729 0.256430 0.018229 0.041667
0 0.039844 0.679270 0.027083 0.067387
0 0.029818 0.381173 0.019010 0.044239
0 0.034375 0.446502 0.018750 0.042181
0 0.292969 0.388374 0.021354 0.049383
0 0.584635 0.215021 0.015625 0.036008
0 0.241536 0.206276 0.014323 0.031893
0 0.472786 0.304012 0.016406 0.039095
0 0.627604 0.433642 0.022396 0.052469
0 0.078646 0.292695 0.015104 0.031893
0 0.084766 0.411265 0.032031 0.056070
0 0.036328 0.284208 0.012240 0.028292
0 0.225130 0.280350 0.017969 0.041152
0 0.015365 0.600051 0.022917 0.048868
0 0.162500 0.213220 0.014063 0.033436
0 0.013281 0.411265 0.020313 0.046811
0 0.394922 0.351595 0.025260 0.060185
0 0.234766 0.269290 0.018490 0.043724
0 0.138932 0.277263 0.016927 0.039095
0 0.111589 0.275206 0.019010 0.039095
0 0.057552 0.313529 0.019792 0.036523
0 0.153255 0.539609 0.034635 0.066872
0 0.161198 0.281379 0.016667 0.037037
0 0.134766 0.505144 0.022135 0.049383
0 0.891016 0.310700 0.017448 0.038066
0 0.070833 0.248200 0.015625 0.040638
0 0.103776 0.255144 0.020052 0.032922
0 0.372135 0.423354 0.036979 0.056584
0 0.343880 0.230967 0.017969 0.041152
0 0.667708 0.373200 0.026562 0.050926
0 0.829427 0.332305 0.020833 0.042181
0 0.942578 0.331533 0.013281 0.033436
0 0.945052 0.294239 0.011979 0.027778
0 0.953646 0.271862 0.013021 0.026235
0 0.983333 0.277521 0.009896 0.016975
0 0.070703 0.474280 0.023698 0.030864
