0 0.161198 0.305041 0.018229 0.042181
0 0.741276 0.277263 0.017448 0.039095
0 0.462370 0.313529 0.017448 0.047840
0 0.820443 0.164866 0.010677 0.023148
0 0.705859 0.275977 0.021615 0.055041
0 0.266016 0.249743 0.017969 0.038580
0 0.374219 0.332047 0.019271 0.047840
0 0.849219 0.272119 0.013021 0.028807
0 0.647266 0.255916 0.020052 0.047840
0 0.243099 0.350309 0.020052 0.046296
0 0.454167 0.375000 0.018229 0.047325
0 0.299740 0.442130 0.022917 0.052984
0 0.912500 0.237912 0.011979 0.026235
0 0.753516 0.224280 0.014323 0.033951
0 0.905469 0.267233 0.010417 0.024177
0 0.592318 0.323302 0.024740 0.050926
0 0.947786 0.239455 0.011198 0.025206
0 0.962760 0.300926 0.011979 0.027778
0 0.086198 0.332819 0.022917 0.046296
0 0.829167 0.319187 0.019792 0.042695
0 0.130469 0.394547 0.022396 0.057613
0 0.928906 0.372171 0.017188 0.042695
0 0.795964 0.262603 0.018490 0.030350
0 0.011068 0.683128 0.021615 0.062757
0 0.005859 0.445216 0.011198 0.048868
0 0.037240 0.264403 0.015625 0.029835
0 0.008333 0.285237 0.009375 0.027263
0 0.025000 0.326389 0.019271 0.029321
0 0.055078 0.369342 0.017448 0.045267
0 0.074740 0.358539 0.023958 0.056584
0 0.170313 0.361111 0.029167 0.050412
0 0.215885 0.381687 0.025000 0.050412
0 0.210547 0.308128 0.035677 0.066872
0 0.283073 0.335134 0.021354 0.040638
0 0.332813 0.364969 0.027083 0.045782
0 0.364323 0.262088 0.022917 0.043724
0 0.545573 0.339506 0.030208 0.058642
0 0.546224 0.277263 0.029427 0.062757
0 0.641536 0.406893 0.031510 0.057613
0 0.657552 0.314300 0.019271 0.054527
0 0.616146 0.288580 0.020313 0.042181
0 0.756771 0.354681 0.024479 0.038580
0 0.795833 0.292438 0.018750 0.039609
0 0.796484 0.335648 0.021094 0.041667
0 0.911979 0.308642 0.015104 0.036008
0 0.916276 0.270833 0.010156 0.031379
0 0.923568 0.323045 0.013281 0.038066
0 0.938281 0.297325 0.014063 0.037037
0 0.949349 0.342078 0.013802 0.027778
0 0.980729 0.334105 0.015104 0.031379
0 0.977865 0.281121 0.010417 0.022119
