0 0.123438 0.341307 0.021354 0.045782
0 0.485807 0.331790 0.020573 0.045267
0 0.644792 0.246142 0.017708 0.042695
0 0.198698 0.197788 0.014063 0.032407
0 0.260026 0.195473 0.015365 0.033951
0 0.148828 0.202675 0.015365 0.034979
0 0.171745 0.429784 0.028906 0.069444
0 0.228776 0.399177 0.021615 0.054527
0 0.304427 0.175154 0.014583 0.036523
0 0.552865 0.339249 0.018750 0.040638
0 0.780208 0.302212 0.017188 0.041667
0 0.059245 0.332305 0.018490 0.042181
0 0.165234 0.334362 0.023698 0.051440
0 0.086719 0.276492 0.019271 0.042695
0 0.563672 0.425669 0.024219 0.058128
0 0.631510 0.405350 0.020833 0.047325
0 0.261458 0.504630 0.022396 0.054527
0 0.818229 0.338220 0.018229 0.040638
0 0.158854 0.265432 0.017708 0.040123
0 0.056380 0.299897 0.016406 0.034979
0 0.043620 0.424897 0.020573 0.049383
0 0.809896 0.275206 0.015625 0.037037
0 0.960286 0.404321 0.012760 0.029835
0 0.430078 0.339763 0.017448 0.037551
0 0.017318 0.504630 0.028385 0.066872
0 0.362500 0.296811 0.015625 0.036008
0 0.274740 0.261574 0.014583 0.033436
0 0.010156 0.413837 0.019792 0.048868
0 0.902474 0.297840 0.012760 0.027778
0 0.939583 0.378086 0.011458 0.027778
0 0.432292 0.280350 0.016146 0.036008
0 0.927734 0.296553 0.011719 0.028292
0 0.044401 0.311471 0.013802 0.028292
0 0.064062 0.480967 0.036979 0.081276
0 0.956771 0.329733 0.010937 0.024691
0 0.985547 0.345165 0.011198 0.025720
0 0.073568 0.243313 0.020573 0.042181
0 0.235417 0.349280 0.020833 0.048354
0 0.686068 0.305298 0.016406 0.038580
0 0.320833 0.571502 0.037500 0.069959
0 0.352214 0.491512 0.039844 0.069444
0 0.295443 0.388632 0.035156 0.058128
0 0.302474 0.303498 0.024219 0.051440
0 0.215365 0.278549 0.022917 0.043724
0 0.200130 0.274691 0.018490 0.046296
0 0.084766 0.670010 0.041406 0.069444
0 0.017578 0.577932 0.028906 0.066358
0 0.085547 0.594136 0.045052 0.082305
0 0.114583 0.444702 0.032292 0.047840
0 0.073958 0.390947 0.029687 0.057613
0 0.027995 0.374228 0.024219 0.048868
0 0.019401 0.798097 0.026823 0.047840
0 0.108984 0.263632 0.022135 0.041667
0 0.032682 0.293467 0.016927 0.029321
0 0.033594 0.336163 0.019271 0.027263
0 0.355208 0.357253 0.030208 0.056070
0 0.300260 0.214506 0.019792 0.043210
0 0.380859 0.179784 0.025781 0.051955
0 0.492578 0.430813 0.026302 0.057099
0 0.698828 0.257459 0.020573 0.036523
0 0.840495 0.283436 0.016406 0.041152
0 0.858073 0.241770 0.016146 0.031893
0 0.865365 0.307099 0.018750 0.037037
0 0.911719 0.345679 0.017708 0.030864
0 0.994271 0.285494 0.011458 0.020576
0 0.420833 0.444959 0.028125 0.059671
0 0.717448 0.279064 0.018750 0.045782
