0 0.170052 0.287551 0.026042 0.054527
0 0.929427 0.308642 0.014063 0.032922
0 0.412370 0.204990 0.020052 0.045782
0 0.805599 0.270319 0.017448 0.037551
0 0.133594 0.255401 0.016146 0.035494
0 0.906380 0.257202 0.014323 0.034979
0 0.749740 0.278292 0.019792 0.041152
0 0.897656 0.279321 0.015104 0.034979
0 0.049609 0.405093 0.020052 0.048868
0 0.979036 0.273405 0.013802 0.031379
0 0.609635 0.265689 0.018229 0.043724
0 0.945703 0.275720 0.013802 0.030864
0 0.876172 0.258745 0.013802 0.030864
0 0.878125 0.304784 0.013542 0.031379
0 0.994922 0.243313 0.010156 0.026749
0 0.022005 0.274434 0.012240 0.028292
0 0.523698 0.269547 0.017188 0.044239
0 0.031901 0.289866 0.013281 0.032407
0 0.332682 0.314815 0.026302 0.057613
0 0.839974 0.306584 0.015365 0.033951
0 0.977995 0.236883 0.010677 0.023148
0 0.335286 0.429527 0.035677 0.077160
0 0.973958 0.321502 0.011979 0.027778
0 0.912370 0.340278 0.016927 0.034465
0 0.088672 0.327675 0.015885 0.033951
0 0.121224 0.375772 0.022656 0.047840
0 0.188281 0.363683 0.027083 0.054527
0 0.413021 0.322788 0.018229 0.045782
0 0.435286 0.347737 0.029948 0.056584
0 0.535807 0.370885 0.027344 0.058642
0 0.625651 0.342850 0.021615 0.043724
0 0.709896 0.299126 0.022917 0.047840
0 0.778125 0.340792 0.023958 0.051955
0 0.816276 0.336677 0.022135 0.042695
0 0.843880 0.272634 0.014844 0.031893
0 0.916536 0.285494 0.013802 0.036008
0 0.952214 0.253086 0.017448 0.029835
0 0.993490 0.337449 0.013021 0.027778
0 0.994661 0.407665 0.010677 0.035494
0 0.995833 0.273663 0.008333 0.029835
