0 0.779036 0.283179 0.013802 0.033436
0 0.484375 0.293724 0.028646 0.066872
0 0.839323 0.322531 0.014063 0.031893
0 0.224219 0.295525 0.027083 0.068416
0 0.813802 0.323302 0.013021 0.030350
0 0.584505 0.251029 0.016406 0.034979
0 0.838672 0.261060 0.012760 0.028292
0 0.069922 0.362654 0.027344 0.055556
0 0.722266 0.235340 0.012240 0.030350
0 0.806510 0.253858 0.012500 0.031379
0 0.974609 0.271091 0.013802 0.032922
0 0.594271 0.078704 0.019271 0.046296
0 0.916406 0.212449 0.012500 0.026749
0 0.590104 0.355710 0.036979 0.066358
0 0.897005 0.214249 0.011719 0.028292
0 0.161849 0.296553 0.021615 0.042695
0 0.029036 0.273920 0.014844 0.034465
0 0.660807 0.250514 0.019531 0.043210
0 0.799219 0.342078 0.014583 0.036008
0 0.194401 0.268519 0.027865 0.074074
0 0.933333 0.219136 0.012500 0.026749
0 0.571484 0.112397 0.017969 0.038580
0 0.973958 0.217078 0.013021 0.026749
0 0.016276 0.335648 0.018490 0.045782
0 0.993359 0.205761 0.010677 0.024691
0 0.609635 0.006173 0.009896 0.011317
0 0.286849 0.294496 0.029948 0.071502
0 0.826172 0.292695 0.011198 0.022634
0 0.457161 0.280350 0.025781 0.058642
0 0.394661 0.318158 0.030990 0.064300
0 0.937630 0.262346 0.011198 0.023663
0 0.347526 0.324588 0.032031 0.058642
0 0.932161 0.290123 0.012240 0.027778
0 0.707031 0.265175 0.016667 0.032407
0 0.296484 0.618313 0.053906 0.090535
0 0.635156 0.284208 0.026562 0.055041
0 0.486458 0.357767 0.032813 0.102366
0 0.241406 0.266204 0.022917 0.057099
0 0.113151 0.241255 0.021094 0.046296
0 0.272396 0.350051 0.030729 0.080761
0 0.702214 0.338477 0.014844 0.033951
0 0.419661 0.361368 0.035156 0.078704
0 0.609505 0.131687 0.016406 0.044239
0 0.596094 0.005401 0.011458 0.009774
0 0.865755 0.263117 0.011719 0.028292
0 0.878646 0.282665 0.020833 0.036523
0 0.905469 0.302726 0.015625 0.032407
0 0.937240 0.414609 0.018750 0.029835
0 0.894010 0.248457 0.017188 0.023663
0 0.944792 0.222479 0.006771 0.023148
