0 0.163932 0.264660 0.016927 0.041667
0 0.406380 0.301183 0.020573 0.050926
0 0.214844 0.281121 0.017708 0.046811
0 0.310807 0.198817 0.020573 0.041667
0 0.841797 0.261831 0.016406 0.038066
0 0.124219 0.321245 0.015625 0.037551
0 0.872917 0.281379 0.013542 0.031893
0 0.276693 0.295010 0.017448 0.041667
0 0.009635 0.356739 0.016667 0.033436
0 0.215234 0.240226 0.015885 0.036008
0 0.534245 0.302726 0.017969 0.041667
0 0.975391 0.238426 0.009115 0.021091
0 0.947786 0.239969 0.010156 0.023148
0 0.400260 0.242541 0.021875 0.049897
0 0.475651 0.286008 0.017969 0.047325
0 0.375781 0.017490 0.011458 0.024691
0 0.738151 0.326903 0.020573 0.043724
0 0.293490 0.008230 0.010417 0.015432
0 0.032682 0.311471 0.016406 0.039609
0 0.316667 0.016718 0.010417 0.022119
0 0.995703 0.259516 0.008594 0.022119
0 0.483724 0.226595 0.018490 0.040638
0 0.027214 0.276235 0.012760 0.026749
0 0.921745 0.244856 0.010156 0.022634
0 0.930729 0.270062 0.010937 0.024691
0 0.834245 0.313786 0.015365 0.034979
0 0.233854 0.390432 0.025521 0.053498
0 0.346354 0.248457 0.017188 0.040123
0 0.615365 0.234825 0.022396 0.049897
0 0.806250 0.252572 0.017188 0.034979
0 0.915104 0.290638 0.013021 0.028807
0 0.905469 0.260802 0.011458 0.026749
0 0.030990 0.594650 0.022396 0.045267
0 0.015755 0.307870 0.012760 0.028292
0 0.096224 0.359568 0.021094 0.044239
0 0.176172 0.318673 0.020052 0.043724
0 0.433203 0.263117 0.028385 0.042695
0 0.546224 0.269290 0.024219 0.043724
0 0.627995 0.302984 0.023698 0.046296
0 0.696094 0.271605 0.023438 0.048354
0 0.763542 0.275977 0.016146 0.030350
0 0.812109 0.317130 0.019010 0.038580
0 0.871875 0.353395 0.021354 0.046296
0 0.862891 0.330761 0.017969 0.034979
0 0.893229 0.318930 0.018229 0.030864
0 0.949740 0.333591 0.014583 0.035494
0 0.950000 0.210648 0.011458 0.023148
0 0.981641 0.219650 0.009115 0.016461
0 0.978385 0.301440 0.017188 0.032922
