0 0.903125 0.270833 0.013542 0.031379
0 0.148828 0.377315 0.023698 0.051955
0 0.281380 0.105195 0.011719 0.024177
0 0.265234 0.289866 0.024740 0.056070
0 0.582161 0.089249 0.013281 0.031379
0 0.748828 0.259259 0.014323 0.033951
0 0.204948 0.409465 0.022917 0.056584
0 0.216406 0.321245 0.019792 0.047840
0 0.048828 0.243056 0.015885 0.035494
0 0.950911 0.292438 0.015885 0.033436
0 0.798047 0.279321 0.017969 0.038066
0 0.073047 0.295525 0.019531 0.041667
0 0.366146 0.326903 0.021354 0.049897
0 0.916797 0.322016 0.013802 0.032922
0 0.017448 0.342850 0.017188 0.038580
0 0.830339 0.276235 0.014323 0.031893
0 0.883464 0.289866 0.012760 0.031379
0 0.114844 0.411008 0.020833 0.042181
0 0.110937 0.308642 0.018750 0.039095
0 0.878385 0.271862 0.014583 0.033436
0 0.547135 0.281121 0.019271 0.043724
0 0.976432 0.272119 0.012760 0.027778
0 0.988281 0.378086 0.019792 0.046296
0 0.414974 0.387860 0.020573 0.047325
0 0.670573 0.313272 0.019271 0.042181
0 0.455599 0.264403 0.019010 0.045267
0 0.994010 0.268261 0.011458 0.026235
0 0.397786 0.427469 0.022135 0.049383
0 0.073698 0.355967 0.016667 0.041152
0 0.754687 0.326132 0.019792 0.047325
0 0.249870 0.331276 0.021094 0.045267
0 0.965755 0.276235 0.015365 0.031893
0 0.323047 0.352881 0.024219 0.054527
0 0.326172 0.255401 0.021094 0.036523
0 0.991667 0.291152 0.014063 0.029835
0 0.119141 0.372685 0.021094 0.042695
0 0.055469 0.424126 0.022917 0.047840
0 0.028776 0.300926 0.012240 0.028807
0 0.019531 0.276492 0.012500 0.028292
0 0.049089 0.283693 0.014323 0.032407
0 0.234766 0.193673 0.020052 0.036523
0 0.306510 0.396348 0.030208 0.052984
0 0.466146 0.321502 0.027083 0.055556
0 0.566406 0.358025 0.031771 0.051440
0 0.584896 0.125257 0.013021 0.032407
0 0.642318 0.330247 0.037240 0.053498
0 0.629167 0.284465 0.029687 0.046296
0 0.701823 0.302212 0.023438 0.039609
0 0.728776 0.382459 0.025260 0.045782
0 0.838021 0.350309 0.015104 0.036008
0 0.892839 0.332562 0.015885 0.040638
0 0.995964 0.331276 0.008073 0.026749
0 0.997135 0.246914 0.005729 0.017490
