0 0.182292 0.376800 0.021354 0.047840
0 0.766667 0.397891 0.019271 0.044753
0 0.171484 0.201389 0.015885 0.035494
0 0.080859 0.262860 0.014844 0.030864
0 0.365365 0.211934 0.016146 0.037037
0 0.725521 0.297582 0.018750 0.044753
0 0.298047 0.397377 0.021615 0.055041
0 0.011458 0.348765 0.016667 0.036008
0 0.806510 0.392233 0.019792 0.049897
0 0.068229 0.521348 0.024479 0.058128
0 0.029818 0.373714 0.017969 0.039609
0 0.308333 0.191615 0.017708 0.036523
0 0.817969 0.261060 0.014583 0.032407
0 0.059505 0.649434 0.023177 0.056070
0 0.484766 0.346451 0.021094 0.049897
0 0.346094 0.234053 0.017708 0.040123
0 0.079167 0.291152 0.015104 0.032922
0 0.666797 0.388889 0.021615 0.047325
0 0.585938 0.297840 0.020833 0.046296
0 0.600000 0.208848 0.015104 0.032922
0 0.127865 0.497685 0.025521 0.064300
0 0.088151 0.384516 0.021094 0.046811
0 0.166146 0.255658 0.015104 0.033951
0 0.949479 0.293981 0.013542 0.033436
0 0.067057 0.249486 0.014844 0.032922
0 0.231120 0.410751 0.027344 0.058128
0 0.105859 0.263889 0.016927 0.034979
0 0.049349 0.360082 0.018490 0.038066
0 0.623437 0.348508 0.019271 0.042695
0 0.242318 0.267233 0.014844 0.032407
0 0.763542 0.307356 0.017708 0.039609
0 0.219401 0.208591 0.014844 0.034465
0 0.073698 0.470679 0.022917 0.049383
0 0.659766 0.291667 0.021615 0.048354
0 0.863021 0.309671 0.015625 0.034979
0 0.052474 0.319444 0.014844 0.032922
0 0.379818 0.394033 0.024219 0.058642
0 0.395182 0.267490 0.016406 0.038066
0 0.286198 0.272634 0.021354 0.036008
0 0.627995 0.469907 0.027865 0.073560
0 0.016406 0.595422 0.021354 0.048868
0 0.521224 0.160494 0.017969 0.038066
0 0.128776 0.271348 0.015885 0.034465
0 0.890625 0.314043 0.018229 0.042695
0 0.474219 0.137346 0.013542 0.030864
0 0.955990 0.278035 0.014063 0.033436
0 0.167318 0.529835 0.022656 0.053498
0 0.500000 0.311986 0.018229 0.042695
0 0.106901 0.665381 0.036198 0.065329
0 0.041276 0.441358 0.022656 0.042181
0 0.212240 0.279064 0.026042 0.040638
0 0.419271 0.333076 0.032813 0.055041
0 0.375260 0.122428 0.017708 0.041152
0 0.873047 0.286265 0.019531 0.027263
0 0.943750 0.323302 0.014583 0.033436
0 0.970573 0.361368 0.021354 0.042695
0 0.979557 0.269033 0.011719 0.029835
0 0.995833 0.332305 0.008333 0.023663
