0 0.435807 0.159208 0.016406 0.034465
0 0.338021 0.197016 0.015104 0.036008
0 0.077214 0.289866 0.013802 0.031379
0 0.166667 0.262860 0.019271 0.041152
0 0.451562 0.326389 0.019271 0.046811
0 0.083073 0.263374 0.015625 0.032922
0 0.287109 0.202418 0.015365 0.035494
0 0.009635 0.529321 0.018750 0.043210
0 0.010286 0.613940 0.020052 0.047840
0 0.234375 0.215278 0.016146 0.038580
0 0.274479 0.286008 0.016667 0.038066
0 0.295443 0.336677 0.022135 0.051955
0 0.222396 0.418467 0.028646 0.068416
0 0.679557 0.300412 0.020573 0.054527
0 0.028125 0.381687 0.019271 0.043210
0 0.946615 0.296553 0.015625 0.036523
0 0.863932 0.350823 0.016927 0.039095
0 0.159766 0.216821 0.016406 0.039609
0 0.705469 0.387346 0.020313 0.049383
0 0.115104 0.271605 0.018750 0.041152
0 0.533333 0.281121 0.017708 0.042695
0 0.822266 0.283951 0.014844 0.031893
0 0.603776 0.302726 0.017969 0.042695
0 0.070182 0.531379 0.022656 0.050412
0 0.373828 0.311214 0.020052 0.046296
0 0.180729 0.391461 0.021875 0.053498
0 0.012500 0.347737 0.018229 0.039095
0 0.010156 0.416152 0.018229 0.041152
0 0.448437 0.197016 0.019271 0.043210
0 0.078255 0.468621 0.021094 0.048354
0 0.866536 0.278035 0.014844 0.034465
0 0.042057 0.440586 0.019010 0.041667
0 0.600000 0.472222 0.022917 0.055556
0 0.444271 0.515175 0.032813 0.078704
0 0.772266 0.413580 0.018490 0.043210
0 0.041927 0.387860 0.018229 0.042181
0 0.748698 0.328704 0.017188 0.038066
0 0.455990 0.361368 0.026042 0.062243
0 0.054688 0.318673 0.016146 0.033436
0 0.828776 0.356996 0.019010 0.040123
0 0.106641 0.248200 0.017448 0.035494
0 0.216536 0.280864 0.017969 0.043210
0 0.330990 0.218364 0.016146 0.038580
0 0.880208 0.297068 0.014583 0.034465
0 0.071094 0.248457 0.015625 0.031893
0 0.158464 0.577418 0.028385 0.067387
0 0.134766 0.521862 0.030990 0.071502
0 0.446094 0.617027 0.036458 0.067387
0 0.349219 0.666667 0.049479 0.087449
0 0.091276 0.707305 0.040365 0.061728
0 0.041927 0.663580 0.040625 0.060700
0 0.094010 0.412294 0.047396 0.075617
0 0.003385 0.447016 0.006250 0.055556
0 0.007422 0.322274 0.014323 0.034465
0 0.037370 0.298354 0.013281 0.041152
0 0.286979 0.392747 0.030729 0.051955
0 0.374870 0.394547 0.032031 0.062757
0 0.556120 0.350823 0.027344 0.060700
0 0.600130 0.383488 0.023698 0.041667
0 0.960938 0.344650 0.018229 0.047325
0 0.941276 0.326903 0.017448 0.035494
0 0.951172 0.163066 0.013802 0.032922
0 0.979427 0.274434 0.019271 0.031379
0 0.955990 0.276235 0.013021 0.027778
0 0.971615 0.296811 0.011979 0.029835
0 0.993620 0.336163 0.010677 0.023148
