0 0.276172 0.274177 0.020052 0.046296
0 0.517318 0.316615 0.023698 0.052984
0 0.582161 0.093364 0.011719 0.029321
0 0.144531 0.299383 0.017188 0.036008
0 0.848177 0.279835 0.014583 0.032922
0 0.202474 0.182613 0.020052 0.052469
0 0.984245 0.271862 0.011198 0.026235
0 0.729427 0.302212 0.027604 0.052984
0 0.252604 0.149949 0.015104 0.046811
0 0.884896 0.272891 0.015625 0.034465
0 0.982682 0.222479 0.011198 0.024177
0 0.808073 0.244084 0.017188 0.044753
0 0.357552 0.278035 0.025000 0.058128
0 0.814453 0.307613 0.017969 0.047325
0 0.702604 0.256687 0.020313 0.057613
0 0.409505 0.247685 0.022656 0.049897
0 0.024740 0.282665 0.010937 0.025206
0 0.756641 0.242541 0.019531 0.044753
0 0.015625 0.318673 0.018750 0.039609
0 0.990885 0.205761 0.010937 0.021605
0 0.943880 0.215278 0.012240 0.028292
0 0.994531 0.270062 0.010417 0.026749
0 0.868229 0.246399 0.020313 0.041152
0 0.045964 0.434671 0.022656 0.049383
0 0.950651 0.276749 0.007552 0.019547
0 0.427214 0.328704 0.026302 0.062757
0 0.777344 0.252058 0.018229 0.055556
0 0.077995 0.327932 0.019531 0.044753
0 0.175391 0.407922 0.030469 0.061728
0 0.905729 0.247685 0.013542 0.030350
0 0.618229 0.373200 0.024479 0.058128
0 0.795052 0.337706 0.021875 0.054012
0 0.089193 0.279321 0.017969 0.039095
0 0.995964 0.217335 0.008073 0.022119
0 0.127734 0.362654 0.019010 0.043210
0 0.213281 0.347737 0.025000 0.067901
0 0.260677 0.373457 0.030729 0.070988
0 0.339974 0.383745 0.024219 0.061728
0 0.502474 0.283693 0.021615 0.077675
0 0.509896 0.520062 0.039583 0.088477
0 0.569271 0.118313 0.020313 0.041152
0 0.608984 0.138632 0.028385 0.049897
0 0.582422 0.295010 0.024740 0.059156
0 0.668620 0.293210 0.028906 0.052469
0 0.694792 0.360854 0.031250 0.083848
0 0.911328 0.282407 0.020573 0.034979
0 0.927214 0.247428 0.015365 0.031893
0 0.930859 0.197016 0.012240 0.031893
0 0.968620 0.244599 0.017448 0.030350
0 0.957812 0.283693 0.015625 0.027263
0 0.939974 0.378858 0.016927 0.035494
0 0.995703 0.406893 0.008594 0.040123
