0 0.899089 0.280350 0.013802 0.030864
0 0.852344 0.236111 0.011979 0.026749
0 0.671354 0.316615 0.019792 0.048868
0 0.831380 0.316615 0.015365 0.035494
0 0.993620 0.206533 0.011198 0.024177
0 0.030859 0.274434 0.018490 0.033436
0 0.535807 0.369599 0.022656 0.042695
0 0.106641 0.402263 0.025781 0.051440
0 0.915104 0.248714 0.010937 0.025206
0 0.826693 0.261317 0.013281 0.030864
0 0.557943 0.511317 0.046094 0.079218
0 0.052995 0.301955 0.016406 0.039095
0 0.117057 0.305556 0.015885 0.039095
0 0.902474 0.420010 0.019010 0.043724
0 0.350651 0.331790 0.020573 0.047325
0 0.976432 0.232253 0.010677 0.024177
0 0.767708 0.311986 0.018229 0.038580
0 0.963411 0.258745 0.011719 0.028807
0 0.502083 0.287037 0.019792 0.048354
0 0.080599 0.369342 0.017448 0.039095
0 0.978906 0.262860 0.010417 0.023663
0 0.798047 0.269290 0.013281 0.032407
0 0.990365 0.239969 0.010417 0.024177
0 0.951562 0.230453 0.011979 0.027778
0 0.025651 0.372685 0.016406 0.029321
0 0.733984 0.329990 0.017448 0.037551
0 0.705729 0.267747 0.018229 0.043724
0 0.318490 0.406121 0.029167 0.071502
0 0.183724 0.295267 0.024740 0.042181
0 0.199870 0.414866 0.032552 0.058128
0 0.270964 0.303498 0.022656 0.042181
0 0.378906 0.365998 0.029687 0.064300
0 0.571875 0.084362 0.014583 0.031893
0 0.561198 0.116512 0.022396 0.042695
0 0.608854 0.139918 0.020313 0.043210
0 0.617969 0.285494 0.030729 0.048354
0 0.637891 0.391975 0.035156 0.065844
0 0.754818 0.244084 0.023177 0.046811
0 0.865234 0.286008 0.021094 0.036008
0 0.933203 0.232510 0.014323 0.030864
0 0.950000 0.302469 0.021875 0.038066
0 0.996745 0.410237 0.006510 0.034465
0 0.994922 0.278292 0.010156 0.027778
