0 0.200000 0.282407 0.016667 0.038066
0 0.087370 0.273405 0.016927 0.038580
0 0.022526 0.353138 0.020052 0.042695
0 0.098437 0.294753 0.017188 0.037037
0 0.781250 0.268004 0.015625 0.037037
0 0.731380 0.283693 0.015365 0.037551
0 0.589193 0.335134 0.021094 0.046811
0 0.680469 0.216307 0.016667 0.037551
0 0.607682 0.221965 0.016406 0.036523
0 0.633464 0.355967 0.021094 0.053498
0 0.930599 0.290123 0.013281 0.028807
0 0.825000 0.277006 0.016146 0.035494
0 0.399740 0.288323 0.021354 0.035494
0 0.014193 0.310442 0.014844 0.033436
0 0.986458 0.277521 0.011979 0.027263
0 0.068620 0.296039 0.014323 0.032407
0 0.518620 0.287294 0.020052 0.064300
0 0.048177 0.305298 0.016667 0.037551
0 0.134245 0.324074 0.020573 0.047325
0 0.254557 0.325360 0.021094 0.055041
0 0.573958 0.273663 0.019792 0.046296
0 0.726823 0.254115 0.013021 0.030864
0 0.609245 0.268261 0.015885 0.041667
0 0.016927 0.386574 0.022396 0.049897
0 0.076953 0.379887 0.021615 0.048868
0 0.136068 0.256944 0.016927 0.040638
0 0.324870 0.308642 0.022656 0.055556
0 0.292448 0.350823 0.025521 0.062757
0 0.963542 0.312500 0.011979 0.028292
0 0.645573 0.291409 0.014063 0.038580
0 0.978385 0.392233 0.014063 0.035494
0 0.820833 0.375257 0.015104 0.034465
0 0.009505 0.285494 0.015365 0.027778
0 0.080859 0.309928 0.016406 0.041667
0 0.166927 0.402778 0.027083 0.054527
0 0.193620 0.403035 0.025781 0.051955
0 0.339974 0.254372 0.027865 0.048868
0 0.683724 0.347737 0.027865 0.047325
0 0.689453 0.308899 0.025260 0.035494
0 0.729036 0.363940 0.028385 0.048868
0 0.778385 0.366255 0.026042 0.046296
0 0.851562 0.348765 0.018229 0.041152
0 0.876563 0.350309 0.018750 0.042181
0 0.870703 0.286780 0.020573 0.039609
0 0.892969 0.266461 0.015104 0.042181
0 0.923568 0.325103 0.014844 0.027778
0 0.942839 0.280093 0.012760 0.031379
0 0.961719 0.286523 0.010937 0.021605
