0 0.470313 0.284208 0.017188 0.038580
0 0.397005 0.322016 0.016406 0.039095
0 0.277995 0.020833 0.012240 0.029321
0 0.057682 0.257459 0.018490 0.041667
0 0.585156 0.095165 0.014583 0.032922
0 0.209635 0.345165 0.023958 0.054527
0 0.101172 0.316872 0.018490 0.042181
0 0.091927 0.398920 0.017188 0.045782
0 0.524609 0.014146 0.012240 0.027263
0 0.152083 0.272119 0.018229 0.038066
0 0.040625 0.336420 0.019792 0.043210
0 0.032552 0.278807 0.014583 0.032922
0 0.875781 0.178498 0.012500 0.025720
0 0.025911 0.264660 0.012760 0.027263
0 0.040234 0.208848 0.012240 0.026749
0 0.886458 0.154578 0.008854 0.020062
0 0.026042 0.265947 0.015104 0.032922
0 0.137500 0.329990 0.021354 0.043724
0 0.946224 0.155093 0.010677 0.024177
0 0.153125 0.411008 0.021354 0.043210
0 0.879167 0.236626 0.011458 0.025720
0 0.013802 0.337449 0.014583 0.030864
0 0.020703 0.356996 0.014844 0.031893
0 0.079036 0.415638 0.019531 0.058642
0 0.175911 0.338735 0.025260 0.043724
0 0.244401 0.305298 0.021615 0.043724
0 0.288151 0.402263 0.021615 0.050412
0 0.377474 0.420010 0.024740 0.051955
0 0.602344 0.239969 0.021875 0.045782
0 0.587891 0.128858 0.014323 0.027263
0 0.624609 0.112654 0.015885 0.027778
0 0.644661 0.043981 0.015365 0.031379
0 0.761589 0.105967 0.012760 0.027778
0 0.800651 0.123714 0.009635 0.019033
0 0.817057 0.064300 0.007552 0.015432
0 0.835286 0.178498 0.011719 0.027778
0 0.857682 0.165895 0.010156 0.027263
0 0.907682 0.161008 0.009635 0.019547
0 0.932422 0.154578 0.009635 0.021091
0 0.947786 0.185700 0.010677 0.022634
0 0.974479 0.196245 0.011458 0.021091
0 0.985417 0.192130 0.006250 0.015947
0 0.992578 0.227366 0.007552 0.022634
0 0.992057 0.399177 0.015885 0.050412
