0 0.442188 0.342335 0.022917 0.059156
0 0.391146 0.076132 0.015104 0.031893
0 0.501172 0.024177 0.011719 0.021605
0 0.617188 0.269547 0.019792 0.045267
0 0.026562 0.386060 0.017708 0.038580
0 0.111198 0.352623 0.021875 0.041667
0 0.443229 0.198560 0.015625 0.034979
0 0.551302 0.257973 0.022396 0.040638
0 0.572917 0.325103 0.021875 0.048354
0 0.571615 0.109311 0.016667 0.034465
0 0.981510 0.298097 0.017708 0.038580
0 0.533724 0.010545 0.012240 0.020062
0 0.227995 0.331790 0.019531 0.044239
0 0.296875 0.338220 0.023438 0.049897
0 0.871875 0.296811 0.016667 0.034979
0 0.710286 0.066615 0.010156 0.024177
0 0.072526 0.387603 0.021094 0.048868
0 0.298438 0.278549 0.017188 0.037551
0 0.107292 0.265175 0.016146 0.034465
0 0.918880 0.346965 0.016406 0.036523
0 0.962891 0.208076 0.010156 0.020062
0 0.546615 0.028035 0.012500 0.027263
0 0.964453 0.152778 0.010156 0.021605
0 0.589844 0.023405 0.014063 0.029321
0 0.855339 0.135031 0.008594 0.019033
0 0.168490 0.336420 0.020313 0.044239
0 0.898177 0.167181 0.013021 0.025720
0 0.586979 0.156636 0.017188 0.038580
0 0.604557 0.095936 0.016406 0.033436
0 0.218359 0.405607 0.023698 0.057099
0 0.949609 0.342593 0.012760 0.038066
0 0.075130 0.312243 0.022135 0.049383
0 0.448958 0.007973 0.011979 0.014918
0 0.470573 0.010545 0.012500 0.020062
0 0.679688 0.352881 0.017188 0.040123
0 0.513151 0.328961 0.019531 0.048868
0 0.878125 0.182613 0.013542 0.023663
0 0.032552 0.268776 0.013542 0.028292
0 0.913672 0.155093 0.011198 0.025206
0 0.910937 0.235597 0.013542 0.032922
0 0.988932 0.263374 0.011198 0.025720
0 0.832292 0.327675 0.017188 0.038066
0 0.995052 0.331790 0.009896 0.032922
0 0.512630 0.008488 0.012240 0.015947
0 0.744141 0.059928 0.008073 0.020062
0 0.951562 0.223251 0.010417 0.021605
0 0.321094 0.452932 0.023438 0.055041
0 0.787240 0.326389 0.019792 0.045782
0 0.851432 0.209877 0.013802 0.026749
0 0.868099 0.257973 0.013802 0.036523
0 0.114062 0.525206 0.026562 0.046296
0 0.053906 0.269290 0.014583 0.032407
0 0.005599 0.341821 0.010677 0.034465
0 0.348568 0.392233 0.028906 0.059156
0 0.695312 0.394547 0.023958 0.044239
0 0.736458 0.370370 0.025521 0.042181
0 0.805469 0.264660 0.016667 0.040638
0 0.828646 0.246399 0.013021 0.032922
0 0.843099 0.237912 0.012760 0.027263
0 0.885156 0.265175 0.012500 0.032407
0 0.976302 0.180556 0.011458 0.024691
0 0.947786 0.125000 0.009115 0.020576
0 0.940495 0.177984 0.009635 0.023663
0 0.936979 0.203961 0.008333 0.023148
0 0.870964 0.203447 0.012240 0.031379
0 0.865104 0.189558 0.011458 0.033436
0 0.839583 0.102366 0.011979 0.019547
0 0.817969 0.074074 0.011979 0.022634
0 0.782552 0.090792 0.009896 0.022119
0 0.936719 0.368313 0.014063 0.027778
0 0.901042 0.379372 0.017188 0.034465
0 0.975000 0.369342 0.017188 0.038066
0 0.965104 0.339763 0.011458 0.033436
0 0.739062 0.108025 0.014063 0.026749
0 0.609766 0.055298 0.011198 0.022119
0 0.559245 0.024177 0.011719 0.021605
0 0.518750 0.023920 0.011458 0.023148
0 0.427214 0.004887 0.013802 0.008745
