0 0.744531 0.265947 0.017188 0.040123
0 0.553646 0.022891 0.010417 0.021091
0 0.797656 0.255658 0.016667 0.036008
0 0.660286 0.271862 0.014323 0.036523
0 0.150130 0.328447 0.019010 0.043724
0 0.635156 0.045782 0.012500 0.027778
0 0.891406 0.279321 0.016667 0.037037
0 0.711979 0.263632 0.018750 0.045782
0 0.790495 0.337449 0.017969 0.040123
0 0.367969 0.387088 0.021354 0.048868
0 0.585938 0.252058 0.018750 0.045267
0 0.564193 0.304012 0.020052 0.047325
0 0.563281 0.020576 0.009896 0.021605
0 0.528646 0.025977 0.011458 0.025206
0 0.007422 0.319444 0.012760 0.036008
0 0.592187 0.150463 0.014063 0.031379
0 0.928646 0.208333 0.012500 0.025720
0 0.588021 0.015947 0.011458 0.025720
0 0.586849 0.364198 0.020052 0.049383
0 0.025781 0.246914 0.015625 0.033951
0 0.983073 0.230453 0.013021 0.027778
0 0.574349 0.106739 0.013802 0.030350
0 0.960417 0.189558 0.011979 0.025206
0 0.618620 0.270576 0.021094 0.041152
0 0.456641 0.005144 0.010156 0.009259
0 0.653385 0.326903 0.023958 0.046811
0 0.288151 0.384002 0.018490 0.043724
0 0.381510 0.117541 0.014583 0.033436
0 0.012760 0.420267 0.018750 0.045267
0 0.141927 0.390175 0.021875 0.046811
0 0.854948 0.239455 0.013021 0.027263
0 0.606250 0.106739 0.014063 0.036523
0 0.825391 0.219136 0.015365 0.037037
0 0.710286 0.322016 0.026823 0.050412
0 0.258854 0.789609 0.031250 0.082305
0 0.936198 0.187243 0.010417 0.022634
0 0.210547 0.322531 0.017448 0.040123
0 0.077344 0.344650 0.021875 0.052469
0 0.507552 0.021862 0.011979 0.023148
0 0.080990 0.274691 0.020313 0.037037
0 0.044792 0.414609 0.018750 0.038066
0 0.038281 0.345422 0.021354 0.033436
0 0.028906 0.336934 0.019271 0.041152
0 0.210938 0.397119 0.029687 0.050412
0 0.379557 0.332047 0.024219 0.042695
0 0.490365 0.286265 0.022917 0.042695
0 0.493490 0.327932 0.021875 0.036523
0 0.877474 0.264918 0.013802 0.034979
0 0.903776 0.378344 0.019531 0.043724
0 0.929818 0.358282 0.014323 0.032407
0 0.961458 0.329475 0.009896 0.030350
0 0.995182 0.331533 0.009635 0.026235
0 0.984766 0.204990 0.007552 0.015947
0 0.942839 0.209619 0.010677 0.020062
0 0.912630 0.182356 0.009635 0.024177
0 0.908984 0.231481 0.014323 0.023663
0 0.877734 0.197531 0.013281 0.023663
0 0.909505 0.113169 0.006510 0.018519
0 0.883854 0.170525 0.009896 0.021091
0 0.603906 0.065844 0.015625 0.033951
0 0.616536 0.023405 0.013281 0.027263
0 0.518099 0.010288 0.009115 0.018519
