0 0.849349 0.199074 0.009635 0.022634
0 0.029036 0.273920 0.012240 0.030350
0 0.864714 0.227881 0.012760 0.030864
0 0.404036 0.079990 0.009115 0.021091
0 0.436719 0.092078 0.010937 0.026749
0 0.636979 0.156893 0.010417 0.025720
0 0.951302 0.162809 0.010417 0.023148
0 0.162370 0.123714 0.015885 0.032407
0 0.371224 0.104424 0.010156 0.023663
0 0.378125 0.078189 0.014063 0.026749
0 0.393229 0.051955 0.010417 0.024691
0 0.518229 0.003086 0.008333 0.005144
0 0.613151 0.067901 0.010156 0.016461
0 0.605729 0.099537 0.011458 0.026235
0 0.930078 0.300669 0.013281 0.032407
