0 0.599609 0.270833 0.020052 0.044753
0 0.276953 0.233539 0.016927 0.041152
0 0.817839 0.381173 0.017969 0.045267
0 0.416536 0.213477 0.015885 0.042181
0 0.403906 0.250514 0.017708 0.040123
0 0.658203 0.203961 0.019010 0.042695
0 0.703646 0.257202 0.015625 0.036008
0 0.143229 0.414866 0.018750 0.040638
0 0.385026 0.498200 0.024219 0.055041
0 0.755599 0.288066 0.015365 0.039095
0 0.623958 0.326132 0.019271 0.044239
0 0.879036 0.108025 0.009635 0.023663
0 0.798438 0.305813 0.016146 0.039609
0 0.912760 0.259516 0.011458 0.028292
0 0.048047 0.381687 0.016406 0.041152
0 0.134766 0.538837 0.024219 0.051955
0 0.185156 0.228652 0.015104 0.036523
0 0.064714 0.308385 0.013281 0.029321
0 0.024089 0.318930 0.013281 0.028807
0 0.131510 0.292438 0.015104 0.032407
0 0.498698 0.252572 0.017708 0.038066
0 0.861979 0.314815 0.016146 0.034979
0 0.330599 0.243570 0.015885 0.036523
0 0.968750 0.309414 0.013542 0.037551
0 0.839583 0.086934 0.008333 0.020576
0 0.328255 0.185442 0.017969 0.043724
0 0.948568 0.310185 0.010677 0.027778
0 0.974740 0.226337 0.008854 0.020576
0 0.028516 0.403035 0.018490 0.042695
0 0.888411 0.360340 0.013281 0.032407
0 0.779948 0.347222 0.018229 0.046296
0 0.236328 0.537809 0.030469 0.076646
0 0.025781 0.294753 0.012500 0.026749
0 0.781641 0.444702 0.019010 0.045782
0 0.930339 0.305041 0.011198 0.029835
0 0.160286 0.652521 0.029948 0.077675
0 0.482422 0.373200 0.020052 0.050926
0 0.184766 0.305298 0.027344 0.041667
0 0.875000 0.274177 0.013021 0.031893
0 0.012891 0.541152 0.019531 0.048354
0 0.998177 0.265175 0.003646 0.023148
0 0.082812 0.438014 0.022917 0.052984
0 0.444010 0.582047 0.031250 0.079733
0 0.190495 0.469650 0.022135 0.054527
0 0.891016 0.309928 0.013281 0.032407
0 0.035156 0.287809 0.011458 0.025206
0 0.190625 0.391975 0.016667 0.051440
0 0.103906 0.295525 0.013021 0.028292
0 0.250781 0.454475 0.036458 0.063272
0 0.088021 0.520576 0.031771 0.054527
0 0.027995 0.439300 0.024219 0.050412
0 0.008854 0.429784 0.016667 0.063272
0 0.043490 0.328704 0.017708 0.042181
0 0.085026 0.311986 0.020052 0.040638
0 0.078516 0.254115 0.014844 0.043210
0 0.094792 0.259002 0.018750 0.037551
0 0.121484 0.264918 0.018490 0.034979
0 0.225260 0.253858 0.023438 0.039609
0 0.252214 0.305556 0.020573 0.044239
0 0.477344 0.286523 0.028125 0.056584
0 0.512109 0.276749 0.026823 0.047325
0 0.946875 0.280093 0.013542 0.028292
