0 0.206380 0.176440 0.015885 0.037037
0 0.316667 0.256944 0.018750 0.044753
0 0.117057 0.300154 0.018490 0.041667
0 0.388021 0.234053 0.016667 0.038066
0 0.059245 0.266204 0.015365 0.036523
0 0.904427 0.246399 0.012500 0.036008
0 0.591276 0.076389 0.011198 0.026235
0 0.260026 0.246399 0.016927 0.039095
0 0.069271 0.331533 0.025521 0.059156
0 0.782031 0.284979 0.018229 0.044239
0 0.919401 0.236626 0.010677 0.024691
0 0.143750 0.195730 0.016667 0.038580
0 0.793099 0.347222 0.016927 0.041152
0 0.008464 0.335648 0.016406 0.048868
0 0.933854 0.202675 0.009896 0.022634
0 0.951042 0.218879 0.009896 0.025206
0 0.566797 0.089763 0.011719 0.027263
0 0.965755 0.240998 0.010156 0.023148
0 0.024479 0.398663 0.021354 0.044239
0 0.806120 0.310442 0.017448 0.039609
0 0.022526 0.283179 0.015885 0.037551
0 0.902734 0.289609 0.013281 0.029835
0 0.938411 0.255144 0.010677 0.025720
0 0.606510 0.140947 0.010937 0.027778
0 0.025781 0.264403 0.011458 0.025720
0 0.850391 0.278035 0.013281 0.031379
0 0.036328 0.326389 0.020573 0.049897
0 0.118099 0.343621 0.026823 0.041152
0 0.198698 0.374486 0.027604 0.053498
0 0.184896 0.268261 0.021875 0.037551
0 0.254818 0.311214 0.023698 0.045267
0 0.385937 0.310442 0.029687 0.057099
0 0.452995 0.300412 0.024219 0.050412
0 0.461979 0.264660 0.026042 0.057099
0 0.546745 0.285494 0.028385 0.057613
0 0.541536 0.348251 0.033073 0.061728
0 0.634766 0.240998 0.021615 0.050926
0 0.669401 0.315586 0.024740 0.045782
0 0.704297 0.267747 0.021615 0.047840
0 0.735677 0.314300 0.022396 0.052469
0 0.777995 0.380401 0.024740 0.050926
0 0.832682 0.222222 0.015885 0.033951
0 0.912760 0.353909 0.019271 0.034979
0 0.943099 0.281121 0.015365 0.027263
0 0.984896 0.229167 0.012500 0.024177
0 0.983333 0.210905 0.010417 0.016461
0 0.988411 0.192644 0.009635 0.014918
0 0.994792 0.405864 0.010417 0.036008
