0 0.170182 0.172582 0.016406 0.035494
0 0.491146 0.338735 0.018229 0.041667
0 0.045312 0.395062 0.018750 0.043210
0 0.111719 0.411265 0.022396 0.050926
0 0.080339 0.427212 0.024219 0.057099
0 0.120052 0.338220 0.018229 0.041667
0 0.059115 0.272891 0.018229 0.038580
0 0.407292 0.340021 0.028125 0.051440
0 0.298958 0.374743 0.021354 0.042695
0 0.036849 0.266718 0.013802 0.034465
0 0.978776 0.251029 0.011719 0.025720
0 0.293359 0.270319 0.015365 0.035494
0 0.934375 0.240226 0.011979 0.025720
0 0.731901 0.334619 0.022135 0.047840
0 0.206901 0.347479 0.023177 0.039609
0 0.894401 0.180556 0.008073 0.018519
0 0.204167 0.392233 0.026562 0.061214
0 0.905990 0.331019 0.014583 0.032407
0 0.857292 0.290123 0.018229 0.039095
0 0.010807 0.292181 0.014323 0.033951
0 0.812891 0.312243 0.013802 0.030864
0 0.735938 0.248457 0.013021 0.031893
0 0.708203 0.256687 0.013802 0.032922
0 0.765755 0.321502 0.014844 0.034979
0 0.008333 0.340278 0.015104 0.034465
0 0.585156 0.011060 0.011458 0.021091
0 0.470443 0.280607 0.015365 0.036523
0 0.949479 0.305556 0.014063 0.028807
0 0.953516 0.261060 0.012240 0.026235
0 0.080599 0.287294 0.017448 0.034465
0 0.320312 0.326389 0.029167 0.055041
0 0.398177 0.382459 0.026042 0.048868
0 0.564974 0.266204 0.027344 0.057099
0 0.654687 0.327160 0.022917 0.043210
0 0.665365 0.372942 0.024479 0.046296
0 0.779167 0.260545 0.018750 0.039609
0 0.851302 0.354424 0.019792 0.046296
0 0.864844 0.262346 0.014063 0.028807
0 0.892318 0.275977 0.020573 0.033436
0 0.868880 0.240998 0.014323 0.018004
0 0.899479 0.215021 0.010937 0.024691
0 0.933464 0.272891 0.016406 0.034465
0 0.979297 0.278807 0.011719 0.024691
0 0.996224 0.274177 0.007552 0.024691
0 0.994661 0.407407 0.010677 0.034979
0 0.610938 0.021091 0.014583 0.028807
