0 0.443490 0.282922 0.016146 0.034979
0 0.959635 0.303755 0.011458 0.026235
0 0.255859 0.405607 0.024219 0.061214
0 0.175000 0.232510 0.014583 0.034979
0 0.018099 0.505658 0.022656 0.049383
0 0.505729 0.279835 0.018750 0.042181
0 0.156771 0.385288 0.019271 0.047325
0 0.906901 0.372942 0.013281 0.030864
0 0.046354 0.321759 0.015104 0.032407
0 0.520182 0.357510 0.019531 0.047325
0 0.361458 0.303755 0.021875 0.052984
0 0.564844 0.298868 0.020313 0.052469
0 0.319401 0.182099 0.014323 0.036008
0 0.630990 0.276235 0.020833 0.043210
0 0.277995 0.281893 0.015365 0.037037
0 0.042188 0.434156 0.019271 0.043210
0 0.216146 0.212706 0.014063 0.035494
0 0.030859 0.380658 0.019010 0.041152
0 0.195182 0.423354 0.025781 0.059671
0 0.273828 0.198817 0.014844 0.035494
0 0.408073 0.175154 0.019792 0.041667
0 0.055469 0.302726 0.015625 0.032407
0 0.644531 0.369856 0.020833 0.050412
0 0.995573 0.310185 0.008854 0.024691
0 0.350391 0.391461 0.027344 0.067901
0 0.327474 0.211677 0.016406 0.037551
0 0.119922 0.283693 0.017448 0.039609
0 0.045312 0.569444 0.024479 0.060700
0 0.162109 0.270833 0.015365 0.035494
0 0.006901 0.349023 0.013281 0.034465
0 0.082422 0.263632 0.014323 0.032407
0 0.006120 0.316872 0.011719 0.031893
0 0.770833 0.300154 0.015104 0.034465
0 0.714453 0.238940 0.018490 0.044753
0 0.070182 0.293724 0.014844 0.031893
0 0.712500 0.368056 0.019271 0.043724
0 0.511979 0.452160 0.022917 0.056584
0 0.993490 0.375000 0.011458 0.025720
0 0.971875 0.283436 0.011458 0.025720
0 0.565625 0.399691 0.019271 0.043210
0 0.076172 0.237397 0.013281 0.026235
0 0.053125 0.357767 0.019271 0.042695
0 0.215234 0.286780 0.015365 0.036523
0 0.690755 0.315844 0.020052 0.045267
0 0.068359 0.389660 0.022656 0.047840
0 0.888411 0.302726 0.013281 0.031379
0 0.871745 0.315844 0.015885 0.036008
0 0.079427 0.459105 0.025000 0.050926
0 0.413802 0.506173 0.027604 0.070988
0 0.800781 0.281893 0.015625 0.034979
0 0.035937 0.278035 0.011458 0.026235
0 0.018359 0.702675 0.028385 0.073045
0 0.365365 0.578447 0.036458 0.066358
0 0.266536 0.642233 0.035677 0.070473
0 0.074609 0.785751 0.045052 0.069444
0 0.106250 0.573560 0.039583 0.073045
0 0.004948 0.433128 0.009375 0.051440
0 0.097266 0.265947 0.018490 0.030864
0 0.431250 0.340792 0.032292 0.064300
0 0.757161 0.341564 0.021094 0.051440
0 0.862240 0.175669 0.015104 0.030350
0 0.918359 0.263117 0.021615 0.037551
0 0.977083 0.354938 0.017708 0.039095
0 0.928776 0.317130 0.017969 0.039609
0 0.948568 0.335134 0.010677 0.027263
0 0.126823 0.654578 0.044271 0.064300
0 0.226823 0.262346 0.020833 0.040123
0 0.299740 0.348508 0.027604 0.059156
0 0.009115 0.578704 0.017708 0.045267
