0 0.390755 0.068930 0.013281 0.029835
0 0.063672 0.257459 0.015365 0.036523
0 0.011719 0.283693 0.014583 0.034465
0 0.956641 0.223251 0.011198 0.025720
0 0.903516 0.215535 0.011719 0.025720
0 0.593750 0.083076 0.011979 0.027263
0 0.450391 0.329475 0.016927 0.040638
0 0.801693 0.319959 0.016406 0.038066
0 0.686198 0.283693 0.019271 0.046811
0 0.011979 0.360082 0.019271 0.049383
0 0.947135 0.264146 0.010937 0.025206
0 0.877604 0.266461 0.011458 0.026749
0 0.440495 0.232510 0.018490 0.041152
0 0.361068 0.333591 0.023177 0.056070
0 0.899219 0.300412 0.011979 0.027778
0 0.557292 0.287809 0.018229 0.043724
0 0.806771 0.188014 0.012500 0.026235
0 0.722917 0.301698 0.014583 0.032407
0 0.302995 0.281379 0.020052 0.044239
0 0.889193 0.225051 0.011719 0.026235
0 0.727995 0.251543 0.014844 0.033951
0 0.979036 0.254887 0.010677 0.025206
0 0.833333 0.321759 0.012500 0.028292
0 0.511458 0.312243 0.017188 0.042181
0 0.630469 0.317387 0.019271 0.044239
0 0.569922 0.083333 0.012240 0.026749
0 0.843620 0.254630 0.010156 0.024691
0 0.934766 0.207562 0.010156 0.023148
0 0.933464 0.245370 0.012760 0.029835
0 0.602865 0.140689 0.012500 0.032407
0 0.960156 0.189300 0.009896 0.022634
0 0.620313 0.263117 0.016146 0.038580
0 0.861589 0.294753 0.012760 0.029835
0 0.913411 0.260802 0.011719 0.026749
0 0.532682 0.236626 0.015885 0.036008
0 0.988802 0.194959 0.010417 0.021605
0 0.785286 0.261317 0.013802 0.032922
0 0.025651 0.275206 0.013281 0.023663
0 0.974219 0.191615 0.010937 0.021091
0 0.064193 0.358282 0.019531 0.047840
0 0.135026 0.358282 0.022135 0.049897
0 0.161979 0.309928 0.020313 0.043724
0 0.213802 0.328961 0.028125 0.050926
0 0.175000 0.186471 0.011458 0.030350
0 0.209766 0.175669 0.012760 0.034465
0 0.382682 0.289609 0.024740 0.052469
0 0.681771 0.254630 0.017188 0.044239
0 0.842318 0.343364 0.012760 0.034465
0 0.823828 0.286008 0.014844 0.031893
0 0.913281 0.311471 0.011979 0.022119
0 0.954557 0.293981 0.015365 0.028292
0 0.942839 0.194959 0.009635 0.018519
0 0.980859 0.220422 0.012240 0.023148
0 0.967708 0.318930 0.007812 0.027778
0 0.957812 0.260802 0.007812 0.018519
0 0.994922 0.397377 0.010156 0.042695
