0 0.216146 0.277263 0.017708 0.039095
0 0.488542 0.334877 0.018229 0.045267
0 0.248438 0.252315 0.016146 0.037551
0 0.950781 0.296553 0.012500 0.029321
0 0.603516 0.307613 0.018490 0.044239
0 0.395313 0.287294 0.019792 0.040638
0 0.157682 0.358025 0.019010 0.054527
0 0.768490 0.399177 0.019792 0.044239
0 0.819922 0.362912 0.018490 0.040638
0 0.683724 0.387603 0.018490 0.039609
0 0.602865 0.211420 0.015104 0.036008
0 0.630339 0.417438 0.019531 0.043724
0 0.167578 0.259516 0.018490 0.037551
0 0.159505 0.216564 0.016406 0.039095
0 0.077344 0.290895 0.015104 0.031379
0 0.082031 0.263374 0.014583 0.032922
0 0.240234 0.191101 0.014844 0.035494
0 0.033333 0.366512 0.018229 0.039609
0 0.527734 0.166152 0.015885 0.038066
0 0.088672 0.346965 0.015885 0.035494
0 0.620703 0.467335 0.022135 0.051955
0 0.055990 0.357767 0.017708 0.038580
0 0.114193 0.271348 0.016927 0.035494
0 0.307812 0.192644 0.018750 0.041667
0 0.077604 0.478395 0.022917 0.050412
0 0.055990 0.645576 0.026562 0.063786
0 0.135937 0.639146 0.032813 0.079733
0 0.856120 0.329475 0.018490 0.039609
0 0.303516 0.234053 0.016927 0.034979
0 0.296354 0.404321 0.020313 0.047325
0 0.961458 0.278035 0.010937 0.026235
0 0.225260 0.403549 0.023958 0.054012
0 0.873177 0.283693 0.012500 0.028292
0 0.746354 0.299126 0.023438 0.045782
0 0.015365 0.336163 0.015104 0.033436
0 0.978906 0.270576 0.009375 0.021605
0 0.011849 0.413837 0.020052 0.042695
0 0.621094 0.348251 0.018229 0.043210
0 0.526302 0.307356 0.018750 0.042695
0 0.893750 0.315586 0.015625 0.035494
0 0.358333 0.203447 0.017188 0.038580
0 0.817969 0.235340 0.014583 0.032407
0 0.051562 0.319187 0.018229 0.030350
0 0.018099 0.590278 0.022656 0.054012
0 0.134375 0.491770 0.021875 0.053498
0 0.033203 0.457305 0.016927 0.037037
0 0.104818 0.250514 0.014323 0.028807
0 0.166016 0.525463 0.026302 0.056070
0 0.777344 0.306842 0.016667 0.037551
0 0.066536 0.516461 0.023177 0.051440
0 0.003776 0.331533 0.007031 0.039609
0 0.068229 0.256430 0.018229 0.037551
0 0.357161 0.235340 0.020573 0.045782
0 0.363281 0.388117 0.030729 0.058128
0 0.427865 0.343364 0.032813 0.060185
0 0.684115 0.295782 0.026562 0.051440
0 0.872526 0.318930 0.017969 0.041152
0 0.939974 0.319702 0.013281 0.034465
0 0.968229 0.351852 0.016146 0.040123
0 0.861589 0.095679 0.009635 0.021605
