0 0.044792 0.412294 0.019792 0.042695
0 0.049870 0.290123 0.018490 0.041152
0 0.099349 0.425669 0.019010 0.044753
0 0.146224 0.355967 0.019531 0.048354
0 0.721484 0.244856 0.014323 0.033951
0 0.192057 0.181584 0.011198 0.023663
0 0.961068 0.197788 0.010677 0.024177
0 0.018620 0.352109 0.020573 0.046811
0 0.961328 0.233025 0.010677 0.024691
0 0.310807 0.277778 0.016406 0.040123
0 0.599349 0.283436 0.021094 0.048354
0 0.434766 0.333591 0.025260 0.052984
0 0.925130 0.198302 0.010677 0.023148
0 0.090234 0.283179 0.019531 0.045782
0 0.907943 0.255916 0.014323 0.032407
0 0.618620 0.365998 0.024219 0.058128
0 0.767188 0.275720 0.014583 0.037037
0 0.697786 0.313786 0.019010 0.048354
0 0.302083 0.372171 0.020833 0.048868
0 0.155078 0.314815 0.021094 0.045267
0 0.983724 0.234568 0.010677 0.023663
0 0.985156 0.190329 0.010937 0.023663
0 0.993229 0.210648 0.010417 0.023148
0 0.809635 0.257459 0.016146 0.037551
0 0.006250 0.302726 0.011979 0.040638
0 0.949870 0.211420 0.010677 0.024691
0 0.653776 0.326903 0.017969 0.037551
0 0.509505 0.280093 0.023177 0.048868
0 0.366536 0.287294 0.020573 0.044753
0 0.239974 0.282407 0.020573 0.029835
0 0.850781 0.303498 0.020313 0.036008
0 0.910026 0.279064 0.013281 0.030350
0 0.023177 0.263374 0.015625 0.034979
0 0.935547 0.217850 0.010156 0.024177
0 0.061719 0.461163 0.027083 0.047840
0 0.201563 0.384002 0.020833 0.043724
0 0.234766 0.319444 0.028906 0.058642
0 0.442057 0.264146 0.019010 0.051955
0 0.528125 0.394805 0.032813 0.056070
0 0.646875 0.256944 0.022917 0.049897
0 0.755859 0.328704 0.021615 0.049383
0 0.802083 0.297325 0.017188 0.041152
0 0.844531 0.277778 0.018750 0.029835
0 0.878906 0.295267 0.018229 0.038066
0 0.857812 0.248714 0.015104 0.034465
0 0.889844 0.234825 0.014583 0.024177
0 0.936849 0.311214 0.017969 0.029835
0 0.961198 0.282665 0.018229 0.032407
0 0.932943 0.253086 0.017969 0.031893
0 0.996094 0.256430 0.007812 0.021091
