0 0.162109 0.282150 0.016927 0.037551
0 0.190625 0.388117 0.023438 0.048868
0 0.316406 0.287551 0.020833 0.045267
0 0.829557 0.329475 0.014323 0.032407
0 0.894141 0.186728 0.010156 0.022634
0 0.952865 0.253086 0.010937 0.025720
0 0.246094 0.328704 0.019271 0.042181
0 0.034115 0.442130 0.019271 0.039609
0 0.680599 0.259516 0.018490 0.040638
0 0.361719 0.379630 0.025000 0.053498
0 0.979167 0.182870 0.010417 0.022119
0 0.080729 0.326132 0.022396 0.041152
0 0.026562 0.267747 0.014583 0.032407
0 0.857682 0.299897 0.014323 0.033951
0 0.981641 0.209362 0.009635 0.022634
0 0.547396 0.309928 0.018229 0.043724
0 0.896745 0.331276 0.012760 0.024691
0 0.364063 0.315072 0.022396 0.050926
0 0.601042 0.243056 0.018750 0.039609
0 0.933464 0.230195 0.011719 0.028292
0 0.990365 0.237397 0.010417 0.024177
0 0.152995 0.316358 0.019531 0.043210
0 0.614844 0.333333 0.026042 0.060700
0 0.033464 0.408951 0.017448 0.028807
0 0.868620 0.230967 0.012240 0.027778
0 0.765625 0.316872 0.020313 0.046296
0 0.223438 0.291409 0.020313 0.041667
0 0.902865 0.268261 0.013542 0.031379
0 0.915234 0.240484 0.011198 0.027263
0 0.443620 0.364712 0.023177 0.055556
0 0.017188 0.276492 0.013021 0.029321
0 0.136458 0.371914 0.019792 0.042181
0 0.702995 0.285237 0.020052 0.044753
0 0.319531 0.431842 0.019792 0.045782
0 0.084766 0.354681 0.016927 0.037551
0 0.942708 0.201646 0.011458 0.024691
0 0.977083 0.261574 0.010937 0.026235
0 0.009505 0.352109 0.017448 0.034465
0 0.291276 0.362912 0.024740 0.050926
0 0.429557 0.285237 0.031510 0.052984
0 0.507682 0.258488 0.029427 0.049897
0 0.509896 0.344136 0.025521 0.036008
0 0.642057 0.282150 0.021094 0.045782
0 0.732161 0.245370 0.020052 0.038066
0 0.773828 0.282922 0.019531 0.029835
0 0.750781 0.278035 0.016146 0.032407
0 0.807031 0.269805 0.022917 0.045782
0 0.832943 0.268776 0.015365 0.034465
0 0.928646 0.291409 0.010417 0.020062
0 0.968359 0.231481 0.010156 0.023663
0 0.868880 0.286265 0.010156 0.026235
