0 0.371875 0.076903 0.014063 0.030350
0 0.422656 0.309928 0.020313 0.044753
0 0.149609 0.275206 0.022135 0.047325
0 0.285417 0.303498 0.022917 0.055556
0 0.268490 0.264660 0.021354 0.047840
0 0.904557 0.265175 0.013281 0.031379
0 0.658333 0.308385 0.014583 0.034465
0 0.890755 0.309156 0.015365 0.037037
0 0.491536 0.275206 0.017448 0.041152
0 0.973958 0.285237 0.011458 0.026235
0 0.356771 0.275206 0.021875 0.048354
0 0.173568 0.356481 0.020052 0.046296
0 0.780078 0.359825 0.019531 0.042695
0 0.963802 0.244599 0.009375 0.020062
0 0.995182 0.260031 0.009115 0.023148
0 0.562891 0.267233 0.013802 0.034465
0 0.594010 0.324074 0.016146 0.038066
0 0.995703 0.235340 0.008594 0.021091
0 0.768099 0.233025 0.012240 0.025720
0 0.128516 0.344907 0.016927 0.036523
0 0.928255 0.286780 0.016406 0.033436
0 0.677995 0.358796 0.022135 0.052984
0 0.067969 0.359311 0.023438 0.046811
0 0.048177 0.262603 0.017188 0.040638
0 0.543620 0.324074 0.017448 0.041152
0 0.990365 0.251800 0.008333 0.018004
0 0.963151 0.296811 0.010677 0.025720
0 0.942448 0.212449 0.010417 0.023663
0 0.839063 0.315329 0.019271 0.045267
0 0.945703 0.235340 0.010677 0.025206
0 0.983073 0.220936 0.009375 0.019033
0 0.487500 0.346708 0.017708 0.044239
0 0.856120 0.255916 0.012240 0.028292
0 0.197917 0.298097 0.023438 0.047840
0 0.923177 0.243313 0.010937 0.027778
0 0.975781 0.252058 0.008333 0.022634
0 0.006380 0.290638 0.012240 0.031893
0 0.006641 0.419753 0.012760 0.047325
0 0.827214 0.269033 0.012760 0.029835
0 0.983594 0.191358 0.010417 0.022634
0 0.413411 0.408951 0.025260 0.062757
0 0.712500 0.315844 0.015625 0.033951
0 0.357422 0.228138 0.019531 0.043724
0 0.031250 0.274691 0.014063 0.030864
0 0.961849 0.204475 0.009635 0.022119
0 0.235286 0.190586 0.022135 0.048868
0 0.343229 0.434928 0.032292 0.057099
0 0.610938 0.359825 0.028125 0.056070
0 0.683724 0.255916 0.022135 0.047840
0 0.733073 0.325360 0.022917 0.047840
0 0.769010 0.281121 0.020833 0.038580
0 0.909115 0.324588 0.019271 0.034979
0 0.954036 0.348508 0.011719 0.020062
0 0.952604 0.268004 0.010937 0.026749
0 0.944531 0.320730 0.010937 0.024177
0 0.997266 0.217078 0.005469 0.016461
0 0.901302 0.080247 0.008854 0.018519
