0 0.735625 0.178500 0.039750 0.061000
0 0.408000 0.463833 0.049500 0.066333
0 0.213125 0.170000 0.042750 0.044667
0 0.756750 0.419000 0.043500 0.068000
0 0.484375 0.837000 0.051250 0.076000
0 0.608250 0.763333 0.044500 0.060667
0 0.729000 0.725667 0.044000 0.062000
0 0.296500 0.566000 0.042500 0.049333
0 0.428375 0.753667 0.045250 0.060667
0 0.398750 0.817833 0.050000 0.057000
0 0.239625 0.796333 0.043250 0.066667
0 0.057125 0.766333 0.044250 0.043333
0 0.214250 0.522167 0.049500 0.058333
0 0.179875 0.554833 0.034250 0.031000
0 0.160000 0.468500 0.038500 0.041667
0 0.093500 0.317833 0.050000 0.046333
0 0.181625 0.263167 0.063750 0.052333
0 0.255000 0.390500 0.045500 0.047667
0 0.300000 0.296167 0.046000 0.065000
0 0.434750 0.144333 0.045000 0.038667
0 0.574625 0.223833 0.043750 0.067667
0 0.658125 0.238500 0.051750 0.063667
0 0.844375 0.430333 0.044750 0.050000
0 0.749750 0.550333 0.042000 0.060000
0 0.752875 0.800333 0.044750 0.061333
0 0.543250 0.719667 0.055000 0.048667
0 0.394000 0.555500 0.048500 0.064333
0 0.425750 0.670167 0.041500 0.064333
0 0.297250 0.689833 0.054000 0.075000
0 0.328125 0.395000 0.047750 0.050667
0 0.418250 0.314000 0.053000 0.061333
0 0.645875 0.501833 0.043250 0.065667
0 0.569875 0.414833 0.043750 0.063000
0 0.155750 0.411000 0.045000 0.050667
