0 0.248125 0.439667 0.041750 0.054000
0 0.378375 0.221500 0.039750 0.055667
0 0.470375 0.296500 0.046250 0.061000
0 0.285000 0.339000 0.041500 0.049333
0 0.472875 0.163000 0.048250 0.064000
0 0.013875 0.172167 0.027250 0.037667
0 0.370625 0.362500 0.045750 0.057000
0 0.018750 0.264000 0.037000 0.052667
0 0.332875 0.161500 0.038750 0.063667
0 0.126500 0.162667 0.028000 0.034667
0 0.846250 0.664167 0.039500 0.037667
0 0.207000 0.371833 0.039500 0.050333
0 0.083500 0.346333 0.036500 0.040667
0 0.476750 0.438667 0.050000 0.074667
0 0.589500 0.299333 0.043500 0.054000
0 0.396625 0.481167 0.051750 0.054333
0 0.291500 0.300000 0.035500 0.041333
0 0.830750 0.374833 0.039000 0.062333
0 0.114875 0.218333 0.043250 0.042667
0 0.511750 0.557000 0.015000 0.048667
0 0.063250 0.154000 0.035000 0.046000
0 0.474250 0.663167 0.040500 0.063000
0 0.308000 0.275000 0.036500 0.038667
0 0.501750 0.831333 0.045000 0.055333
0 0.629000 0.812833 0.049500 0.056333
0 0.652250 0.854500 0.046000 0.041000
0 0.659750 0.735333 0.055000 0.055333
0 0.740125 0.725667 0.057750 0.044000
0 0.726500 0.592000 0.054500 0.072000
0 0.799000 0.305333 0.038000 0.044000
0 0.676500 0.253000 0.043000 0.062000
0 0.775750 0.152167 0.058500 0.057667
0 0.709125 0.145833 0.056250 0.035667
0 0.538375 0.221833 0.048750 0.063667
0 0.496500 0.186667 0.000000 0.000667
0 0.259750 0.251000 0.066500 0.066000
0 0.176000 0.244667 0.041000 0.063333
0 0.070000 0.242833 0.046000 0.043000
0 0.117875 0.309333 0.039750 0.044667
0 0.148625 0.426500 0.052250 0.056333
0 0.064875 0.470500 0.048250 0.048333
0 0.019875 0.493833 0.039250 0.047000
0 0.035625 0.584167 0.046750 0.059000
0 0.138125 0.523500 0.043750 0.047000
0 0.164000 0.590167 0.044500 0.051667
0 0.216000 0.673333 0.055000 0.056000
0 0.272250 0.618833 0.047000 0.059000
0 0.216875 0.529167 0.048750 0.052333
0 0.308875 0.443500 0.063750 0.065667
0 0.343000 0.577333 0.053500 0.071333
0 0.400000 0.664000 0.041500 0.072000
0 0.296000 0.715833 0.054000 0.047000
0 0.287750 0.820500 0.037500 0.057667
0 0.393500 0.855667 0.049000 0.032667
0 0.602125 0.626500 0.047750 0.057667
0 0.549250 0.534333 0.055500 0.061333
0 0.579625 0.432167 0.042750 0.065667
0 0.637625 0.529500 0.048250 0.059000
0 0.177875 0.132167 0.031250 0.014333
0 0.695500 0.395000 0.047000 0.050667
