0 0.283375 0.330167 0.042750 0.053667
0 0.337875 0.150500 0.036750 0.051667
0 0.462875 0.280000 0.041750 0.061333
0 0.363500 0.371500 0.046500 0.063667
0 0.381250 0.484833 0.049500 0.077000
0 0.705500 0.423833 0.040500 0.045000
0 0.083375 0.369000 0.043750 0.046000
0 0.470125 0.448000 0.050750 0.060667
0 0.555625 0.382167 0.049750 0.052333
0 0.204375 0.374833 0.035750 0.053667
0 0.574375 0.414167 0.042250 0.064333
0 0.491375 0.667000 0.045750 0.064000
0 0.009875 0.260833 0.019250 0.038333
0 0.532750 0.202833 0.042500 0.059000
0 0.566750 0.289500 0.043500 0.058333
0 0.248875 0.446167 0.047250 0.050333
0 0.805625 0.362333 0.012250 0.040000
0 0.457625 0.155000 0.050250 0.050667
0 0.381000 0.203000 0.051500 0.038667
0 0.114500 0.149167 0.051000 0.041000
0 0.058875 0.153000 0.049250 0.042000
0 0.115750 0.217333 0.051500 0.033333
0 0.060125 0.238500 0.046750 0.043000
0 0.183000 0.246000 0.041000 0.047333
0 0.254875 0.249167 0.044250 0.051667
0 0.135500 0.393833 0.047500 0.031000
0 0.065375 0.452333 0.050750 0.049333
0 0.450125 0.575833 0.043250 0.068333
0 0.613250 0.558833 0.048500 0.055667
0 0.720125 0.576000 0.037750 0.073333
0 0.826500 0.537333 0.033000 0.049333
0 0.852750 0.434667 0.050000 0.061333
0 0.811000 0.301667 0.031000 0.050000
0 0.768875 0.140333 0.053750 0.032000
0 0.667125 0.254833 0.038250 0.056333
0 0.664000 0.761000 0.040500 0.057333
0 0.637000 0.823500 0.024000 0.063000
0 0.666000 0.844667 0.030500 0.048000
0 0.509250 0.850667 0.043000 0.043333
0 0.423625 0.858333 0.050750 0.028667
0 0.283625 0.834833 0.029250 0.042333
0 0.276625 0.708833 0.038250 0.035667
0 0.211875 0.677667 0.051750 0.049333
0 0.262750 0.615167 0.043000 0.051667
0 0.275250 0.508000 0.054500 0.043333
0 0.215250 0.542333 0.044000 0.048667
0 0.177000 0.570000 0.032000 0.036667
0 0.151750 0.526333 0.046000 0.043333
0 0.038375 0.577333 0.046250 0.034000
0 0.018625 0.489833 0.036750 0.050333
0 0.020750 0.340667 0.041000 0.040000
0 0.122875 0.295500 0.040250 0.051000
0 0.175875 0.134167 0.035750 0.017000
0 0.588750 0.650000 0.029500 0.061333
0 0.551750 0.552167 0.047000 0.049000
0 0.391375 0.679500 0.043250 0.050333
0 0.337250 0.599500 0.051500 0.039667
0 0.235000 0.171667 0.059000 0.078000
