0 0.110469 0.300333 0.035312 0.036000
0 0.265937 0.287500 0.051250 0.041667
0 0.861094 0.083000 0.027813 0.033333
0 0.476250 0.348333 0.051875 0.058667
0 0.328906 0.189833 0.037187 0.044333
0 0.704063 0.328667 0.047500 0.050000
0 0.556406 0.204833 0.043437 0.041667
0 0.690625 0.169167 0.031875 0.037000
0 0.658906 0.604167 0.055938 0.053000
0 0.969688 0.495167 0.041250 0.045000
0 0.711562 0.212667 0.043125 0.039333
0 0.934375 0.270000 0.039375 0.042000
0 0.756406 0.332333 0.050937 0.044667
0 0.882344 0.251000 0.038437 0.046000
0 0.662031 0.237833 0.040938 0.042333
0 0.934531 0.226667 0.030937 0.042667
0 0.108281 0.459667 0.039062 0.043333
0 0.782969 0.178833 0.042813 0.041667
0 0.603437 0.208167 0.041250 0.053667
0 0.657656 0.089000 0.029063 0.038667
0 0.089531 0.376333 0.034063 0.040000
0 0.136563 0.251500 0.025625 0.029667
0 0.401875 0.153500 0.040625 0.037000
0 0.735469 0.140333 0.040313 0.045333
0 0.162812 0.268000 0.033750 0.034667
0 0.133281 0.411333 0.035937 0.038667
0 0.362187 0.430667 0.052500 0.060000
0 0.113906 0.183500 0.027813 0.032333
0 0.282813 0.169833 0.029375 0.041000
0 0.505781 0.443833 0.064687 0.052333
0 0.760000 0.536333 0.056875 0.062667
0 0.543906 0.326333 0.049688 0.056000
0 0.855469 0.168333 0.037187 0.040667
0 0.291563 0.087667 0.025625 0.030000
0 0.565469 0.051500 0.026562 0.029667
0 0.145625 0.162833 0.022500 0.027000
0 0.900781 0.113333 0.027187 0.030000
0 0.830625 0.078667 0.025000 0.029333
0 0.927969 0.015167 0.020938 0.025000
0 0.419687 0.258000 0.039375 0.046000
0 0.478281 0.130833 0.037812 0.039667
0 0.987344 0.180333 0.025313 0.033333
0 0.358906 0.116667 0.030937 0.038667
0 0.404375 0.104667 0.025000 0.029333
0 0.013750 0.530833 0.026875 0.040333
0 0.061406 0.170167 0.025937 0.026333
0 0.982656 0.240500 0.030937 0.043000
0 0.034844 0.322167 0.029063 0.031667
0 0.555469 0.079333 0.032188 0.040000
0 0.803594 0.116167 0.030937 0.037667
0 0.569844 0.143833 0.035312 0.041000
0 0.168125 0.186000 0.030625 0.029333
0 0.490000 0.092667 0.033125 0.032000
0 0.341406 0.249833 0.032813 0.041667
0 0.200156 0.381500 0.042188 0.041667
0 0.446094 0.209667 0.035937 0.043333
0 0.734688 0.068833 0.028125 0.030333
0 0.881563 0.152833 0.030625 0.034333
0 0.955313 0.096833 0.031875 0.028333
0 0.179531 0.136167 0.036562 0.030333
0 0.986250 0.307000 0.027500 0.042667
0 0.256250 0.114167 0.029375 0.031000
0 0.391562 0.546333 0.048750 0.050000
0 0.709688 0.279833 0.044375 0.038333
0 0.987344 0.155333 0.024688 0.022000
0 0.468125 0.071500 0.024375 0.029667
0 0.062656 0.272167 0.026562 0.030333
0 0.854219 0.522500 0.054062 0.049000
0 0.011562 0.648167 0.022500 0.041667
0 0.630469 0.349667 0.052812 0.054000
0 0.255781 0.208333 0.035937 0.040667
0 0.388437 0.067167 0.025625 0.027667
0 0.939844 0.154667 0.032188 0.032667
0 0.926875 0.176833 0.024375 0.029667
0 0.860469 0.367000 0.035312 0.038000
0 0.942344 0.119500 0.031563 0.034333
0 0.956875 0.655833 0.055000 0.059000
0 0.856250 0.446833 0.045625 0.045667
0 0.796094 0.449167 0.045937 0.042333
0 0.947031 0.382667 0.040938 0.048000
0 0.967500 0.367333 0.029375 0.034000
0 0.958438 0.138833 0.000625 0.000333
0 0.817187 0.246333 0.036875 0.038667
0 0.810000 0.280167 0.044375 0.047000
0 0.855469 0.585667 0.043437 0.048000
0 0.779687 0.685333 0.051250 0.064000
0 0.630313 0.081833 0.025000 0.019000
0 0.610156 0.285333 0.063437 0.054667
0 0.672031 0.461333 0.056563 0.048000
0 0.538438 0.687833 0.065000 0.055000
0 0.557187 0.547500 0.049375 0.061667
0 0.411719 0.329500 0.039688 0.052333
0 0.419219 0.664333 0.058438 0.050667
0 0.292969 0.728333 0.057188 0.053333
0 0.292500 0.581833 0.046250 0.054333
0 0.236250 0.504667 0.048125 0.058000
0 0.280000 0.406167 0.053125 0.037667
0 0.249062 0.162333 0.028750 0.028000
0 0.051875 0.204667 0.029375 0.033333
0 0.180469 0.309167 0.035937 0.041667
0 0.180625 0.447500 0.042500 0.038333
0 0.025937 0.394500 0.034375 0.029000
0 0.110000 0.577333 0.039375 0.047333
0 0.186875 0.583000 0.046875 0.050667
0 0.155781 0.658333 0.055313 0.040000
0 0.080625 0.680833 0.045625 0.045667
0 0.077188 0.461833 0.026250 0.029667
0 0.042656 0.247333 0.024063 0.028667
0 0.014531 0.190167 0.023438 0.022333
0 0.109687 0.017500 0.018125 0.016333
