0 0.786375 0.181500 0.032750 0.037667
0 0.297500 0.668333 0.035000 0.054000
0 0.419500 0.773667 0.042000 0.060667
0 0.662625 0.428000 0.029250 0.042667
0 0.716125 0.147667 0.034250 0.042667
0 0.429500 0.140500 0.031500 0.033000
0 0.308625 0.378500 0.044750 0.066333
0 0.705500 0.314167 0.035500 0.047000
0 0.053375 0.752167 0.039250 0.033000
0 0.589125 0.837000 0.035750 0.066667
0 0.246625 0.759167 0.047250 0.059000
0 0.305750 0.858333 0.051500 0.039333
0 0.452875 0.822667 0.040250 0.048667
0 0.560000 0.762167 0.051000 0.063667
0 0.516625 0.681833 0.040250 0.053000
0 0.673625 0.565833 0.036250 0.053000
0 0.764375 0.590500 0.035750 0.046333
0 0.849500 0.395167 0.047000 0.064333
0 0.662000 0.259500 0.034500 0.052333
0 0.589500 0.294333 0.034000 0.061333
0 0.507500 0.320500 0.040500 0.068333
0 0.379125 0.259000 0.047250 0.060667
0 0.318875 0.220000 0.051750 0.060000
0 0.203000 0.184833 0.049500 0.054333
0 0.164625 0.143167 0.047750 0.037667
0 0.122500 0.226833 0.044500 0.052333
0 0.179875 0.334500 0.052250 0.063000
0 0.244125 0.458667 0.044250 0.048000
0 0.406375 0.564667 0.035250 0.050667
0 0.614250 0.853000 0.028000 0.040667
0 0.689625 0.861000 0.044250 0.038667
0 0.738375 0.767833 0.043250 0.064333
0 0.499250 0.489333 0.042000 0.054667
