0 0.179250 0.193000 0.045000 0.064000
0 0.774500 0.183833 0.044500 0.061000
0 0.476000 0.497667 0.038500 0.056000
0 0.746250 0.803167 0.040500 0.055667
0 0.276875 0.315667 0.045250 0.060000
0 0.566000 0.419500 0.059500 0.059667
0 0.060875 0.755333 0.036250 0.043333
0 0.608625 0.689167 0.052250 0.070333
0 0.720875 0.848667 0.034250 0.052667
0 0.450500 0.369500 0.034000 0.046333
0 0.779125 0.414333 0.046250 0.057333
0 0.610375 0.825000 0.040250 0.057333
0 0.525125 0.708000 0.044750 0.066000
0 0.408875 0.666667 0.038750 0.060667
0 0.356625 0.754500 0.042250 0.062333
0 0.423125 0.851500 0.030750 0.045667
0 0.481000 0.863333 0.042000 0.032667
0 0.425125 0.593500 0.042750 0.049000
0 0.590750 0.338333 0.041000 0.061333
0 0.632500 0.247333 0.050500 0.060000
0 0.691625 0.151167 0.047250 0.053667
0 0.722250 0.262833 0.040500 0.048333
0 0.735625 0.323167 0.046750 0.063000
0 0.845000 0.433000 0.055000 0.061333
0 0.390125 0.172667 0.040750 0.056000
0 0.115375 0.304833 0.048250 0.047667
0 0.166000 0.333167 0.045000 0.053000
0 0.203500 0.416333 0.042500 0.061333
0 0.310500 0.396833 0.042000 0.059000
0 0.233250 0.655667 0.041000 0.060000
0 0.216875 0.765500 0.046750 0.058333
0 0.434000 0.256167 0.050000 0.053000
0 0.447500 0.190000 0.043000 0.050000
0 0.775875 0.541667 0.043250 0.044000
0 0.731875 0.597667 0.044750 0.054667
0 0.685000 0.644333 0.036500 0.056667
0 0.750375 0.674500 0.039750 0.047667
