0 0.634375 0.153333 0.037250 0.054000
0 0.281375 0.160167 0.048250 0.067000
0 0.581875 0.633000 0.044750 0.060000
0 0.053500 0.279500 0.037000 0.043667
0 0.428625 0.694000 0.044250 0.071333
0 0.453875 0.585333 0.052250 0.050667
0 0.732000 0.681500 0.049500 0.079000
0 0.175000 0.210500 0.052000 0.048333
0 0.106125 0.158500 0.045250 0.049000
0 0.134625 0.348000 0.039750 0.056000
0 0.299500 0.424667 0.051000 0.072667
0 0.386875 0.148667 0.040750 0.046000
0 0.252625 0.345833 0.037250 0.054333
0 0.359500 0.428333 0.050500 0.071333
0 0.015500 0.200167 0.030500 0.065000
0 0.318625 0.310667 0.035250 0.062667
0 0.806875 0.416833 0.042750 0.057667
0 0.319625 0.236167 0.044250 0.063667
0 0.723125 0.834167 0.052250 0.069667
0 0.595625 0.853333 0.051750 0.046000
0 0.497500 0.852667 0.037500 0.044667
0 0.404625 0.854167 0.046250 0.046333
0 0.247000 0.823167 0.046000 0.057667
0 0.335375 0.799167 0.040250 0.057667
0 0.329625 0.692500 0.048250 0.059000
0 0.270250 0.686833 0.046500 0.052333
0 0.254625 0.587167 0.050750 0.048333
0 0.345250 0.550500 0.047500 0.058333
0 0.402375 0.515833 0.048250 0.069667
0 0.486250 0.492000 0.050000 0.066000
0 0.585125 0.381667 0.052250 0.068000
0 0.626500 0.543000 0.050000 0.066667
0 0.674625 0.462833 0.043750 0.056333
0 0.783000 0.274500 0.045000 0.063000
0 0.687250 0.279833 0.034000 0.063000
0 0.478250 0.353000 0.053500 0.057333
0 0.477125 0.257167 0.044250 0.055000
0 0.415375 0.271167 0.044750 0.060333
0 0.262625 0.258667 0.043750 0.056667
0 0.200625 0.314000 0.040250 0.054000
0 0.187000 0.401833 0.049500 0.052333
0 0.137750 0.456667 0.050000 0.056000
0 0.072750 0.486333 0.041500 0.036667
0 0.166500 0.561667 0.049500 0.055333
0 0.110000 0.602667 0.054500 0.046000
0 0.016250 0.789667 0.032000 0.055333
0 0.017375 0.448333 0.034250 0.050000
0 0.059125 0.356333 0.043750 0.034000
0 0.019750 0.339333 0.034000 0.033333
0 0.054375 0.187167 0.046750 0.057667
0 0.033375 0.145000 0.036250 0.034000
0 0.166375 0.138500 0.047750 0.024333
0 0.103500 0.257833 0.054000 0.058333
0 0.097875 0.386833 0.043750 0.047667
0 0.183375 0.625333 0.043250 0.043333
0 0.738625 0.463667 0.048250 0.044000
0 0.755750 0.620667 0.045000 0.055333
0 0.841250 0.548000 0.057000 0.049333
0 0.950875 0.557500 0.043250 0.037667
0 0.682750 0.692000 0.047500 0.055333
0 0.574000 0.768167 0.041500 0.060333
0 0.414000 0.787833 0.051000 0.075667
