0 0.388375 0.205000 0.039750 0.061333
0 0.291500 0.487000 0.044000 0.048667
0 0.297625 0.152000 0.045750 0.053333
0 0.196000 0.189500 0.045000 0.072333
0 0.764125 0.227333 0.049250 0.053333
0 0.432000 0.362500 0.047500 0.077000
0 0.488250 0.267833 0.036500 0.055667
0 0.683500 0.151167 0.041000 0.050333
0 0.272250 0.346167 0.061000 0.068333
0 0.439875 0.495667 0.061750 0.078000
0 0.526000 0.377667 0.038500 0.053333
0 0.756250 0.363333 0.050500 0.054000
0 0.260625 0.856333 0.032250 0.037333
0 0.410000 0.706833 0.040000 0.056333
0 0.168000 0.253833 0.038500 0.041000
0 0.154250 0.142167 0.027000 0.035000
0 0.654375 0.294000 0.039250 0.060000
0 0.451750 0.792500 0.032500 0.053000
0 0.749000 0.835500 0.037000 0.047000
0 0.600125 0.848500 0.034750 0.054333
0 0.325625 0.789500 0.036750 0.042333
0 0.060875 0.757500 0.044750 0.045667
0 0.184250 0.556000 0.041500 0.045333
0 0.193250 0.481333 0.047000 0.061333
0 0.206375 0.323833 0.030250 0.043000
0 0.242750 0.318167 0.033500 0.045667
0 0.098750 0.136667 0.029500 0.023333
0 0.484375 0.139000 0.030750 0.031333
0 0.553875 0.132167 0.027250 0.014333
0 0.373375 0.562833 0.040250 0.053000
0 0.310875 0.565167 0.039250 0.045667
0 0.298375 0.637000 0.039250 0.056000
0 0.660625 0.552333 0.039750 0.054667
0 0.704250 0.653833 0.033000 0.051667
0 0.749125 0.680333 0.039750 0.051333
0 0.693500 0.758000 0.034000 0.050667
0 0.627125 0.708333 0.038750 0.056000
0 0.531625 0.675500 0.048750 0.058333
0 0.748375 0.528667 0.043750 0.045333
0 0.835250 0.612833 0.046000 0.053000
