0 0.221250 0.204500 0.038000 0.051667
0 0.029250 0.143833 0.036000 0.041000
0 0.341125 0.251667 0.039250 0.048667
0 0.370250 0.144667 0.033500 0.041333
0 0.408000 0.368667 0.046000 0.054667
0 0.113625 0.383833 0.043750 0.041000
0 0.588125 0.258000 0.038750 0.053333
0 0.226250 0.620333 0.049500 0.058000
0 0.279875 0.349333 0.045250 0.048667
0 0.452000 0.180000 0.041000 0.072667
0 0.065375 0.290167 0.053750 0.043000
0 0.117625 0.229500 0.047250 0.054333
0 0.478000 0.310333 0.053000 0.075333
0 0.288625 0.503833 0.045750 0.061667
0 0.806375 0.646500 0.044250 0.057000
0 0.645625 0.657000 0.048250 0.053333
0 0.610500 0.760000 0.046000 0.056000
0 0.482875 0.766500 0.044250 0.059667
0 0.447500 0.657333 0.039500 0.061333
0 0.353625 0.769500 0.037250 0.079667
0 0.266875 0.740167 0.054250 0.070333
0 0.484250 0.453500 0.034000 0.051667
0 0.540750 0.511500 0.027500 0.047000
0 0.683000 0.386833 0.039500 0.051667
0 0.074500 0.178167 0.048500 0.036333
0 0.212375 0.561500 0.032250 0.029000
0 0.013625 0.306167 0.026750 0.040333
0 0.184375 0.293000 0.042250 0.051333
