0 0.123375 0.601333 0.029750 0.040667
0 0.247625 0.427000 0.035250 0.045333
0 0.250125 0.570000 0.038750 0.042667
0 0.789750 0.265667 0.032000 0.039333
0 0.592125 0.336333 0.033250 0.054000
0 0.218625 0.495000 0.027250 0.042667
0 0.713625 0.262667 0.036250 0.046667
0 0.250750 0.348500 0.031500 0.042333
0 0.446000 0.132667 0.023000 0.033333
0 0.466125 0.264333 0.029250 0.041333
0 0.288375 0.440667 0.037750 0.044667
0 0.314250 0.309000 0.026000 0.037333
0 0.289500 0.252500 0.024000 0.038333
0 0.667250 0.394500 0.048000 0.063000
0 0.349625 0.317167 0.040250 0.047667
0 0.542375 0.256667 0.028250 0.045333
0 0.557125 0.175500 0.024250 0.036333
0 0.667625 0.147000 0.024250 0.041333
0 0.072125 0.586667 0.024250 0.025333
0 0.516500 0.522167 0.039000 0.052333
0 0.081750 0.518500 0.023000 0.026333
0 0.733500 0.444833 0.034500 0.054333
0 0.936375 0.161833 0.026250 0.040333
0 0.983500 0.306500 0.029500 0.041000
0 0.261750 0.205833 0.023500 0.034333
0 0.496750 0.332500 0.034000 0.046333
0 0.838125 0.184500 0.028750 0.037000
0 0.968250 0.181500 0.026000 0.036333
0 0.612875 0.259000 0.038750 0.045333
0 0.131375 0.308667 0.020250 0.024000
0 0.520750 0.166833 0.025000 0.036333
0 0.229750 0.217000 0.021500 0.031333
0 0.795375 0.141000 0.024750 0.041333
0 0.039000 0.536500 0.018500 0.025000
0 0.099625 0.344667 0.018750 0.027333
0 0.937750 0.256500 0.028500 0.035667
0 0.088625 0.649500 0.029750 0.030333
0 0.113125 0.435333 0.021750 0.026667
0 0.960500 0.400833 0.029500 0.049667
0 0.983750 0.631833 0.032500 0.049000
0 0.328875 0.193833 0.025750 0.031000
0 0.384375 0.188000 0.022250 0.034667
0 0.899250 0.240667 0.028500 0.041333
0 0.383000 0.235833 0.031000 0.040333
0 0.384750 0.384333 0.036500 0.045333
0 0.179625 0.287167 0.020250 0.028333
0 0.345625 0.511167 0.033750 0.053667
0 0.028375 0.423500 0.014750 0.020333
0 0.088375 0.393000 0.026750 0.029333
0 0.440125 0.534000 0.018750 0.048000
0 0.748375 0.142500 0.026750 0.033667
0 0.049375 0.424000 0.019250 0.022000
0 0.791375 0.352667 0.039750 0.040667
0 0.405375 0.152167 0.022250 0.032333
0 0.557750 0.410167 0.030000 0.042333
0 0.955250 0.281000 0.027000 0.043333
0 0.200000 0.236667 0.021500 0.030667
0 0.697000 0.209333 0.025500 0.042000
0 0.010375 0.453500 0.014250 0.017000
0 0.928125 0.434833 0.031750 0.046333
0 0.062000 0.373667 0.016500 0.022000
0 0.115250 0.543667 0.034000 0.036667
0 0.394750 0.641500 0.050000 0.049000
0 0.866500 0.287833 0.030000 0.027667
0 0.306750 0.605000 0.041500 0.039333
0 0.008500 0.520167 0.015500 0.022333
0 0.920750 0.379667 0.027500 0.042000
0 0.030875 0.367833 0.013750 0.021000
0 0.607750 0.128833 0.039000 0.047667
0 0.886375 0.195000 0.031750 0.042000
0 0.264875 0.681167 0.038250 0.047000
0 0.242750 0.279500 0.029500 0.045000
0 0.733625 0.340333 0.039250 0.052667
0 0.152875 0.358000 0.018750 0.025333
0 0.025500 0.349000 0.015500 0.017333
0 0.653875 0.761167 0.046250 0.055000
0 0.793750 0.185000 0.029000 0.036000
0 0.996625 0.556833 0.006750 0.053000
0 0.137625 0.432833 0.024250 0.023667
0 0.045250 0.358500 0.014500 0.016333
0 0.058500 0.499667 0.022000 0.022667
0 0.045375 0.374333 0.014250 0.017333
0 0.221250 0.363167 0.032000 0.027000
0 0.037750 0.392333 0.016000 0.020000
0 0.327500 0.171500 0.026000 0.020333
0 0.903125 0.707167 0.040750 0.063667
0 0.860750 0.714833 0.039500 0.052333
0 0.932250 0.546333 0.035000 0.039333
0 0.869625 0.556000 0.042250 0.047333
0 0.800750 0.546833 0.034000 0.049000
0 0.795000 0.634333 0.047000 0.058667
0 0.618000 0.666833 0.044000 0.058333
0 0.476375 0.689000 0.040250 0.052000
0 0.640750 0.500667 0.047500 0.052667
0 0.881375 0.321833 0.036250 0.054333
0 0.466375 0.416667 0.055250 0.071333
0 0.211875 0.604000 0.045250 0.049333
0 0.181125 0.606167 0.019250 0.038333
0 0.180875 0.669667 0.034250 0.048667
0 0.123125 0.680000 0.035750 0.032667
0 0.043125 0.612833 0.024250 0.021667
0 0.005625 0.609500 0.010750 0.021667
0 0.048750 0.646333 0.030000 0.033333
0 0.008500 0.710667 0.016500 0.030000
0 0.036625 0.467500 0.019250 0.025000
0 0.069875 0.461833 0.020750 0.023000
0 0.056250 0.469000 0.017500 0.027333
0 0.129500 0.396167 0.020500 0.029000
0 0.160250 0.390500 0.025000 0.032333
0 0.094250 0.175500 0.009000 0.011000
0 0.380875 0.005833 0.010250 0.011000
0 0.016625 0.612833 0.018750 0.021000
0 0.010250 0.488833 0.017500 0.018333
0 0.023625 0.464167 0.012250 0.021000
0 0.008625 0.387000 0.011750 0.013333
0 0.019500 0.375333 0.011000 0.013333
0 0.007000 0.365500 0.011500 0.015667
0 0.029375 0.333667 0.014250 0.017333
0 0.036625 0.322167 0.017250 0.009000
0 0.083625 0.281333 0.014250 0.024667
0 0.076500 0.323167 0.018500 0.017000
0 0.061875 0.355667 0.015250 0.017333
0 0.035125 0.560000 0.018250 0.019333
0 0.025625 0.552500 0.011750 0.021000
0 0.449125 0.219167 0.029250 0.029667
0 0.518875 0.236167 0.019250 0.026333
