0 0.867812 0.223833 0.030625 0.037667
0 0.178125 0.271833 0.034375 0.037000
0 0.476094 0.319333 0.039062 0.046667
0 0.706562 0.152333 0.031875 0.036000
0 0.126562 0.147500 0.027500 0.031000
0 0.568750 0.344500 0.043750 0.046333
0 0.917344 0.221500 0.037187 0.040333
0 0.620313 0.117000 0.027500 0.035333
0 0.403906 0.295167 0.040313 0.050333
0 0.045469 0.254833 0.025313 0.028333
0 0.801250 0.216333 0.033750 0.042000
0 0.182344 0.179333 0.031563 0.038000
0 0.157969 0.433167 0.041563 0.043000
0 0.599688 0.209500 0.043125 0.039667
0 0.347500 0.554167 0.056875 0.067667
0 0.048438 0.342500 0.028750 0.035000
0 0.687813 0.217333 0.036875 0.042667
0 0.896094 0.274667 0.037812 0.037333
0 0.920312 0.167500 0.027500 0.033667
0 0.208906 0.470833 0.042188 0.051000
0 0.064844 0.167500 0.021562 0.027000
0 0.840781 0.181167 0.029063 0.031667
0 0.815156 0.118000 0.034688 0.038667
0 0.243906 0.559667 0.057813 0.067333
0 0.113437 0.295167 0.040625 0.039000
0 0.570625 0.165333 0.033750 0.038667
0 0.748906 0.098000 0.032813 0.038000
0 0.890625 0.078167 0.024375 0.029667
0 0.464375 0.360667 0.041875 0.046000
0 0.402500 0.180667 0.038125 0.036000
0 0.881563 0.170833 0.035000 0.038333
0 0.243594 0.676333 0.051562 0.067333
0 0.696562 0.117667 0.031250 0.036000
0 0.166094 0.235500 0.036562 0.030333
0 0.610156 0.292167 0.036562 0.049667
0 0.569063 0.073000 0.028750 0.032000
0 0.107031 0.203833 0.023438 0.031667
0 0.504219 0.073667 0.027813 0.029333
0 0.327188 0.239333 0.044375 0.042667
0 0.378906 0.050833 0.031563 0.037667
0 0.747031 0.217833 0.032813 0.037667
0 0.264062 0.173833 0.025000 0.031000
0 0.769375 0.072500 0.025000 0.031667
0 0.064844 0.281833 0.034063 0.032333
0 0.380781 0.378167 0.034063 0.042333
0 0.360469 0.121000 0.027813 0.034000
0 0.017500 0.468167 0.034375 0.040333
0 0.849531 0.081333 0.029687 0.030667
0 0.497344 0.171500 0.034688 0.047667
0 0.122188 0.234500 0.031250 0.031667
0 0.011406 0.187833 0.022187 0.024333
0 0.879531 0.667000 0.050313 0.051333
0 0.158281 0.376000 0.036562 0.039333
0 0.791562 0.081167 0.025000 0.028333
0 0.171875 0.105333 0.022500 0.028667
0 0.865156 0.119833 0.023438 0.029667
0 0.615156 0.063000 0.032188 0.033333
0 0.225938 0.096333 0.029375 0.034000
0 0.669375 0.610000 0.048750 0.048000
0 0.943438 0.095500 0.030625 0.030333
0 0.333906 0.156333 0.029687 0.037333
0 0.328594 0.206667 0.029063 0.030000
0 0.026094 0.315000 0.029063 0.028667
0 0.136406 0.190667 0.026562 0.034000
0 0.038594 0.409833 0.040938 0.030333
0 0.438281 0.059667 0.029687 0.035333
0 0.283281 0.066833 0.032813 0.032333
0 0.545781 0.519833 0.037187 0.054333
0 0.252188 0.133167 0.027500 0.034333
0 0.319375 0.090333 0.033125 0.036667
0 0.040938 0.690333 0.048125 0.044000
0 0.415625 0.113833 0.033750 0.036333
0 0.029063 0.104500 0.016875 0.019000
0 0.760781 0.161167 0.038437 0.040333
0 0.216562 0.288167 0.036250 0.040333
0 0.992500 0.136833 0.015000 0.037000
0 0.229375 0.163333 0.030000 0.031333
0 0.700625 0.358000 0.053125 0.048667
0 0.296406 0.349000 0.015312 0.036000
0 0.077500 0.236167 0.028750 0.031000
0 0.649062 0.104333 0.030000 0.038000
0 0.625938 0.165000 0.036250 0.040000
0 0.040781 0.604667 0.056563 0.058667
0 0.802500 0.502833 0.047500 0.051667
0 0.247656 0.394833 0.028438 0.028333
0 0.522031 0.103333 0.032813 0.031333
0 0.023594 0.217667 0.031563 0.032667
0 0.480312 0.223000 0.041250 0.044000
0 0.269688 0.271333 0.047500 0.048000
0 0.081406 0.349167 0.032813 0.028333
0 0.256094 0.225833 0.030937 0.037667
0 0.317344 0.355167 0.026562 0.050333
0 0.303281 0.121667 0.031563 0.032667
0 0.480781 0.456500 0.045937 0.063000
0 0.141719 0.536000 0.051562 0.047333
0 0.210469 0.371500 0.049688 0.041667
0 0.792344 0.320500 0.034063 0.039667
0 0.100000 0.460833 0.046250 0.037000
0 0.009062 0.304500 0.017500 0.031000
0 0.552188 0.048333 0.032500 0.030667
0 0.501875 0.121000 0.025000 0.026000
0 0.148906 0.618333 0.053437 0.052667
0 0.947500 0.677833 0.061250 0.055000
0 0.762344 0.676000 0.059062 0.059333
0 0.930000 0.513000 0.046875 0.053333
0 0.942813 0.422000 0.046250 0.045333
0 0.871250 0.369000 0.044375 0.038000
0 0.903594 0.331500 0.033438 0.038333
0 0.951406 0.335167 0.034688 0.039000
0 0.986094 0.313500 0.027813 0.039667
0 0.949688 0.277167 0.041250 0.048333
0 0.961094 0.246500 0.037187 0.033667
0 0.970781 0.130333 0.023438 0.029333
0 0.828594 0.271167 0.042188 0.036333
0 0.971562 0.516500 0.030000 0.035667
0 0.987500 0.598000 0.025000 0.056667
0 0.895156 0.570667 0.050313 0.044667
0 0.697031 0.486167 0.054688 0.056333
0 0.663438 0.403000 0.058125 0.062667
0 0.566250 0.627667 0.041250 0.055333
0 0.455625 0.671000 0.060625 0.047333
0 0.453594 0.562667 0.052187 0.051333
0 0.472813 0.107000 0.030625 0.037333
0 0.462813 0.117000 0.031875 0.037333
0 0.415781 0.215833 0.040313 0.044333
0 0.352969 0.685500 0.055313 0.055000
0 0.320312 0.433667 0.056875 0.038667
0 0.135781 0.738833 0.057813 0.039667
0 0.005625 0.408500 0.010625 0.037667
0 0.352969 0.059000 0.019062 0.031333
