0 0.431750 0.478333 0.042000 0.060000
0 0.782625 0.202167 0.047250 0.061667
0 0.409875 0.728333 0.043250 0.069333
0 0.548875 0.290500 0.063750 0.073667
0 0.621375 0.471500 0.039750 0.067000
0 0.839250 0.616667 0.042500 0.051333
0 0.841250 0.445500 0.042000 0.042333
0 0.745250 0.375000 0.044500 0.050000
0 0.458000 0.266333 0.038000 0.055333
0 0.192500 0.391667 0.050000 0.051333
0 0.164000 0.481333 0.045500 0.040000
0 0.280750 0.537000 0.039000 0.050000
0 0.471375 0.642000 0.038750 0.049333
0 0.010500 0.842500 0.020500 0.047000
0 0.655750 0.199667 0.042500 0.056667
0 0.764875 0.521167 0.035750 0.042333
