0 0.217625 0.188833 0.041250 0.050333
0 0.340125 0.235500 0.044250 0.048333
0 0.127625 0.244167 0.044250 0.052333
0 0.459375 0.168333 0.046750 0.068000
0 0.534750 0.206000 0.046000 0.058667
0 0.416500 0.340333 0.051500 0.048000
0 0.212875 0.611667 0.046750 0.052000
0 0.081750 0.190167 0.045500 0.043667
0 0.285125 0.297333 0.047750 0.053333
0 0.195375 0.326500 0.035750 0.064333
0 0.118125 0.417500 0.043750 0.046333
0 0.020125 0.213667 0.039750 0.040667
0 0.297125 0.495333 0.045250 0.049333
0 0.270125 0.742167 0.055750 0.063667
0 0.350375 0.755667 0.037250 0.077333
0 0.480625 0.754833 0.041250 0.078333
0 0.446750 0.659833 0.034500 0.049667
0 0.608375 0.763000 0.038750 0.077333
0 0.679375 0.664167 0.041750 0.060333
0 0.796000 0.671833 0.039500 0.053667
0 0.485875 0.463667 0.027250 0.050667
0 0.543875 0.514167 0.037250 0.041667
0 0.014625 0.284000 0.028750 0.050667
0 0.079000 0.295833 0.047500 0.048333
0 0.216750 0.540333 0.035000 0.037333
