0 0.359875 0.283833 0.041750 0.059000
0 0.764750 0.322167 0.041000 0.056333
0 0.472875 0.191167 0.050750 0.071000
0 0.334375 0.204667 0.042250 0.058000
0 0.523125 0.295000 0.037250 0.062667
0 0.275000 0.334500 0.050500 0.057000
0 0.411000 0.151500 0.036000 0.049667
0 0.715750 0.389000 0.045000 0.056667
0 0.247375 0.148833 0.036250 0.046333
0 0.611375 0.683667 0.043250 0.060000
0 0.642750 0.348167 0.038000 0.062333
0 0.604125 0.454500 0.045250 0.059667
0 0.370375 0.424500 0.049750 0.064333
0 0.769125 0.228333 0.036750 0.050667
0 0.403500 0.211000 0.043500 0.064667
0 0.047250 0.142333 0.037000 0.036667
0 0.036250 0.195167 0.040000 0.051000
0 0.420000 0.708333 0.050500 0.072667
0 0.118875 0.233500 0.045250 0.051000
0 0.549250 0.470167 0.047000 0.069000
0 0.009875 0.308500 0.019250 0.038333
0 0.448750 0.407333 0.046000 0.062000
0 0.451375 0.293500 0.054250 0.053000
0 0.687500 0.175833 0.041000 0.067000
0 0.297125 0.521167 0.054250 0.068333
0 0.548125 0.200000 0.047750 0.062667
0 0.792875 0.551333 0.040750 0.044667
0 0.107000 0.144667 0.046500 0.040000
0 0.467500 0.594667 0.065000 0.080000
0 0.011625 0.146167 0.022750 0.034333
0 0.401000 0.836833 0.066000 0.069000
0 0.263750 0.791000 0.041500 0.050000
0 0.247500 0.857833 0.041000 0.035667
0 0.487875 0.845833 0.043250 0.057000
0 0.715375 0.740833 0.039250 0.054333
0 0.764000 0.747000 0.038500 0.054667
0 0.771375 0.620833 0.044250 0.051000
0 0.842125 0.599500 0.044750 0.058333
0 0.726250 0.562500 0.047000 0.059667
0 0.681000 0.529167 0.045500 0.052333
0 0.793250 0.439500 0.045000 0.047000
0 0.602375 0.239667 0.040250 0.050667
0 0.658625 0.275667 0.035750 0.054667
0 0.822750 0.171167 0.038000 0.043667
0 0.725625 0.142833 0.039250 0.037000
0 0.326625 0.599500 0.038250 0.054333
0 0.257375 0.607500 0.039250 0.042333
0 0.285000 0.680667 0.043000 0.054000
0 0.211125 0.635500 0.039750 0.064333
0 0.017125 0.789833 0.033750 0.047667
0 0.148375 0.577167 0.056250 0.051667
0 0.140125 0.486833 0.047750 0.052333
0 0.210875 0.466500 0.050750 0.057667
0 0.169625 0.415500 0.047750 0.045000
0 0.116875 0.402333 0.055750 0.054667
0 0.034375 0.412167 0.031750 0.036333
0 0.077875 0.502167 0.047250 0.051667
0 0.082125 0.417000 0.036250 0.046000
0 0.009125 0.432500 0.017750 0.030333
0 0.045625 0.323167 0.043750 0.047667
0 0.099750 0.337833 0.041000 0.045667
0 0.165750 0.316167 0.045500 0.058333
0 0.139000 0.277333 0.047500 0.038000
0 0.080000 0.261333 0.045500 0.044000
0 0.272875 0.248167 0.051750 0.047667
0 0.273875 0.187833 0.043750 0.045667
0 0.497250 0.423500 0.037000 0.051667
0 0.584375 0.585833 0.047750 0.052333
0 0.668500 0.591667 0.033000 0.059333
0 0.596125 0.854500 0.043750 0.047000
0 0.586625 0.780000 0.039750 0.066000
0 0.691875 0.792667 0.031750 0.044667
