0 0.205625 0.594500 0.040750 0.058333
0 0.288250 0.844500 0.041000 0.059667
0 0.444125 0.386000 0.040750 0.065333
0 0.607375 0.460333 0.043250 0.052000
0 0.696875 0.188500 0.027250 0.041000
0 0.497125 0.259000 0.024750 0.036000
0 0.154375 0.372667 0.038750 0.062667
0 0.712500 0.314000 0.046500 0.061333
0 0.059750 0.753333 0.045000 0.049333
0 0.293500 0.627167 0.042000 0.059000
0 0.296375 0.772333 0.035250 0.061333
0 0.424000 0.738333 0.050500 0.066000
0 0.584125 0.784500 0.035750 0.057000
0 0.608375 0.821833 0.030750 0.042333
0 0.738000 0.819167 0.036000 0.052333
0 0.707500 0.665500 0.038000 0.061667
0 0.823375 0.625333 0.039250 0.056667
0 0.837625 0.453500 0.044750 0.052333
0 0.760125 0.527167 0.047750 0.051667
0 0.596000 0.138000 0.033500 0.033333
0 0.418875 0.271667 0.048250 0.066000
0 0.318625 0.248833 0.060250 0.061667
0 0.229375 0.164333 0.047750 0.060667
0 0.161750 0.216667 0.041000 0.057333
0 0.224875 0.337000 0.044250 0.050000
0 0.263375 0.420500 0.044250 0.057667
0 0.460000 0.554500 0.037000 0.048333
0 0.389875 0.572000 0.047250 0.068000
0 0.677375 0.497333 0.039250 0.067333
