0 0.639750 0.153500 0.036500 0.050333
0 0.425750 0.571167 0.052000 0.070333
0 0.147125 0.193500 0.053250 0.067667
0 0.492000 0.311500 0.035000 0.068333
0 0.415750 0.154333 0.037000 0.057333
0 0.670625 0.415333 0.039250 0.062000
0 0.585500 0.523000 0.039000 0.058667
0 0.237125 0.579833 0.053750 0.072333
0 0.455000 0.390333 0.043000 0.062667
0 0.744500 0.184333 0.037000 0.052000
0 0.223375 0.448333 0.045750 0.066667
0 0.242500 0.155000 0.044500 0.056000
0 0.086625 0.382333 0.047750 0.052667
0 0.343625 0.237000 0.042750 0.045333
0 0.236500 0.237167 0.041500 0.057000
0 0.303000 0.148167 0.038500 0.047000
0 0.019625 0.491167 0.036250 0.044333
0 0.080750 0.190333 0.051500 0.060000
0 0.010875 0.231833 0.021250 0.047667
0 0.739250 0.615333 0.039500 0.054667
0 0.657750 0.264500 0.036500 0.059667
0 0.490625 0.527167 0.054250 0.079667
0 0.724375 0.287500 0.038750 0.053667
0 0.590375 0.428000 0.039750 0.053333
0 0.367500 0.332500 0.067000 0.068333
0 0.602500 0.599167 0.042500 0.062333
0 0.266250 0.657167 0.035000 0.048333
0 0.137625 0.599333 0.043250 0.050667
0 0.294375 0.433000 0.041250 0.072000
0 0.479875 0.840000 0.044250 0.060667
0 0.599500 0.860833 0.046000 0.031000
0 0.607750 0.809833 0.043000 0.056333
0 0.583625 0.740167 0.042750 0.062333
0 0.736750 0.841667 0.041000 0.045333
0 0.712875 0.762500 0.039750 0.049000
0 0.747500 0.702333 0.044500 0.062000
0 0.834250 0.623833 0.046000 0.063000
0 0.761125 0.551000 0.052250 0.061333
0 0.810500 0.456667 0.042000 0.056000
0 0.775625 0.359500 0.035750 0.040333
0 0.820250 0.310667 0.038500 0.050000
0 0.431750 0.695833 0.040500 0.076333
0 0.373875 0.642500 0.051750 0.074333
0 0.283250 0.807167 0.046500 0.064333
0 0.226875 0.314833 0.055750 0.057667
0 0.176125 0.305667 0.043750 0.044667
0 0.037875 0.207833 0.046750 0.035667
0 0.044125 0.314833 0.040750 0.035667
0 0.081875 0.287833 0.048250 0.060333
0 0.012750 0.406000 0.025000 0.045333
0 0.048375 0.419333 0.048250 0.037333
0 0.080250 0.571500 0.041500 0.040333
0 0.109750 0.489000 0.055000 0.052000
0 0.018500 0.789333 0.036500 0.045333
0 0.206625 0.622333 0.044250 0.054000
0 0.814000 0.264000 0.053500 0.044667
