0 0.455750 0.163667 0.045500 0.068667
0 0.339875 0.177667 0.040250 0.059333
0 0.556625 0.207000 0.050750 0.061333
0 0.212250 0.191500 0.042500 0.045000
0 0.802125 0.658667 0.038250 0.054000
0 0.341375 0.293667 0.034250 0.055333
0 0.084875 0.175167 0.044250 0.053000
0 0.466625 0.309333 0.045750 0.056667
0 0.119000 0.232000 0.043000 0.057333
0 0.070750 0.286833 0.053000 0.051667
0 0.276625 0.384833 0.045750 0.053667
0 0.176250 0.299000 0.048000 0.044667
0 0.690750 0.546833 0.012000 0.016333
0 0.488625 0.464167 0.036250 0.043000
0 0.542250 0.517500 0.027500 0.046333
0 0.612500 0.785167 0.032000 0.072333
0 0.686750 0.701333 0.043500 0.059333
0 0.496000 0.739333 0.031500 0.058000
0 0.451125 0.659333 0.032250 0.061333
0 0.285750 0.744000 0.042000 0.067333
0 0.122500 0.417500 0.044500 0.039667
0 0.020125 0.228333 0.039750 0.033333
0 0.015500 0.312167 0.030500 0.042333
0 0.263500 0.146333 0.042500 0.039333
0 0.221375 0.608500 0.059750 0.049000
0 0.322500 0.556167 0.039500 0.059000
0 0.219250 0.535667 0.046000 0.042000
0 0.034500 0.135500 0.028500 0.018333
