0 0.165625 0.295667 0.032500 0.036000
0 0.322188 0.277833 0.044375 0.048333
0 0.669063 0.218833 0.034375 0.043000
0 0.097656 0.309167 0.034688 0.040333
0 0.158281 0.168667 0.034688 0.037333
0 0.142187 0.228667 0.033750 0.033333
0 0.053125 0.398833 0.035000 0.039000
0 0.174219 0.422667 0.042813 0.054667
0 0.023906 0.325833 0.037187 0.033667
0 0.556406 0.254000 0.035312 0.045333
0 0.082500 0.532667 0.042500 0.048000
0 0.205156 0.251500 0.033438 0.035000
0 0.615469 0.148500 0.034688 0.043667
0 0.773125 0.149333 0.034375 0.037333
0 0.240781 0.316833 0.059062 0.047667
0 0.551719 0.054667 0.025937 0.030667
0 0.242969 0.097333 0.026562 0.032667
0 0.149062 0.361500 0.036250 0.045667
0 0.326875 0.151333 0.028750 0.038667
0 0.981406 0.309167 0.034688 0.041667
0 0.699063 0.411167 0.047500 0.060333
0 0.129375 0.448500 0.035000 0.044333
0 0.791875 0.544500 0.042500 0.054333
0 0.133594 0.616667 0.047188 0.042667
0 0.022344 0.233500 0.033438 0.034333
0 0.383750 0.074500 0.030000 0.035000
0 0.727656 0.311833 0.042188 0.053000
0 0.377031 0.222500 0.039688 0.049000
0 0.974688 0.258167 0.040000 0.041667
0 0.927969 0.231667 0.030937 0.043333
0 0.187188 0.146333 0.031875 0.023333
0 0.815781 0.267667 0.035937 0.040667
0 0.954688 0.448833 0.060000 0.055667
0 0.268125 0.078833 0.024375 0.031667
0 0.683594 0.163167 0.030937 0.035667
0 0.475625 0.112000 0.030000 0.038000
0 0.648438 0.282000 0.043750 0.052000
0 0.282656 0.229000 0.037812 0.040000
0 0.802969 0.138000 0.027187 0.037333
0 0.784687 0.223000 0.032500 0.037333
0 0.198281 0.114000 0.024688 0.028667
0 0.124375 0.148000 0.024375 0.024000
0 0.970156 0.555167 0.052187 0.056333
0 0.726250 0.066333 0.033750 0.026667
0 0.345313 0.084667 0.028125 0.032667
0 0.986875 0.183500 0.026250 0.033667
0 0.938281 0.112833 0.025937 0.029667
0 0.539687 0.163667 0.036875 0.043333
0 0.776094 0.087167 0.023438 0.029667
0 0.627031 0.049833 0.032813 0.031667
0 0.008125 0.101500 0.015625 0.021000
0 0.270625 0.137500 0.025000 0.033000
0 0.480156 0.055333 0.029063 0.034667
0 0.502656 0.295833 0.044687 0.056333
0 0.549375 0.085333 0.028750 0.032667
0 0.210781 0.177833 0.030312 0.034333
0 0.634219 0.090833 0.029687 0.037000
0 0.395156 0.263500 0.034688 0.042333
0 0.929219 0.138000 0.027187 0.026667
0 0.327344 0.354500 0.042813 0.055667
0 0.049844 0.182333 0.024688 0.030667
0 0.124688 0.716167 0.050625 0.045000
0 0.239063 0.679000 0.059375 0.053333
0 0.879531 0.666167 0.060937 0.063667
0 0.825469 0.212333 0.034688 0.042000
0 0.250000 0.376667 0.036875 0.046000
0 0.321406 0.085667 0.024688 0.031333
0 0.423281 0.169667 0.041563 0.050000
0 0.338906 0.696167 0.072188 0.052333
0 0.011094 0.187000 0.021562 0.020000
0 0.057031 0.490667 0.035937 0.042667
0 0.472969 0.714333 0.061562 0.057333
0 0.473125 0.210667 0.035625 0.044000
0 0.058125 0.246833 0.028125 0.029667
0 0.607187 0.662167 0.051875 0.049000
0 0.866094 0.199833 0.034063 0.037667
0 0.108281 0.180333 0.023438 0.023333
0 0.820625 0.407333 0.049375 0.046000
0 0.995313 0.150333 0.009375 0.034000
0 0.867500 0.103000 0.024375 0.028000
0 0.872500 0.077000 0.026875 0.032000
0 0.273750 0.184833 0.038125 0.038333
0 0.888281 0.342500 0.047813 0.061667
0 0.985469 0.507667 0.029063 0.054667
0 0.901563 0.198833 0.027500 0.031000
0 0.435469 0.336667 0.028438 0.049333
0 0.894375 0.507000 0.058125 0.058667
0 0.448437 0.575000 0.044375 0.054000
0 0.021250 0.599500 0.041875 0.036333
0 0.003906 0.362000 0.007188 0.024667
0 0.955625 0.694333 0.049375 0.040000
0 0.782344 0.668833 0.056563 0.050333
0 0.950313 0.386667 0.040625 0.039333
0 0.937813 0.348167 0.035000 0.041667
0 0.920781 0.103500 0.023438 0.026333
0 0.920000 0.180500 0.025000 0.028333
0 0.885938 0.269000 0.032500 0.037333
0 0.734844 0.524500 0.052812 0.058333
0 0.770781 0.394000 0.055938 0.068667
0 0.750469 0.251333 0.036562 0.052000
0 0.664062 0.119500 0.032500 0.035000
0 0.733906 0.089333 0.032188 0.033333
0 0.641563 0.189667 0.030625 0.022667
0 0.595625 0.457000 0.049375 0.060667
0 0.607187 0.567500 0.048750 0.043667
0 0.472969 0.491333 0.047813 0.051333
0 0.502344 0.460167 0.045312 0.063667
0 0.555000 0.375000 0.043125 0.061333
0 0.302656 0.587500 0.049063 0.061667
0 0.309063 0.459167 0.053750 0.066333
0 0.401250 0.384000 0.050625 0.052000
0 0.213125 0.521833 0.060625 0.049000
0 0.095781 0.242167 0.033438 0.029667
0 0.120469 0.207833 0.023438 0.017667
0 0.014219 0.297167 0.027813 0.023667
0 0.033281 0.455333 0.032813 0.030000
0 0.016250 0.677833 0.031875 0.031667
0 0.076563 0.624000 0.044375 0.044667
0 0.054375 0.725667 0.050625 0.038667
