0 0.458000 0.162500 0.047000 0.067667
0 0.214625 0.195833 0.041750 0.050333
0 0.345000 0.290500 0.041000 0.053667
0 0.554500 0.211500 0.047000 0.062333
0 0.360625 0.173667 0.045750 0.063333
0 0.267875 0.150833 0.038750 0.050333
0 0.275625 0.382833 0.047250 0.055667
0 0.440500 0.326500 0.045000 0.060333
0 0.084250 0.192667 0.047000 0.051333
0 0.192375 0.317167 0.040750 0.062333
0 0.132625 0.255333 0.052750 0.058667
0 0.018375 0.219333 0.035250 0.044000
0 0.086625 0.292167 0.054750 0.043000
0 0.114125 0.414667 0.053250 0.045333
0 0.244375 0.597000 0.049250 0.063333
0 0.335375 0.604667 0.042750 0.052667
0 0.304000 0.737833 0.052500 0.069667
0 0.443625 0.648667 0.042750 0.044000
0 0.508750 0.731500 0.039500 0.067667
0 0.624500 0.734167 0.043500 0.062333
0 0.699625 0.691000 0.045250 0.056000
0 0.798750 0.651833 0.043500 0.059000
0 0.485375 0.470167 0.036250 0.048333
0 0.535375 0.512667 0.034750 0.047333
0 0.012125 0.322833 0.021750 0.039667
0 0.218625 0.540167 0.030250 0.039000
0 0.275125 0.463667 0.027750 0.038000
