0 0.322375 0.149000 0.036750 0.044000
0 0.826750 0.276667 0.039500 0.052667
0 0.590875 0.411500 0.042250 0.063000
0 0.475125 0.375833 0.043750 0.062333
0 0.363000 0.297167 0.046500 0.066333
0 0.639500 0.507667 0.039500 0.047333
0 0.008000 0.193000 0.015500 0.033333
0 0.135125 0.150833 0.042250 0.049000
0 0.498250 0.655667 0.043000 0.075333
0 0.481750 0.141667 0.028500 0.036000
0 0.136500 0.423667 0.049500 0.057333
0 0.172125 0.250500 0.041250 0.047667
0 0.441500 0.242333 0.042500 0.062000
0 0.056750 0.178500 0.037000 0.049667
0 0.575625 0.271833 0.042250 0.051000
0 0.374000 0.156500 0.036500 0.056333
0 0.392250 0.850167 0.034500 0.047000
0 0.246250 0.426667 0.049000 0.057333
0 0.698750 0.427333 0.039000 0.054000
0 0.261000 0.596500 0.052500 0.068333
0 0.376875 0.439500 0.044750 0.081000
0 0.322375 0.149000 0.036750 0.044000
0 0.826750 0.276667 0.039500 0.052667
0 0.590875 0.411500 0.042250 0.063000
0 0.475125 0.375833 0.043750 0.062333
0 0.639500 0.507667 0.039500 0.047333
0 0.008000 0.193000 0.015500 0.033333
0 0.135125 0.150833 0.042250 0.049000
0 0.498250 0.655667 0.043000 0.075333
0 0.481750 0.141667 0.028500 0.036000
0 0.136500 0.423667 0.049500 0.057333
0 0.172125 0.250500 0.041250 0.047667
0 0.575625 0.271833 0.042250 0.051000
0 0.374000 0.156500 0.036500 0.056333
0 0.392250 0.850167 0.034500 0.047000
0 0.698750 0.427333 0.039000 0.054000
0 0.261000 0.596500 0.052500 0.068333
0 0.376875 0.439500 0.044750 0.081000
0 0.530500 0.186833 0.039500 0.060333
0 0.779000 0.144333 0.073500 0.046000
0 0.817125 0.555667 0.043750 0.041333
0 0.677375 0.717333 0.042750 0.072000
0 0.548000 0.534000 0.045000 0.052000
0 0.438500 0.523167 0.052500 0.043667
0 0.371250 0.563667 0.050500 0.058000
0 0.280750 0.503667 0.050000 0.042000
0 0.217625 0.526833 0.042250 0.051667
0 0.032250 0.595167 0.054000 0.037667
0 0.142375 0.522667 0.038750 0.058000
0 0.179000 0.577667 0.051000 0.034000
0 0.066250 0.453167 0.047500 0.046333
0 0.084500 0.370500 0.044500 0.047000
0 0.119625 0.303500 0.042250 0.050333
0 0.218375 0.295833 0.055250 0.058333
0 0.288500 0.341000 0.042000 0.062667
0 0.260625 0.235000 0.039750 0.060667
0 0.112750 0.214667 0.047000 0.034667
0 0.047875 0.260333 0.037750 0.037333
0 0.015500 0.308667 0.026000 0.046000
0 0.207750 0.674500 0.047000 0.055000
0 0.319500 0.695333 0.049000 0.061333
0 0.505625 0.804000 0.036750 0.058667
0 0.311375 0.819167 0.035250 0.045000
0 0.781500 0.341000 0.031000 0.050667
0 0.648000 0.311833 0.038500 0.055000
0 0.686625 0.152333 0.051750 0.054000
0 0.850625 0.434000 0.044750 0.054667
0 0.573125 0.632500 0.051250 0.057667
0 0.617625 0.843500 0.052750 0.069000
