0 0.730375 0.599333 0.034250 0.050667
0 0.524000 0.145667 0.035000 0.055333
0 0.412250 0.174667 0.040000 0.064667
0 0.801000 0.202833 0.040000 0.055000
0 0.487625 0.397000 0.040250 0.059333
0 0.165125 0.235000 0.042750 0.046000
0 0.232750 0.190833 0.040500 0.062333
0 0.572875 0.658000 0.043250 0.062000
0 0.372750 0.315500 0.050500 0.078333
0 0.055250 0.151500 0.041500 0.046333
0 0.269750 0.735833 0.054500 0.077000
0 0.402500 0.460000 0.050500 0.070000
0 0.655000 0.153000 0.038500 0.052667
0 0.578375 0.362167 0.048250 0.068333
0 0.284000 0.462833 0.037000 0.059000
0 0.445750 0.726167 0.047000 0.057000
0 0.653000 0.326833 0.037000 0.050333
0 0.467000 0.644333 0.051000 0.058000
0 0.078375 0.409000 0.036750 0.055333
0 0.193125 0.298000 0.038750 0.045333
0 0.778875 0.572500 0.046250 0.048333
0 0.735500 0.153500 0.044500 0.048333
0 0.580125 0.224167 0.037250 0.049000
0 0.253500 0.375667 0.055000 0.062667
0 0.605125 0.469833 0.055750 0.063000
0 0.015500 0.795333 0.030500 0.052000
0 0.067125 0.241667 0.059750 0.065333
0 0.823250 0.150500 0.034000 0.049667
0 0.015125 0.242667 0.029750 0.061333
0 0.488375 0.851833 0.031750 0.051000
0 0.593875 0.782500 0.043750 0.063667
0 0.739250 0.827167 0.041500 0.042333
0 0.714750 0.848000 0.041500 0.040000
0 0.694125 0.786000 0.038750 0.056667
0 0.599500 0.854500 0.034500 0.037667
0 0.397250 0.856000 0.045000 0.033333
0 0.272750 0.869333 0.041500 0.016000
0 0.378375 0.795333 0.044750 0.060667
0 0.198375 0.704333 0.040250 0.053333
0 0.269125 0.630667 0.048750 0.066000
0 0.346625 0.617833 0.077750 0.085667
0 0.341625 0.534833 0.048250 0.045667
0 0.448875 0.546333 0.060750 0.060000
0 0.505250 0.299667 0.037000 0.055333
0 0.569125 0.138167 0.027250 0.023667
0 0.679625 0.223500 0.052750 0.051667
0 0.789625 0.315167 0.043250 0.059000
0 0.756625 0.438167 0.044250 0.043000
0 0.665500 0.445333 0.037000 0.045333
0 0.648000 0.577667 0.050000 0.066000
0 0.678750 0.658333 0.036500 0.051333
0 0.731000 0.690500 0.037500 0.052333
0 0.828125 0.624667 0.039750 0.060000
0 0.541625 0.575667 0.035750 0.048667
0 0.538500 0.639833 0.029500 0.046333
0 0.161500 0.593500 0.038000 0.049000
0 0.220875 0.556000 0.051250 0.056000
0 0.187125 0.469667 0.043750 0.050000
0 0.124250 0.462833 0.055500 0.056333
0 0.076500 0.496833 0.049000 0.042333
0 0.153500 0.346167 0.039000 0.059000
0 0.107250 0.326167 0.045500 0.046333
0 0.054250 0.358167 0.045500 0.039667
0 0.326250 0.144333 0.045000 0.040000
0 0.296625 0.256333 0.042750 0.061333
