0 0.380500 0.331667 0.039500 0.059333
0 0.187125 0.240000 0.047750 0.047333
0 0.030375 0.143833 0.041750 0.034333
0 0.412000 0.183000 0.045000 0.054000
0 0.115500 0.358833 0.048000 0.052333
0 0.270250 0.625333 0.047500 0.048667
0 0.581750 0.348833 0.028500 0.042333
0 0.343875 0.290167 0.028750 0.046333
0 0.289500 0.305333 0.041500 0.058000
0 0.505125 0.313667 0.038750 0.058000
0 0.589875 0.223833 0.029250 0.048333
0 0.739625 0.205500 0.042250 0.048333
0 0.815250 0.658333 0.033000 0.059333
0 0.599625 0.654000 0.038750 0.061333
0 0.669750 0.726500 0.040500 0.064333
0 0.444750 0.750833 0.050500 0.070333
0 0.470125 0.657667 0.041250 0.064667
0 0.354250 0.758667 0.050000 0.064667
0 0.290625 0.737333 0.046750 0.073333
0 0.256875 0.493667 0.046750 0.061333
0 0.167875 0.404167 0.051750 0.045667
0 0.114875 0.218000 0.040250 0.054000
0 0.074125 0.178500 0.042750 0.049000
0 0.304875 0.137833 0.029750 0.022333
0 0.049500 0.308667 0.051500 0.039333
0 0.015625 0.236333 0.030750 0.028000
0 0.501625 0.477000 0.044250 0.066667
0 0.394750 0.470167 0.051500 0.065667
