0 0.462250 0.157167 0.043000 0.058333
0 0.317625 0.149167 0.035750 0.048333
0 0.387750 0.192167 0.052500 0.061000
0 0.129875 0.143667 0.030250 0.036000
0 0.494500 0.692500 0.041500 0.063000
0 0.377125 0.446833 0.050750 0.071000
0 0.582250 0.411333 0.042500 0.064667
0 0.404875 0.651833 0.058750 0.076333
0 0.275125 0.229833 0.058250 0.062333
0 0.461000 0.245000 0.041000 0.059333
0 0.283125 0.348000 0.045250 0.044000
0 0.407125 0.857167 0.039750 0.038333
0 0.461750 0.525000 0.050000 0.060667
0 0.182250 0.228833 0.039000 0.051667
0 0.374875 0.300167 0.048750 0.069667
0 0.288500 0.485167 0.048500 0.056333
0 0.364500 0.587833 0.043000 0.063667
0 0.201750 0.328833 0.048000 0.051667
0 0.024000 0.143833 0.030000 0.036333
0 0.833750 0.272500 0.043000 0.052333
0 0.483750 0.392500 0.045000 0.073000
0 0.010000 0.198167 0.019500 0.036333
0 0.269000 0.604167 0.058000 0.089000
0 0.315375 0.694167 0.048250 0.048333
0 0.206875 0.528833 0.037250 0.043667
0 0.542500 0.546333 0.040500 0.058667
0 0.086750 0.339667 0.039500 0.044667
0 0.797625 0.136167 0.042750 0.025667
0 0.689875 0.142333 0.054750 0.042000
0 0.766125 0.255667 0.044250 0.064667
0 0.832625 0.427667 0.046750 0.066667
0 0.845500 0.563667 0.037000 0.042000
0 0.680625 0.742000 0.045750 0.080667
0 0.634625 0.833500 0.044250 0.067667
0 0.498000 0.800833 0.035500 0.060333
0 0.250750 0.436833 0.046000 0.037667
0 0.151125 0.392667 0.048250 0.033333
0 0.119375 0.310000 0.044250 0.044000
0 0.053625 0.261000 0.058250 0.045333
0 0.122500 0.188833 0.044500 0.032333
0 0.033000 0.591500 0.054000 0.048333
0 0.205625 0.670000 0.042750 0.061333
0 0.173375 0.584667 0.047750 0.040667
0 0.686625 0.446000 0.045250 0.058000
0 0.666875 0.272667 0.037750 0.075333
0 0.565250 0.294333 0.039500 0.056000
0 0.527625 0.192667 0.035750 0.050667
0 0.598375 0.653333 0.029750 0.066667
0 0.294375 0.822833 0.026750 0.039667
0 0.228625 0.153500 0.054750 0.064333
0 0.069375 0.428167 0.050750 0.039667
0 0.016875 0.485667 0.033250 0.038667
0 0.628250 0.537333 0.052500 0.049333
