0 0.573750 0.385833 0.046000 0.066333
0 0.441375 0.579667 0.050750 0.077333
0 0.630500 0.148500 0.037500 0.046333
0 0.059125 0.155333 0.038250 0.050000
0 0.516750 0.145833 0.029500 0.040333
0 0.645875 0.326667 0.044750 0.064000
0 0.795625 0.232167 0.038250 0.039667
0 0.220500 0.412000 0.052000 0.069333
0 0.289000 0.391167 0.041000 0.057000
0 0.209375 0.167333 0.052250 0.060000
0 0.712125 0.596000 0.040750 0.058000
0 0.366125 0.345167 0.033750 0.058333
0 0.017625 0.201500 0.034750 0.046333
0 0.333125 0.194000 0.037250 0.062667
0 0.368375 0.670333 0.048250 0.061333
0 0.613125 0.857167 0.030750 0.035000
0 0.693875 0.194500 0.039250 0.067000
0 0.626750 0.654333 0.058500 0.068667
0 0.417375 0.228500 0.040250 0.049667
0 0.024625 0.266667 0.042250 0.044000
0 0.431375 0.392167 0.040250 0.063667
0 0.493000 0.335167 0.046000 0.055667
0 0.571250 0.290000 0.041500 0.054000
0 0.329625 0.755667 0.044750 0.075333
0 0.236500 0.301333 0.045000 0.056667
0 0.131375 0.216167 0.039250 0.054333
0 0.783875 0.448833 0.047250 0.059000
0 0.019000 0.787000 0.037500 0.054667
0 0.487875 0.853333 0.040750 0.054000
0 0.423625 0.835667 0.028750 0.054667
0 0.727875 0.849167 0.042750 0.047000
0 0.684125 0.725333 0.032250 0.050667
0 0.762375 0.686667 0.039750 0.060000
0 0.843750 0.548000 0.049500 0.061333
0 0.837250 0.353500 0.059000 0.069000
0 0.722250 0.310667 0.042500 0.056000
0 0.624250 0.530333 0.050000 0.056000
0 0.559125 0.510167 0.042750 0.053667
0 0.520250 0.457667 0.035000 0.056000
0 0.246375 0.655333 0.051250 0.045333
0 0.246625 0.593500 0.039250 0.041667
0 0.171750 0.590167 0.046000 0.053000
0 0.126250 0.535167 0.063000 0.053667
0 0.067625 0.514667 0.043750 0.040000
0 0.137000 0.426500 0.051500 0.056333
0 0.092125 0.417000 0.048250 0.060000
0 0.060250 0.390167 0.055000 0.048333
0 0.019000 0.439000 0.037500 0.046000
0 0.019000 0.330667 0.037500 0.050667
0 0.063125 0.211667 0.042750 0.056667
0 0.127750 0.139500 0.037500 0.036333
0 0.189500 0.247000 0.050000 0.054667
0 0.131625 0.297333 0.042250 0.050667
0 0.174750 0.326500 0.053500 0.059000
0 0.242625 0.205000 0.051750 0.055333
0 0.262625 0.135167 0.035750 0.020333
0 0.231625 0.470333 0.045250 0.039333
0 0.286500 0.455667 0.033500 0.052000
0 0.340125 0.461000 0.043250 0.050667
0 0.341875 0.558667 0.043250 0.066000
0 0.258000 0.841667 0.041500 0.056000
0 0.460000 0.702667 0.038500 0.072000
0 0.583500 0.757333 0.040500 0.072667
0 0.673875 0.437833 0.031250 0.056333
0 0.414875 0.131500 0.024250 0.013000
