0 0.486239 0.601449 0.016310 0.021739
0 0.494903 0.448370 0.015291 0.019928
0 0.572375 0.508152 0.015291 0.023551
0 0.535678 0.528080 0.015291 0.019928
0 0.525994 0.598732 0.016310 0.023551
0 0.472477 0.405797 0.015291 0.021739
0 0.596330 0.403986 0.014271 0.021739
0 0.510194 0.485507 0.017329 0.025362
0 0.677370 0.558877 0.013252 0.023551
0 0.651886 0.461957 0.013252 0.021739
0 0.589195 0.458333 0.016310 0.021739
0 0.603466 0.554348 0.014271 0.021739
0 0.480632 0.508152 0.017329 0.023551
0 0.613660 0.452899 0.014271 0.021739
0 0.567788 0.583333 0.016310 0.021739
0 0.531600 0.405797 0.015291 0.021739
0 0.360347 0.550725 0.017329 0.021739
0 0.548420 0.472826 0.014271 0.021739
0 0.643731 0.515399 0.015291 0.023551
0 0.430173 0.494565 0.016310 0.021739
0 0.433741 0.403986 0.017329 0.021739
0 0.506626 0.351449 0.014271 0.021739
0 0.626402 0.394022 0.013252 0.019928
0 0.406728 0.538043 0.016310 0.021739
0 0.269623 0.452899 0.017329 0.021739
0 0.659531 0.518116 0.014271 0.021739
0 0.634047 0.474638 0.014271 0.021739
0 0.429664 0.550725 0.017329 0.021739
0 0.610092 0.597826 0.015291 0.021739
0 0.465851 0.572464 0.016310 0.021739
0 0.589704 0.595109 0.013252 0.019928
0 0.641692 0.572464 0.013252 0.021739
0 0.546381 0.350543 0.014271 0.023551
0 0.401631 0.326087 0.016310 0.021739
0 0.691641 0.464674 0.013252 0.019928
0 0.627421 0.334239 0.013252 0.019928
0 0.652905 0.391304 0.013252 0.021739
0 0.281346 0.508152 0.014271 0.019928
0 0.656983 0.578804 0.013252 0.019928
0 0.691641 0.524457 0.013252 0.023551
0 0.664118 0.491848 0.013252 0.019928
0 0.320082 0.539855 0.016310 0.021739
0 0.207951 0.596014 0.014271 0.021739
0 0.642202 0.431159 0.014271 0.021739
0 0.234455 0.448370 0.014271 0.019928
0 0.728338 0.482790 0.015291 0.023551
0 0.250255 0.576993 0.017329 0.023551
0 0.486748 0.728261 0.015291 0.025362
0 0.114679 0.494565 0.015291 0.021739
0 0.243629 0.399457 0.012232 0.019928
0 0.595311 0.336051 0.012232 0.019928
0 0.670234 0.617754 0.013252 0.018116
0 0.624363 0.563406 0.015291 0.021739
0 0.323649 0.375906 0.015291 0.019928
0 0.345056 0.458333 0.015291 0.021739
0 0.313456 0.490036 0.015291 0.019928
0 0.181448 0.484601 0.014271 0.019928
0 0.458206 0.478261 0.017329 0.025362
0 0.561672 0.413043 0.014271 0.021739
0 0.217125 0.470109 0.014271 0.019928
0 0.289501 0.394928 0.016310 0.021739
0 0.363405 0.364130 0.015291 0.021739
0 0.278797 0.333333 0.013252 0.021739
0 0.373089 0.306159 0.016310 0.021739
0 0.669725 0.430254 0.012232 0.019928
0 0.895005 0.375906 0.012232 0.019928
0 0.896024 0.495471 0.012232 0.019928
0 0.621814 0.522645 0.014271 0.023551
0 0.678899 0.501812 0.012232 0.021739
0 0.399083 0.457428 0.017329 0.023551
0 0.775739 0.685688 0.014271 0.023551
0 0.711519 0.524457 0.014271 0.023551
0 0.102956 0.518116 0.014271 0.021739
0 0.666157 0.675725 0.013252 0.021739
0 0.883282 0.244565 0.013252 0.021739
0 0.627421 0.993659 0.011213 0.012681
0 0.171764 0.364130 0.013252 0.021739
0 0.691131 0.590580 0.012232 0.021739
0 0.656473 0.898551 0.012232 0.021739
0 0.658002 0.751812 0.011213 0.021739
0 0.446993 0.323370 0.015291 0.023551
0 0.728848 0.984601 0.012232 0.023551
0 0.228848 0.523551 0.013252 0.021739
0 0.883282 0.201087 0.013252 0.018116
0 0.134047 0.432065 0.011213 0.019928
0 0.585117 0.931159 0.010194 0.021739
0 0.913354 0.128623 0.010194 0.014493
0 0.873598 0.769928 0.012232 0.014493
