0 0.621305 0.504529 0.015291 0.023551
0 0.469419 0.429348 0.017329 0.021739
0 0.410805 0.538043 0.016310 0.021739
0 0.535678 0.437500 0.017329 0.023551
0 0.682977 0.484601 0.012232 0.019928
0 0.626911 0.429348 0.014271 0.021739
0 0.652396 0.549819 0.014271 0.023551
0 0.486748 0.483696 0.017329 0.021739
0 0.355250 0.509964 0.017329 0.023551
0 0.425076 0.451993 0.016310 0.023551
0 0.594801 0.534420 0.017329 0.021739
0 0.483180 0.360507 0.016310 0.021739
0 0.673802 0.549819 0.014271 0.023551
0 0.599388 0.468297 0.014271 0.019928
0 0.671764 0.510870 0.014271 0.021739
0 0.556065 0.558877 0.015291 0.023551
0 0.546381 0.346920 0.018349 0.023551
0 0.417431 0.394928 0.017329 0.021739
0 0.660550 0.479167 0.014271 0.023551
0 0.384811 0.427536 0.015291 0.021739
0 0.649847 0.442029 0.015291 0.021739
0 0.616208 0.378623 0.013252 0.018116
0 0.450561 0.548007 0.016310 0.019928
0 0.703364 0.574275 0.014271 0.021739
0 0.345566 0.439312 0.016310 0.023551
0 0.576453 0.399457 0.013252 0.019928
0 0.195719 0.509964 0.014271 0.019928
0 0.723242 0.399457 0.015291 0.019928
0 0.192151 0.417572 0.015291 0.019928
0 0.357288 0.360507 0.015291 0.021739
0 0.622834 0.533514 0.014271 0.019928
0 0.285933 0.449275 0.015291 0.021739
0 0.709480 0.479167 0.014271 0.023551
0 0.113150 0.527174 0.014271 0.018116
0 0.676351 0.599638 0.013252 0.021739
0 0.455148 0.713768 0.015291 0.021739
0 0.629969 0.614130 0.014271 0.021739
0 0.287971 0.510870 0.015291 0.021739
0 0.093782 0.558877 0.014271 0.019928
0 0.166667 0.529891 0.013252 0.016304
0 0.784404 0.672101 0.013252 0.021739
0 0.120795 0.375906 0.013252 0.016304
0 0.085627 0.518116 0.014271 0.018116
0 0.666157 0.649457 0.013252 0.019928
0 0.031600 0.440217 0.014271 0.018116
0 0.127421 0.471920 0.014271 0.016304
0 0.688073 0.435688 0.014271 0.019928
0 0.314475 0.385870 0.015291 0.021739
0 0.236493 0.379529 0.012232 0.019928
0 0.249235 0.421196 0.013252 0.019928
0 0.009684 0.462862 0.011213 0.016304
0 0.159021 0.413949 0.014271 0.019928
0 0.164628 0.460145 0.013252 0.018116
0 0.007645 0.444746 0.011213 0.016304
0 0.060143 0.549819 0.014271 0.019928
0 0.056575 0.503623 0.013252 0.018116
0 0.650866 0.915761 0.015291 0.027174
0 0.086646 0.383152 0.014271 0.019928
0 0.044343 0.471920 0.011213 0.016304
0 0.028033 0.394022 0.011213 0.016304
0 0.072885 0.429348 0.011213 0.018116
0 0.122324 0.414855 0.012232 0.018116
0 0.091233 0.481884 0.013252 0.018116
0 0.088175 0.384058 0.013252 0.018116
0 0.699796 0.511775 0.013252 0.019928
0 0.209990 0.340580 0.012232 0.018116
0 0.168196 0.365036 0.012232 0.019928
0 0.051988 0.387681 0.014271 0.018116
0 0.006626 0.406703 0.011213 0.012681
0 0.010703 0.501812 0.009174 0.018116
0 0.028033 0.518116 0.009174 0.014493
0 0.660550 0.423913 0.010194 0.018116
0 0.895515 0.363225 0.013252 0.019928
0 0.875637 0.195652 0.008155 0.018116
0 0.893476 0.142210 0.009174 0.016304
