0 0.613660 0.527174 0.014271 0.021739
0 0.393986 0.548007 0.017329 0.023551
0 0.644750 0.518116 0.013252 0.021739
0 0.534659 0.443841 0.013252 0.021739
0 0.556575 0.514493 0.016310 0.021739
0 0.572375 0.554348 0.015291 0.021739
0 0.461264 0.360507 0.015291 0.021739
0 0.491335 0.491848 0.014271 0.019928
0 0.542304 0.350543 0.014271 0.023551
0 0.353721 0.465580 0.018349 0.021739
0 0.569827 0.494565 0.014271 0.021739
0 0.585627 0.362319 0.013252 0.021739
0 0.636086 0.460145 0.012232 0.021739
0 0.342508 0.560688 0.016310 0.023551
0 0.355250 0.512681 0.015291 0.021739
0 0.441386 0.519928 0.018349 0.021739
0 0.251784 0.489130 0.016310 0.025362
0 0.514781 0.538949 0.014271 0.019928
0 0.384302 0.369565 0.016310 0.021739
0 0.227319 0.449275 0.014271 0.021739
0 0.683486 0.505435 0.013252 0.021739
0 0.488787 0.725543 0.015291 0.027174
0 0.509684 0.390399 0.016310 0.023551
0 0.478084 0.538043 0.016310 0.018116
0 0.592762 0.434783 0.013252 0.021739
0 0.379205 0.432065 0.016310 0.019928
0 0.293578 0.362319 0.014271 0.021739
0 0.582059 0.931159 0.014271 0.025362
0 0.450561 0.432065 0.016310 0.023551
0 0.309378 0.480072 0.017329 0.021739
0 0.894495 0.493659 0.011213 0.019928
0 0.651886 0.826087 0.013252 0.025362
0 0.691131 0.862319 0.010194 0.021739
0 0.659021 0.690217 0.013252 0.021739
0 0.643731 0.565217 0.013252 0.021739
0 0.674312 0.561594 0.013252 0.021739
0 0.775229 0.683877 0.015291 0.023551
0 0.204893 0.528986 0.014271 0.021739
0 0.639144 0.391304 0.014271 0.025362
0 0.879205 0.200181 0.011213 0.016304
0 0.879715 0.784420 0.010194 0.018116
0 0.338430 0.340580 0.014271 0.025362
0 0.897554 0.451993 0.011213 0.019928
0 0.895515 0.372283 0.013252 0.019928
0 0.674312 0.631341 0.015291 0.023551
0 0.413863 0.346014 0.014271 0.021739
0 0.916412 0.585145 0.010194 0.021739
0 0.912844 0.129529 0.013252 0.012681
